Atlanta Hawks;ATL;1949;Atlanta, Georgia;2850-2923;48;1;E;;
Totals
21-22;43;39;2;26.1;6-6;211;
20-21;41;31;1;25.4;6-6;214;
19-20;20;47;5;24.1;6-6;216;
18-19;29;53;5;25.1;6-7;215;
17-18;24;58;5;25.4;6-6;212;
16-17;43;39;2;27.9;6-6;219;
15-16;48;34;2;28.2;6-6;217;
14-15;60;22;1;27.8;6-6;218;
13-14;38;44;4;27.6;6-6;220;
12-13;44;38;2;27.1;6-6;215;
11-12;40;26;2;27.9;6-7;215;
10-11;44;38;3;27.4;6-7;219;
09-10;53;29;2;26.5;6-7;219;
08-09;47;35;2;25.8;6-6;219;
07-08;37;45;3;24.2;6-7;220;
06-07;30;52;5;24.1;6-7;216;
05-06;26;56;5;22.7;6-7;221;
04-05;13;69;5;26.0;6-7;220;
03-04;28;54;7;26.2;6-6;214;
02-03;35;47;5;27.2;6-6;215;
01-02;33;49;6;25.7;6-7;210;
00-01;25;57;7;26.1;6-6;211;
99-00;28;54;7;27.6;6-7;219;
98-99;31;19;2;29.6;6-7;216;
97-98;50;32;4;29.4;6-7;214;
96-97;56;26;2;28.8;6-7;215;
95-96;46;36;4;28.1;6-6;207;
94-95;42;40;5;28.2;6-6;210;
93-94;57;25;1;28.7;6-7;209;
92-93;43;39;4;27.1;6-6;209;
91-92;38;44;5;27.2;6-7;212;
90-91;43;39;4;29.0;6-5;198;
89-90;41;41;6;28.6;6-6;197;
88-89;52;30;3;28.5;6-6;200;
87-88;50;32;3;26.8;6-7;205;
86-87;57;25;1;26.1;6-7;207;
85-86;50;32;2;25.3;6-7;206;
84-85;34;48;5;25.5;6-7;205;
83-84;40;42;3;26.6;6-6;200;
82-83;43;39;2;26.6;6-6;198;
81-82;42;40;2;26.5;6-6;200;
80-81;31;51;4;26.8;6-5;200;
79-80;50;32;1;26.1;6-5;201;
78-79;46;36;3;24.6;6-6;202;
77-78;41;41;4;25.0;6-5;201;
76-77;31;51;6;24.5;6-6;207;
75-76;29;53;5;25.9;6-5;204;
74-75;31;51;4;25.1;6-5;204;
73-74;35;47;2;27.1;6-6;205;
72-73;46;36;2;27.1;6-6;206;
71-72;36;46;2;26.8;6-6;209;
70-71;36;46;2;27.6;6-6;<span><strong>211</strong></span>;
69-70;48;34;1;27.3;6-5;210;
68-69;48;34;2;27.4;6-5;209;
67-68;56;26;1;26.9;6-5;209;
66-67;39;42;2;26.7;6-5;207;
65-66;36;44;3;27.4;6-5;206;
64-65;45;35;2;27.1;6-5;205;
63-64;46;34;2;27.5;6-5;204;
62-63;48;32;2;26.1;6-5;199;
61-62;29;51;4;27.5;6-5;203;
60-61;51;28;1;27.4;6-5;203;
59-60;46;29;1;<span><strong>27.5</strong></span>;6-4;202;
58-59;49;23;1;<span><strong>28.1</strong></span>;6-4;202;
57-58;41;31;1;28.0;6-4;197;
56-57;34;38;1;<span><strong>27.6</strong></span>;6-5;196;
55-56;33;39;3;25.0;6-5;201;
54-55;26;46;4;26.2;6-5;201;
53-54;21;51;4;26.1;6-4;194;
52-53;27;44;5;26.2;6-4;199;
51-52;17;49;5;26.6;6-5;<span><strong>201</strong></span>;
50-51;25;43;5;68;1988;<span><strong>6041</strong></span>;
49-50;29;35;3;64;1818;5515;
21-22
82;19705;3401;7241;.470;1056;2821;.374;2345;4420;.531;1485;1829;.812;823;2783;3606;2017;587;348;972;1534;9343;
;240.3;41.5;88.3;.470;12.9;34.4;.374;28.6;53.9;.531;18.1;22.3;.812;10.0;33.9;44.0;24.6;7.2;4.2;11.9;18.7;113.9;
82;19705;3435;7294;.471;1051;2888;.364;2384;4406;.541;1294;1634;.792;838;2758;3596;2085;576;367;1046;1668;9215;
;240.3;41.9;89.0;.471;12.8;35.2;.364;29.1;53.7;.541;15.8;19.9;.792;10.2;33.6;43.9;25.4;7.0;4.5;12.8;20.3;112.4;
43;39;45;37;1.56;-0.01;1.55;116.5;114.9;97.7;.253;.390;.543;10.8;23.0;.205;.543;11.5;76.9;.177;State Farm Arena;672,742;
20-21
72;17405;2937;6281;.468;895;2402;.373;2042;3879;.526;1417;1745;.812;760;2525;3285;1737;503;342;953;1392;8186;
;241.7;40.8;87.2;.468;12.4;33.4;.373;28.4;53.9;.526;19.7;24.2;.812;10.6;35.1;45.6;24.1;7.0;4.8;13.2;19.3;113.7;
72;17405;2971;6418;.463;858;2460;.349;2113;3958;.534;1219;1519;.803;719;2352;3071;1754;557;363;886;1422;8019;
;241.7;41.3;89.1;.463;11.9;34.2;.349;29.3;55.0;.534;16.9;21.1;.803;10.0;32.7;42.7;24.4;7.7;5.0;12.3;19.8;111.4;
41;31;41;31;2.32;-0.18;2.14;115.7;113.3;97.6;.278;.382;.539;11.9;24.4;.226;.530;11.1;77.8;.190;State Farm Arena;59,288;
19-20
67;16280;2723;6067;.449;805;2416;.333;1918;3651;.525;1237;1566;.790;661;2237;2898;1605;523;341;1086;1548;7488;
;243.0;40.6;90.6;.449;12.0;36.1;.333;28.6;54.5;.525;18.5;23.4;.790;9.9;33.4;43.3;24.0;7.8;5.1;16.2;23.1;111.8;
67;16280;2903;6078;.478;797;2194;.363;2106;3884;.542;1419;1839;.772;748;2402;3150;1674;600;428;1006;1404;8022;
;243.0;43.3;90.7;.478;11.9;32.7;.363;31.4;58.0;.542;21.2;27.4;.772;11.2;35.9;47.0;25.0;9.0;6.4;15.0;21.0;119.7;
20;47;18;49;-7.97;0.27;-7.71;107.2;114.8;103.0;.258;.398;.515;13.8;21.6;.204;.543;12.7;74.9;.233;State Farm Arena;545,453;
18-19
82;19855;3392;7524;.451;1067;3034;.352;2325;4490;.518;1443;1918;.752;955;2825;3780;2118;675;419;1397;1932;9294;
;242.1;41.4;91.8;.451;13.0;37.0;.352;28.4;54.8;.518;17.6;23.4;.752;11.6;34.5;46.1;25.8;8.2;5.1;17.0;23.6;113.3;
82;19855;3508;7417;.473;1013;2820;.359;2495;4597;.543;1759;2321;.758;871;2904;3775;2202;810;448;1234;1817;9788;
;242.1;42.8;90.5;.473;12.4;34.4;.359;30.4;56.1;.543;21.5;28.3;.758;10.6;35.4;46.0;26.9;9.9;5.5;15.0;22.2;119.4;
29;53;27;55;-6.02;-0.04;-6.06;108.1;113.9;103.9;.255;.403;.522;14.3;24.7;.192;.541;12.8;76.4;.237;State Farm Arena;628,440;
17-18
82;19705;3130;7015;.446;917;2544;.360;2213;4471;.495;1298;1654;.785;743;2693;3436;1946;638;348;1276;1606;8475;
;240.3;38.2;85.5;.446;11.2;31.0;.360;27.0;54.5;.495;15.8;20.2;.785;9.1;32.8;41.9;23.7;7.8;4.2;15.6;19.6;103.4;
82;19705;3336;7107;.469;949;2519;.377;2387;4588;.520;1301;1686;.772;841;2785;3626;2137;710;453;1238;1661;8922;
;240.3;40.7;86.7;.469;11.6;30.7;.377;29.1;56.0;.520;15.9;20.6;.772;10.3;34.0;44.2;26.1;8.7;5.5;15.1;20.3;108.8;
24;58;27;55;-5.45;0.15;-5.30;105.0;110.6;98.3;.236;.363;.512;14.1;21.1;.185;.536;13.6;76.2;.183;Philips Arena;590,769;
16-17
82;19880;3123;6918;.451;729;2137;.341;2394;4781;.501;1484;2039;.728;842;2793;3635;1938;672;397;1294;1491;8459;
;242.4;38.1;84.4;.451;8.9;26.1;.341;29.2;58.3;.501;18.1;24.9;.728;10.3;34.1;44.3;23.6;8.2;4.8;15.8;18.2;103.2;
82;19880;3178;7155;.444;893;2502;.357;2285;4653;.491;1280;1658;.772;876;2722;3598;1919;738;424;1262;1768;8529;
;242.4;38.8;87.3;.444;10.9;30.5;.357;27.9;56.7;.491;15.6;20.2;.772;10.7;33.2;43.9;23.4;9.0;5.2;15.4;21.6;104.0;
43;39;39;43;-0.85;-0.38;-1.23;104.9;105.7;97.4;.295;.309;.504;14.2;23.6;.215;.507;13.8;76.1;.179;Philips Arena;654,306;
15-16
82;19830;3168;6923;.458;815;2326;.350;2353;4597;.512;1282;1638;.783;679;2772;3451;2100;747;486;1226;1570;8433;
;241.8;38.6;84.4;.458;9.9;28.4;.350;28.7;56.1;.512;15.6;20.0;.783;8.3;33.8;42.1;25.6;9.1;5.9;15.0;19.1;102.8;
82;19830;3046;7058;.432;679;2008;.338;2367;5050;.469;1366;1810;.755;944;2869;3813;1808;706;411;1324;1500;8137;
;241.8;37.1;86.1;.432;8.3;24.5;.338;28.9;61.6;.469;16.7;22.1;.755;11.5;35.0;46.5;22.0;8.6;5.0;16.1;18.3;99.2;
48;34;51;31;3.61;-0.12;3.49;105.1;101.4;97.1;.237;.336;.516;13.8;19.1;.185;.480;14.4;74.6;.194;Philips Arena;690,150;
14-15
82;19730;3121;6699;.466;818;2152;.380;2303;4547;.506;1349;1735;.778;715;2611;3326;2111;744;380;1167;1457;8409;
;240.6;38.1;81.7;.466;10.0;26.2;.380;28.1;55.5;.506;16.5;21.2;.778;8.7;31.8;40.6;25.7;9.1;4.6;14.2;17.8;102.5;
82;19730;2991;6815;.439;720;2112;.341;2271;4703;.483;1262;1651;.764;948;2631;3579;1931;604;404;1317;1611;7964;
;240.6;36.5;83.1;.439;8.8;25.8;.341;27.7;57.4;.483;15.4;20.1;.764;11.6;32.1;43.6;23.5;7.4;4.9;16.1;19.6;97.1;
60;22;56;26;5.43;-0.68;4.75;108.9;103.1;93.9;.259;.321;.527;13.5;21.4;.201;.492;14.9;73.4;.185;Philips Arena;713,909;
13-14
82;19830;3061;6688;.458;768;2116;.363;2293;4572;.502;1392;1782;.781;713;2565;3278;2041;680;326;1251;1577;8282;
;241.8;37.3;81.6;.458;9.4;25.8;.363;28.0;55.8;.502;17.0;21.7;.781;8.7;31.3;40.0;24.9;8.3;4.0;15.3;19.2;101.0;
82;19830;3163;6843;.462;654;1793;.365;2509;5050;.497;1341;1793;.748;882;2688;3570;1901;672;354;1247;1643;8321;
;241.8;38.6;83.5;.462;8.0;21.9;.365;30.6;61.6;.497;16.4;21.9;.748;10.8;32.8;43.5;23.2;8.2;4.3;15.2;20.0;101.5;
38;44;40;42;-0.48;-0.40;-0.88;105.9;106.4;94.6;.266;.316;.515;14.3;21.0;.208;.510;14.0;74.4;.196;Philips Arena;587,927;
12-13
82;19855;3084;6644;.464;706;1901;.371;2378;4743;.501;1158;1619;.715;758;2593;3351;2007;664;369;1219;1473;8032;
;242.1;37.6;81.0;.464;8.6;23.2;.371;29.0;57.8;.501;14.1;19.7;.715;9.2;31.6;40.9;24.5;8.1;4.5;14.9;18.0;98.0;
82;19855;3073;6823;.450;620;1635;.379;2453;5188;.473;1233;1617;.763;928;2659;3587;1825;689;350;1249;1543;7999;
;242.1;37.5;83.2;.450;7.6;19.9;.379;29.9;63.3;.473;15.0;19.7;.763;11.3;32.4;43.7;22.3;8.4;4.3;15.2;18.8;97.5;
44;38;42;40;0.40;-0.48;-0.08;104.8;104.4;92.6;.244;.286;.517;14.2;22.2;.174;.496;14.2;73.6;.181;Philips Arena;620,146;
11-12
66;16165;2429;5348;.454;492;1330;.370;1937;4018;.482;1025;1385;.740;652;2066;2718;1481;536;303;921;1178;6375;
;244.9;36.8;81.0;.454;7.5;20.2;.370;29.3;60.9;.482;15.5;21.0;.740;9.9;31.3;41.2;22.4;8.1;4.6;14.0;17.8;96.6;
66;16165;2380;5366;.444;391;1137;.344;1989;4229;.470;997;1324;.753;712;2079;2791;1354;494;313;999;1263;6148;
;244.9;36.1;81.3;.444;5.9;17.2;.344;30.1;64.1;.470;15.1;20.1;.753;10.8;31.5;42.3;20.5;7.5;4.7;15.1;19.1;93.2;
40;26;41;25;3.44;-0.77;2.67;104.9;101.2;90.2;.259;.249;.500;13.4;23.9;.192;.480;14.4;74.4;.186;Philips Arena;501,593;
10-11
82;19730;2971;6429;.462;502;1427;.352;2469;5002;.494;1346;1728;.779;762;2460;3222;1802;497;341;1118;1554;7790;
;240.6;36.2;78.4;.462;6.1;17.4;.352;30.1;61.0;.494;16.4;21.1;.779;9.3;30.0;39.3;22.0;6.1;4.2;13.6;19.0;95.0;
82;19730;3009;6537;.460;459;1358;.338;2550;5179;.492;1380;1782;.774;839;2488;3327;1751;548;348;1026;1517;7857;
;240.6;36.7;79.7;.460;5.6;16.6;.338;31.1;63.2;.492;16.8;21.7;.774;10.2;30.3;40.6;21.4;6.7;4.2;12.5;18.5;95.8;
44;38;39;43;-0.82;-0.28;-1.10;106.1;107.0;89.3;.269;.222;.501;13.5;23.4;.209;.495;12.3;74.6;.211;Philips Arena;641,596;
09-10
82;19855;3181;6801;.468;524;1455;.360;2657;5346;.497;1452;1914;.759;969;2451;3420;1789;592;413;980;1632;8338;
;242.1;38.8;82.9;.468;6.4;17.7;.360;32.4;65.2;.497;17.7;23.3;.759;11.8;29.9;41.7;21.8;7.2;5.0;12.0;19.9;101.7;
82;19855;3048;6623;.460;480;1392;.345;2568;5231;.491;1380;1852;.745;922;2471;3393;1719;506;359;1135;1582;7956;
;242.1;37.2;80.8;.460;5.9;17.0;.345;31.3;63.8;.491;16.8;22.6;.745;11.2;30.1;41.4;21.0;6.2;4.4;13.8;19.3;97.0;
53;29;54;28;4.66;-0.22;4.44;111.9;106.7;90.1;.281;.214;.506;11.4;28.2;.213;.496;13.2;72.7;.208;Philips Arena;678,375;
08-09
82;19705;2956;6451;.458;597;1633;.366;2359;4818;.490;1537;2085;.737;870;2412;3282;1657;603;376;1048;1610;8046;
;240.3;36.0;78.7;.458;7.3;19.9;.366;28.8;58.8;.490;18.7;25.4;.737;10.6;29.4;40.0;20.2;7.4;4.6;12.8;19.6;98.1;
82;19705;3002;6609;.454;528;1496;.353;2474;5113;.484;1385;1800;.769;955;2481;3436;1705;530;354;1121;1681;7917;
;240.3;36.6;80.6;.454;6.4;18.2;.353;30.2;62.4;.484;16.9;22.0;.769;11.6;30.3;41.9;20.8;6.5;4.3;13.7;20.5;96.5;
47;35;46;36;1.57;0.13;1.70;109.3;107.6;89.6;.323;.253;.504;12.5;26.0;.238;.494;13.2;71.6;.210;Philips Arena;686,688;
07-08
82;19855;2975;6552;.454;384;1078;.356;2591;5474;.473;1720;2227;.772;1008;2454;3462;1804;600;448;1223;1673;8054;
;242.1;36.3;79.9;.454;4.7;13.1;.356;31.6;66.8;.473;21.0;27.2;.772;12.3;29.9;42.2;22.0;7.3;5.5;14.9;20.4;98.2;
82;19855;3115;6733;.463;512;1413;.362;2603;5320;.489;1461;1943;.752;968;2386;3354;1825;615;421;1123;1793;8203;
;242.1;38.0;82.1;.463;6.2;17.2;.362;31.7;64.9;.489;17.8;23.7;.752;11.8;29.1;40.9;22.3;7.5;5.1;13.7;21.9;100.0;
37;45;36;46;-1.82;-0.41;-2.23;106.9;108.9;91.1;.340;.165;.483;14.0;29.7;.263;.501;12.9;71.7;.217;Philips Arena;667,518;
06-07
82;19880;2831;6372;.444;341;1038;.329;2490;5334;.467;1677;2203;.761;976;2312;3288;1573;609;446;1306;1970;7680;
;242.4;34.5;77.7;.444;4.2;12.7;.329;30.4;65.0;.467;20.5;26.9;.761;11.9;28.2;40.1;19.2;7.4;5.4;15.9;24.0;93.7;
82;19880;2953;6335;.466;465;1236;.376;2488;5099;.488;1699;2315;.734;948;2370;3318;1732;597;421;1247;1853;8070;
;242.4;36.0;77.3;.466;5.7;15.1;.376;30.3;62.2;.488;20.7;28.2;.734;11.6;28.9;40.5;21.1;7.3;5.1;15.2;22.6;98.4;
30;52;27;55;-4.76;-0.10;-4.86;103.0;108.3;90.0;.346;.163;.471;15.1;29.2;.263;.503;14.5;70.9;.268;Philips Arena;639,375;
05-06
82;19880;2946;6496;.454;424;1154;.367;2522;5342;.472;1656;2207;.750;1069;2232;3301;1625;587;394;1284;2054;7972;
;242.4;35.9;79.2;.454;5.2;14.1;.367;30.8;65.1;.472;20.2;26.9;.750;13.0;27.2;40.3;19.8;7.2;4.8;15.7;25.0;97.2;
82;19880;3075;6433;.478;444;1205;.368;2631;5228;.503;1768;2372;.745;981;2335;3316;1689;597;422;1227;1855;8362;
;242.4;37.5;78.5;.478;5.4;14.7;.368;32.1;63.8;.503;21.6;28.9;.745;12.0;28.5;40.4;20.6;7.3;5.1;15.0;22.6;102.0;
26;56;28;54;-4.76;0.07;-4.69;106.4;111.6;90.4;.340;.178;.486;14.7;31.4;.255;.513;14.1;69.5;.275;Philips Arena;617,817;
04-05
82;19855;2942;6672;.441;304;973;.312;2638;5699;.463;1417;1994;.711;1100;2335;3435;1614;629;344;1319;2009;7605;
;242.1;35.9;81.4;.441;3.7;11.9;.312;32.2;69.5;.463;17.3;24.3;.711;13.4;28.5;41.9;19.7;7.7;4.2;16.1;24.5;92.7;
82;19855;3044;6389;.476;467;1232;.379;2577;5157;.500;1846;2396;.770;902;2483;3385;1803;716;484;1210;1777;8401;
;242.1;37.1;77.9;.476;5.7;15.0;.379;31.4;62.9;.500;22.5;29.2;.770;11.0;30.3;41.3;22.0;8.7;5.9;14.8;21.7;102.5;
13;69;16;66;-9.71;0.09;-9.62;100.6;111.1;91.4;.299;.146;.464;14.9;30.7;.212;.513;14.0;72.1;.289;Philips Arena;586,390;
03-04
82;19905;2829;6529;.433;419;1249;.335;2410;5280;.456;1534;1976;.776;996;2507;3503;1648;627;408;1350;1826;7611;
;242.7;34.5;79.6;.433;5.1;15.2;.335;29.4;64.4;.456;18.7;24.1;.776;12.1;30.6;42.7;20.1;7.6;5.0;16.5;22.3;92.8;
82;19905;2968;6740;.440;482;1345;.358;2486;5395;.461;1574;2072;.760;1048;2485;3533;1803;731;416;1151;1699;7992;
;242.7;36.2;82.2;.440;5.9;16.4;.358;30.3;65.8;.461;19.2;25.3;.760;12.8;30.3;43.1;22.0;8.9;5.1;14.0;20.7;97.5;
28;54;28;54;-4.65;-0.36;-5.00;101.0;106.1;90.8;.303;.191;.465;15.4;28.6;.235;.476;13.1;70.5;.234;Philips Arena;565,728;
02-03
82;19905;2859;6434;.444;402;1141;.352;2457;5293;.464;1594;2011;.793;937;2558;3495;1679;611;473;1367;1783;7714;
;242.7;34.9;78.5;.444;4.9;13.9;.352;30.0;64.5;.464;19.4;24.5;.793;11.4;31.2;42.6;20.5;7.5;5.8;16.7;21.7;94.1;
82;19905;3015;6907;.437;446;1243;.359;2569;5664;.454;1530;2013;.760;1073;2420;3493;1771;738;409;1068;1668;8006;
;242.7;36.8;84.2;.437;5.4;15.2;.359;31.3;69.1;.454;18.7;24.5;.760;13.1;29.5;42.6;21.6;9.0;5.0;13.0;20.3;97.6;
35;47;31;51;-3.56;-0.31;-3.87;102.3;106.1;91.0;.313;.177;.476;15.7;27.9;.248;.469;12.1;70.4;.222;Philips Arena;528,655;
01-02
82;19780;2901;6610;.439;423;1194;.354;2478;5416;.458;1486;1942;.765;955;2445;3400;1656;667;350;1275;1702;7711;
;241.2;35.4;80.6;.439;5.2;14.6;.354;30.2;66.0;.458;18.1;23.7;.765;11.6;29.8;41.5;20.2;8.1;4.3;15.5;20.8;94.0;
82;19780;3065;6675;.459;472;1329;.355;2593;5346;.485;1456;1957;.744;1004;2523;3527;1856;705;509;1239;1647;8058;
;241.2;37.4;81.4;.459;5.8;16.2;.355;31.6;65.2;.485;17.8;23.9;.744;12.2;30.8;43.0;22.6;8.6;6.2;15.1;20.1;98.3;
33;49;29;53;-4.23;-0.18;-4.41;101.8;106.4;91.9;.294;.181;.471;14.6;27.5;.225;.495;14.1;70.9;.218;Philips Arena;506,110;
00-01
82;19730;2876;6668;.431;333;933;.357;2543;5735;.443;1374;1811;.759;1028;2490;3518;1559;634;387;1368;1863;7459;
;240.6;35.1;81.3;.431;4.1;11.4;.357;31.0;69.9;.443;16.8;22.1;.759;12.5;30.4;42.9;19.0;7.7;4.7;16.7;22.7;91.0;
82;19730;2922;6609;.442;396;1080;.367;2526;5529;.457;1646;2153;.765;1029;2534;3563;1737;698;513;1212;1696;7886;
;240.6;35.6;80.6;.442;4.8;13.2;.367;30.8;67.4;.457;20.1;26.3;.765;12.5;30.9;43.5;21.2;8.5;6.3;14.8;20.7;96.2;
25;57;26;56;-5.21;-0.34;-5.55;98.7;104.3;91.9;.272;.140;.456;15.5;28.9;.206;.472;13.8;70.8;.249;Philips Arena;560,330;
99-00
82;19830;3000;6807;.441;258;814;.317;2742;5993;.458;1477;1987;.743;1146;2570;3716;1548;500;461;1266;1718;7735;
;241.8;36.6;83.0;.441;3.1;9.9;.317;33.4;73.1;.458;18.0;24.2;.743;14.0;31.3;45.3;18.9;6.1;5.6;15.4;21.0;94.3;
82;19830;3211;7060;.455;373;1015;.367;2838;6045;.469;1381;1796;.769;1052;2474;3526;1886;655;404;1001;1830;8176;
;241.8;39.2;86.1;.455;4.5;12.4;.367;34.6;73.7;.469;16.8;21.9;.769;12.8;30.2;43.0;23.0;8.0;4.9;12.2;22.3;99.7;
28;54;26;56;-5.38;-0.04;-5.41;102.0;107.9;91.7;.292;.120;.460;14.1;31.7;.217;.481;11.3;71.0;.196;Philips Arena;600,954;
98-99
50;12075;1539;3760;.409;197;644;.306;1342;3116;.431;1040;1422;.731;676;1499;2175;782;346;260;745;987;4315;
;241.5;30.8;75.2;.409;3.9;12.9;.306;26.8;62.3;.431;20.8;28.4;.731;13.5;30.0;43.5;15.6;6.9;5.2;14.9;19.7;86.3;
50;12075;1598;3873;.413;190;634;.300;1408;3239;.435;784;1076;.729;581;1369;1950;895;379;243;675;1202;4170;
;241.5;32.0;77.5;.413;3.8;12.7;.300;28.2;64.8;.435;15.7;21.5;.729;11.6;27.4;39.0;17.9;7.6;4.9;13.5;24.0;83.4;
31;19;31;19;2.90;-0.08;2.82;100.5;97.1;85.3;.378;.171;.436;14.5;33.1;.277;.437;13.4;72.1;.202;Georgia Dome;331,831;
97-98
82;19880;2887;6352;.455;337;1016;.332;2550;5336;.478;1749;2314;.756;1106;2417;3523;1569;653;491;1214;1671;7860;
;242.4;35.2;77.5;.455;4.1;12.4;.332;31.1;65.1;.478;21.3;28.2;.756;13.5;29.5;43.0;19.1;8.0;6.0;14.8;20.4;95.9;
82;19880;2961;6698;.442;348;1017;.342;2613;5681;.460;1302;1772;.735;1081;2152;3233;1753;617;372;1118;1892;7572;
;242.4;36.1;81.7;.442;4.2;12.4;.342;31.9;69.3;.460;15.9;21.6;.735;13.2;26.2;39.4;21.4;7.5;4.5;13.6;23.1;92.3;
50;32;51;31;3.51;0.34;3.85;108.2;104.3;87.7;.364;.160;.481;14.1;33.9;.275;.468;13.0;69.1;.194;Georgia Dome;610,615;
96-97
82;19805;2812;6307;.446;659;1834;.359;2153;4473;.481;1491;1955;.763;1021;2350;3371;1557;701;427;1228;1591;7774;
;241.5;34.3;76.9;.446;8.0;22.4;.359;26.3;54.5;.481;18.2;23.8;.763;12.5;28.7;41.1;19.0;8.5;5.2;15.0;19.4;94.8;
82;19805;2804;6451;.435;485;1399;.347;2319;5052;.459;1235;1676;.737;1045;2225;3270;1665;605;332;1267;1747;7328;
;241.5;34.2;78.7;.435;5.9;17.1;.347;28.3;61.6;.459;15.1;20.4;.737;12.7;27.1;39.9;20.3;7.4;4.0;15.5;21.3;89.4;
56;26;57;25;5.44;0.08;5.52;108.5;102.3;86.8;.310;.291;.498;14.6;31.5;.236;.472;15.0;69.2;.191;Omni Coliseum;549,414;
95-96
82;19730;2985;6665;.448;566;1595;.355;2419;5070;.477;1523;2012;.757;1182;2148;3330;1609;771;319;1228;1714;8059;
;240.6;36.4;81.3;.448;6.9;19.5;.355;29.5;61.8;.477;18.6;24.5;.757;14.4;26.2;40.6;19.6;9.4;3.9;15.0;20.9;98.3;
82;19730;3044;6419;.474;479;1329;.360;2565;5090;.504;1392;1865;.746;1054;2292;3346;1841;580;338;1405;1807;7959;
;240.6;37.1;78.3;.474;5.8;16.2;.360;31.3;62.1;.504;17.0;22.7;.746;12.9;28.0;40.8;22.5;7.1;4.1;17.1;22.0;97.1;
46;36;45;37;1.22;0.07;1.29;109.4;108.0;89.6;.302;.239;.490;14.0;34.0;.229;.512;16.3;67.1;.217;Omni Coliseum;496,668;
94-95
82;19855;2986;6680;.447;539;1580;.341;2447;5100;.480;1410;1948;.724;1104;2272;3376;1757;738;412;1221;1804;7921;
;242.1;36.4;81.5;.447;6.6;19.3;.341;29.8;62.2;.480;17.2;23.8;.724;13.5;27.7;41.2;21.4;9.0;5.0;14.9;22.0;96.6;
82;19855;3001;6485;.463;420;1212;.347;2581;5273;.489;1394;1919;.726;1051;2391;3442;1733;608;320;1359;1815;7816;
;242.1;36.6;79.1;.463;5.1;14.8;.347;31.5;64.3;.489;17.0;23.4;.726;12.8;29.2;42.0;21.1;7.4;3.9;16.6;22.1;95.3;
42;40;45;37;1.28;-0.22;1.06;106.6;105.2;89.8;.292;.237;.487;13.9;31.6;.211;.495;15.6;68.4;.215;Omni Coliseum;504,807;
93-94
82;19755;3247;7039;.461;268;830;.323;2979;6209;.480;1556;2070;.752;1250;2423;3673;2056;915;449;1252;1625;8318;
;240.9;39.6;85.8;.461;3.3;10.1;.323;36.3;75.7;.480;19.0;25.2;.752;15.2;29.5;44.8;25.1;11.2;5.5;15.3;19.8;101.4;
82;19755;3163;6954;.455;275;872;.315;2888;6082;.475;1285;1732;.742;1157;2358;3515;1897;641;338;1465;1722;7886;
;240.9;38.6;84.8;.455;3.4;10.6;.315;35.2;74.2;.475;15.7;21.1;.742;14.1;28.8;42.9;23.1;7.8;4.1;17.9;21.0;96.2;
57;25;56;26;5.27;-0.33;4.94;107.2;101.7;94.2;.294;.118;.480;13.6;34.6;.221;.475;16.0;67.7;.185;Omni Coliseum;537,547;
92-93
82;19830;3392;7272;.466;382;1076;.355;3010;6196;.486;1648;2221;.742;1290;2344;3634;2084;806;278;1339;1807;8814;
;241.8;41.4;88.7;.466;4.7;13.1;.355;36.7;75.6;.486;20.1;27.1;.742;15.7;28.6;44.3;25.4;9.8;3.4;16.3;22.0;107.5;
82;19830;3509;7074;.496;281;833;.337;3228;6241;.517;1586;2092;.758;1080;2413;3493;2189;735;363;1363;1881;8885;
;241.8;42.8;86.3;.496;3.4;10.2;.337;39.4;76.1;.517;19.3;25.5;.758;13.2;29.4;42.6;26.7;9.0;4.4;16.6;22.9;108.4;
43;39;39;43;-0.87;0.20;-0.67;109.3;110.2;97.6;.305;.148;.493;14.0;34.8;.227;.516;14.6;68.5;.224;Omni Coliseum;491,229;
91-92
82;19905;3492;7476;.467;210;671;.313;3282;6805;.482;1517;2074;.731;1288;2498;3786;2123;793;320;1255;1771;8711;
;242.7;42.6;91.2;.467;2.6;8.2;.313;40.0;83.0;.482;18.5;25.3;.731;15.7;30.5;46.2;25.9;9.7;3.9;15.3;21.6;106.2;
82;19905;3523;7342;.480;251;732;.343;3272;6610;.495;1537;2006;.766;1160;2545;3705;2168;711;393;1253;1732;8834;
;242.7;43.0;89.5;.480;3.1;8.9;.343;39.9;80.6;.495;18.7;24.5;.766;14.1;31.0;45.2;26.4;8.7;4.8;15.3;21.1;107.7;
38;44;37;45;-1.50;0.35;-1.15;107.3;108.9;97.8;.277;.090;.481;13.0;33.6;.203;.497;13.2;68.3;.209;Omni Coliseum;511,803;
90-91
82;19755;3349;7223;.464;271;836;.324;3078;6387;.482;2034;2544;.800;1235;2420;3655;1864;729;374;1231;1768;9003;
;240.9;40.8;88.1;.464;3.3;10.2;.324;37.5;77.9;.482;24.8;31.0;.800;15.1;29.5;44.6;22.7;8.9;4.6;15.0;21.6;109.8;
82;19755;3568;7219;.494;217;621;.349;3351;6598;.508;1587;2069;.767;1080;2499;3579;2320;688;361;1291;2034;8940;
;240.9;43.5;88.0;.494;2.6;7.6;.349;40.9;80.5;.508;19.4;25.2;.767;13.2;30.5;43.6;28.3;8.4;4.4;15.7;24.8;109.0;
43;39;43;39;0.77;-0.05;0.72;110.9;110.1;98.6;.352;.116;.482;12.9;33.1;.282;.509;13.7;69.1;.220;Omni Coliseum;529,161;
89-90
82;19730;3417;7019;.487;124;411;.302;3293;6608;.498;1943;2544;.764;1273;2187;3460;1820;717;353;1270;1871;8901;
;240.6;41.7;85.6;.487;1.5;5.0;.302;40.2;80.6;.498;23.7;31.0;.764;15.5;26.7;42.2;22.2;8.7;4.3;15.5;22.8;108.5;
82;19730;3438;6935;.496;181;533;.340;3257;6402;.509;1760;2279;.772;1151;2236;3387;2144;672;389;1294;1961;8817;
;240.6;41.9;84.6;.496;2.2;6.5;.340;39.7;78.1;.509;21.5;27.8;.772;14.0;27.3;41.3;26.1;8.2;4.7;15.8;23.9;107.5;
41;41;44;38;1.02;-0.39;0.64;113.0;111.9;95.8;.362;.059;.496;13.5;36.3;.277;.509;14.0;65.5;.254;Omni Coliseum;573,711;
88-89
82;19805;3412;7230;.472;110;397;.277;3302;6833;.483;2168;2709;.800;1372;2316;3688;1990;817;474;1310;1880;9102;
;241.5;41.6;88.2;.472;1.3;4.8;.277;40.3;83.3;.483;26.4;33.0;.800;16.7;28.2;45.0;24.3;10.0;5.8;16.0;22.9;111.0;
82;19805;3363;7124;.472;147;511;.288;3216;6613;.486;1826;2329;.784;1261;2325;3586;2037;687;348;1487;2109;8699;
;241.5;41.0;86.9;.472;1.8;6.2;.288;39.2;80.6;.486;22.3;28.4;.784;15.4;28.4;43.7;24.8;8.4;4.2;18.1;25.7;106.1;
52;30;54;28;4.91;0.35;5.26;112.2;107.2;98.3;.375;.055;.480;13.5;37.1;.300;.482;15.4;64.7;.256;Omni Coliseum;644,291;
87-88
82;19780;3443;7102;.485;85;282;.301;3358;6820;.492;1873;2441;.767;1228;2379;3607;2062;635;537;1225;2050;8844;
;241.2;42.0;86.6;.485;1.0;3.4;.301;41.0;83.2;.492;22.8;29.8;.767;15.0;29.0;44.0;25.1;7.7;6.5;14.9;25.0;107.9;
82;19780;3243;6885;.471;136;406;.335;3107;6479;.480;1927;2480;.777;1156;2353;3509;1976;640;353;1322;2008;8549;
;241.2;39.5;84.0;.471;1.7;5.0;.335;37.9;79.0;.480;23.5;30.2;.777;14.1;28.7;42.8;24.1;7.8;4.3;16.1;24.5;104.3;
50;32;51;31;3.60;0.42;4.02;111.3;107.6;96.4;.344;.040;.491;13.0;34.3;.264;.481;14.2;67.3;.280;Omni Coliseum;572,460;
86-87
82;19730;3435;7141;.481;135;425;.318;3300;6716;.491;2019;2661;.759;1350;2478;3828;2077;700;511;1279;2152;9024;
;240.6;41.9;87.1;.481;1.6;5.2;.318;40.2;81.9;.491;24.6;32.5;.759;16.5;30.2;46.7;25.3;8.5;6.2;15.6;26.2;110.0;
82;19730;3158;6998;.451;128;426;.300;3030;6572;.461;1987;2598;.765;1196;2277;3473;1917;619;385;1314;2034;8431;
;240.6;38.5;85.3;.451;1.6;5.2;.300;37.0;80.1;.461;24.2;31.7;.765;14.6;27.8;42.4;23.4;7.5;4.7;16.0;24.8;102.8;
57;25;59;23;7.23;-0.05;7.18;112.6;105.2;97.4;.373;.060;.490;13.3;37.2;.283;.460;13.9;67.4;.284;Omni Coliseum;549,526;
85-86
82;19805;3447;7029;.490;33;166;.199;3414;6863;.497;1979;2704;.732;1249;2405;3654;2025;736;434;1483;2170;8906;
;241.5;42.0;85.7;.490;0.4;2.0;.199;41.6;83.7;.497;24.1;33.0;.732;15.2;29.3;44.6;24.7;9.0;5.3;18.1;26.5;108.6;
82;19805;3360;7074;.475;87;283;.307;3273;6791;.482;1905;2508;.760;1202;2329;3531;1945;697;371;1494;2129;8712;
;241.5;41.0;86.3;.475;1.1;3.5;.307;39.9;82.8;.482;23.2;30.6;.760;14.7;28.4;43.1;23.7;8.5;4.5;18.2;26.0;106.2;
50;32;47;35;2.37;0.22;2.59;107.9;105.6;100.0;.385;.024;.493;15.3;34.9;.282;.481;15.4;66.7;.269;Omni Coliseum;377,351;
84-85
82;19855;3444;7119;.484;73;235;.311;3371;6884;.490;1782;2371;.752;1161;2345;3506;2009;665;541;1475;2047;8743;
;242.1;42.0;86.8;.484;0.9;2.9;.311;41.1;84.0;.490;21.7;28.9;.752;14.2;28.6;42.8;24.5;8.1;6.6;18.0;25.0;106.6;
82;19855;3504;7267;.482;46;212;.217;3458;7055;.490;1808;2384;.758;1332;2411;3743;2087;674;373;1488;1972;8862;
;242.1;42.7;88.6;.482;0.6;2.6;.217;42.2;86.0;.490;22.0;29.1;.758;16.2;29.4;45.6;25.5;8.2;4.5;18.1;24.0;108.1;
34;48;37;45;-1.45;0.31;-1.14;105.9;107.3;99.8;.333;.033;.489;15.3;32.5;.250;.485;15.2;63.8;.249;Omni Coliseum;290,746;
83-84
82;19855;3230;6809;.474;23;106;.217;3207;6703;.478;1838;2414;.761;1112;2232;3344;1827;626;558;1329;2091;8321;
;242.1;39.4;83.0;.474;0.3;1.3;.217;39.1;81.7;.478;22.4;29.4;.761;13.6;27.2;40.8;22.3;7.6;6.8;16.2;25.5;101.5;
82;19855;3277;6845;.479;39;185;.211;3238;6660;.486;1834;2380;.771;1191;2410;3601;2026;579;424;1409;2087;8427;
;242.1;40.0;83.5;.479;0.5;2.3;.211;39.5;81.2;.486;22.4;29.0;.771;14.5;29.4;43.9;24.7;7.1;5.2;17.2;25.5;102.8;
40;42;37;45;-1.29;0.22;-1.08;105.5;106.9;95.3;.355;.016;.476;14.4;31.6;.270;.482;15.1;65.2;.268;Omni Coliseum;286,049;
82-83
82;19780;3352;7146;.469;45;188;.239;3307;6958;.475;1586;2111;.751;1139;2433;3572;1945;573;665;1424;2022;8335;
;241.2;40.9;87.1;.469;0.5;2.3;.239;40.3;84.9;.475;19.3;25.7;.751;13.9;29.7;43.6;23.7;7.0;8.1;17.4;24.7;101.6;
82;19780;3383;7201;.470;39;166;.235;3344;7035;.475;1608;2235;.719;1303;2571;3874;1927;656;388;1468;1981;8413;
;241.2;41.3;87.8;.470;0.5;2.0;.235;40.8;85.8;.475;19.6;27.3;.719;15.9;31.4;47.2;23.5;8.0;4.7;17.9;24.2;102.6;
43;39;38;44;-0.95;0.23;-0.72;102.2;103.2;98.9;.295;.026;.472;15.0;30.7;.222;.473;15.2;65.1;.223;Omni Coliseum;292,126;
81-82
82;19880;3210;6776;.474;28;128;.219;3182;6648;.479;1833;2387;.768;1135;2368;3503;1815;608;485;1343;2268;8281;
;242.4;39.1;82.6;.474;0.3;1.6;.219;38.8;81.1;.479;22.4;29.1;.768;13.8;28.9;42.7;22.1;7.4;5.9;16.4;27.7;101.0;
82;19880;3150;6709;.470;46;186;.247;3104;6523;.476;1891;2482;.762;1135;2388;3523;1871;578;434;1444;2179;8237;
;242.4;38.4;81.8;.470;0.6;2.3;.247;37.9;79.5;.476;23.1;30.3;.762;13.8;29.1;43.0;22.8;7.0;5.3;17.6;26.6;100.5;
42;40;43;39;0.54;0.27;0.81;105.1;104.6;95.1;.352;.019;.476;14.6;32.2;.271;.473;15.6;67.6;.282;Omni Coliseum;314,593;
80-81
82;19930;3291;6866;.479;10;82;.122;3281;6784;.484;2012;2590;.777;1201;2224;3425;1846;749;469;1605;2276;8604;
;243.0;40.1;83.7;.479;0.1;1.0;.122;40.0;82.7;.484;24.5;31.6;.777;14.6;27.1;41.8;22.5;9.1;5.7;19.6;27.8;104.9;
82;19930;3401;6867;.495;32;152;.211;3369;6715;.502;2024;2641;.766;1207;2318;3525;1935;748;555;1685;2209;8858;
;243.0;41.5;83.7;.495;0.4;1.9;.211;41.1;81.9;.502;24.7;32.2;.766;14.7;28.3;43.0;23.6;9.1;6.8;20.5;26.9;108.0;
31;51;33;49;-3.10;0.73;-2.37;104.3;107.3;99.4;.377;.012;.480;16.7;34.1;.293;.498;17.3;64.8;.295;Omni Coliseum;362,699;
79-80
82;19780;3261;7027;.464;13;75;.173;3248;6952;.467;2038;2645;.771;1369;2406;3775;1913;782;539;1495;2293;8573;
;241.2;39.8;85.7;.464;0.2;0.9;.173;39.6;84.8;.467;24.9;32.3;.771;16.7;29.3;46.0;23.3;9.5;6.6;18.2;28.0;104.5;
82;19780;3144;6872;.458;46;183;.251;3098;6689;.463;2000;2616;.765;1261;2339;3600;1758;682;554;1660;2171;8334;
;241.2;38.3;83.8;.458;0.6;2.2;.251;37.8;81.6;.463;24.4;31.9;.765;15.4;28.5;43.9;21.4;8.3;6.8;20.2;26.5;101.6;
50;32;49;33;2.91;-0.09;2.83;105.2;102.3;98.9;.376;.011;.465;15.4;36.9;.290;.461;17.1;65.6;.291;Omni Coliseum;;
78-79
82;19855;3505;7410;.473;1940;2534;.766;1381;2341;3722;1938;801;596;1523;2424;8950;
;242.1;42.7;90.4;.473;23.7;30.9;.766;16.8;28.5;45.4;23.6;9.8;7.3;18.6;29.6;109.1;
82;19855;3367;6886;.489;2045;2727;.750;1176;2440;3616;1928;646;559;1799;2135;8779;
;242.1;41.1;84.0;.489;24.9;33.3;.750;14.3;29.8;44.1;23.5;7.9;6.8;21.9;26.0;107.1;
46;36;47;35;2.09;-0.16;1.92;105.6;103.6;102.5;.342;;.473;15.2;36.1;.262;.489;18.2;66.6;.297;Omni Coliseum;;
77-78
82;19830;3335;7253;.460;1836;2316;.793;1160;2359;3519;1901;916;408;1592;2470;8506;
;241.8;40.7;88.5;.460;22.4;28.2;.793;14.1;28.8;42.9;23.2;11.2;5.0;19.4;30.1;103.7;
82;19830;3162;6671;.474;2193;2930;.748;1160;2606;3766;1774;750;484;1980;2122;8517;
;241.8;38.6;81.4;.474;26.7;35.7;.748;14.1;31.8;45.9;21.6;9.1;5.9;24.1;25.9;103.9;
41;41;41;41;-0.13;0.01;-0.13;99.7;99.8;103.3;.319;;.460;16.1;30.8;.253;.474;19.9;67.0;.329;Omni Coliseum;;
76-77
82;19705;3279;7176;.457;1836;2451;.749;1244;2512;3756;1882;733;330;1779;2302;8394;
;240.3;40.0;87.5;.457;22.4;29.9;.749;15.2;30.6;45.8;23.0;8.9;4.0;21.7;28.1;102.4;
82;19705;3409;7137;.478;1909;2527;.755;1121;2533;3654;2020;803;442;1692;2174;8727;
;240.3;41.6;87.0;.478;23.3;30.8;.755;13.7;30.9;44.6;24.6;9.8;5.4;20.6;26.5;106.4;
31;51;30;52;-4.06;0.19;-3.87;97.8;101.6;104.6;.342;;.457;17.7;32.9;.256;.478;17.0;69.1;.267;Omni Coliseum;;
75-76
82;19805;3301;7338;.450;1809;2467;.733;1225;2540;3765;1666;790;277;1553;1983;8411;
;241.5;40.3;89.5;.450;22.1;30.1;.733;14.9;31.0;45.9;20.3;9.6;3.4;18.9;24.2;102.6;
82;19805;3529;7357;.480;1592;2102;.757;1186;2728;3914;1778;779;427;1663;2177;8650;
;241.5;43.0;89.7;.480;19.4;25.6;.757;14.5;33.3;47.7;21.7;9.5;5.2;20.3;26.5;105.5;
29;53;33;49;-2.91;0.26;-2.66;98.4;101.2;103.6;.336;;.450;15.6;31.0;.247;.480;16.7;68.2;.216;Omni Coliseum;;
74-75
82;19805;3424;7824;.438;1772;2435;.728;1441;2653;4094;1878;744;227;1550;1964;8620;
;241.5;41.8;95.4;.438;21.6;29.7;.728;17.6;32.4;49.9;22.9;9.1;2.8;18.9;24.0;105.1;
82;19805;3563;7504;.475;1606;2098;.765;1169;2851;4020;1914;746;422;1723;2265;8732;
;241.5;43.5;91.5;.475;19.6;25.6;.765;14.3;34.8;49.0;23.3;9.1;5.1;21.0;27.6;106.5;
31;51;37;45;-1.37;0.04;-1.32;98.3;99.5;106.3;.311;;.438;14.8;33.6;.226;.475;17.0;69.4;.214;Omni Coliseum;;
73-74
82;19755;3602;7744;.465;1703;2264;.752;1240;2712;3952;1993;758;332;1823;2073;8907;
;240.9;43.9;94.4;.465;20.8;27.6;.752;15.1;33.1;48.2;24.3;9.2;4.0;22.2;25.3;108.6;
82;19755;3573;7628;.468;1878;2386;.787;1142;2754;3896;2028;823;388;1846;2128;9024;
;240.9;43.6;93.0;.468;22.9;29.1;.787;13.9;33.6;47.5;24.7;10.0;4.7;22.5;26.0;110.0;
35;47;37;45;-1.43;-0.04;-1.47;97.7;99.0;110.8;.292;;.465;17.3;31.0;.220;.468;17.5;70.4;.246;Omni Coliseum;;
72-73
82;19830;3700;8033;.461;1819;2482;.733;;;4174;2074;1916;9219;
;241.8;45.1;98.0;.461;22.2;30.3;.733;;;50.9;25.3;23.4;112.4;
82;19830;3758;8152;.461;1696;2193;.773;;;4147;2020;2104;9212;
;241.8;45.8;99.4;.461;20.7;26.7;.773;;;50.6;24.6;25.7;112.3;
46;36;41;41;0.09;-0.24;-0.15;98.0;98.0;113.8;.309;;.461;;;.226;.461;;;.208;Omni Coliseum;;
71-72
82;19730;3482;7570;.460;2018;2725;.741;;;4080;1897;1967;8982;
;240.6;42.5;92.3;.460;24.6;33.2;.741;;;49.8;23.1;24.0;109.5;
82;19730;3601;7744;.465;1925;2530;.761;;;4004;1890;1996;9127;
;240.6;43.9;94.4;.465;23.5;30.9;.761;;;48.8;23.0;24.3;111.3;
36;46;36;46;-1.77;-0.17;-1.94;98.7;100.3;110.7;.360;;.460;;;.267;.465;;;.249;Alexander Memorial Coliseum;;
70-71
82;19755;3614;7779;.465;2120;2975;.713;;;4472;1906;1958;9348;
;240.9;44.1;94.9;.465;25.9;36.3;.713;;;54.5;23.2;23.9;114.0;
82;19755;3801;8525;.446;1893;2515;.753;;;4279;1996;2074;9495;
;240.9;46.4;104.0;.446;23.1;30.7;.753;;;52.2;24.3;25.3;115.8;
36;46;37;45;-1.79;0.49;-1.30;96.9;98.4;117.2;.382;;.465;;;.273;.446;;;.222;Alexander Memorial Coliseum;;
69-70
82;19780;3817;7907;.483;2012;2669;.754;;;4210;2142;2016;9646;
;241.2;46.5;96.4;.483;24.5;32.5;.754;;;51.3;26.1;24.6;117.6;
82;19780;;;;;;;;;;;;9612;
;241.2;;;;;;;;;;;;117.2;
48;34;42;40;0.41;-0.10;0.31;102.3;101.9;114.4;.338;;.483;;;.254;;;;;Alexander Memorial Coliseum;;
68-69
82;19730;3605;7844;.460;1913;2785;.687;;;4599;2069;2082;9123;
;240.6;44.0;95.7;.460;23.3;34.0;.687;;;56.1;25.2;25.4;111.3;
82;19730;;;;;;;;;;;;8942;
;240.6;;;;;;;;;;;;109.0;
48;34;47;35;2.21;-0.15;2.06;97.4;95.5;113.9;.355;;.460;;;.244;;;;;Alexander Memorial Coliseum;;
67-68
82;19880;3504;7765;.451;2258;3111;.726;;;5325;1988;2046;9266;
;242.4;42.7;94.7;.451;27.5;37.9;.726;;;64.9;24.2;25.0;113.0;
82;19880;;;;;;;;;;;;9042;
;242.4;;;;;;;;;;;;110.3;
56;26;48;34;2.73;-0.36;2.37;98.4;96.0;113.7;.401;;.451;;;.291;;;;;Kiel Auditorium;;
66-67
81;19540;3547;8004;.443;2110;2979;.708;;;5219;1708;2173;9204;
;241.2;43.8;98.8;.443;26.0;36.8;.708;;;64.4;21.1;26.8;113.6;
81;19540;;;;;;;;;;;;9334;
;241.2;;;;;;;;;;;;115.2;
39;42;37;44;-1.60;0.16;-1.44;96.1;97.4;117.7;.372;;.443;;;.264;;;;;Kiel Auditorium;;
65-66
80;19200;3379;7836;.431;2155;2870;.751;;;5167;1782;2179;8913;
;240.0;42.2;98.0;.431;26.9;35.9;.751;;;64.6;22.3;27.2;111.4;
80;19200;;;;;;;;;;;;8958;
;240.0;;;;;;;;;;;;112.0;
36;44;39;41;-0.56;0.06;-0.50;95.6;96.1;116.6;.366;;.431;;;.275;;;;;Kiel Auditorium;;
64-65
80;19225;3269;7710;.424;2168;2947;.736;;;5208;1691;2069;8706;
;240.3;40.9;96.4;.424;27.1;36.8;.736;;;65.1;21.1;25.9;108.8;
80;19225;;;;;;;;;;;;8464;
;240.3;;;;;;;;;;;;105.8;
45;35;48;32;3.03;-0.34;2.68;94.5;91.8;115.1;.382;;.424;;;.281;;;;;Kiel Auditorium;;
63-64
80;;3341;7776;.430;2115;2795;.757;;;4959;1901;2266;8797;
;;41.8;97.2;.430;26.4;34.9;.757;;;62.0;23.8;28.3;110.0;
80;;;;;;;;;;;;;8669;
;;;;;;;;;;;;;108.4;
46;34;44;36;1.60;-0.21;1.39;95.4;94.0;114.6;.359;;.430;;;.272;;;;;Kiel Auditorium;;
62-63
80;;3355;7780;.431;2056;2820;.729;;;5096;1902;2077;8766;
;;41.9;97.3;.431;25.7;35.3;.729;;;63.7;23.8;26.0;109.6;
80;;;;;;;;;;;;;8624;
;;;;;;;;;;;;;107.8;
48;32;45;35;1.78;-0.39;1.38;94.8;93.3;115.6;.362;;.431;;;.264;;;;;Kiel Auditorium;;
61-62
80;;3641;8461;.430;2226;2939;.757;;;5557;1996;2166;9508;
;;45.5;105.8;.430;27.8;36.7;.757;;;69.5;25.0;27.1;118.9;
80;;;;;;;;;;;;;9770;
;;;;;;;;;;;;;122.1;
29;51;32;48;-3.28;0.31;-2.96;95.2;97.8;124.6;.347;;.430;;;.263;;;;;Kiel Auditorium;;
60-61
79;;3618;8795;.411;2147;2921;.735;;;5994;2136;2135;9383;
;;45.8;111.3;.411;27.2;37.0;.735;;;75.9;27.0;27.0;118.8;
79;;;;;;;;;;;;;9102;
;;;;;;;;;;;;;115.2;
51;28;48;31;3.56;-0.57;2.99;91.4;88.7;129.1;.332;;.411;;;.244;;;;;Kiel Auditorium;;
59-60
75;;3179;7580;.419;2148;2885;.745;;;5343;1881;1995;8506;
;;42.4;101.1;.419;28.6;38.5;.745;;;71.2;25.1;26.6;113.4;
75;;;;;;;;;;;;;8303;
;;;;;;;;;;;;;110.7;
46;29;44;31;2.71;-0.93;1.77;94.0;91.8;120.0;.381;;.419;;;.283;;;;;Kiel Auditorium;;
58-59
72;;2879;7015;.410;2072;2757;.752;;;5045;1567;1937;7830;
;;40.0;97.4;.410;28.8;38.3;.752;;;70.1;21.8;26.9;108.8;
72;;;;;;;;;;;;;7564;
;;;;;;;;;;;;;105.1;
49;23;45;27;3.69;-0.81;2.89;93.3;90.1;115.6;.393;;.410;;;.295;;;;;Kiel Auditorium;;
57-58
72;;2779;7162;.388;2180;3047;.715;;;5445;1541;1875;7738;
;;38.6;99.5;.388;30.3;42.3;.715;;;75.6;21.4;26.0;107.5;
72;;;;;;;;;;;;;7643;
;;;;;;;;;;;;;106.2;
41;31;39;33;1.32;-0.50;0.82;89.7;88.6;119.5;.425;;.388;;;.304;;;;;Kiel Auditorium;;
56-57
72;;2557;6669;.383;1977;2710;.730;;;4566;1454;1848;7091;
;;35.5;92.6;.383;27.5;37.6;.730;;;63.4;20.2;25.7;98.5;
72;;;;;;;;;;;;;7097;
;;;;;;;;;;;;;98.6;
34;38;36;36;-0.08;-0.19;-0.27;89.0;89.1;108.3;.406;;.383;;;.296;;;;;Kiel Auditorium;;
55-56
72;;2506;6628;.378;1941;2761;.703;;;4493;1748;1971;6953;
;;34.8;92.1;.378;27.0;38.3;.703;;;62.4;24.3;27.4;96.6;
72;;;;;;;;;;;;;7059;
;;;;;;;;;;;;;98.0;
33;39;32;40;-1.47;0.05;-1.42;87.6;88.9;109.4;.417;;.378;;;.293;;;;;Kiel Auditorium;;
54-55
72;;2187;6041;.362;1917;2672;.717;;;3854;1544;1904;6291;
;;30.4;83.9;.362;26.6;37.1;.717;;;53.5;21.4;26.4;87.4;
72;;;;;;;;;;;;;6510;
;;;;;;;;;;;;;90.4;
26;46;28;44;-3.04;0.40;-2.66;86.4;89.4;100.5;.442;;.362;;;.317;;;;;Milwaukee Arena;;
53-54
72;;1757;5087;.345;1524;2202;.692;;;3202;1298;1771;5038;
;;24.4;70.7;.345;21.2;30.6;.692;;;44.5;18.0;24.6;70.0;
72;;;;;;;;;;;;;5419;
;;;;;;;;;;;;;75.3;
21;51;19;53;-5.29;0.75;-4.55;82.9;89.2;84.2;.433;;.345;;;.300;;;;;Milwaukee Arena;;
52-53
71;;1873;5320;.352;1643;2400;.685;;;3429;1427;2120;5389;
;;26.4;74.9;.352;23.1;33.8;.685;;;48.3;20.1;29.9;75.9;
71;;;;;;;;;;;;;5496;
;;;;;;;;;;;;;77.4;
27;44;31;40;-1.51;0.51;-2.49;84.0;85.7;88.4;.451;;.352;;;.309;;;;;Milwaukee Arena;;
51-52
66;;1674;5055;.331;1485;2177;.682;;;3540;1229;1848;4833;
;;25.4;76.6;.331;22.5;33.0;.682;;;53.6;18.6;28.0;73.2;
66;;;;;;;;;;;;;5357;
;;;;;;;;;;;;;81.2;
17;49;13;53;-7.94;0.93;-7.04;80.4;89.1;90.7;.431;;.331;;;.294;;;;;Milwaukee Arena;;
50-51
68;;1988;6041;.329;1754;2425;.723;;;3715;1476;2092;5730;
;;29.2;88.8;.329;25.8;35.7;.723;;;54.6;21.7;30.8;84.3;
68;;;;;;;;;;;;;5988;
;;;;;;;;;;;;;88.1;
25;43;24;44;-3.79;0.56;-3.22;80.8;84.4;103.9;.401;;.329;;;.290;;;;;Wharton Field House;;
49-50
64;;1818;5515;.330;1677;2308;.727;;;;1330;2057;5313;
;;28.4;86.2;.330;26.2;36.1;.727;;;;20.8;32.1;83.0;
64;;;;;;;;;;;;;5351;
;;;;;;;;;;;;;83.6;
29;35;30;34;-0.59;-0.84;-1.43;;;;.418;;.330;;;.304;;;;;Wharton Field House;;
