Boston Celtics;BOS;1946;Boston, Massachusetts;3513-2437;59;17;E;;
Totals
21-22;51;31;1;26.1;6-5;218;
20-21;36;36;4;25.1;6-5;220;
19-20;48;24;2;25.3;6-5;221;
18-19;49;33;3;25.7;6-6;221;
17-18;55;27;2;24.7;6-6;221;
16-17;53;29;1;25.9;6-5;219;
15-16;48;34;2;25.2;6-5;220;
14-15;40;42;2;25.0;6-6;221;
13-14;25;57;4;25.4;6-6;221;
12-13;41;40;3;29.1;6-6;214;
11-12;39;27;1;29.3;6-6;213;
10-11;56;26;1;29.5;6-6;223;
09-10;50;32;1;29.4;6-6;219;
08-09;62;20;1;27.8;6-6;222;
07-08;66;16;1;27.9;6-6;220;
06-07;24;58;5;23.5;6-6;221;
05-06;33;49;3;25.3;6-7;227;
04-05;45;37;1;27.1;6-7;218;
03-04;36;46;4;26.4;6-7;218;
02-03;44;38;3;26.9;6-6;218;
01-02;49;33;2;26.2;6-6;220;
00-01;36;46;5;25.9;6-6;221;
99-00;35;47;5;25.4;6-6;218;
98-99;19;31;5;24.3;6-6;215;
97-98;36;46;6;23.9;6-6;209;
96-97;15;67;7;26.1;6-6;211;
95-96;33;49;5;26.3;6-5;208;
94-95;35;47;3;27.2;6-6;207;
93-94;32;50;5;27.8;6-6;204;
92-93;48;34;2;28.6;6-6;206;
91-92;51;31;1;29.2;6-6;207;
90-91;56;26;1;28.2;6-7;205;
89-90;52;30;2;<span><strong>30.2</strong></span>;6-7;209;
88-89;42;40;3;28.5;6-7;204;
87-88;57;25;1;<span><strong>29.8</strong></span>;6-7;205;
86-87;59;23;1;<span><strong>29.4</strong></span>;6-7;205;
85-86;67;15;1;<span><strong>29.3</strong></span>;6-7;204;
84-85;63;19;1;<span><strong>28.5</strong></span>;6-7;205;
83-84;62;20;1;28.0;6-7;204;
82-83;56;26;2;27.3;6-6;201;
81-82;63;19;1;27.3;6-7;202;
80-81;62;20;1;27.0;6-7;200;
79-80;61;21;1;27.3;6-6;201;
78-79;29;53;5;27.5;6-6;202;
77-78;32;50;3;<span><strong>29.7</strong></span>;6-6;207;
76-77;44;38;2;<span><strong>28.7</strong></span>;6-6;208;
75-76;54;28;1;<span><strong>29.0</strong></span>;6-5;203;
74-75;60;22;1;29.1;6-5;208;
73-74;56;26;1;28.5;6-5;209;
72-73;68;14;1;28.0;6-5;209;
71-72;56;26;1;27.6;6-5;208;
70-71;44;38;3;26.2;6-6;210;
69-70;34;48;6;<span><strong>28.4</strong></span>;6-5;206;
68-69;48;34;4;<span><strong>30.5</strong></span>;6-5;203;
67-68;54;28;2;<span><strong>29.5</strong></span>;6-5;205;
66-67;60;21;2;<span><strong>29.6</strong></span>;6-5;206;
65-66;54;26;2;<span><strong>28.8</strong></span>;6-5;208;
64-65;62;18;1;<span><strong>28.3</strong></span>;6-5;209;
63-64;59;21;1;<span><strong>28.4</strong></span>;6-5;208;
62-63;58;22;1;<span><strong>28.3</strong></span>;6-5;204;
61-62;60;20;1;<span><strong>27.9</strong></span>;6-5;203;
60-61;57;22;1;<span><strong>28.3</strong></span>;6-4;202;
59-60;59;16;1;<span><strong>27.5</strong></span>;6-4;202;
58-59;52;20;1;27.1;6-4;200;
57-58;49;23;1;27.6;6-4;197;
56-57;44;28;1;27.0;6-4;201;
55-56;39;33;2;26.9;6-4;196;
54-55;36;36;3;26.8;6-4;194;
53-54;42;30;3;26.4;6-4;189;
52-53;46;25;3;25.5;6-4;192;
51-52;39;27;2;25.0;6-4;191;
50-51;39;30;2;69;2065;5607;
49-50;22;46;6;68;1945;5756;
48-49;25;35;5;60;1706;5483;
47-48;20;28;3;48;1241;4323;
46-47;22;38;5;60;1397;5133;
21-22
82;19905;3341;7167;.466;1085;3044;.356;2256;4123;.547;1397;1713;.816;863;2915;3778;2036;591;478;1118;1521;9164;
;242.7;40.7;87.4;.466;13.2;37.1;.356;27.5;50.3;.547;17.0;20.9;.816;10.5;35.5;46.1;24.8;7.2;5.8;13.6;18.5;111.8;
82;19905;3137;7221;.434;969;2860;.339;2168;4361;.497;1324;1692;.783;858;2727;3585;1773;618;376;1133;1592;8567;
;242.7;38.3;88.1;.434;11.8;34.9;.339;26.4;53.2;.497;16.1;20.6;.783;10.5;33.3;43.7;21.6;7.5;4.6;13.8;19.4;104.5;
51;31;59;23;7.28;-0.26;7.02;114.4;106.9;96.6;.239;.425;.542;12.4;24.0;.195;.502;12.5;77.3;.183;TD Garden;727,928;
20-21
72;17380;2985;6401;.466;979;2618;.374;2006;3783;.530;1160;1496;.775;765;2421;3186;1689;556;383;1012;1471;8109;
;241.4;41.5;88.9;.466;13.6;36.4;.374;27.9;52.5;.530;16.1;20.8;.775;10.6;33.6;44.3;23.5;7.7;5.3;14.1;20.4;112.6;
72;17380;2875;6191;.464;925;2473;.374;1950;3718;.524;1329;1692;.785;677;2382;3059;1732;531;334;1015;1389;8004;
;241.4;39.9;86.0;.464;12.8;34.3;.374;27.1;51.6;.524;18.5;23.5;.785;9.4;33.1;42.5;24.1;7.4;4.6;14.1;19.3;111.2;
36;36;39;33;1.46;-0.14;1.32;114.0;112.5;98.3;.234;.409;.543;12.5;24.3;.181;.539;12.8;78.1;.215;TD Garden;30,067;
19-20
72;17430;2971;6448;.461;905;2487;.364;2066;3961;.522;1336;1668;.801;768;2549;3317;1655;595;406;995;1553;8183;
;242.1;41.3;89.6;.461;12.6;34.5;.364;28.7;55.0;.522;18.6;23.2;.801;10.7;35.4;46.1;23.0;8.3;5.6;13.8;21.6;113.7;
72;17430;2764;6268;.441;851;2504;.340;1913;3764;.508;1350;1761;.767;743;2449;3192;1613;514;396;1097;1487;7729;
;242.1;38.4;87.1;.441;11.8;34.8;.340;26.6;52.3;.508;18.8;24.5;.767;10.3;34.0;44.3;22.4;7.1;5.5;15.2;20.7;107.3;
48;24;50;22;6.31;-0.47;5.83;113.3;107.0;99.5;.259;.386;.531;12.2;23.9;.207;.509;13.5;77.4;.215;TD Garden;610,864;
18-19
82;19780;3451;7423;.465;1032;2829;.365;2419;4594;.527;1282;1598;.802;804;2849;3653;2155;706;435;1052;1670;9216;
;241.2;42.1;90.5;.465;12.6;34.5;.365;29.5;56.0;.527;15.6;19.5;.802;9.8;34.7;44.5;26.3;8.6;5.3;12.8;20.4;112.4;
82;19780;3239;7222;.448;944;2748;.344;2295;4474;.513;1430;1872;.764;852;2912;3764;1940;556;317;1241;1602;8852;
;241.2;39.5;88.1;.448;11.5;33.5;.344;28.0;54.6;.513;17.4;22.8;.764;10.4;35.5;45.9;23.7;6.8;3.9;15.1;19.5;108.0;
49;33;52;30;4.44;-0.54;3.90;112.2;107.8;99.6;.215;.381;.534;11.5;21.6;.173;.514;13.4;77.0;.198;TD Garden;763,584;
17-18
82;19805;3141;6975;.450;939;2492;.377;2202;4483;.491;1308;1697;.771;767;2878;3645;1842;604;373;1149;1618;8529;
;241.5;38.3;85.1;.450;11.5;30.4;.377;26.9;54.7;.491;16.0;20.7;.771;9.4;35.1;44.5;22.5;7.4;4.5;14.0;19.7;104.0;
82;19805;3066;6973;.440;769;2270;.339;2297;4703;.488;1334;1748;.763;791;2804;3595;1744;594;364;1159;1571;8235;
;241.5;37.4;85.0;.440;9.4;27.7;.339;28.0;57.4;.488;16.3;21.3;.763;9.6;34.2;43.8;21.3;7.2;4.4;14.1;19.2;100.4;
55;27;51;31;3.59;-0.35;3.23;107.6;103.9;96.0;.243;.357;.518;13.0;21.5;.188;.495;13.0;78.4;.191;TD Garden;763,584;
16-17
82;19755;3168;6978;.454;985;2742;.359;2183;4236;.515;1536;1903;.807;744;2698;3442;2069;617;340;1088;1686;8857;
;240.9;38.6;85.1;.454;12.0;33.4;.359;26.6;51.7;.515;18.7;23.2;.807;9.1;32.9;42.0;25.2;7.5;4.1;13.3;20.6;108.0;
82;19755;3168;7035;.450;735;2213;.332;2433;4822;.505;1570;2042;.769;883;2769;3652;1851;623;425;1141;1664;8641;
;240.9;38.6;85.8;.450;9.0;27.0;.332;29.7;58.8;.505;19.1;24.9;.769;10.8;33.8;44.5;22.6;7.6;5.2;13.9;20.3;105.4;
53;29;48;34;2.63;-0.39;2.25;111.2;108.4;96.8;.273;.393;.525;12.2;21.2;.220;.503;12.6;75.3;.223;TD Garden;760,690;
15-16
82;19780;3216;7318;.439;717;2142;.335;2499;5176;.483;1520;1929;.788;950;2733;3683;1981;752;348;1127;1796;8669;
;241.2;39.2;89.2;.439;8.7;26.1;.335;30.5;63.1;.483;18.5;23.5;.788;11.6;33.3;44.9;24.2;9.2;4.2;13.7;21.9;105.7;
82;19780;3075;6973;.441;643;1912;.336;2432;5061;.481;1613;2136;.755;932;2838;3770;1715;622;450;1348;1718;8406;
;241.2;37.5;85.0;.441;7.8;23.3;.336;29.7;61.7;.481;19.7;26.0;.755;11.4;34.6;46.0;20.9;7.6;5.5;16.4;21.0;102.5;
48;34;50;32;3.21;-0.37;2.84;106.8;103.6;98.5;.264;.293;.488;12.1;25.1;.208;.487;14.6;74.6;.231;TD Garden;749,076;
14-15
82;19880;3193;7211;.443;660;2021;.327;2533;5190;.488;1266;1678;.754;910;2685;3595;2009;674;294;1133;1738;8312;
;242.4;38.9;87.9;.443;8.0;24.6;.327;30.9;63.3;.488;15.4;20.5;.754;11.1;32.7;43.8;24.5;8.2;3.6;13.8;21.2;101.4;
82;19880;3125;6943;.450;607;1804;.336;2518;5139;.490;1442;1909;.755;893;2772;3665;1798;583;431;1239;1545;8299;
;242.4;38.1;84.7;.450;7.4;22.0;.336;30.7;62.7;.490;17.6;23.3;.755;10.9;33.8;44.7;21.9;7.1;5.3;15.1;18.8;101.2;
40;42;41;41;0.16;-0.56;-0.40;104.7;104.5;95.8;.233;.280;.489;12.5;24.7;.176;.494;13.7;75.0;.208;TD Garden;721,350;
13-14
82;19730;2996;6883;.435;575;1729;.333;2421;5154;.470;1325;1706;.777;980;2505;3485;1726;584;343;1261;1743;7892;
;240.6;36.5;83.9;.435;7.0;21.1;.333;29.5;62.9;.470;16.2;20.8;.777;12.0;30.5;42.5;21.0;7.1;4.2;15.4;21.3;96.2;
82;19730;3101;6675;.465;539;1553;.347;2562;5122;.500;1517;1993;.761;871;2596;3467;1813;609;373;1168;1564;8258;
;240.6;37.8;81.4;.465;6.6;18.9;.347;31.2;62.5;.500;18.5;24.3;.761;10.6;31.7;42.3;22.1;7.4;4.5;14.2;19.1;100.7;
25;57;28;54;-4.46;-0.51;-4.97;102.9;107.7;93.3;.248;.251;.477;14.2;27.4;.193;.505;13.4;74.2;.227;TD Garden;742,400;
12-13
81;19840;3001;6459;.465;498;1390;.358;2503;5069;.494;1318;1698;.776;654;2533;3187;1843;667;365;1181;1717;7818;
;244.9;37.0;79.7;.465;6.1;17.2;.358;30.9;62.6;.494;16.3;21.0;.776;8.1;31.3;39.3;22.8;8.2;4.5;14.6;21.2;96.5;
81;19840;2926;6639;.441;550;1610;.342;2376;5029;.472;1434;1937;.740;925;2603;3528;1752;634;378;1239;1574;7836;
;244.9;36.1;82.0;.441;6.8;19.9;.342;29.3;62.1;.472;17.7;23.9;.740;11.4;32.1;43.6;21.6;7.8;4.7;15.3;19.4;96.7;
41;40;40;41;-0.22;-0.40;-0.62;103.1;103.3;91.7;.263;.215;.503;14.1;20.1;.204;.482;14.2;73.3;.216;TD Garden;744,960;
11-12
66;15940;2341;5086;.460;363;988;.367;1978;4098;.483;1017;1308;.778;509;2051;2560;1557;498;362;979;1315;6062;
;241.5;35.5;77.1;.460;5.5;15.0;.367;30.0;62.1;.483;15.4;19.8;.778;7.7;31.1;38.8;23.6;7.5;5.5;14.8;19.9;91.8;
66;15940;2207;5262;.419;344;1117;.308;1863;4145;.449;1138;1498;.760;781;2070;2851;1233;515;304;1035;1217;5896;
;241.5;33.4;79.7;.419;5.2;16.9;.308;28.2;62.8;.449;17.2;22.7;.760;11.8;31.4;43.2;18.7;7.8;4.6;15.7;18.4;89.3;
39;27;39;27;2.52;-0.26;2.26;101.0;98.2;90.4;.257;.194;.496;14.7;19.7;.200;.452;14.9;72.4;.216;TD Garden;614,592;
10-11
82;19780;3023;6219;.486;408;1119;.365;2615;5100;.513;1459;1895;.770;639;2542;3181;1921;676;344;1195;1678;7913;
;241.2;36.9;75.8;.486;5.0;13.6;.365;31.9;62.2;.513;17.8;23.1;.770;7.8;31.0;38.8;23.4;8.2;4.2;14.6;20.5;96.5;
82;19780;2768;6371;.434;443;1304;.340;2325;5067;.459;1494;1975;.756;862;2387;3249;1533;574;364;1262;1659;7473;
;241.2;33.8;77.7;.434;5.4;15.9;.340;28.4;61.8;.459;18.2;24.1;.756;10.5;29.1;39.6;18.7;7.0;4.4;15.4;20.2;91.1;
56;26;57;25;5.37;-0.54;4.83;106.2;100.3;90.4;.305;.180;.519;14.5;21.1;.235;.469;14.8;74.7;.235;TD Garden;763,584;
09-10
82;19780;3039;6294;.483;499;1433;.348;2540;4861;.523;1559;2090;.746;716;2449;3165;1930;701;402;1219;1816;8136;
;241.2;37.1;76.8;.483;6.1;17.5;.348;31.0;59.3;.523;19.0;25.5;.746;8.7;29.9;38.6;23.5;8.5;4.9;14.9;22.1;99.2;
82;19780;2880;6390;.451;470;1375;.342;2410;5015;.481;1606;2152;.746;868;2418;3286;1585;578;386;1283;1777;7836;
;241.2;35.1;77.9;.451;5.7;16.8;.342;29.4;61.2;.481;19.6;26.2;.746;10.6;29.5;40.1;19.3;7.0;4.7;15.6;21.7;95.6;
50;32;52;30;3.66;-0.29;3.37;107.7;103.8;91.6;.332;.228;.522;14.5;22.8;.248;.487;14.9;73.8;.251;TD Garden;763,584;
08-09
82;19880;3075;6333;.486;538;1355;.397;2537;4978;.510;1587;2075;.765;869;2586;3455;1862;621;387;1280;1897;8275;
;242.4;37.5;77.2;.486;6.6;16.5;.397;30.9;60.7;.510;19.4;25.3;.765;10.6;31.5;42.1;22.7;7.6;4.7;15.6;23.1;100.9;
82;19880;2763;6418;.431;507;1452;.349;2256;4966;.454;1626;2110;.771;834;2249;3083;1553;585;389;1195;1820;7659;
;242.4;33.7;78.3;.431;6.2;17.7;.349;27.5;60.6;.454;19.8;25.7;.771;10.2;27.4;37.6;18.9;7.1;4.7;14.6;22.2;93.4;
62;20;61;21;7.51;-0.07;7.44;110.5;102.3;90.4;.328;.214;.528;15.0;27.9;.251;.470;14.0;75.6;.253;TD Banknorth Garden;763,584;
07-08
82;19755;2986;6286;.475;596;1564;.381;2390;4722;.506;1677;2176;.771;830;2615;3445;1833;696;379;1246;1864;8245;
;240.9;36.4;76.7;.475;7.3;19.1;.381;29.1;57.6;.506;20.5;26.5;.771;10.1;31.9;42.0;22.4;8.5;4.6;15.2;22.7;100.5;
82;19755;2657;6341;.419;485;1535;.316;2172;4806;.452;1605;2160;.743;899;2290;3189;1539;594;389;1308;1818;7404;
;240.9;32.4;77.3;.419;5.9;18.7;.316;26.5;58.6;.452;19.6;26.3;.743;11.0;27.9;38.9;18.8;7.2;4.7;16.0;22.2;90.3;
66;16;67;15;10.26;-0.95;9.30;110.2;98.9;90.9;.346;.249;.522;14.7;26.6;.267;.457;15.2;74.4;.253;TD Banknorth Garden;763,584;
06-07
82;19855;2858;6454;.443;471;1283;.367;2387;5171;.462;1670;2178;.767;918;2391;3309;1630;589;382;1350;1971;7857;
;242.1;34.9;78.7;.443;5.7;15.6;.367;29.1;63.1;.462;20.4;26.6;.767;11.2;29.2;40.4;19.9;7.2;4.7;16.5;24.0;95.8;
82;19855;2966;6337;.468;429;1212;.354;2537;5125;.495;1776;2376;.747;848;2476;3324;1811;604;449;1250;1757;8137;
;242.1;36.2;77.3;.468;5.2;14.8;.354;30.9;62.5;.495;21.7;29.0;.747;10.3;30.2;40.5;22.1;7.4;5.5;15.2;21.4;99.2;
24;58;31;51;-3.41;-0.29;-3.70;103.2;106.9;92.0;.337;.199;.479;15.4;27.0;.259;.502;14.5;73.8;.280;TD Banknorth Garden;690,576;
05-06
82;19880;2951;6322;.467;467;1290;.362;2484;5032;.494;1664;2204;.755;813;2432;3245;1716;578;422;1359;2033;8033;
;242.4;36.0;77.1;.467;5.7;15.7;.362;30.3;61.4;.494;20.3;26.9;.755;9.9;29.7;39.6;20.9;7.0;5.1;16.6;24.8;98.0;
82;19880;2944;6462;.456;446;1265;.353;2498;5197;.481;1825;2457;.743;910;2369;3279;1763;688;404;1210;1837;8159;
;242.4;35.9;78.8;.456;5.4;15.4;.353;30.5;63.4;.481;22.3;30.0;.743;11.1;28.9;40.0;21.5;8.4;4.9;14.8;22.4;99.5;
33;49;37;45;-1.54;-0.05;-1.59;105.2;106.9;92.2;.349;.204;.504;15.7;25.5;.263;.490;13.8;72.8;.282;TD Banknorth Garden;692,873;
04-05
82;19880;3046;6511;.468;437;1252;.349;2609;5259;.496;1775;2323;.764;909;2438;3347;1810;667;423;1297;2000;8304;
;242.4;37.1;79.4;.468;5.3;15.3;.349;31.8;64.1;.496;21.6;28.3;.764;11.1;29.7;40.8;22.1;8.1;5.2;15.8;24.4;101.3;
82;19880;2960;6664;.444;488;1370;.356;2472;5294;.467;1825;2423;.753;1039;2427;3466;1859;714;402;1277;1937;8233;
;242.4;36.1;81.3;.444;6.0;16.7;.356;30.1;64.6;.467;22.3;29.5;.753;12.7;29.6;42.3;22.7;8.7;4.9;15.6;23.6;100.4;
45;37;43;39;0.87;-0.52;0.35;107.5;106.6;93.3;.357;.192;.501;14.7;27.2;.273;.481;14.2;70.1;.274;FleetCenter;656,081;
03-04
82;19705;2843;6415;.443;553;1599;.346;2290;4816;.475;1572;2095;.750;851;2440;3291;1683;770;331;1332;1837;7811;
;240.3;34.7;78.2;.443;6.7;19.5;.346;27.9;58.7;.475;19.2;25.5;.750;10.4;29.8;40.1;20.5;9.4;4.0;16.2;22.4;95.3;
82;19705;2894;6626;.437;555;1534;.362;2339;5092;.459;1587;2157;.736;1069;2524;3593;1882;719;408;1406;1819;7930;
;240.3;35.3;80.8;.437;6.8;18.7;.362;28.5;62.1;.459;19.4;26.3;.736;13.0;30.8;43.8;23.0;8.8;5.0;17.1;22.2;96.7;
36;46;37;45;-1.45;-0.54;-1.99;102.1;103.7;93.2;.327;.249;.486;15.4;25.2;.245;.479;15.7;69.5;.240;FleetCenter;664,248;
02-03
82;19830;2700;6509;.415;719;2155;.334;1981;4354;.455;1480;1994;.742;849;2471;3320;1575;720;303;1147;1758;7599;
;241.8;32.9;79.4;.415;8.8;26.3;.334;24.2;53.1;.455;18.0;24.3;.742;10.4;30.1;40.5;19.2;8.8;3.7;14.0;21.4;92.7;
82;19830;2804;6450;.435;463;1400;.331;2341;5050;.464;1560;2084;.749;937;2750;3687;1824;617;367;1315;1798;7631;
;241.8;34.2;78.7;.435;5.6;17.1;.331;28.5;61.6;.464;19.0;25.4;.749;11.4;33.5;45.0;22.2;7.5;4.5;16.0;21.9;93.1;
44;38;40;42;-0.39;-0.36;-0.75;101.2;101.6;90.9;.306;.331;.470;13.4;23.6;.227;.471;15.1;72.5;.242;FleetCenter;709,049;
01-02
82;19830;2852;6731;.424;699;1946;.359;2153;4785;.450;1498;1960;.764;891;2570;3461;1722;793;292;1114;1776;7901;
;241.8;34.8;82.1;.424;8.5;23.7;.359;26.3;58.4;.450;18.3;23.9;.764;10.9;31.3;42.2;21.0;9.7;3.6;13.6;21.7;96.4;
82;19830;2797;6579;.425;514;1511;.340;2283;5068;.450;1612;2091;.771;954;2807;3761;1802;623;476;1335;1734;7720;
;241.8;34.1;80.2;.425;6.3;18.4;.340;27.8;61.8;.450;19.7;25.5;.771;11.6;34.2;45.9;22.0;7.6;5.8;16.3;21.1;94.1;
49;33;48;34;2.21;-0.46;1.75;103.4;101.0;92.5;.291;.289;.476;12.8;24.1;.223;.464;15.1;72.9;.245;FleetCenter;659,751;
00-01
82;19830;2773;6485;.428;592;1633;.363;2181;4852;.450;1621;2190;.740;897;2367;3264;1708;769;336;1285;1952;7759;
;241.8;33.8;79.1;.428;7.2;19.9;.363;26.6;59.2;.450;19.8;26.7;.740;10.9;28.9;39.8;20.8;9.4;4.1;15.7;23.8;94.6;
82;19830;2935;6392;.459;430;1170;.368;2505;5222;.480;1634;2178;.750;888;2650;3538;1885;650;440;1402;1903;7934;
;241.8;35.8;78.0;.459;5.2;14.3;.368;30.5;63.7;.480;19.9;26.6;.750;10.8;32.3;43.1;23.0;7.9;5.4;17.1;23.2;96.8;
36;46;35;47;-2.13;-0.26;-2.40;101.4;103.7;92.6;.338;.252;.473;14.7;25.3;.250;.493;16.0;72.7;.256;FleetCenter;629,201;
99-00
82;19730;3054;6880;.444;417;1260;.331;2637;5620;.469;1621;2175;.745;1108;2420;3528;1741;795;286;1259;2223;8146;
;240.6;37.2;83.9;.444;5.1;15.4;.331;32.2;68.5;.469;19.8;26.5;.745;13.5;29.5;43.0;21.2;9.7;3.5;15.4;27.1;99.3;
82;19730;2960;6304;.470;359;995;.361;2601;5309;.490;1929;2563;.753;857;2534;3391;1798;638;473;1395;1928;8208;
;240.6;36.1;76.9;.470;4.4;12.1;.361;31.7;64.7;.490;23.5;31.3;.753;10.5;30.9;41.4;21.9;7.8;5.8;17.0;23.5;100.1;
35;47;39;43;-0.76;-0.24;-1.00;104.8;105.6;94.6;.316;.183;.474;13.8;30.4;.236;.498;15.8;73.8;.306;FleetCenter;683,608;
98-99
50;12150;1816;4164;.436;273;758;.360;1543;3406;.453;745;1077;.692;680;1458;2138;1073;453;255;807;1193;4650;
;243.0;36.3;83.3;.436;5.5;15.2;.360;30.9;68.1;.453;14.9;21.5;.692;13.6;29.2;42.8;21.5;9.1;5.1;16.1;23.9;93.0;
50;12150;1725;3896;.443;175;561;.312;1550;3335;.465;1118;1506;.742;642;1544;2186;1018;461;253;841;1001;4743;
;243.0;34.5;77.9;.443;3.5;11.2;.312;31.0;66.7;.465;22.4;30.1;.742;12.8;30.9;43.7;20.4;9.2;5.1;16.8;20.0;94.9;
19;31;22;28;-1.86;0.11;-1.75;100.4;102.4;91.5;.259;.182;.469;14.8;30.6;.179;.465;15.6;69.4;.287;FleetCenter;440,602;
97-98
82;19730;3012;6934;.434;415;1249;.332;2597;5685;.457;1425;1964;.726;1196;2044;3240;1816;987;366;1330;2203;7864;
;240.6;36.7;84.6;.434;5.1;15.2;.332;31.7;69.3;.457;17.4;24.0;.726;14.6;24.9;39.5;22.1;12.0;4.5;16.2;26.9;95.9;
82;19730;2864;5981;.479;299;940;.318;2565;5041;.509;2052;2756;.745;1015;2446;3461;1826;696;406;1688;1719;8079;
;240.6;34.9;72.9;.479;3.6;11.5;.318;31.3;61.5;.509;25.0;33.6;.745;12.4;29.8;42.2;22.3;8.5;5.0;20.6;21.0;98.5;
36;46;33;49;-2.62;0.66;-1.96;102.6;105.4;93.3;.283;.180;.464;14.6;32.8;.206;.504;19.0;66.8;.343;FleetCenter;739,422;
96-97
82;19905;3066;6967;.440;467;1331;.351;2599;5636;.461;1649;2199;.750;1095;2188;3283;1792;810;315;1342;1915;8248;
;242.7;37.4;85.0;.440;5.7;16.2;.351;31.7;68.7;.461;20.1;26.8;.750;13.4;26.7;40.0;21.9;9.9;3.8;16.4;23.4;100.6;
82;19905;3365;6696;.503;493;1351;.365;2872;5345;.537;1626;2257;.720;1005;2628;3633;2130;720;557;1446;1827;8849;
;242.7;41.0;81.7;.503;6.0;16.5;.365;35.0;65.2;.537;19.8;27.5;.720;12.3;32.0;44.3;26.0;8.8;6.8;17.6;22.3;107.9;
15;67;22;60;-7.33;0.71;-6.62;103.9;111.4;95.8;.316;.191;.474;14.5;29.4;.237;.539;15.8;68.5;.243;FleetCenter;664,022;
95-96
82;19905;3163;6942;.456;539;1453;.371;2624;5489;.478;1630;2284;.714;1050;2427;3477;1792;653;406;1302;2041;8495;
;242.7;38.6;84.7;.456;6.6;17.7;.371;32.0;66.9;.478;19.9;27.9;.714;12.8;29.6;42.4;21.9;8.0;5.0;15.9;24.9;103.6;
82;19905;3296;6856;.481;415;1162;.357;2881;5694;.506;1767;2366;.747;1040;2590;3630;1916;667;489;1314;1965;8774;
;242.7;40.2;83.6;.481;5.1;14.2;.357;35.1;69.4;.506;21.5;28.9;.747;12.7;31.6;44.3;23.4;8.1;6.0;16.0;24.0;107.0;
33;49;32;50;-3.40;0.03;-3.37;106.4;109.9;96.2;.329;.209;.494;14.1;28.8;.235;.511;14.3;70.0;.258;FleetCenter;730,842;
94-95
82;19805;3179;6847;.464;362;984;.368;2817;5863;.480;1708;2268;.753;1156;2320;3476;1783;612;361;1305;1975;8428;
;241.5;38.8;83.5;.464;4.4;12.0;.368;34.4;71.5;.480;20.8;27.7;.753;14.1;28.3;42.4;21.7;7.5;4.4;15.9;24.1;102.8;
82;19805;3303;6820;.484;375;1047;.358;2928;5773;.507;1601;2225;.720;1064;2335;3399;1999;653;454;1232;1922;8582;
;241.5;40.3;83.2;.484;4.6;12.8;.358;35.7;70.4;.507;19.5;27.1;.720;13.0;28.5;41.5;24.4;8.0;5.5;15.0;23.4;104.7;
35;47;36;46;-1.88;-0.04;-1.92;108.6;110.6;94.0;.331;.144;.491;14.3;33.1;.249;.512;13.6;68.6;.235;Boston Garden;606,070;
93-94
82;19905;3333;7057;.472;138;477;.289;3195;6580;.486;1463;2003;.730;1037;2380;3417;1928;674;440;1242;1849;8267;
;242.7;40.6;86.1;.472;1.7;5.8;.289;39.0;80.2;.486;17.8;24.4;.730;12.6;29.0;41.7;23.5;8.2;5.4;15.1;22.5;100.8;
82;19905;3357;7034;.477;231;665;.347;3126;6369;.491;1673;2218;.754;1131;2508;3639;2089;690;414;1273;1738;8618;
;242.7;40.9;85.8;.477;2.8;8.1;.347;38.1;77.7;.491;20.4;27.0;.754;13.8;30.6;44.4;25.5;8.4;5.0;15.5;21.2;105.1;
32;50;29;53;-4.28;0.01;-4.28;104.2;108.7;95.6;.284;.068;.482;13.5;29.3;.207;.494;13.7;67.8;.238;Boston Garden;604,867;
92-93
82;19780;3453;7093;.487;110;383;.287;3343;6710;.498;1486;1912;.777;1076;2436;3512;1999;647;458;1174;1862;8502;
;241.2;42.1;86.5;.487;1.3;4.7;.287;40.8;81.8;.498;18.1;23.3;.777;13.1;29.7;42.8;24.4;7.9;5.6;14.3;22.7;103.7;
82;19780;3232;6980;.463;216;650;.332;3016;6330;.476;1749;2269;.771;1094;2378;3472;1971;637;386;1181;1676;8429;
;241.2;39.4;85.1;.463;2.6;7.9;.332;36.8;77.2;.476;21.3;27.7;.771;13.3;29.0;42.3;24.0;7.8;4.7;14.4;20.4;102.8;
48;34;43;39;0.89;0.04;0.93;108.7;107.8;94.9;.270;.054;.495;12.9;31.2;.210;.479;12.9;69.0;.251;Boston Garden;608,495;
91-92
82;19780;3543;7196;.492;110;359;.306;3433;6837;.502;1549;1917;.808;1095;2583;3678;2072;636;484;1165;1686;8745;
;241.2;43.2;87.8;.492;1.3;4.4;.306;41.9;83.4;.502;18.9;23.4;.808;13.4;31.5;44.9;25.3;7.8;5.9;14.2;20.6;106.6;
82;19780;3323;7293;.456;201;652;.308;3122;6641;.470;1601;2084;.768;1178;2333;3511;1923;680;414;1114;1634;8448;
;241.2;40.5;88.9;.456;2.5;8.0;.308;38.1;81.0;.470;19.5;25.4;.768;14.4;28.5;42.8;23.5;8.3;5.0;13.6;19.9;103.0;
51;31;51;31;3.62;-0.21;3.41;110.8;107.0;95.8;.266;.050;.500;12.7;31.9;.215;.469;11.9;68.7;.220;Boston Garden;610,776;
90-91
82;19805;3695;7214;.512;109;346;.315;3586;6868;.522;1646;1997;.824;1088;2697;3785;2160;672;565;1320;1695;9145;
;241.5;45.1;88.0;.512;1.3;4.2;.315;43.7;83.8;.522;20.1;24.4;.824;13.3;32.9;46.2;26.3;8.2;6.9;16.1;20.7;111.5;
82;19805;3419;7559;.452;191;611;.313;3228;6948;.465;1639;2084;.786;1192;2204;3396;2052;738;381;1127;1660;8668;
;241.5;41.7;92.2;.452;2.3;7.5;.313;39.4;84.7;.465;20.0;25.4;.786;14.5;26.9;41.4;25.0;9.0;4.6;13.7;20.2;105.7;
56;26;56;26;5.82;-0.60;5.22;112.6;106.7;98.5;.277;.048;.520;14.0;33.0;.228;.465;11.7;69.3;.217;Boston Garden;611,537;
89-90
82;19705;3563;7148;.498;106;404;.262;3457;6744;.513;1791;2153;.832;1066;2707;3773;2423;539;455;1256;1717;9023;
;240.3;43.5;87.2;.498;1.3;4.9;.262;42.2;82.2;.513;21.8;26.3;.832;13.0;33.0;46.0;29.5;6.6;5.5;15.3;20.9;110.0;
82;19705;3438;7383;.466;172;539;.319;3266;6844;.477;1648;2133;.773;1046;2318;3364;2078;736;356;1003;1845;8696;
;240.3;41.9;90.0;.466;2.1;6.6;.319;39.8;83.5;.477;20.1;26.0;.773;12.8;28.3;41.0;25.3;9.0;4.3;12.2;22.5;106.0;
52;30;51;31;3.99;-0.76;3.23;112.0;107.9;98.2;.301;.057;.506;13.4;31.5;.251;.477;10.8;72.1;.223;Boston Garden;611,537;
88-89
82;19780;3520;7143;.493;78;309;.252;3442;6834;.504;1840;2349;.783;1179;2442;3621;2189;639;418;1336;1876;8958;
;241.2;42.9;87.1;.493;1.0;3.8;.252;42.0;83.3;.504;22.4;28.6;.783;14.4;29.8;44.2;26.7;7.8;5.1;16.3;22.9;109.2;
82;19780;3475;7183;.484;133;459;.290;3342;6724;.497;1780;2294;.776;1048;2222;3270;2124;762;387;1191;1950;8863;
;241.2;42.4;87.6;.484;1.6;5.6;.290;40.8;82.0;.497;21.7;28.0;.776;12.8;27.1;39.9;25.9;9.3;4.7;14.5;23.8;108.1;
42;40;44;38;1.16;0.10;1.26;110.8;109.6;98.1;.329;.043;.498;14.0;34.7;.258;.493;12.7;70.0;.248;Boston Garden;611,537;
87-88
82;19780;3599;6905;.521;271;705;.384;3328;6200;.537;1846;2300;.803;930;2440;3370;2448;620;415;1304;1804;9315;
;241.2;43.9;84.2;.521;3.3;8.6;.384;40.6;75.6;.537;22.5;28.0;.803;11.3;29.8;41.1;29.9;7.6;5.1;15.9;22.0;113.6;
82;19780;3497;7260;.482;110;366;.301;3387;6894;.491;1724;2249;.767;1122;2194;3316;2061;734;346;1176;1989;8828;
;241.2;42.6;88.5;.482;1.3;4.5;.301;41.3;84.1;.491;21.0;27.4;.767;13.7;26.8;40.4;25.1;9.0;4.2;14.3;24.3;107.7;
57;25;56;26;5.94;0.22;6.15;115.4;109.4;97.9;.333;.102;.541;14.1;29.8;.267;.489;12.5;68.5;.237;Boston Garden;611,231;
86-87
82;19805;3645;7051;.517;207;565;.366;3438;6486;.530;1740;2153;.808;933;2585;3518;2421;561;526;1300;1710;9237;
;241.5;44.5;86.0;.517;2.5;6.9;.366;41.9;79.1;.530;21.2;26.3;.808;11.4;31.5;42.9;29.5;6.8;6.4;15.9;20.9;112.6;
82;19805;3470;7500;.463;124;405;.306;3346;7095;.472;1628;2148;.758;1237;2287;3524;2060;722;338;1156;1911;8692;
;241.5;42.3;91.5;.463;1.5;4.9;.306;40.8;86.5;.472;19.9;26.2;.758;15.1;27.9;43.0;25.1;8.8;4.1;14.1;23.3;106.0;
59;23;57;25;6.65;-0.08;6.57;113.5;106.8;98.6;.305;.080;.532;14.0;29.0;.247;.471;12.0;67.6;.217;Boston Garden;611,222;
85-86
82;19855;3718;7312;.508;138;393;.351;3580;6919;.517;1785;2248;.794;1054;2753;3807;2387;641;511;1360;1756;9359;
;242.1;45.3;89.2;.508;1.7;4.8;.351;43.7;84.4;.517;21.8;27.4;.794;12.9;33.6;46.4;29.1;7.8;6.2;16.6;21.4;114.1;
82;19855;3444;7476;.461;82;304;.270;3362;7172;.469;1617;2162;.748;1089;2317;3406;1924;725;341;1258;1966;8587;
;242.1;42.0;91.2;.461;1.0;3.7;.270;41.0;87.5;.469;19.7;26.4;.748;13.3;28.3;41.5;23.5;8.8;4.2;15.3;24.0;104.7;
67;15;63;19;9.41;-0.36;9.06;111.8;102.6;101.2;.307;.054;.518;14.1;31.3;.244;.466;13.0;71.7;.216;Boston Garden;610,571;
84-85
82;19705;3721;7325;.508;110;309;.356;3611;7016;.515;1860;2307;.806;1116;2630;3746;2287;645;414;1332;1781;9412;
;240.3;45.4;89.3;.508;1.3;3.8;.356;44.0;85.6;.515;22.7;28.1;.806;13.6;32.1;45.7;27.9;7.9;5.0;16.2;21.7;114.8;
82;19705;3642;7642;.477;71;269;.264;3571;7373;.484;1512;1922;.787;1105;2287;3392;2041;641;315;1222;1964;8867;
;240.3;44.4;93.2;.477;0.9;3.3;.264;43.5;89.9;.484;18.4;23.4;.787;13.5;27.9;41.4;24.9;7.8;3.8;14.9;24.0;108.1;
63;19;57;25;6.65;-0.18;6.47;112.8;106.3;101.6;.315;.042;.515;13.8;32.8;.254;.481;12.6;70.4;.198;Boston Garden;610,547;
83-84
82;19955;3616;7235;.500;55;229;.240;3561;7006;.508;1907;2407;.792;1159;2538;3697;2122;673;430;1420;1949;9194;
;243.4;44.1;88.2;.500;0.7;2.8;.240;43.4;85.4;.508;23.3;29.4;.792;14.1;31.0;45.1;25.9;8.2;5.2;17.3;23.8;112.1;
82;19955;3463;7372;.470;71;219;.324;3392;7153;.474;1659;2143;.774;1101;2227;3328;1957;703;328;1329;2090;8656;
;243.4;42.2;89.9;.470;0.9;2.7;.324;41.4;87.2;.474;20.2;26.1;.774;13.4;27.2;40.6;23.9;8.6;4.0;16.2;25.5;105.6;
62;20;57;25;6.56;-0.14;6.42;110.9;104.4;99.7;.333;.032;.504;14.6;34.2;.264;.475;13.8;69.7;.225;Boston Garden;606,857;
82-83
82;19830;3711;7547;.492;39;186;.210;3672;7361;.499;1730;2348;.737;1273;2532;3805;2216;789;521;1541;2062;9191;
;241.8;45.3;92.0;.492;0.5;2.3;.210;44.8;89.8;.499;21.1;28.6;.737;15.5;30.9;46.4;27.0;9.6;6.4;18.8;25.1;112.1;
82;19830;3477;7401;.470;48;180;.267;3429;7221;.475;1750;2307;.759;1186;2393;3579;2027;699;340;1607;2137;8752;
;241.8;42.4;90.3;.470;0.6;2.2;.267;41.8;88.1;.475;21.3;28.1;.759;14.5;29.2;43.6;24.7;8.5;4.1;19.6;26.1;106.7;
56;26;55;27;5.35;-0.01;5.34;106.9;101.8;104.0;.311;.025;.494;15.2;34.7;.229;.473;16.0;68.1;.236;Boston Garden;621,829;
81-82
82;19780;3657;7334;.499;49;184;.266;3608;7150;.505;1817;2457;.740;1253;2489;3742;2126;652;568;1452;2014;9180;
;241.2;44.6;89.4;.499;0.6;2.2;.266;44.0;87.2;.505;22.2;30.0;.740;15.3;30.4;45.6;25.9;8.0;6.9;17.7;24.6;112.0;
82;19780;3490;7429;.470;39;203;.192;3451;7226;.478;1638;2172;.754;1193;2247;3440;1972;681;367;1432;2240;8657;
;241.2;42.6;90.6;.470;0.5;2.5;.192;42.1;88.1;.478;20.0;26.5;.754;14.5;27.4;42.0;24.0;8.3;4.5;17.5;27.3;105.6;
63;19;57;25;6.38;-0.03;6.35;109.8;103.5;101.5;.335;.025;.502;14.7;35.8;.248;.472;14.6;67.6;.220;Boston Garden;612,711;
80-81
82;19780;3581;7099;.504;65;241;.270;3516;6858;.513;1781;2369;.752;1155;2424;3579;2202;683;594;1577;1990;9008;
;241.2;43.7;86.6;.504;0.8;2.9;.270;42.9;83.6;.513;21.7;28.9;.752;14.1;29.6;43.6;26.9;8.3;7.2;19.2;24.3;109.9;
82;19780;3372;7296;.462;30;139;.216;3342;7157;.467;1752;2277;.769;1192;2174;3366;1890;736;351;1473;2059;8526;
;241.2;41.1;89.0;.462;0.4;1.7;.216;40.8;87.3;.467;21.4;27.8;.769;14.5;26.5;41.0;23.0;9.0;4.3;18.0;25.1;104.0;
62;20;56;26;5.88;0.17;6.05;108.4;102.6;100.8;.334;.034;.509;16.2;34.7;.251;.464;15.1;67.0;.240;Boston Garden;595,454;
79-80
82;19880;3617;7387;.490;162;422;.384;3455;6965;.496;1907;2449;.779;1227;2457;3684;2198;809;308;1539;1974;9303;
;242.4;44.1;90.1;.490;2.0;5.1;.384;42.1;84.9;.496;23.3;29.9;.779;15.0;30.0;44.9;26.8;9.9;3.8;18.8;24.1;113.5;
82;19880;3439;7313;.470;74;259;.286;3365;7054;.477;1712;2222;.770;1168;2294;3462;1867;686;419;1635;2059;8664;
;242.4;41.9;89.2;.470;0.9;3.2;.286;41.0;86.0;.477;20.9;27.1;.770;14.2;28.0;42.2;22.8;8.4;5.1;19.9;25.1;105.7;
61;21;60;22;7.79;-0.42;7.37;109.4;101.9;102.6;.332;.057;.501;15.4;34.8;.258;.475;16.5;67.8;.234;Boston Garden;596,349;
78-79
82;19680;3527;7347;.480;1820;2321;.784;1119;2396;3515;1995;710;283;1713;1977;8874;
;240.0;43.0;89.6;.480;22.2;28.3;.784;13.6;29.2;42.9;24.3;8.7;3.5;20.9;24.1;108.2;
82;19680;3855;7593;.508;1578;2079;.759;1122;2453;3575;2170;717;438;1603;2025;9288;
;240.0;47.0;92.6;.508;19.2;25.4;.759;13.7;29.9;43.6;26.5;8.7;5.3;19.5;24.7;113.3;
29;53;28;54;-5.05;0.27;-4.78;101.6;106.4;106.5;.316;;.480;17.0;31.3;.248;.508;15.9;68.1;.208;Boston Garden;417,926;
77-78
82;19830;3494;7635;.458;1682;2159;.779;1235;2850;4085;1969;643;295;1652;2033;8670;
;241.8;42.6;93.1;.458;20.5;26.3;.779;15.1;34.8;49.8;24.0;7.8;3.6;20.1;24.8;105.7;
82;19830;3539;7761;.456;1752;2278;.769;1142;2575;3717;1981;763;374;1412;1871;8830;
;241.8;43.2;94.6;.456;21.4;27.8;.769;13.9;31.4;45.3;24.2;9.3;4.6;17.2;22.8;107.7;
32;50;36;46;-1.95;0.09;-1.86;99.1;100.9;105.9;.283;;.458;16.1;32.4;.220;.456;13.9;71.4;.226;Boston Garden;437,937;
76-77
82;19830;3462;7775;.445;1648;2181;.756;1241;2966;4207;2010;506;263;1673;2039;8572;
;241.8;42.2;94.8;.445;20.1;26.6;.756;15.1;36.2;51.3;24.5;6.2;3.2;20.4;24.9;104.5;
82;19830;3559;7904;.450;1616;2180;.741;1110;2753;3863;1918;699;349;1369;1954;8734;
;241.8;43.4;96.4;.450;19.7;26.6;.741;13.5;33.6;47.1;23.4;8.5;4.3;16.7;23.8;106.5;
44;38;36;46;-1.98;0.08;-1.90;96.5;98.3;107.5;.281;;.445;16.1;31.1;.212;.450;13.4;72.8;.204;Boston Garden;517,391;
75-76
82;19755;3527;7901;.446;1654;2120;.780;1369;2972;4341;1980;561;260;1609;2002;8708;
;240.9;43.0;96.4;.446;20.2;25.9;.780;16.7;36.2;52.9;24.1;6.8;3.2;19.6;24.4;106.2;
82;19755;3489;7772;.449;1538;2074;.742;1037;2659;3696;1835;650;334;1422;1895;8516;
;240.9;42.5;94.8;.449;18.8;25.3;.742;12.6;32.4;45.1;22.4;7.9;4.1;17.3;23.1;103.9;
54;28;47;35;2.34;-0.10;2.25;98.9;96.7;106.9;.268;;.446;15.4;34.0;.209;.449;14.1;74.1;.198;Boston Garden;539,589;
74-75
82;19755;3587;7825;.458;1560;1971;.791;1315;2949;4264;2159;662;288;1625;1913;8734;
;240.9;43.7;95.4;.458;19.0;24.0;.791;16.0;36.0;52.0;26.3;8.1;3.5;19.8;23.3;106.5;
82;19755;3432;7726;.444;1401;1882;.744;1060;2622;3682;1833;599;283;1475;1869;8265;
;240.9;41.9;94.2;.444;17.1;23.0;.744;12.9;32.0;44.9;22.4;7.3;3.5;18.0;22.8;100.8;
60;22;56;26;5.72;-0.32;5.40;100.0;94.7;106.1;.252;;.458;15.8;33.4;.199;.444;14.7;73.6;.181;Boston Garden;486,270;
73-74
82;19780;3630;7969;.456;1677;2097;.800;1378;3074;4452;2187;561;305;1796;1868;8937;
;241.2;44.3;97.2;.456;20.5;25.6;.800;16.8;37.5;54.3;26.7;6.8;3.7;21.9;22.8;109.0;
82;19780;3561;8047;.443;1494;1936;.772;1131;2604;3735;1934;540;309;1599;1858;8616;
;241.2;43.4;98.1;.443;18.2;23.6;.772;13.8;31.8;45.5;23.6;6.6;3.8;19.5;22.7;105.1;
56;26;51;31;3.91;-0.49;3.42;98.6;95.1;110.0;.263;;.456;16.8;34.6;.210;.443;15.2;73.1;.186;Boston Garden;355,261;
72-73
82;19730;3811;8511;.448;1616;2073;.780;;;4802;2320;1805;9238;
;240.6;46.5;103.8;.448;19.7;25.3;.780;;;58.6;28.3;22.0;112.7;
82;19730;3513;8095;.434;1540;2032;.758;;;3958;1957;1821;8566;
;240.6;42.8;98.7;.434;18.8;24.8;.758;;;48.3;23.9;22.2;104.5;
68;14;61;21;8.20;-0.85;7.35;98.1;91.0;114.5;.244;;.448;;;.190;.434;;;.190;Boston Garden;423,234;
71-72
82;19730;3819;8431;.453;1839;2367;.777;;;4462;2230;2030;9477;
;240.6;46.6;102.8;.453;22.4;28.9;.777;;;54.4;27.2;24.8;115.6;
82;19730;3498;7886;.444;2089;2766;.755;;;4179;1798;1842;9085;
;240.6;42.7;96.2;.444;25.5;33.7;.755;;;51.0;21.9;22.5;110.8;
56;26;53;29;4.78;-0.40;4.38;99.3;95.2;116.1;.281;;.453;;;.218;.444;;;.265;Boston Garden;346,701;
70-71
82;19780;3804;8616;.442;2000;2648;.755;;;4833;2052;2138;9608;
;241.2;46.4;105.1;.442;24.4;32.3;.755;;;58.9;25.0;26.1;117.2;
82;19780;3612;8211;.440;2214;2982;.742;;;4342;1910;1962;9438;
;241.2;44.0;100.1;.440;27.0;36.4;.742;;;53.0;23.3;23.9;115.1;
44;38;46;36;2.07;0.23;2.30;97.0;95.3;120.2;.307;;.442;;;.232;.440;;;.270;Boston Garden;313,768;
69-70
82;19780;3645;8235;.443;2132;2711;.786;;;4336;1875;2320;9422;
;241.2;44.5;100.4;.443;26.0;33.1;.786;;;52.9;22.9;28.3;114.9;
82;19780;;;;;;;;;;;;9574;
;241.2;;;;;;;;;;;;116.8;
34;48;36;46;-1.85;0.26;-1.60;97.3;98.9;117.5;.329;;.443;;;.259;;;;;Boston Garden;277,632;
68-69
82;19830;3583;8316;.431;1936;2657;.729;;;4840;1953;2073;9102;
;241.8;43.7;101.4;.431;23.6;32.4;.729;;;59.0;23.8;25.3;111.0;
82;19830;;;;;;;;;;;;8645;
;241.8;;;;;;;;;;;;105.4;
48;34;55;27;5.57;-0.23;5.35;93.8;89.1;117.5;.320;;.431;;;.233;;;;;Boston Garden;322,130;
67-68
82;19705;3686;8371;.440;2151;2983;.721;;;5666;1798;2147;9523;
;240.3;45.0;102.1;.440;26.2;36.4;.721;;;69.1;21.9;26.2;116.1;
82;19705;;;;;;;;;;;;9186;
;240.3;;;;;;;;;;;;112.0;
54;28;51;31;4.11;-0.24;3.87;95.7;92.4;121.1;.356;;.440;;;.257;;;;;Boston Garden;320,788;
66-67
81;19615;3724;8325;.447;2216;2963;.748;;;5703;1962;2138;9664;
;242.2;46.0;102.8;.447;27.4;36.6;.748;;;70.4;24.2;26.4;119.3;
81;19615;;;;;;;;;;;;9012;
;242.2;;;;;;;;;;;;111.3;
60;21;59;22;8.05;-0.81;7.24;97.5;91.0;121.2;.356;;.447;;;.266;;;;;Boston Garden;322,690;
65-66
80;19225;3488;8367;.417;2038;2758;.739;;;5591;1795;2012;9014;
;240.3;43.6;104.6;.417;25.5;34.5;.739;;;69.9;22.4;25.2;112.7;
80;19225;;;;;;;;;;;;8623;
;240.3;;;;;;;;;;;;107.8;
54;26;52;28;4.89;-0.54;4.34;92.3;88.3;122.0;.330;;.417;;;.244;;;;;Boston Garden;246,189;
64-65
80;19275;3567;8609;.414;1890;2587;.731;;;5748;1772;2065;9024;
;240.9;44.6;107.6;.414;23.6;32.3;.731;;;71.9;22.2;25.8;112.8;
80;19275;;;;;;;;;;;;8351;
;240.9;;;;;;;;;;;;104.4;
62;18;60;20;8.41;-0.93;7.46;90.9;84.2;123.6;.300;;.414;;;.220;;;;;Boston Garden;246,529;
63-64
80;;3619;8770;.413;1804;2489;.725;;;5736;1760;2125;9042;
;;45.2;109.6;.413;22.6;31.1;.725;;;71.7;22.0;26.6;113.0;
80;;;;;;;;;;;;;8410;
;;;;;;;;;;;;;105.1;
59;21;59;21;7.90;-0.97;6.93;90.1;83.8;125.0;.284;;.413;;;.206;;;;;Boston Garden;223,347;
62-63
80;;3746;8779;.427;2012;2777;.725;;;5818;1960;2090;9504;
;;46.8;109.7;.427;25.2;34.7;.725;;;72.7;24.5;26.1;118.8;
80;;;;;;;;;;;;;8930;
;;;;;;;;;;;;;111.6;
58;22;56;24;7.18;-0.80;6.38;93.0;87.4;127.3;.316;;.427;;;.229;;;;;Boston Garden;262,581;
61-62
80;;3855;9109;.423;1977;2715;.728;;;6080;2049;1909;9687;
;;48.2;113.9;.423;24.7;33.9;.728;;;76.0;25.6;23.9;121.1;
80;;;;;;;;;;;;;8948;
;;;;;;;;;;;;;111.9;
60;20;60;20;9.24;-0.98;8.25;92.1;85.1;130.8;.298;;.423;;;.217;;;;;Boston Garden;191,855;
60-61
79;;3699;9295;.398;2062;2804;.735;;;6131;1872;2032;9460;
;;46.8;117.7;.398;26.1;35.5;.735;;;77.6;23.7;25.7;119.7;
79;;;;;;;;;;;;;9013;
;;;;;;;;;;;;;114.1;
57;22;52;27;5.66;-0.72;4.94;88.7;84.5;134.4;.302;;.398;;;.222;;;;;Boston Garden;201,569;
59-60
75;;3744;8971;.417;1849;2519;.734;;;6014;1849;1856;9337;
;;49.9;119.6;.417;24.7;33.6;.734;;;80.2;24.7;24.7;124.5;
75;;;;;;;;;;;;;8713;
;;;;;;;;;;;;;116.2;
59;16;54;21;8.32;-0.70;7.62;91.0;84.9;136.3;.281;;.417;;;.206;;;;;Boston Garden;209,374;
58-59
72;;3208;8116;.395;1963;2563;.766;;;5601;1568;1769;8379;
;;44.6;112.7;.395;27.3;35.6;.766;;;77.8;21.8;24.6;116.4;
72;;;;;;;;;;;;;7912;
;;;;;;;;;;;;;109.9;
52;20;50;22;6.49;-0.65;5.84;89.5;84.5;128.7;.316;;.395;;;.242;;;;;Boston Garden;244,642;
57-58
72;;3006;7759;.387;1904;2585;.737;;;5402;1508;1723;7916;
;;41.8;107.8;.387;26.4;35.9;.737;;;75.0;20.9;23.9;109.9;
72;;;;;;;;;;;;;7520;
;;;;;;;;;;;;;104.4;
49;23;48;24;5.50;-0.47;5.02;88.0;83.6;124.8;.333;;.387;;;.245;;;;;Boston Garden;240,943;
56-57
72;;2808;7326;.383;1983;2644;.750;;;4963;1464;1851;7599;
;;39.0;101.8;.383;27.5;36.7;.750;;;68.9;20.3;25.7;105.5;
72;;;;;;;;;;;;;7213;
;;;;;;;;;;;;;100.2;
44;28;49;23;5.36;-0.58;4.78;88.5;84.0;118.0;.361;;.383;;;.271;;;;;Boston Garden;262,918;
55-56
72;;2745;6913;.397;2142;2785;.769;;;4583;1834;1874;7632;
;;38.1;96.0;.397;29.8;38.7;.769;;;63.7;25.5;26.0;106.0;
72;;;;;;;;;;;;;7585;
;;;;;;;;;;;;;105.3;
39;33;38;34;0.65;0.07;0.72;92.2;91.7;114.5;.403;;.397;;;.310;;;;;Boston Garden;209,645;
54-55
72;;2604;6533;.399;2097;2704;.776;;;4293;1905;1859;7305;
;;36.2;90.7;.399;29.1;37.6;.776;;;59.6;26.5;25.8;101.5;
72;;;;;;;;;;;;;7309;
;;;;;;;;;;;;;101.5;
36;36;36;36;-0.06;0.05;-0.03;93.0;93.0;108.6;.414;;.399;;;.321;;;;;Boston Garden;175,675;
53-54
72;;2232;5580;.400;1851;2550;.726;;;3867;1773;1969;6315;
;;31.0;77.5;.400;25.7;35.4;.726;;;53.7;24.6;27.3;87.7;
72;;;;;;;;;;;;;6147;
;;;;;;;;;;;;;85.4;
42;30;43;29;2.33;-0.32;1.97;92.5;90.0;93.0;.457;;.400;;;.332;;;;;Boston Garden;156,912;
52-53
71;;2177;5555;.392;1904;2617;.728;;;3865;1666;1911;6258;
;;30.7;78.2;.392;26.8;36.9;.728;;;54.4;23.5;26.9;88.1;
71;;;;;;;;;;;;;6090;
;;;;;;;;;;;;;85.8;
46;25;42;29;2.37;-0.43;1.94;91.7;89.3;94.7;.471;;.392;;;.343;;;;;Boston Garden;161,808;
51-52
66;;2131;5510;.387;1765;2406;.734;;;3750;1606;1734;6027;
;;32.3;83.5;.387;26.7;36.5;.734;;;56.8;24.3;26.3;91.3;
66;;;;;;;;;;;;;5758;
;;;;;;;;;;;;;87.2;
39;27;43;23;4.08;-0.47;3.60;90.4;86.4;100.0;.437;;.387;;;.320;;;;;Boston Garden;160,167;
50-51
69;;2065;5607;.368;1751;2415;.725;;;3499;1579;1881;5881;
;;29.9;81.3;.368;25.4;35.0;.725;;;50.7;22.9;27.3;85.2;
69;;;;;;;;;;;;;5899;
;;;;;;;;;;;;;85.5;
39;30;34;35;-0.26;-0.15;-0.41;87.3;87.6;95.9;.431;;.368;;;.312;;;;;Boston Garden;197,888;
49-50
68;;1945;5756;.338;1530;2163;.707;;;;1473;1644;5420;
;;28.6;84.6;.338;22.5;31.8;.707;;;;21.7;24.2;79.7;
68;;;;;;;;;;;;;5590;
;;;;;;;;;;;;;82.2;
22;46;27;41;-2.50;0.79;-1.73;;;;.376;;.338;;;.266;;;;;Boston Garden;110,552;
48-49
60;;1706;5483;.311;1181;1856;.636;;;;1135;1382;4593;
;;28.4;91.4;.311;19.7;30.9;.636;;;;18.9;23.0;76.6;
60;;;;;;;;;;;;;4768;
;;;;;;;;;;;;;79.5;
25;35;22;38;-2.92;0.16;-2.76;;;;.339;;.311;;;.215;;;;;Boston Garden;144,275;
47-48
48;;1241;4323;.287;821;1246;.659;;;;364;1065;3303;
;;25.9;90.1;.287;17.1;26.0;.659;;;;7.6;22.2;68.8;
48;;;;;;;;;;;;;3491;
;;;;;;;;;;;;;72.7;
20;28;15;33;-3.92;0.16;-3.76;;;;.288;;.287;;;.190;;;;;Boston Garden;90,264;
46-47
60;;1397;5133;.272;811;1375;.590;;;;470;1202;3605;
;;23.3;85.6;.272;13.5;22.9;.590;;;;7.8;20.0;60.1;
60;;;;;;;;;;;;;3898;
;;;;;;;;;;;;;65.0;
22;38;15;45;-4.88;0.44;-4.45;;;;.268;;.272;;;.158;;;;;Boston Garden;108,240;
