Charlotte Hornets;CHA;1988;Charlotte, North Carolina;1126-1423;10;0;E;;
Totals
21-22;43;39;3;25.5;6-6;211;
20-21;33;39;4;24.6;6-5;213;
19-20;23;42;3;24.3;6-5;217;
18-19;39;43;2;26.6;6-6;211;
17-18;36;46;3;26.6;6-7;218;
16-17;36;46;4;26.5;6-7;215;
15-16;48;34;3;26.0;6-7;216;
14-15;33;49;4;26.0;6-6;220;
13-14;43;39;3;25.5;6-6;221;
12-13;21;61;4;24.4;6-6;219;
11-12;7;59;5;24.5;6-6;218;
10-11;34;48;4;26.9;6-6;216;
09-10;44;38;4;27.4;6-6;212;
08-09;35;47;4;25.8;6-6;217;
07-08;32;50;4;26.3;6-6;216;
06-07;33;49;4;25.5;6-6;217;
05-06;26;56;4;25.2;6-6;219;
04-05;18;64;4;24.9;6-7;221;
01-02;44;38;2;28.3;6-6;221;
00-01;46;36;3;28.2;6-6;217;
99-00;49;33;2;28.7;6-6;216;
98-99;26;24;5;29.0;6-6;210;
97-98;51;31;3;29.2;6-6;219;
96-97;54;28;4;29.1;6-5;213;
95-96;41;41;6;27.8;6-6;215;
94-95;50;32;2;28.0;6-4;206;
93-94;41;41;5;27.6;6-4;202;
92-93;44;38;3;25.7;6-4;203;
91-92;31;51;7;25.2;6-4;204;
90-91;26;56;7;25.5;6-5;206;
89-90;19;63;7;25.6;6-4;204;
88-89;20;62;6;27.2;6-5;203;
21-22
82;19880;3508;7497;.468;1143;3130;.365;2365;4367;.542;1298;1753;.740;888;2767;3655;2302;707;402;1087;1629;9457;
;242.4;42.8;91.4;.468;13.9;38.2;.365;28.8;53.3;.542;15.8;21.4;.740;10.8;33.7;44.6;28.1;8.6;4.9;13.3;19.9;115.3;
82;19880;3444;7388;.466;1148;3170;.362;2296;4218;.544;1385;1815;.763;931;2920;3851;2169;617;377;1229;1609;9421;
;242.4;42.0;90.1;.466;14.0;38.7;.362;28.0;51.4;.544;16.9;22.1;.763;11.4;35.6;47.0;26.5;7.5;4.6;15.0;19.6;114.9;
43;39;42;40;0.44;0.09;0.53;114.1;113.7;100.0;.234;.418;.544;11.6;23.3;.173;.544;13.1;74.8;.187;Spectrum Center;700,755;
20-21
72;17355;2875;6324;.455;985;2666;.369;1890;3658;.517;1146;1505;.761;762;2389;3151;1933;565;344;1069;1298;7881;
;241.0;39.9;87.8;.455;13.7;37.0;.369;26.3;50.8;.517;15.9;20.9;.761;10.6;33.2;43.8;26.8;7.8;4.8;14.8;18.0;109.5;
72;17355;2972;6346;.468;1042;2847;.366;1930;3499;.552;1034;1387;.745;766;2487;3253;1951;582;347;1062;1340;8020;
;241.0;41.3;88.1;.468;14.5;39.5;.366;26.8;48.6;.552;14.4;19.3;.745;10.6;34.5;45.2;27.1;8.1;4.8;14.8;18.6;111.4;
33;39;32;40;-1.93;-0.01;-1.94;110.9;112.8;98.3;.238;.422;.532;13.3;23.5;.181;.550;13.2;75.7;.163;Spectrum Center;68,255;
19-20
65;15750;2425;5586;.434;785;2231;.352;1640;3355;.489;1052;1406;.748;715;2066;2781;1549;428;268;949;1223;6687;
;242.3;37.3;85.9;.434;12.1;34.3;.352;25.2;51.6;.489;16.2;21.6;.748;11.0;31.8;42.8;23.8;6.6;4.1;14.6;18.8;102.9;
65;15750;2708;5690;.476;803;2279;.352;1905;3411;.558;907;1197;.758;711;2276;2987;1732;523;328;935;1337;7126;
;242.3;41.7;87.5;.476;12.4;35.1;.352;29.3;52.5;.558;14.0;18.4;.758;10.9;35.0;46.0;26.6;8.0;5.0;14.4;20.6;109.6;
23;42;19;46;-6.75;-0.28;-7.03;106.3;113.3;95.8;.252;.399;.504;13.3;23.9;.188;.546;13.1;74.4;.159;Spectrum Center;478,591;
18-19
82;19830;3297;7362;.448;977;2783;.351;2320;4579;.507;1510;1895;.797;814;2778;3592;1905;591;405;1001;1550;9081;
;241.8;40.2;89.8;.448;11.9;33.9;.351;28.3;55.8;.507;18.4;23.1;.797;9.9;33.9;43.8;23.2;7.2;4.9;12.2;18.9;110.7;
82;19830;3436;7311;.470;992;2748;.361;2444;4563;.536;1307;1660;.787;825;2931;3756;2133;565;492;1109;1686;9171;
;241.8;41.9;89.2;.470;12.1;33.5;.361;29.8;55.6;.536;15.9;20.2;.787;10.1;35.7;45.8;26.0;6.9;6.0;13.5;20.6;111.8;
39;43;38;44;-1.10;-0.22;-1.32;111.4;112.5;98.7;.257;.378;.514;10.9;21.7;.205;.538;12.1;77.1;.179;Spectrum Center;676,570;
17-18
82;19780;3197;7106;.450;824;2233;.369;2373;4873;.487;1656;2216;.747;827;2901;3728;1770;559;373;1041;1409;8874;
;241.2;39.0;86.7;.450;10.0;27.2;.369;28.9;59.4;.487;20.2;27.0;.747;10.1;35.4;45.5;21.6;6.8;4.5;12.7;17.2;108.2;
82;19780;3370;7199;.468;926;2467;.375;2444;4732;.516;1187;1494;.795;692;2891;3583;2029;542;404;1112;1839;8853;
;241.2;41.1;87.8;.468;11.3;30.1;.375;29.8;57.7;.516;14.5;18.2;.795;8.4;35.3;43.7;24.7;6.6;4.9;13.6;22.4;108.0;
36;46;42;40;0.26;-0.19;0.07;109.4;109.1;98.4;.312;.314;.508;11.4;22.2;.233;.532;12.4;80.7;.165;Spectrum Center;671,404;
16-17
82;19830;3093;7000;.442;824;2347;.351;2269;4653;.488;1591;1953;.815;721;2853;3574;1891;571;390;942;1360;8601;
;241.8;37.7;85.4;.442;10.0;28.6;.351;27.7;56.7;.488;19.4;23.8;.815;8.8;34.8;43.6;23.1;7.0;4.8;11.5;16.6;104.9;
82;19830;3237;7092;.456;950;2576;.369;2287;4516;.506;1161;1496;.776;732;2909;3641;2012;539;450;1071;1631;8585;
;241.8;39.5;86.5;.456;11.6;31.4;.369;27.9;55.1;.506;14.2;18.2;.776;8.9;35.5;44.4;24.5;6.6;5.5;13.1;19.9;104.7;
36;46;42;40;0.20;-0.26;-0.07;108.8;108.6;95.7;.279;.335;.501;10.7;19.9;.227;.523;12.1;79.6;.164;Spectrum Center;710,643;
15-16
82;19855;3036;6922;.439;873;2410;.362;2163;4512;.479;1534;1941;.790;734;2869;3603;1778;595;438;1030;1487;8479;
;242.1;37.0;84.4;.439;10.6;29.4;.362;26.4;55.0;.479;18.7;23.7;.790;9.0;35.0;43.9;21.7;7.3;5.3;12.6;18.1;103.4;
82;19855;3098;6971;.444;726;2081;.349;2372;4890;.485;1334;1735;.769;726;2936;3662;1901;553;448;1103;1670;8256;
;242.1;37.8;85.0;.444;8.9;25.4;.349;28.9;59.6;.485;16.3;21.2;.769;8.9;35.8;44.7;23.2;6.7;5.5;13.5;20.4;100.7;
48;34;49;33;2.72;-0.36;2.36;107.1;104.3;95.7;.280;.348;.502;11.7;20.0;.222;.496;12.5;79.8;.191;Time Warner Cable Arena;716,894;
14-15
82;19905;2913;6932;.420;498;1566;.318;2415;5366;.450;1397;1867;.748;820;2793;3613;1654;499;448;976;1494;7721;
;242.7;35.5;84.5;.420;6.1;19.1;.318;29.5;65.4;.450;17.0;22.8;.748;10.0;34.1;44.1;20.2;6.1;5.5;11.9;18.2;94.2;
82;19905;3020;6863;.440;649;1816;.357;2371;5047;.470;1292;1673;.772;728;2890;3618;1815;502;440;1033;1708;7981;
;242.7;36.8;83.7;.440;7.9;22.1;.357;28.9;61.5;.470;15.8;20.4;.772;8.9;35.2;44.1;22.1;6.1;5.4;12.6;20.8;97.3;
33;49;32;50;-3.17;-0.27;-3.44;100.1;103.5;93.0;.269;.226;.456;11.2;22.1;.202;.487;12.0;79.3;.188;Time Warner Cable Arena;704,886;
13-14
82;19905;2976;6730;.442;516;1471;.351;2460;5259;.468;1474;2000;.737;776;2724;3500;1778;499;421;1010;1493;7942;
;242.7;36.3;82.1;.442;6.3;17.9;.351;30.0;64.1;.468;18.0;24.4;.737;9.5;33.2;42.7;21.7;6.1;5.1;12.3;18.2;96.9;
82;19905;3022;6838;.442;665;1800;.369;2357;5038;.468;1251;1649;.759;785;2766;3551;1718;514;415;1090;1716;7960;
;242.7;36.9;83.4;.442;8.1;22.0;.369;28.7;61.4;.468;15.3;20.1;.759;9.6;33.7;43.3;21.0;6.3;5.1;13.3;20.9;97.1;
43;39;40;42;-0.22;-0.67;-0.89;103.6;103.8;92.4;.297;.219;.481;11.7;21.9;.219;.491;12.6;77.6;.183;Time Warner Cable Arena;636,268;
12-13
82;19805;2823;6649;.425;469;1399;.335;2354;5250;.448;1546;2060;.750;917;2389;3306;1587;591;479;1153;1561;7661;
;241.5;34.4;81.1;.425;5.7;17.1;.335;28.7;64.0;.448;18.9;25.1;.750;11.2;29.1;40.3;19.4;7.2;5.8;14.1;19.0;93.4;
82;19805;3185;6762;.471;716;1847;.388;2469;4915;.502;1332;1784;.747;971;2645;3616;2071;569;565;1152;1746;8418;
;241.5;38.8;82.5;.471;8.7;22.5;.388;30.1;59.9;.502;16.2;21.8;.747;11.8;32.3;44.1;25.3;6.9;6.9;14.0;21.3;102.7;
21;61;17;65;-9.23;-0.06;-9.29;101.5;111.5;91.5;.310;.210;.460;13.2;25.7;.233;.524;13.2;71.1;.197;Time Warner Cable Arena;628,293;
11-12
66;15890;2193;5293;.414;263;892;.295;1930;4401;.439;1090;1462;.746;677;1894;2571;1326;397;361;957;1249;5739;
;240.8;33.2;80.2;.414;4.0;13.5;.295;29.2;66.7;.439;16.5;22.2;.746;10.3;28.7;39.0;20.1;6.0;5.5;14.5;18.9;87.0;
66;15890;2568;5411;.475;406;1142;.356;2162;4269;.506;1115;1486;.750;778;2193;2971;1537;499;378;890;1341;6657;
;240.8;38.9;82.0;.475;6.2;17.3;.356;32.8;64.7;.506;16.9;22.5;.750;11.8;33.2;45.0;23.3;7.6;5.7;13.5;20.3;100.9;
7;59;7;59;-13.91;-0.05;-13.96;95.2;110.4;91.1;.276;.169;.439;13.9;23.6;.206;.512;12.8;70.9;.206;Time Warner Cable Arena;486,984;
10-11
82;19805;2873;6365;.451;393;1203;.327;2480;5162;.480;1511;1999;.756;848;2444;3292;1728;524;433;1192;1637;7650;
;241.5;35.0;77.6;.451;4.8;14.7;.327;30.2;63.0;.480;18.4;24.4;.756;10.3;29.8;40.1;21.1;6.4;5.3;14.5;20.0;93.3;
82;19805;2956;6492;.455;577;1609;.359;2379;4883;.487;1489;1908;.780;804;2446;3250;1777;601;496;1082;1730;7978;
;241.5;36.0;79.2;.455;7.0;19.6;.359;29.0;59.5;.487;18.2;23.3;.780;9.8;29.8;39.6;21.7;7.3;6.0;13.2;21.1;97.3;
34;48;29;53;-4.00;-0.08;-4.08;103.4;107.8;89.6;.314;.189;.482;14.1;25.7;.237;.500;12.9;75.2;.229;Time Warner Cable Arena;649,694;
09-10
82;19880;2858;6306;.453;460;1331;.346;2398;4975;.482;1637;2180;.751;858;2490;3348;1658;632;446;1290;1597;7813;
;242.4;34.9;76.9;.453;5.6;16.2;.346;29.2;60.7;.482;20.0;26.6;.751;10.5;30.4;40.8;20.2;7.7;5.4;15.7;19.5;95.3;
82;19880;2925;6536;.448;573;1696;.338;2352;4840;.486;1270;1710;.743;868;2382;3250;1666;614;502;1256;1804;7693;
;242.4;35.7;79.7;.448;7.0;20.7;.338;28.7;59.0;.486;15.5;20.9;.743;10.6;29.0;39.6;20.3;7.5;6.1;15.3;22.0;93.8;
44;38;45;37;1.46;-0.17;1.30;104.4;102.8;90.4;.346;.211;.490;15.1;26.5;.260;.491;14.7;74.2;.194;Time Warner Cable Arena;648,520;
08-09
82;19930;2866;6299;.455;490;1339;.366;2376;4960;.479;1455;1965;.740;886;2366;3252;1741;580;397;1279;1754;7677;
;243.0;35.0;76.8;.455;6.0;16.3;.366;29.0;60.5;.479;17.7;24.0;.740;10.8;28.9;39.7;21.2;7.1;4.8;15.6;21.4;93.6;
82;19930;2883;6349;.454;558;1526;.366;2325;4823;.482;1457;1928;.756;877;2310;3187;1604;626;488;1206;1714;7781;
;243.0;35.2;77.4;.454;6.8;18.6;.366;28.4;58.8;.482;17.8;23.5;.756;10.7;28.2;38.9;19.6;7.6;6.0;14.7;20.9;94.9;
35;47;37;45;-1.27;0.07;-1.20;104.7;106.1;88.3;.312;.213;.494;15.1;27.7;.231;.498;14.4;73.0;.229;Time Warner Cable Arena;597,548;
07-08
82;19880;2960;6554;.452;529;1443;.367;2431;5111;.476;1510;2115;.714;892;2440;3332;1748;614;402;1204;1777;7959;
;242.4;36.1;79.9;.452;6.5;17.6;.367;29.6;62.3;.476;18.4;25.8;.714;10.9;29.8;40.6;21.3;7.5;4.9;14.7;21.7;97.1;
82;19880;3115;6684;.466;517;1456;.355;2598;5228;.497;1571;2102;.747;999;2588;3587;1785;625;476;1177;1721;8318;
;242.4;38.0;81.5;.466;6.3;17.8;.355;31.7;63.8;.497;19.2;25.6;.747;12.2;31.6;43.7;21.8;7.6;5.8;14.4;21.0;101.4;
32;50;29;53;-4.38;-0.11;-4.49;104.6;109.4;91.8;.323;.220;.492;13.9;25.6;.230;.505;13.4;71.0;.235;Charlotte Bobcats Arena;603,403;
06-07
82;20005;2960;6643;.446;457;1280;.357;2503;5363;.467;1568;2136;.734;920;2346;3266;1836;638;369;1224;1985;7945;
;244.0;36.1;81.0;.446;5.6;15.6;.357;30.5;65.4;.467;19.1;26.0;.734;11.2;28.6;39.8;22.4;7.8;4.5;14.9;24.2;96.9;
82;20005;2999;6450;.465;452;1245;.363;2547;5205;.489;1802;2404;.750;929;2562;3491;1717;603;437;1296;1786;8252;
;244.0;36.6;78.7;.465;5.5;15.2;.363;31.1;63.5;.489;22.0;29.3;.750;11.3;31.2;42.6;20.9;7.4;5.3;15.8;21.8;100.6;
33;49;30;52;-3.74;-0.22;-3.97;103.6;107.6;92.0;.322;.193;.480;13.9;26.4;.236;.500;14.7;71.6;.279;Charlotte Bobcats Arena;637,520;
05-06
82;19905;2961;6843;.433;428;1261;.339;2533;5582;.454;1593;2186;.729;990;2270;3260;1717;822;354;1167;1960;7943;
;242.7;36.1;83.5;.433;5.2;15.4;.339;30.9;68.1;.454;19.4;26.7;.729;12.1;27.7;39.8;20.9;10.0;4.3;14.2;23.9;96.9;
82;19905;3065;6410;.478;458;1285;.356;2607;5125;.509;1683;2283;.737;940;2667;3607;1881;577;441;1464;1929;8271;
;242.7;37.4;78.2;.478;5.6;15.7;.356;31.8;62.5;.509;20.5;27.8;.737;11.5;32.5;44.0;22.9;7.0;5.4;17.9;23.5;100.9;
26;56;30;52;-4.00;0.10;-3.90;102.5;106.7;93.4;.319;.184;.464;13.0;27.1;.233;.514;16.5;70.7;.263;Charlotte Bobcats Arena;671,011;
04-05
82;19880;2961;6859;.432;320;881;.363;2641;5978;.442;1487;2096;.709;1083;2335;3418;1794;695;440;1192;1894;7729;
;242.4;36.1;83.6;.432;3.9;10.7;.363;32.2;72.9;.442;18.1;25.6;.709;13.2;28.5;41.7;21.9;8.5;5.4;14.5;23.1;94.3;
82;19880;3015;6507;.463;442;1224;.361;2573;5283;.487;1748;2279;.767;959;2586;3545;1768;624;446;1297;1858;8220;
;242.4;36.8;79.4;.463;5.4;14.9;.361;31.4;64.4;.487;21.3;27.8;.767;11.7;31.5;43.2;21.6;7.6;5.4;15.8;22.7;100.2;
18;64;24;58;-5.99;-0.16;-6.15;101.1;107.5;92.3;.306;.128;.455;13.3;29.5;.217;.497;14.7;70.9;.269;Charlotte Coliseum;591,701;
01-02
82;19755;2893;6580;.440;346;994;.348;2547;5586;.456;1568;2105;.745;1059;2505;3564;1759;653;456;1150;1747;7700;
;240.9;35.3;80.2;.440;4.2;12.1;.348;31.1;68.1;.456;19.1;25.7;.745;12.9;30.5;43.5;21.5;8.0;5.6;14.0;21.3;93.9;
82;19755;2850;6594;.432;433;1156;.375;2417;5438;.444;1488;1938;.768;963;2399;3362;1639;625;422;1140;1703;7621;
;240.9;34.8;80.4;.432;5.3;14.1;.375;29.5;66.3;.444;18.1;23.6;.768;11.7;29.3;41.0;20.0;7.6;5.1;13.9;20.8;92.9;
44;38;44;38;0.96;-0.40;0.57;104.3;103.3;89.7;.320;.151;.466;13.3;30.6;.238;.465;13.3;72.2;.226;Charlotte Coliseum;462,738;
00-01
82;19880;2800;6501;.431;340;984;.346;2460;5517;.446;1599;2146;.745;1033;2608;3641;1900;665;455;1183;1753;7539;
;242.4;34.1;79.3;.431;4.1;12.0;.346;30.0;67.3;.446;19.5;26.2;.745;12.6;31.8;44.4;23.2;8.1;5.5;14.4;21.4;91.9;
82;19880;2767;6501;.426;389;1081;.360;2378;5420;.439;1444;1910;.756;892;2436;3328;1748;616;375;1204;1768;7367;
;242.4;33.7;79.3;.426;4.7;13.2;.360;29.0;66.1;.439;17.6;23.3;.756;10.9;29.7;40.6;21.3;7.5;4.6;14.7;21.6;89.8;
46;36;48;34;2.10;-0.65;1.45;101.8;99.5;89.4;.330;.151;.457;13.7;29.8;.246;.456;14.1;74.5;.222;Charlotte Coliseum;615,424;
99-00
82;19780;2935;6533;.449;339;1001;.339;2596;5532;.469;1863;2458;.758;884;2635;3519;2023;732;480;1206;1670;8072;
;241.2;35.8;79.7;.449;4.1;12.2;.339;31.7;67.5;.469;22.7;30.0;.758;10.8;32.1;42.9;24.7;8.9;5.9;14.7;20.4;98.4;
82;19780;3048;6811;.448;410;1086;.378;2638;5725;.461;1347;1807;.745;966;2550;3516;1903;604;421;1297;2076;7853;
;241.2;37.2;83.1;.448;5.0;13.2;.378;32.2;69.8;.461;16.4;22.0;.745;11.8;31.1;42.9;23.2;7.4;5.1;15.8;25.3;95.8;
49;33;49;33;2.67;-0.34;2.33;104.3;101.4;93.9;.376;.153;.475;13.7;25.7;.285;.478;14.6;73.2;.198;Charlotte Coliseum;732,827;
98-99
50;12150;1671;3718;.449;268;735;.365;1403;2983;.470;1034;1384;.747;480;1493;1973;1110;443;247;796;1101;4644;
;243.0;33.4;74.4;.449;5.4;14.7;.365;28.1;59.7;.470;20.7;27.7;.747;9.6;29.9;39.5;22.2;8.9;4.9;15.9;22.0;92.9;
50;12150;1739;4003;.434;212;637;.333;1527;3366;.454;959;1306;.734;655;1491;2146;1092;443;232;762;1151;4649;
;243.0;34.8;80.1;.434;4.2;12.7;.333;30.5;67.3;.454;19.2;26.1;.734;13.1;29.8;42.9;21.8;8.9;4.6;15.2;23.0;93.0;
26;24;25;25;-0.10;0.73;0.63;102.3;102.4;89.7;.372;.198;.485;15.5;24.4;.278;.461;14.3;69.5;.240;Charlotte Coliseum;480,807;
97-98
82;19780;2968;6344;.468;346;904;.383;2622;5440;.482;1641;2186;.751;985;2341;3326;1941;691;312;1247;1757;7923;
;241.2;36.2;77.4;.468;4.2;11.0;.383;32.0;66.3;.482;20.0;26.7;.751;12.0;28.5;40.6;23.7;8.4;3.8;15.2;21.4;96.6;
82;19780;2977;6417;.464;369;1063;.347;2608;5354;.487;1436;1964;.731;965;2259;3224;1806;582;372;1240;1902;7759;
;241.2;36.3;78.3;.464;4.5;13.0;.347;31.8;65.3;.487;17.5;24.0;.731;11.8;27.5;39.3;22.0;7.1;4.5;15.1;23.2;94.6;
51;31;47;35;2.00;0.45;2.45;107.5;105.3;89.4;.345;.142;.495;14.6;30.4;.259;.493;14.6;70.8;.224;Charlotte Coliseum;959,634;
96-97
82;19805;2988;6342;.471;591;1382;.428;2397;4960;.483;1541;1984;.777;910;2298;3208;2021;597;349;1203;1702;8108;
;241.5;36.4;77.3;.471;7.2;16.9;.428;29.2;60.5;.483;18.8;24.2;.777;11.1;28.0;39.1;24.6;7.3;4.3;14.7;20.8;98.9;
82;19805;3056;6650;.460;487;1364;.357;2569;5286;.486;1356;1857;.730;1077;2256;3333;1783;532;335;1143;1781;7955;
;241.5;37.3;81.1;.460;5.9;16.6;.357;31.3;64.5;.486;16.5;22.6;.730;13.1;27.5;40.6;21.7;6.5;4.1;13.9;21.7;97.0;
54;28;46;36;1.87;0.26;2.13;110.9;108.9;88.6;.313;.218;.518;14.3;28.7;.243;.496;13.3;68.1;.204;Charlotte Coliseum;985,722;
95-96
82;19880;3108;6618;.470;584;1520;.384;2524;5098;.495;1631;2119;.770;987;2256;3243;1907;582;277;1241;1815;8431;
;242.4;37.9;80.7;.470;7.1;18.5;.384;30.8;62.2;.495;19.9;25.8;.770;12.0;27.5;39.5;23.3;7.1;3.4;15.1;22.1;102.8;
82;19880;3254;6651;.489;530;1340;.396;2724;5311;.513;1440;1957;.736;953;2358;3311;2049;536;368;1215;1829;8478;
;242.4;39.7;81.1;.489;6.5;16.3;.396;33.2;64.8;.513;17.6;23.9;.736;11.6;28.8;40.4;25.0;6.5;4.5;14.8;22.3;103.4;
41;41;39;43;-0.57;0.09;-0.48;111.2;111.8;91.6;.320;.230;.514;14.1;29.5;.246;.529;13.9;70.3;.217;Charlotte Coliseum;985,722;
94-95
82;19805;3051;6438;.474;560;1409;.397;2491;5029;.495;1587;2042;.777;832;2395;3227;2072;620;399;1224;1685;8249;
;241.5;37.2;78.5;.474;6.8;17.2;.397;30.4;61.3;.495;19.4;24.9;.777;10.1;29.2;39.4;25.3;7.6;4.9;14.9;20.5;100.6;
82;19805;3088;6807;.454;429;1289;.333;2659;5518;.482;1375;1859;.740;1102;2365;3467;1898;535;368;1216;1859;7980;
;241.5;37.7;83.0;.454;5.2;15.7;.333;32.4;67.3;.482;16.8;22.7;.740;13.4;28.8;42.3;23.1;6.5;4.5;14.8;22.7;97.3;
50;32;50;32;3.28;-0.41;2.87;109.6;106.1;91.2;.317;.219;.517;14.3;26.0;.247;.485;13.8;68.5;.202;Charlotte Coliseum;971,618;
93-94
82;19830;3382;7100;.476;336;916;.367;3046;6184;.493;1632;2135;.764;1019;2475;3494;2214;724;394;1266;1747;8732;
;241.8;41.2;86.6;.476;4.1;11.2;.367;37.1;75.4;.493;19.9;26.0;.764;12.4;30.2;42.6;27.0;8.8;4.8;15.4;21.3;106.5;
82;19830;3463;7359;.471;317;916;.346;3146;6443;.488;1507;2036;.740;1217;2467;3684;2116;629;430;1260;1761;8750;
;241.8;42.2;89.7;.471;3.9;11.2;.346;38.4;78.6;.488;18.4;24.8;.740;14.8;30.1;44.9;25.8;7.7;5.2;15.4;21.5;106.7;
41;41;40;42;-0.22;-0.01;-0.23;108.4;108.6;97.5;.301;.129;.500;13.6;29.2;.230;.492;13.2;67.0;.205;Charlotte Coliseum;971,609;
92-93
82;19755;3512;7210;.487;175;537;.326;3337;6673;.500;1831;2374;.771;1095;2508;3603;2161;639;473;1325;1790;9030;
;240.9;42.8;87.9;.487;2.1;6.5;.326;40.7;81.4;.500;22.3;29.0;.771;13.4;30.6;43.9;26.4;7.8;5.8;16.2;21.8;110.1;
82;19755;3634;7698;.472;234;753;.311;3400;6945;.490;1548;2080;.744;1350;2403;3753;2277;599;438;1245;1923;9050;
;240.9;44.3;93.9;.472;2.9;9.2;.311;41.5;84.7;.490;18.9;25.4;.744;16.5;29.3;45.8;27.8;7.3;5.3;15.2;23.5;110.4;
44;38;40;42;-0.24;0.22;-0.02;109.5;109.7;100.2;.329;.074;.499;13.8;31.3;.254;.487;12.6;65.0;.201;Charlotte Coliseum;971,880;
91-92
82;19805;3613;7568;.477;117;369;.317;3496;7199;.486;1637;2168;.755;1164;2367;3531;2284;822;309;1273;1819;8980;
;241.5;44.1;92.3;.477;1.4;4.5;.317;42.6;87.8;.486;20.0;26.4;.755;14.2;28.9;43.1;27.9;10.0;3.8;15.5;22.2;109.5;
82;19805;3717;7495;.496;205;632;.324;3512;6863;.512;1661;2241;.741;1253;2581;3834;2366;621;524;1392;1750;9300;
;241.5;45.3;91.4;.496;2.5;7.7;.324;42.8;83.7;.512;20.3;27.3;.741;15.3;31.5;46.8;28.9;7.6;6.4;17.0;21.3;113.4;
31;51;31;51;-3.90;0.33;-3.57;107.1;110.9;101.7;.286;.049;.485;13.0;31.1;.216;.510;14.1;65.4;.222;Charlotte Coliseum;971,618;
90-91
82;19805;3286;7033;.467;131;417;.314;3155;6616;.477;1725;2214;.779;1027;2200;3227;2019;759;304;1290;1946;8428;
;241.5;40.1;85.8;.467;1.6;5.1;.314;38.5;80.7;.477;21.0;27.0;.779;12.5;26.8;39.4;24.6;9.3;3.7;15.7;23.7;102.8;
82;19805;3408;6915;.493;158;500;.316;3250;6415;.507;1884;2441;.772;1151;2514;3665;2144;675;480;1406;1841;8858;
;241.5;41.6;84.3;.493;1.9;6.1;.316;39.6;78.2;.507;23.0;29.8;.772;14.0;30.7;44.7;26.1;8.2;5.9;17.1;22.5;108.0;
26;56;27;55;-5.24;0.30;-4.95;105.0;110.4;97.3;.315;.059;.477;13.9;29.0;.245;.504;15.0;65.7;.272;Charlotte Coliseum;978,141;
89-90
82;19755;3270;7183;.455;205;611;.336;3065;6572;.466;1487;1967;.756;962;2211;3173;2080;778;262;1226;1889;8232;
;240.9;39.9;87.6;.455;2.5;7.5;.336;37.4;80.1;.466;18.1;24.0;.756;11.7;27.0;38.7;25.4;9.5;3.2;15.0;23.0;100.4;
82;19755;3438;6922;.497;132;421;.314;3306;6501;.509;1865;2380;.784;1063;2723;3786;2066;638;384;1376;1754;8873;
;240.9;41.9;84.4;.497;1.6;5.1;.314;40.3;79.3;.509;22.7;29.0;.784;13.0;33.2;46.2;25.2;7.8;4.7;16.8;21.4;108.2;
19;63;21;61;-7.82;0.81;-7.00;102.0;109.9;98.1;.274;.085;.470;13.2;26.1;.207;.506;14.7;67.5;.269;Charlotte Coliseum;979,941;
88-89
82;19780;3426;7430;.461;134;430;.312;3292;7000;.470;1580;2060;.767;1138;2200;3338;2323;705;264;1318;2068;8566;
;241.2;41.8;90.6;.461;1.6;5.2;.312;40.1;85.4;.470;19.3;25.1;.767;13.9;26.8;40.7;28.3;8.6;3.2;16.1;25.2;104.5;
82;19780;3555;7113;.500;115;399;.288;3440;6714;.512;2040;2629;.776;1191;2621;3812;2061;710;441;1425;1791;9265;
;241.2;43.4;86.7;.500;1.4;4.9;.288;42.0;81.9;.512;24.9;32.1;.776;14.5;32.0;46.5;25.1;8.7;5.4;17.4;21.8;113.0;
20;62;21;61;-8.52;0.79;-7.74;103.7;112.1;100.3;.277;.058;.470;13.7;30.3;.213;.508;14.7;64.9;.287;Charlotte Coliseum;949,858;
