Chicago Bulls;CHI;1966;Chicago, Illinois;2304-2212;36;6;E;;
Totals
21-22;46;36;2;26.3;6-6;213;
20-21;31;41;3;25.6;6-7;218;
19-20;22;43;3;24.4;6-7;219;
18-19;22;60;4;24.0;6-6;218;
17-18;27;55;5;24.4;6-7;216;
16-17;41;41;4;26.9;6-7;221;
15-16;42;40;4;27.6;6-7;215;
14-15;50;32;2;28.8;6-7;210;
13-14;48;34;2;28.6;6-7;217;
12-13;45;37;2;28.0;6-6;215;
11-12;50;16;1;27.1;6-7;218;
10-11;62;20;1;26.4;6-7;220;
09-10;41;41;3;26.2;6-6;213;
08-09;41;41;2;24.9;6-6;212;
07-08;33;49;4;25.7;6-6;214;
06-07;49;33;3;26.0;6-6;214;
05-06;41;41;4;24.1;6-6;217;
04-05;47;35;2;25.0;6-6;218;
03-04;23;59;8;26.8;6-7;216;
02-03;30;52;6;25.2;6-7;220;
01-02;21;61;8;25.5;6-7;221;
00-01;15;67;8;23.2;6-6;<span><strong>229</strong></span>;
99-00;17;65;8;26.0;6-6;225;
98-99;13;37;8;28.6;6-6;212;
97-98;62;20;1;31.7;6-7;209;
96-97;69;13;1;30.7;6-7;210;
95-96;72;10;1;29.9;6-7;209;
94-95;47;35;3;28.1;6-7;206;
93-94;55;27;2;27.7;6-7;205;
92-93;57;25;1;28.1;6-7;208;
91-92;67;15;1;27.6;6-7;207;
90-91;61;21;1;26.9;6-7;209;
89-90;55;27;2;26.1;6-7;210;
88-89;47;35;5;26.4;6-7;211;
87-88;50;32;2;25.5;6-7;210;
86-87;40;42;5;25.4;6-7;210;
85-86;30;52;4;26.6;6-7;206;
84-85;38;44;3;25.2;6-7;207;
83-84;27;55;5;24.4;6-7;207;
82-83;28;54;4;24.5;6-7;208;
81-82;34;48;5;26.5;6-7;207;
80-81;45;37;2;26.5;6-8;209;
79-80;30;52;4;25.9;6-7;208;
78-79;31;51;5;26.2;6-7;203;
77-78;40;42;3;26.5;6-6;201;
76-77;44;38;3;26.1;6-6;204;
75-76;24;58;4;27.4;6-6;203;
74-75;47;35;1;<span><strong>30.2</strong></span>;6-6;204;
73-74;54;28;2;<span><strong>28.7</strong></span>;6-5;206;
72-73;51;31;2;27.7;6-5;205;
71-72;57;25;2;27.5;6-5;207;
70-71;51;31;2;27.4;6-6;207;
69-70;39;43;3;26.3;6-6;<span><strong>211</strong></span>;
68-69;33;49;5;25.7;6-6;213;
67-68;29;53;4;25.3;6-5;207;
66-67;33;48;4;25.6;6-5;207;
21-22
82;19730;3422;7127;.480;872;2364;.369;2550;4763;.535;1436;1766;.813;711;2760;3471;1958;585;336;1053;1540;9152;
;240.6;41.7;86.9;.480;10.6;28.8;.369;31.1;58.1;.535;17.5;21.5;.813;8.7;33.7;42.3;23.9;7.1;4.1;12.8;18.8;111.6;
82;19730;3397;7170;.474;960;2620;.366;2437;4550;.536;1430;1799;.795;764;2777;3541;2049;584;410;1071;1489;9184;
;240.6;41.4;87.4;.474;11.7;32.0;.366;29.7;55.5;.536;17.4;21.9;.795;9.3;33.9;43.2;25.0;7.1;5.0;13.1;18.2;112.0;
46;36;40;42;-0.39;0.02;-0.38;113.2;113.6;98.3;.248;.332;.541;11.8;20.4;.201;.541;11.9;78.3;.199;United Center;856,148;
20-21
72;17380;3035;6380;.476;904;2446;.370;2131;3934;.542;995;1258;.791;693;2544;3237;1927;482;304;1089;1362;7969;
;241.4;42.2;88.6;.476;12.6;34.0;.370;29.6;54.6;.542;13.8;17.5;.791;9.6;35.3;45.0;26.8;6.7;4.2;15.1;18.9;110.7;
72;17380;2983;6313;.473;829;2328;.356;2154;3985;.541;1238;1600;.774;624;2410;3034;1737;614;364;917;1277;8033;
;241.4;41.4;87.7;.473;11.5;32.3;.356;29.9;55.3;.541;17.2;22.2;.774;8.7;33.5;42.1;24.1;8.5;5.1;12.7;17.7;111.6;
31;41;34;38;-0.89;-0.05;-0.94;111.1;112.0;99.0;.197;.383;.547;13.6;22.3;.156;.538;11.6;80.3;.196;United Center;13,655;
19-20
65;15675;2573;5762;.447;793;2282;.348;1780;3480;.511;1006;1332;.755;680;2041;2721;1510;652;265;1005;1417;6945;
;241.2;39.6;88.6;.447;12.2;35.1;.348;27.4;53.5;.511;15.5;20.5;.755;10.5;31.4;41.9;23.2;10.0;4.1;15.5;21.8;106.8;
65;15675;2568;5364;.479;726;2057;.353;1842;3307;.557;1283;1691;.759;660;2299;2959;1653;530;384;1187;1246;7145;
;241.2;39.5;82.5;.479;11.2;31.6;.353;28.3;50.9;.557;19.7;26.0;.759;10.2;35.4;45.5;25.4;8.2;5.9;18.3;19.2;109.9;
22;43;26;39;-3.08;-0.93;-4.00;106.7;109.8;99.7;.231;.396;.515;13.7;22.8;.175;.546;16.3;75.6;.239;United Center;639,352;
18-19
82;19905;3266;7205;.453;745;2123;.351;2521;5082;.496;1328;1695;.783;718;2799;3517;1796;603;351;1159;1663;8605;
;242.7;39.8;87.9;.453;9.1;25.9;.351;30.7;62.0;.496;16.2;20.7;.783;8.8;34.1;42.9;21.9;7.4;4.3;14.1;20.3;104.9;
82;19905;3464;7316;.473;990;2709;.365;2474;4607;.537;1377;1805;.763;824;2984;3808;2094;600;473;1092;1534;9295;
;242.7;42.2;89.2;.473;12.1;33.0;.365;30.2;56.2;.537;16.8;22.0;.763;10.0;36.4;46.4;25.5;7.3;5.8;13.3;18.7;113.4;
22;60;21;61;-8.41;0.10;-8.32;104.8;113.2;99.0;.235;.295;.505;12.7;19.4;.184;.541;11.9;77.3;.188;United Center;823,475;
17-18
82;19855;3170;7285;.435;906;2549;.355;2264;4736;.478;1194;1574;.759;790;2873;3663;1923;626;289;1147;1571;8440;
;242.1;38.7;88.8;.435;11.0;31.1;.355;27.6;57.8;.478;14.6;19.2;.759;9.6;35.0;44.7;23.5;7.6;3.5;14.0;19.2;102.9;
82;19855;3360;7115;.472;990;2678;.370;2370;4437;.534;1307;1660;.787;691;3053;3744;2123;588;423;1112;1425;9017;
;242.1;41.0;86.8;.472;12.1;32.7;.370;28.9;54.1;.534;15.9;20.2;.787;8.4;37.2;45.7;25.9;7.2;5.2;13.6;17.4;110.0;
27;55;23;59;-7.04;0.20;-6.84;103.8;110.9;98.3;.216;.350;.497;12.6;20.6;.164;.542;12.4;80.6;.184;United Center;851,824;
16-17
82;19780;3169;7141;.444;623;1831;.340;2546;5310;.479;1474;1848;.798;999;2797;3796;1851;643;393;1112;1455;8435;
;241.2;38.6;87.1;.444;7.6;22.3;.340;31.0;64.8;.479;18.0;22.5;.798;12.2;34.1;46.3;22.6;7.8;4.8;13.6;17.7;102.9;
82;19780;3236;7099;.456;731;2121;.345;2505;4978;.503;1197;1555;.770;843;2698;3541;1939;602;378;1100;1541;8400;
;241.2;39.5;86.6;.456;8.9;25.9;.345;30.5;60.7;.503;14.6;19.0;.770;10.3;32.9;43.2;23.6;7.3;4.6;13.4;18.8;102.4;
41;41;42;40;0.43;-0.39;0.03;107.4;107.0;95.3;.259;.256;.487;12.3;27.0;.206;.507;12.4;76.8;.169;United Center;888,882;
15-16
82;19905;3165;7170;.441;651;1753;.371;2514;5417;.464;1354;1720;.787;907;2889;3796;1870;495;470;1141;1545;8335;
;242.7;38.6;87.4;.441;7.9;21.4;.371;30.7;66.1;.464;16.5;21.0;.787;11.1;35.2;46.3;22.8;6.0;5.7;13.9;18.8;101.6;
82;19905;3234;7333;.441;651;1885;.345;2583;5448;.474;1337;1813;.737;969;2798;3767;1848;655;465;974;1535;8456;
;242.7;39.4;89.4;.441;7.9;23.0;.345;31.5;66.4;.474;16.3;22.1;.737;11.8;34.1;45.9;22.5;8.0;5.7;11.9;18.7;103.1;
42;40;37;45;-1.48;0.01;-1.46;105.0;106.5;95.7;.240;.244;.487;12.6;24.5;.189;.485;10.7;74.9;.182;United Center;894,659;
14-15
82;19880;3001;6797;.442;645;1825;.353;2356;4972;.474;1618;2067;.783;959;2792;3751;1781;514;476;1145;1495;8265;
;242.4;36.6;82.9;.442;7.9;22.3;.353;28.7;60.6;.474;19.7;25.2;.783;11.7;34.0;45.7;21.7;6.3;5.8;14.0;18.2;100.8;
82;19880;3095;7109;.435;538;1605;.335;2557;5504;.465;1291;1723;.749;963;2598;3561;1657;614;443;1000;1736;8019;
;242.4;37.7;86.7;.435;6.6;19.6;.335;31.2;67.1;.465;15.7;21.0;.749;11.7;31.7;43.4;20.2;7.5;5.4;12.2;21.2;97.8;
50;32;50;32;3.00;-0.46;2.54;107.5;104.3;92.8;.304;.269;.489;12.9;27.0;.238;.473;11.3;74.4;.182;United Center;886,612;
13-14
82;19930;2843;6577;.432;508;1459;.348;2335;5118;.456;1486;1908;.779;937;2683;3620;1860;594;424;1223;1565;7680;
;243.0;34.7;80.2;.432;6.2;17.8;.348;28.5;62.4;.456;18.1;23.3;.779;11.4;32.7;44.1;22.7;7.2;5.2;14.9;19.1;93.7;
82;19930;2867;6660;.430;538;1532;.351;2329;5128;.454;1256;1668;.753;876;2508;3384;1604;621;490;1178;1714;7528;
;243.0;35.0;81.2;.430;6.6;18.7;.351;28.4;62.5;.454;15.3;20.3;.753;10.7;30.6;41.3;19.6;7.6;6.0;14.4;20.9;91.8;
48;34;47;35;1.85;-0.66;1.20;102.5;100.5;90.2;.290;.222;.471;14.2;27.2;.226;.471;13.7;75.4;.189;United Center;890,370;
12-13
82;19830;2926;6698;.437;446;1265;.353;2480;5433;.456;1343;1738;.773;1026;2514;3540;1886;588;417;1171;1617;7641;
;241.8;35.7;81.7;.437;5.4;15.4;.353;30.2;66.3;.456;16.4;21.2;.773;12.5;30.7;43.2;23.0;7.2;5.1;14.3;19.7;93.2;
82;19830;2906;6565;.443;453;1309;.346;2453;5256;.467;1350;1826;.739;901;2469;3370;1545;600;477;1123;1609;7615;
;241.8;35.4;80.1;.443;5.5;16.0;.346;29.9;64.1;.467;16.5;22.3;.739;11.0;30.1;41.1;18.8;7.3;5.8;13.7;19.6;92.9;
45;37;42;40;0.32;-0.33;-0.02;103.5;103.2;89.3;.259;.189;.470;13.6;29.4;.201;.477;13.2;73.6;.206;United Center;896,944;
11-12
66;15940;2467;5462;.452;419;1117;.375;2048;4345;.471;1006;1394;.722;915;2165;3080;1527;456;388;923;1139;6359;
;241.5;37.4;82.8;.452;6.3;16.9;.375;31.0;65.8;.471;15.2;21.1;.722;13.9;32.8;46.7;23.1;6.9;5.9;14.0;17.3;96.3;
66;15940;2284;5420;.421;305;939;.325;1979;4481;.442;946;1279;.740;750;1889;2639;1245;490;343;876;1166;5819;
;241.5;34.6;82.1;.421;4.6;14.2;.325;30.0;67.9;.442;14.3;19.4;.740;11.4;28.6;40.0;18.9;7.4;5.2;13.3;17.7;88.2;
50;16;51;15;8.18;-0.76;7.43;107.4;98.3;89.1;.255;.205;.490;13.2;32.6;.184;.450;12.8;74.3;.175;United Center;731,326;
10-11
82;19830;3042;6587;.462;511;1415;.361;2531;5172;.489;1492;2008;.743;967;2654;3621;1827;592;468;1161;1639;8087;
;241.8;37.1;80.3;.462;6.2;17.3;.361;30.9;63.1;.489;18.2;24.5;.743;11.8;32.4;44.2;22.3;7.2;5.7;14.2;20.0;98.6;
82;19830;2805;6523;.430;427;1308;.326;2378;5215;.456;1450;1898;.764;828;2322;3150;1556;568;477;1159;1645;7487;
;241.8;34.2;79.5;.430;5.2;16.0;.326;29.0;63.6;.456;17.7;23.1;.764;10.1;28.3;38.4;19.0;6.9;5.8;14.1;20.1;91.3;
62;20;61;21;7.32;-0.79;6.53;108.3;100.3;90.4;.305;.215;.501;13.5;29.4;.227;.463;13.6;76.2;.222;United Center;893,462;
09-10
82;19905;3081;6825;.451;352;1066;.330;2729;5759;.474;1479;1962;.754;937;2715;3652;1704;531;478;1175;1648;7993;
;242.7;37.6;83.2;.451;4.3;13.0;.330;33.3;70.2;.474;18.0;23.9;.754;11.4;33.1;44.5;20.8;6.5;5.8;14.3;20.1;97.5;
82;19905;3043;6885;.442;584;1680;.348;2459;5205;.472;1457;1958;.744;916;2589;3505;1715;578;438;1090;1643;8127;
;242.7;37.1;84.0;.442;7.1;20.5;.348;30.0;63.5;.472;17.8;23.9;.744;11.2;31.6;42.7;20.9;7.0;5.3;13.3;20.0;99.1;
41;41;36;46;-1.63;0.00;-1.64;103.5;105.3;93.1;.287;.156;.477;13.3;26.6;.217;.484;12.3;74.8;.212;United Center;849,760;
08-09
82;19930;3126;6846;.457;493;1293;.381;2633;5553;.474;1633;2052;.796;970;2481;3451;1732;615;453;1192;1709;8378;
;243.0;38.1;83.5;.457;6.0;15.8;.381;32.1;67.7;.474;19.9;25.0;.796;11.8;30.3;42.1;21.1;7.5;5.5;14.5;20.8;102.2;
82;19930;3141;6864;.458;486;1400;.347;2655;5464;.486;1633;2077;.786;1017;2491;3508;1723;622;449;1177;1708;8401;
;243.0;38.3;83.7;.458;5.9;17.1;.347;32.4;66.6;.486;19.9;25.3;.786;12.4;30.4;42.8;21.0;7.6;5.5;14.4;20.8;102.5;
41;41;40;42;-0.28;0.12;-0.16;108.4;108.7;93.1;.300;.189;.493;13.3;28.0;.239;.493;13.1;70.9;.238;United Center;868,667;
07-08
82;19805;2987;6861;.435;474;1305;.363;2513;5556;.452;1533;2029;.756;1050;2478;3528;1811;635;429;1197;1784;7981;
;241.5;36.4;83.7;.435;5.8;15.9;.363;30.6;67.8;.452;18.7;24.7;.756;12.8;30.2;43.0;22.1;7.7;5.2;14.6;21.8;97.3;
82;19805;2982;6583;.453;571;1522;.375;2411;5061;.476;1699;2217;.766;914;2582;3496;1794;648;465;1254;1746;8234;
;241.5;36.4;80.3;.453;7.0;18.6;.375;29.4;61.7;.476;20.7;27.0;.766;11.1;31.5;42.6;21.9;7.9;5.7;15.3;21.3;100.4;
33;49;32;50;-3.09;-0.11;-3.19;103.9;107.2;93.0;.296;.190;.470;13.4;28.9;.223;.496;14.2;73.1;.258;United Center;901,502;
06-07
82;19780;3046;6663;.457;480;1237;.388;2566;5426;.473;1528;2083;.734;984;2597;3581;1832;639;445;1310;1908;8100;
;241.2;37.1;81.3;.457;5.9;15.1;.388;31.3;66.2;.473;18.6;25.4;.734;12.0;31.7;43.7;22.3;7.8;5.4;16.0;23.3;98.8;
82;19780;2793;6416;.435;484;1387;.349;2309;5029;.459;1619;2219;.730;897;2456;3353;1675;614;433;1429;1900;7689;
;241.2;34.1;78.2;.435;5.9;16.9;.349;28.2;61.3;.459;19.7;27.1;.730;10.9;30.0;40.9;20.4;7.5;5.3;17.4;23.2;93.8;
49;33;55;27;5.01;-0.49;4.52;104.9;99.6;93.6;.313;.186;.493;14.7;28.6;.229;.473;16.2;74.3;.252;United Center;912,364;
05-06
82;19905;3004;6737;.446;560;1477;.379;2444;5260;.465;1452;1967;.738;906;2602;3508;1804;508;345;1224;2038;8020;
;242.7;36.6;82.2;.446;6.8;18.0;.379;29.8;64.1;.465;17.7;24.0;.738;11.0;31.7;42.8;22.0;6.2;4.2;14.9;24.9;97.8;
82;19905;2773;6515;.426;501;1428;.351;2272;5087;.447;1921;2472;.777;881;2541;3422;1652;611;420;1228;1883;7968;
;242.7;33.8;79.5;.426;6.1;17.4;.351;27.7;62.0;.447;23.4;30.1;.777;10.7;31.0;41.7;20.1;7.5;5.1;15.0;23.0;97.2;
41;41;43;39;0.63;-0.12;0.51;104.0;103.4;92.9;.292;.219;.487;13.9;26.3;.216;.464;13.9;74.7;.295;United Center;868,720;
04-05
82;19830;2849;6592;.432;511;1433;.357;2338;5159;.453;1536;2048;.750;1001;2591;3592;1743;576;369;1371;2028;7745;
;241.8;34.7;80.4;.432;6.2;17.5;.357;28.5;62.9;.453;18.7;25.0;.750;12.2;31.6;43.8;21.3;7.0;4.5;16.7;24.7;94.5;
82;19830;2763;6548;.422;416;1245;.334;2347;5303;.443;1716;2305;.744;979;2524;3503;1715;685;434;1272;1914;7658;
;241.8;33.7;79.9;.422;5.1;15.2;.334;28.6;64.7;.443;20.9;28.1;.744;11.9;30.8;42.7;20.9;8.4;5.3;15.5;23.3;93.4;
47;35;44;38;1.06;-0.41;0.65;101.4;100.3;92.4;.311;.217;.471;15.5;28.4;.233;.454;14.4;72.6;.262;United Center;828,384;
03-04
82;19830;2798;6753;.414;429;1256;.342;2369;5497;.431;1330;1834;.725;1048;2519;3567;1793;659;396;1321;1911;7355;
;241.8;34.1;82.4;.414;5.2;15.3;.342;28.9;67.0;.431;16.2;22.4;.725;12.8;30.7;43.5;21.9;8.0;4.8;16.1;23.3;89.7;
82;19830;2882;6611;.436;439;1235;.355;2443;5376;.454;1673;2238;.748;1011;2682;3693;1890;694;446;1250;1684;7876;
;241.8;35.1;80.6;.436;5.4;15.1;.355;29.8;65.6;.454;20.4;27.3;.748;12.3;32.7;45.0;23.0;8.5;5.4;15.2;20.5;96.0;
23;59;23;59;-6.35;-0.33;-6.69;96.6;103.4;92.2;.272;.186;.446;14.9;28.1;.197;.469;14.1;71.4;.253;United Center;809,177;
02-03
82;19930;2991;6714;.445;349;997;.350;2642;5717;.462;1455;2014;.722;985;2541;3526;1782;605;461;1388;2028;7786;
;243.0;36.5;81.9;.445;4.3;12.2;.350;32.2;69.7;.462;17.7;24.6;.722;12.0;31.0;43.0;21.7;7.4;5.6;16.9;24.7;95.0;
82;19930;2991;6817;.439;431;1333;.323;2560;5484;.467;1794;2394;.749;1117;2572;3689;1949;768;413;1208;1796;8207;
;243.0;36.5;83.1;.439;5.3;16.3;.323;31.2;66.9;.467;21.9;29.2;.749;13.6;31.4;45.0;23.8;9.4;5.0;14.7;21.9;100.1;
30;52;27;55;-5.13;-0.17;-5.31;100.2;105.6;93.5;.300;.148;.471;15.4;27.7;.217;.470;13.3;69.5;.263;United Center;804,309;
01-02
82;19805;2811;6491;.433;300;868;.346;2511;5623;.447;1413;1958;.722;924;2359;3283;1817;633;361;1252;1834;7335;
;241.5;34.3;79.2;.433;3.7;10.6;.346;30.6;68.6;.447;17.2;23.9;.722;11.3;28.8;40.0;22.2;7.7;4.4;15.3;22.4;89.5;
82;19805;3027;6514;.465;421;1177;.358;2606;5337;.488;1560;2090;.746;944;2553;3497;2066;681;399;1178;1720;8035;
;241.5;36.9;79.4;.465;5.1;14.4;.358;31.8;65.1;.488;19.0;25.5;.746;11.5;31.1;42.6;25.2;8.3;4.9;14.4;21.0;98.0;
21;61;18;64;-8.54;0.02;-8.52;98.2;107.6;90.5;.302;.134;.456;14.6;26.6;.218;.497;13.7;71.4;.239;United Center;776,311;
00-01
82;19855;2721;6411;.424;329;950;.346;2392;5461;.438;1410;1909;.739;926;2260;3186;1810;675;379;1292;1902;7181;
;242.1;33.2;78.2;.424;4.0;11.6;.346;29.2;66.6;.438;17.2;23.3;.739;11.3;27.6;38.9;22.1;8.2;4.6;15.8;23.2;87.6;
82;19855;2987;6330;.472;346;973;.356;2641;5357;.493;1607;2202;.730;957;2551;3508;1932;635;426;1217;1754;7927;
;242.1;36.4;77.2;.472;4.2;11.9;.356;32.2;65.3;.493;19.6;26.9;.730;11.7;31.1;42.8;23.6;7.7;5.2;14.8;21.4;96.7;
15;67;16;66;-9.10;0.01;-9.09;97.2;107.3;89.3;.298;.148;.450;15.1;26.6;.220;.499;14.3;70.3;.254;United Center;888,654;
99-00
82;19805;2565;6180;.415;340;1032;.329;2225;5148;.432;1482;2089;.709;1032;2323;3355;1645;646;383;1557;1908;6952;
;241.5;31.3;75.4;.415;4.1;12.6;.329;27.1;62.8;.432;18.1;25.5;.709;12.6;28.3;40.9;20.1;7.9;4.7;19.0;23.3;84.8;
82;19805;2916;6396;.456;358;1049;.341;2558;5347;.478;1533;2070;.741;1000;2416;3416;1902;853;461;1244;1966;7723;
;241.5;35.6;78.0;.456;4.4;12.8;.341;31.2;65.2;.478;18.7;25.2;.741;12.2;29.5;41.7;23.2;10.4;5.6;15.2;24.0;94.2;
17;65;15;67;-9.40;0.17;-9.23;94.2;104.6;89.4;.338;.167;.443;18.0;29.9;.240;.484;14.5;69.9;.240;United Center;907,064;
98-99
50;12075;1539;3837;.401;177;612;.289;1362;3225;.422;840;1185;.709;573;1394;1967;1017;436;169;774;1112;4095;
;241.5;30.8;76.7;.401;3.5;12.2;.289;27.2;64.5;.422;16.8;23.7;.709;11.5;27.9;39.3;20.3;8.7;3.4;15.5;22.2;81.9;
50;12075;1723;3786;.455;208;612;.340;1515;3174;.477;914;1247;.733;551;1568;2119;1099;444;285;782;1074;4568;
;241.5;34.5;75.7;.455;4.2;12.2;.340;30.3;63.5;.477;18.3;24.9;.733;11.0;31.4;42.4;22.0;8.9;5.7;15.6;21.5;91.4;
13;37;9;41;-9.46;0.88;-8.58;92.4;103.0;88.1;.309;.159;.424;15.1;26.8;.219;.483;15.3;71.7;.241;United Center;560,012;
97-98
82;19855;3064;6801;.451;311;962;.323;2753;5839;.471;1492;2009;.743;1243;2438;3681;1952;696;353;1178;1691;7931;
;242.1;37.4;82.9;.451;3.8;11.7;.323;33.6;71.2;.471;18.2;24.5;.743;15.2;29.7;44.9;23.8;8.5;4.3;14.4;20.6;96.7;
82;19855;2797;6483;.431;329;1022;.322;2468;5461;.452;1425;1956;.729;1016;2239;3255;1595;657;356;1268;1774;7348;
;242.1;34.1;79.1;.431;4.0;12.5;.322;30.1;66.6;.452;17.4;23.9;.729;12.4;27.3;39.7;19.5;8.0;4.3;15.5;21.6;89.6;
62;20;61;21;7.11;0.13;7.24;107.7;99.8;89.0;.295;.141;.473;13.3;35.7;.219;.457;14.7;70.6;.220;United Center;983,444;
96-97
82;19730;3277;6923;.473;523;1403;.373;2754;5520;.499;1381;1848;.747;1235;2461;3696;2142;716;332;1109;1617;8458;
;240.6;40.0;84.4;.473;6.4;17.1;.373;33.6;67.3;.499;16.8;22.5;.747;15.1;30.0;45.1;26.1;8.7;4.0;13.5;19.7;103.1;
82;19730;2898;6653;.436;471;1408;.335;2427;5245;.463;1305;1770;.737;1088;2205;3293;1619;624;286;1293;1732;7572;
;240.6;35.3;81.1;.436;5.7;17.2;.335;29.6;64.0;.463;15.9;21.6;.737;13.3;26.9;40.2;19.7;7.6;3.5;15.8;21.1;92.3;
69;13;68;14;10.80;-0.11;10.70;114.4;102.4;90.0;.267;.203;.511;12.5;35.9;.199;.471;14.8;69.3;.196;United Center;978,457;
95-96
82;19730;3293;6892;.478;544;1349;.403;2749;5543;.496;1495;2004;.746;1247;2411;3658;2033;745;345;1175;1807;8625;
;240.6;40.2;84.0;.478;6.6;16.5;.403;33.5;67.6;.496;18.2;24.4;.746;15.2;29.4;44.6;24.8;9.1;4.2;14.3;22.0;105.2;
82;19730;2880;6428;.448;437;1249;.350;2443;5179;.472;1424;1985;.717;981;2136;3117;1592;595;312;1405;1856;7621;
;240.6;35.1;78.4;.448;5.3;15.2;.350;29.8;63.2;.472;17.4;24.2;.717;12.0;26.0;38.0;19.4;7.3;3.8;17.1;22.6;92.9;
72;10;70;12;12.24;-0.44;11.80;115.2;101.8;91.1;.291;.196;.517;13.1;36.9;.217;.482;16.1;71.1;.222;United Center;969,149;
94-95
82;19830;3191;6710;.476;443;1187;.373;2748;5523;.498;1500;2065;.726;1106;2294;3400;1970;797;352;1297;1962;8325;
;241.8;38.9;81.8;.476;5.4;14.5;.373;33.5;67.4;.498;18.3;25.2;.726;13.5;28.0;41.5;24.0;9.7;4.3;15.8;23.9;101.5;
82;19830;2923;6399;.457;401;1150;.349;2522;5249;.480;1682;2280;.738;1068;2252;3320;1713;687;369;1485;1892;7929;
;241.8;35.6;78.0;.457;4.9;14.0;.349;30.8;64.0;.480;20.5;27.8;.738;13.0;27.5;40.5;20.9;8.4;4.5;18.1;23.1;96.7;
47;35;54;28;4.83;-0.51;4.32;109.5;104.3;92.0;.308;.177;.509;14.5;32.9;.224;.488;16.7;68.2;.263;United Center;926,218;
93-94
82;19780;3245;6815;.476;233;659;.354;3012;6156;.489;1310;1859;.705;1143;2391;3534;2102;740;354;1306;1750;8033;
;241.2;39.6;83.1;.476;2.8;8.0;.354;36.7;75.1;.489;16.0;22.7;.705;13.9;29.2;43.1;25.6;9.0;4.3;15.9;21.3;98.0;
82;19780;3029;6542;.463;252;780;.323;2777;5762;.482;1470;1987;.740;985;2240;3225;1840;730;374;1335;1725;7780;
;241.2;36.9;79.8;.463;3.1;9.5;.323;33.9;70.3;.482;17.9;24.2;.740;12.0;27.3;39.3;22.4;8.9;4.6;16.3;21.0;94.9;
55;27;50;32;3.09;-0.22;2.87;106.1;102.7;91.9;.273;.097;.493;14.6;33.8;.192;.482;15.3;70.8;.225;Chicago Stadium;760,816;
92-93
82;19830;3475;7205;.482;244;669;.365;3231;6536;.494;1431;1952;.733;1290;2283;3573;2133;783;410;1103;1804;8625;
;241.8;42.4;87.9;.482;3.0;8.2;.365;39.4;79.7;.494;17.5;23.8;.733;15.7;27.8;43.6;26.0;9.5;5.0;13.5;22.0;105.2;
82;19830;3139;6622;.474;247;685;.361;2892;5937;.487;1584;2033;.779;1039;2265;3304;1918;595;357;1372;1731;8109;
;241.8;38.3;80.8;.474;3.0;8.4;.361;35.3;72.4;.487;19.3;24.8;.779;12.7;27.6;40.3;23.4;7.3;4.4;16.7;21.1;98.9;
57;25;58;24;6.29;-0.10;6.19;112.9;106.1;92.5;.271;.093;.499;12.0;36.3;.199;.493;15.4;68.7;.239;Chicago Stadium;759,656;
91-92
82;19830;3643;7168;.508;138;454;.304;3505;6714;.522;1587;2132;.744;1173;2439;3612;2279;672;480;1088;1693;9011;
;241.8;44.4;87.4;.508;1.7;5.5;.304;42.7;81.9;.522;19.4;26.0;.744;14.3;29.7;44.0;27.8;8.2;5.9;13.3;20.6;109.9;
82;19830;3206;6970;.460;218;657;.332;2988;6313;.473;1525;1985;.768;1081;2171;3252;1841;631;352;1288;1800;8155;
;241.8;39.1;85.0;.460;2.7;8.0;.332;36.4;77.0;.473;18.6;24.2;.768;13.2;26.5;39.7;22.5;7.7;4.3;15.7;22.0;99.5;
67;15;66;16;10.44;-0.37;10.07;115.5;104.5;94.4;.297;.063;.518;11.8;35.1;.221;.476;14.1;69.3;.219;Chicago Stadium;759,980;
90-91
82;19755;3632;7125;.510;155;424;.366;3477;6701;.519;1605;2111;.760;1148;2342;3490;2212;822;438;1184;1751;9024;
;240.9;44.3;86.9;.510;1.9;5.2;.366;42.4;81.7;.519;19.6;25.7;.760;14.0;28.6;42.6;27.0;10.0;5.3;14.4;21.4;110.0;
82;19755;3267;6884;.475;190;626;.304;3077;6258;.492;1554;2017;.770;1062;2162;3224;2016;633;348;1402;1826;8278;
;240.9;39.8;84.0;.475;2.3;7.6;.304;37.5;76.3;.492;19.0;24.6;.770;13.0;26.4;39.3;24.6;7.7;4.2;17.1;22.3;101.0;
61;21;63;19;9.10;-0.53;8.57;114.6;105.2;95.6;.296;.060;.521;12.8;34.7;.225;.488;15.3;68.8;.226;Chicago Stadium;757,745;
89-90
82;19830;3531;7090;.498;250;669;.374;3281;6421;.511;1665;2140;.778;1075;2279;3354;2172;814;388;1247;1906;8977;
;241.8;43.1;86.5;.498;3.0;8.2;.374;40.0;78.3;.511;20.3;26.1;.778;13.1;27.8;40.9;26.5;9.9;4.7;15.2;23.2;109.5;
82;19830;3361;6819;.493;204;581;.351;3157;6238;.506;1784;2392;.746;1068;2296;3364;2110;665;383;1411;1742;8710;
;241.8;41.0;83.2;.493;2.5;7.1;.351;38.5;76.1;.506;21.8;29.2;.746;13.0;28.0;41.0;25.7;8.1;4.7;17.2;21.2;106.2;
55;27;50;32;3.26;-0.51;2.74;112.3;109.0;96.7;.302;.094;.516;13.4;31.9;.235;.508;15.2;68.1;.262;Chicago Stadium;752,564;
88-89
82;19780;3448;6968;.495;174;530;.328;3274;6438;.509;1656;2106;.786;1018;2453;3471;2213;722;376;1327;1855;8726;
;241.2;42.0;85.0;.495;2.1;6.5;.328;39.9;78.5;.509;20.2;25.7;.786;12.4;29.9;42.3;27.0;8.8;4.6;16.2;22.6;106.4;
82;19780;3361;7098;.474;193;590;.327;3168;6508;.487;1693;2190;.773;1078;2300;3378;2099;686;348;1255;1781;8608;
;241.2;41.0;86.6;.474;2.4;7.2;.327;38.6;79.4;.487;20.6;26.7;.773;13.1;28.0;41.2;25.6;8.4;4.2;15.3;21.7;105.0;
47;35;45;37;1.44;0.69;2.13;109.1;107.7;97.0;.302;.076;.507;14.4;30.7;.238;.487;13.5;69.5;.239;Chicago Stadium;736,962;
87-88
82;19855;3434;7015;.490;56;243;.230;3378;6772;.499;1685;2221;.759;1170;2459;3629;2149;712;475;1263;1849;8609;
;242.1;41.9;85.5;.490;0.7;3.0;.230;41.2;82.6;.499;20.5;27.1;.759;14.3;30.0;44.3;26.2;8.7;5.8;15.4;22.5;105.0;
82;19855;3276;6967;.470;108;368;.293;3168;6599;.480;1670;2205;.757;1023;2268;3291;2079;597;415;1244;1880;8330;
;242.1;40.0;85.0;.470;1.3;4.5;.293;38.6;80.5;.480;20.4;26.9;.757;12.5;27.7;40.1;25.4;7.3;5.1;15.2;22.9;101.6;
50;32;50;32;3.40;0.35;3.76;109.0;105.5;95.5;.317;.035;.494;13.6;34.0;.240;.478;13.5;70.6;.240;Chicago Stadium;740,411;
86-87
82;19830;3382;7155;.473;78;299;.261;3304;6856;.482;1754;2254;.778;1248;2400;3648;2143;677;438;1257;1922;8596;
;241.8;41.2;87.3;.473;1.0;3.6;.261;40.3;83.6;.482;21.4;27.5;.778;15.2;29.3;44.5;26.1;8.3;5.3;15.3;23.4;104.8;
82;19830;3337;6910;.483;115;337;.341;3222;6573;.490;1734;2255;.769;1027;2317;3344;2028;583;492;1269;1844;8523;
;241.8;40.7;84.3;.483;1.4;4.1;.341;39.3;80.2;.490;21.1;27.5;.769;12.5;28.3;40.8;24.7;7.1;6.0;15.5;22.5;103.9;
40;42;43;39;0.89;0.37;1.26;108.6;107.6;95.8;.315;.042;.478;13.4;35.0;.245;.491;13.8;70.0;.251;Chicago Stadium;650,818;
85-86
82;19855;3476;7227;.481;88;317;.278;3388;6910;.490;1922;2499;.769;1280;2278;3558;2006;609;400;1436;2166;8962;
;242.1;42.4;88.1;.481;1.1;3.9;.278;41.3;84.3;.490;23.4;30.5;.769;15.6;27.8;43.4;24.5;7.4;4.9;17.5;26.4;109.3;
82;19855;3601;7138;.504;70;233;.300;3531;6905;.511;2002;2627;.762;1104;2362;3466;2170;664;491;1298;2002;9274;
;242.1;43.9;87.0;.504;0.9;2.8;.300;43.1;84.2;.511;24.4;32.0;.762;13.5;28.8;42.3;26.5;8.1;6.0;15.8;24.4;113.1;
30;52;31;51;-3.80;0.69;-3.12;108.6;112.4;99.7;.346;.044;.487;14.7;35.1;.266;.509;13.5;67.4;.280;Chicago Stadium;469,226;
84-85
82;19805;3453;6909;.500;29;161;.180;3424;6748;.507;1981;2526;.784;1074;2366;3440;1992;622;468;1463;2071;8916;
;241.5;42.1;84.3;.500;0.4;2.0;.180;41.8;82.3;.507;24.2;30.8;.784;13.1;28.9;42.0;24.3;7.6;5.7;17.8;25.3;108.7;
82;19805;3521;7210;.488;91;292;.312;3430;6918;.496;1852;2394;.774;1137;2260;3397;2045;668;447;1323;2040;8985;
;241.5;42.9;87.9;.488;1.1;3.6;.312;41.8;84.4;.496;22.6;29.2;.774;13.9;27.6;41.4;24.9;8.1;5.5;16.1;24.9;109.6;
38;44;39;43;-0.84;0.34;-0.50;108.7;109.6;99.4;.366;.023;.502;15.4;32.2;.287;.495;13.8;67.5;.257;Chicago Stadium;487,297;
83-84
82;19980;3305;6972;.474;20;117;.171;3285;6855;.479;1871;2508;.746;1141;2300;3441;2095;687;454;1578;2196;8501;
;243.7;40.3;85.0;.474;0.2;1.4;.171;40.1;83.6;.479;22.8;30.6;.746;13.9;28.0;42.0;25.5;8.4;5.5;19.2;26.8;103.7;
82;19980;3502;7082;.494;37;182;.203;3465;6900;.502;1885;2471;.763;1125;2388;3513;2235;786;514;1513;2110;8926;
;243.7;42.7;86.4;.494;0.5;2.2;.203;42.3;84.1;.502;23.0;30.1;.763;13.7;29.1;42.8;27.3;9.6;6.3;18.5;25.7;108.9;
27;55;28;54;-5.18;0.50;-4.69;102.4;107.5;99.8;.360;.017;.475;16.3;32.3;.268;.497;15.6;67.2;.266;Chicago Stadium;256,430;
82-83
82;19905;3537;7373;.480;45;209;.215;3492;7164;.487;1983;2690;.737;1267;2527;3794;2086;666;400;1743;2192;9102;
;242.7;43.1;89.9;.480;0.5;2.5;.215;42.6;87.4;.487;24.2;32.8;.737;15.5;30.8;46.3;25.4;8.1;4.9;21.3;26.7;111.0;
82;19905;3816;7712;.495;46;176;.261;3770;7536;.500;1825;2438;.749;1197;2456;3653;2230;845;633;1462;2266;9503;
;242.7;46.5;94.0;.495;0.6;2.1;.261;46.0;91.9;.500;22.3;29.7;.749;14.6;30.0;44.5;27.2;10.3;7.7;17.8;27.6;115.9;
28;54;29;53;-4.89;0.48;-4.41;103.4;108.0;106.1;.365;.028;.483;16.9;34.0;.269;.498;14.3;67.9;.237;Chicago Stadium;296,411;
81-82
82;19880;3369;6728;.501;54;213;.254;3315;6515;.509;1951;2545;.767;1125;2525;3650;2043;580;483;1636;2008;8743;
;242.4;41.1;82.0;.501;0.7;2.6;.254;40.4;79.5;.509;23.8;31.0;.767;13.7;30.8;44.5;24.9;7.1;5.9;20.0;24.5;106.6;
82;19880;3659;7388;.495;58;194;.299;3601;7194;.501;1533;2053;.747;1134;2225;3359;2043;807;469;1257;2220;8909;
;242.4;44.6;90.1;.495;0.7;2.4;.299;43.9;87.7;.501;18.7;25.0;.747;13.8;27.1;41.0;24.9;9.8;5.7;15.3;27.1;108.6;
34;48;36;46;-2.02;0.45;-1.57;106.6;108.6;99.0;.378;.032;.505;17.3;33.6;.290;.499;13.2;69.0;.207;Chicago Stadium;372,613;
80-81
82;19780;3457;6903;.501;38;179;.212;3419;6724;.508;1985;2563;.774;1227;2475;3702;1925;729;514;1672;2058;8937;
;241.2;42.2;84.2;.501;0.5;2.2;.212;41.7;82.0;.508;24.2;31.3;.774;15.0;30.2;45.1;23.5;8.9;6.3;20.4;25.1;109.0;
82;19780;3527;7209;.489;52;223;.233;3475;6986;.497;1669;2211;.755;1145;2096;3241;1950;784;441;1502;2135;8775;
;241.2;43.0;87.9;.489;0.6;2.7;.233;42.4;85.2;.497;20.4;27.0;.755;14.0;25.6;39.5;23.8;9.6;5.4;18.3;26.0;107.0;
45;37;46;36;1.98;0.37;2.34;107.8;105.8;100.6;.371;.026;.504;17.2;36.9;.288;.493;15.5;68.4;.232;Chicago Stadium;391,118;
79-80
82;19905;3362;6943;.484;70;275;.255;3292;6668;.494;2019;2592;.779;1115;2465;3580;2152;704;392;1684;2146;8813;
;242.7;41.0;84.7;.484;0.9;3.4;.255;40.1;81.3;.494;24.6;31.6;.779;13.6;30.1;43.7;26.2;8.6;4.8;20.5;26.2;107.5;
82;19905;3585;7222;.496;54;199;.271;3531;7023;.503;1811;2358;.768;1159;2345;3504;2109;846;498;1543;2203;9035;
;242.7;43.7;88.1;.496;0.7;2.4;.271;43.1;85.6;.503;22.1;28.8;.768;14.1;28.6;42.7;25.7;10.3;6.1;18.8;26.9;110.2;
30;52;34;48;-2.71;0.08;-2.63;104.3;107.0;101.8;.373;.040;.489;17.2;32.2;.291;.500;15.7;68.0;.251;Chicago Stadium;;
78-79
82;19780;3478;7108;.489;1632;2184;.747;1224;2544;3768;2169;576;324;1813;1970;8588;
;241.2;42.4;86.7;.489;19.9;26.6;.747;14.9;31.0;46.0;26.5;7.0;4.0;22.1;24.0;104.7;
82;19780;3682;7408;.497;1549;2029;.763;1095;2377;3472;2146;844;503;1468;2093;8913;
;241.2;44.9;90.3;.497;18.9;24.7;.763;13.4;29.0;42.3;26.2;10.3;6.1;17.9;25.5;108.7;
31;51;31;51;-3.96;0.18;-3.78;101.3;105.1;102.9;.307;;.489;18.3;34.0;.230;.497;15.0;69.9;.209;Chicago Stadium;;
77-78
82;19755;3330;7041;.473;1863;2471;.754;1248;2577;3825;2119;665;322;1667;1930;8523;
;240.9;40.6;85.9;.473;22.7;30.1;.754;15.2;31.4;46.6;25.8;8.1;3.9;20.3;23.5;103.9;
82;19755;3565;7273;.490;1466;1980;.740;1065;2367;3432;2076;777;451;1479;2199;8596;
;240.9;43.5;88.7;.490;17.9;24.1;.740;13.0;28.9;41.9;25.3;9.5;5.5;18.0;26.8;104.8;
40;42;39;43;-0.89;0.10;-0.79;102.0;102.9;101.5;.351;;.473;17.0;34.5;.265;.490;15.4;70.8;.202;Chicago Stadium;;
76-77
82;19805;3249;7186;.452;1613;2159;.747;1292;2705;3997;1989;699;364;1552;1871;8111;
;241.5;39.6;87.6;.452;19.7;26.3;.747;15.8;33.0;48.7;24.3;8.5;4.4;18.9;22.8;98.9;
82;19805;3306;7095;.466;1425;1907;.747;1055;2559;3614;1917;723;460;1598;2166;8037;
;241.5;40.3;86.5;.466;17.4;23.3;.747;12.9;31.2;44.1;23.4;8.8;5.6;19.5;26.4;98.0;
44;38;44;38;0.90;0.02;0.92;98.3;97.4;100.0;.300;;.452;16.0;33.5;.224;.466;16.8;71.9;.201;Chicago Stadium;;
75-76
82;19780;3106;7499;.414;1651;2197;.751;1375;2726;4101;1704;627;255;1413;1977;7863;
;241.2;37.9;91.5;.414;20.1;26.8;.751;16.8;33.2;50.0;20.8;7.6;3.1;17.2;24.1;95.9;
82;19780;3246;6946;.467;1609;2137;.753;930;2809;3739;1669;615;461;1485;2081;8101;
;241.2;39.6;84.7;.467;19.6;26.1;.753;11.3;34.3;45.6;20.4;7.5;5.6;18.1;25.4;98.8;
24;58;33;49;-2.90;0.01;-2.89;95.2;98.0;100.3;.293;;.414;14.3;32.9;.220;.467;15.8;74.6;.232;Chicago Stadium;;
74-75
82;19880;3167;7085;.447;1711;2203;.777;1107;2786;3893;1840;668;379;1482;1952;8045;
;242.4;38.6;86.4;.447;20.9;26.9;.777;13.5;34.0;47.5;22.4;8.1;4.6;18.1;23.8;98.1;
82;19880;3167;7070;.448;1457;1900;.767;1008;2647;3655;1686;625;404;1580;2168;7791;
;242.4;38.6;86.2;.448;17.8;23.2;.767;12.3;32.3;44.6;20.6;7.6;4.9;19.3;26.4;95.0;
47;35;50;32;3.10;-0.22;2.88;97.4;94.4;99.7;.311;;.447;15.5;29.5;.241;.448;16.7;73.4;.206;Chicago Stadium;;
73-74
82;19780;3292;7378;.446;1784;2314;.771;1143;2616;3759;1868;764;316;1690;1874;8368;
;241.2;40.1;90.0;.446;21.8;28.2;.771;13.9;31.9;45.8;22.8;9.3;3.9;20.6;22.9;102.0;
82;19780;3336;7246;.460;1425;1847;.772;1136;2734;3870;1830;614;406;1880;2200;8097;
;241.2;40.7;88.4;.460;17.4;22.5;.772;13.9;33.3;47.2;22.3;7.5;5.0;22.9;26.8;98.7;
54;28;50;32;3.30;-0.10;3.20;96.7;93.6;105.0;.314;;.446;16.8;29.5;.242;.460;18.9;69.7;.197;Chicago Stadium;;
72-73
82;19805;3480;7835;.444;1574;2073;.759;;;4000;2023;1881;8534;
;241.5;42.4;95.5;.444;19.2;25.3;.759;;;48.8;24.7;22.9;104.1;
82;19805;3343;7098;.471;1562;2080;.751;;;3915;1910;2002;8248;
;241.5;40.8;86.6;.471;19.0;25.4;.751;;;47.7;23.3;24.4;100.6;
51;31;51;31;3.49;-0.06;3.43;98.9;95.6;104.5;.265;;.444;;;.201;.471;;;.220;Chicago Stadium;;
71-72
82;19780;3539;7853;.451;2039;2700;.755;;;4371;2087;1964;9117;
;241.2;43.2;95.8;.451;24.9;32.9;.755;;;53.3;25.5;24.0;111.2;
82;19780;3263;7189;.454;1914;2617;.731;;;3928;1853;2041;8440;
;241.2;39.8;87.7;.454;23.3;31.9;.731;;;47.9;22.6;24.9;102.9;
57;25;61;21;8.26;-0.35;7.91;101.9;94.3;108.6;.344;;.451;;;.260;.454;;;.266;Chicago Stadium;;
70-71
82;19755;3460;7660;.452;2150;2721;.790;;;4325;2142;1797;9070;
;240.9;42.2;93.4;.452;26.2;33.2;.790;;;52.7;26.1;21.9;110.6;
82;19755;3491;7709;.453;1658;2216;.748;;;4031;1914;2099;8640;
;240.9;42.6;94.0;.453;20.2;27.0;.748;;;49.2;23.3;25.6;105.4;
51;31;54;28;5.24;0.23;5.47;100.5;95.7;109.7;.355;;.452;;;.281;.453;;;.215;Chicago Stadium;;
69-70
82;19880;3607;8133;.444;2209;2861;.772;;;4383;2133;1863;9423;
;242.4;44.0;99.2;.444;26.9;34.9;.772;;;53.5;26.0;22.7;114.9;
82;19880;;;;;;;;;;;;9567;
;242.4;;;;;;;;;;;;116.7;
39;43;37;45;-1.76;0.04;-1.71;97.6;99.1;116.5;.352;;.444;;;.272;;;;;Chicago Stadium;;
68-69
82;19755;3355;8021;.418;1877;2577;.728;;;4550;1597;2064;8587;
;240.9;40.9;97.8;.418;22.9;31.4;.728;;;55.5;19.5;25.2;104.7;
82;19755;;;;;;;;;;;;8772;
;240.9;;;;;;;;;;;;107.0;
33;49;35;47;-2.26;0.15;-2.11;92.0;94.0;113.4;.321;;.418;;;.234;;;;;Chicago Stadium;;
67-68
82;19805;3488;8138;.429;2006;2718;.738;;;5117;1527;2130;8982;
;241.5;42.5;99.2;.429;24.5;33.1;.738;;;62.4;18.6;26.0;109.5;
82;19805;;;;;;;;;;;;9310;
;241.5;;;;;;;;;;;;113.5;
29;53;31;51;-4.00;0.24;-3.76;94.1;97.5;115.7;.334;;.429;;;.246;;;;;Chicago Stadium;;
66-67
81;19490;3565;8505;.419;2037;2784;.732;;;5295;1827;2205;9167;
;240.6;44.0;105.0;.419;25.1;34.4;.732;;;65.4;22.6;27.2;113.2;
81;19490;;;;;;;;;;;;9470;
;240.6;;;;;;;;;;;;116.9;
33;48;31;50;-3.74;0.37;-3.37;92.3;95.4;122.2;.327;;.419;;;.240;;;;;International Amphitheatre;;
