Cleveland Cavaliers;CLE;1970;Cleveland, Ohio;1933-2256;22;1;E;;
Totals
21-22;44;38;3;24.7;6-7;220;
20-21;22;50;4;24.0;6-6;223;
19-20;19;46;5;25.0;6-5;221;
18-19;19;63;5;25.2;6-6;214;
17-18;50;32;1;<span><strong>30.6</strong></span>;6-6;<span><strong>227</strong></span>;
16-17;51;31;1;29.2;6-6;228;
15-16;57;25;1;28.1;6-7;<span><strong>231</strong></span>;
14-15;53;29;1;26.9;6-7;<span><strong>225</strong></span>;
13-14;33;49;3;24.9;6-6;217;
12-13;24;58;5;24.1;6-6;216;
11-12;21;45;5;26.0;6-6;215;
10-11;19;63;5;26.6;6-6;215;
09-10;61;21;1;28.0;6-7;224;
08-09;66;16;1;26.6;6-7;218;
07-08;45;37;2;27.1;6-7;219;
06-07;50;32;2;26.9;6-7;216;
05-06;50;32;2;27.1;6-7;216;
04-05;42;40;4;26.5;6-8;224;
03-04;35;47;5;24.9;6-8;229;
02-03;17;65;8;23.5;6-7;221;
01-02;29;53;7;26.0;6-7;220;
00-01;30;52;6;26.9;6-6;225;
99-00;32;50;6;27.2;6-6;215;
98-99;22;28;7;26.7;6-6;210;
97-98;47;35;5;24.6;6-7;213;
96-97;42;40;5;26.7;6-6;217;
95-96;47;35;3;27.5;6-6;213;
94-95;43;39;4;28.3;6-6;211;
93-94;47;35;4;27.9;6-6;205;
92-93;54;28;2;28.8;6-6;202;
91-92;57;25;2;27.6;6-6;202;
90-91;33;49;6;26.8;6-7;205;
89-90;42;40;4;26.1;6-7;201;
88-89;57;25;2;26.1;6-7;203;
87-88;42;40;5;24.6;6-7;205;
86-87;31;51;6;24.6;6-7;208;
85-86;29;53;5;27.0;6-6;208;
84-85;36;46;4;26.6;6-6;208;
83-84;28;54;4;25.4;6-6;207;
82-83;23;59;5;26.4;6-6;205;
81-82;15;67;6;26.1;6-6;205;
80-81;28;54;5;25.7;6-6;209;
79-80;37;45;5;27.4;6-5;204;
78-79;30;52;5;27.3;6-6;204;
77-78;43;39;3;27.8;6-6;208;
76-77;43;39;4;27.4;6-6;205;
75-76;49;33;1;26.8;6-6;204;
74-75;40;42;3;25.9;6-6;205;
73-74;29;53;4;26.5;6-5;203;
72-73;32;50;4;26.2;6-5;204;
71-72;23;59;4;24.2;6-6;201;
70-71;15;67;4;24.3;6-6;202;
21-22
82;19730;3255;6940;.469;953;2686;.355;2302;4254;.541;1376;1810;.760;837;2786;3623;2064;580;343;1181;1433;8839;
;240.6;39.7;84.6;.469;11.6;32.8;.355;28.1;51.9;.541;16.8;22.1;.760;10.2;34.0;44.2;25.2;7.1;4.2;14.4;17.5;107.8;
82;19730;3236;7152;.452;960;2721;.353;2276;4431;.514;1233;1592;.774;858;2657;3515;1978;691;380;1101;1638;8665;
;240.6;39.5;87.2;.452;11.7;33.2;.353;27.8;54.0;.514;15.0;19.4;.774;10.5;32.4;42.9;24.1;8.4;4.6;13.4;20.0;105.7;
44;38;47;35;2.12;-0.08;2.04;111.9;109.7;96.1;.261;.387;.538;13.2;24.0;.198;.520;12.3;76.5;.172;Rocket Mortgage Fieldhouse;758,228;
20-21
72;17430;2778;6175;.450;720;2141;.336;2058;4034;.510;1200;1614;.743;751;2327;3078;1716;559;325;1114;1308;7476;
;242.1;38.6;85.8;.450;10.0;29.7;.336;28.6;56.0;.510;16.7;22.4;.743;10.4;32.3;42.8;23.8;7.8;4.5;15.5;18.2;103.8;
72;17430;3024;6245;.484;893;2334;.383;2131;3911;.545;1143;1468;.779;712;2437;3149;1828;613;425;1033;1451;8084;
;242.1;42.0;86.7;.484;12.4;32.4;.383;29.6;54.3;.545;15.9;20.4;.779;9.9;33.8;43.7;25.4;8.5;5.9;14.3;20.2;112.3;
22;50;18;54;-8.44;0.25;-8.19;105.8;114.4;97.3;.261;.347;.508;13.9;23.6;.194;.556;13.0;76.6;.183;Rocket Mortgage Fieldhouse;91,476;
19-20
65;15725;2619;5715;.458;727;2070;.351;1892;3645;.519;983;1296;.758;704;2172;2876;1500;447;211;1073;1188;6948;
;241.9;40.3;87.9;.458;11.2;31.8;.351;29.1;56.1;.519;15.1;19.9;.758;10.8;33.4;44.2;23.1;6.9;3.2;16.5;18.3;106.9;
65;15725;2851;5811;.491;804;2143;.375;2047;3668;.558;955;1245;.767;633;2154;2787;1699;613;412;844;1277;7461;
;241.9;43.9;89.4;.491;12.4;33.0;.375;31.5;56.4;.558;14.7;19.2;.767;9.7;33.1;42.9;26.1;9.4;6.3;13.0;19.6;114.8;
19;46;18;47;-7.89;0.12;-7.77;107.5;115.4;98.7;.227;.362;.522;14.6;24.6;.172;.560;11.7;77.4;.164;Rocket Mortgage Fieldhouse;643,008;
18-19
82;19755;3189;7184;.444;847;2388;.355;2342;4796;.488;1342;1694;.792;879;2619;3498;1698;534;195;1106;1642;8567;
;240.9;38.9;87.6;.444;10.3;29.1;.355;28.6;58.5;.488;16.4;20.7;.792;10.7;31.9;42.7;20.7;6.5;2.4;13.5;20.0;104.5;
82;19755;3539;7148;.495;984;2590;.380;2555;4558;.561;1293;1680;.770;782;2835;3617;2107;568;459;1022;1592;9355;
;240.9;43.2;87.2;.495;12.0;31.6;.380;31.2;55.6;.561;15.8;20.5;.770;9.5;34.6;44.1;25.7;6.9;5.6;12.5;19.4;114.1;
19;63;19;63;-9.61;0.22;-9.39;107.7;117.6;96.6;.236;.332;.503;12.2;23.7;.187;.564;11.5;77.0;.181;Quicken Loans Arena;793,337;
17-18
82;19730;3311;6950;.476;981;2636;.372;2330;4314;.540;1488;1909;.779;694;2761;3455;1916;582;312;1126;1524;9091;
;240.6;40.4;84.8;.476;12.0;32.1;.372;28.4;52.6;.540;18.1;23.3;.779;8.5;33.7;42.1;23.4;7.1;3.8;13.7;18.6;110.9;
82;19730;3429;7238;.474;956;2596;.368;2473;4642;.533;1200;1588;.756;812;2766;3578;2122;613;340;1105;1696;9014;
;240.6;41.8;88.3;.474;11.7;31.7;.368;30.2;56.6;.533;14.6;19.4;.756;9.9;33.7;43.6;25.9;7.5;4.1;13.5;20.7;109.9;
50;32;43;39;0.94;-0.35;0.59;112.9;111.9;98.0;.275;.379;.547;12.6;20.1;.214;.540;12.2;77.3;.166;Quicken Loans Arena;843,042;
16-17
82;19880;3275;6963;.470;1067;2779;.384;2208;4184;.528;1431;1913;.748;766;2821;3587;1858;539;327;1121;1486;9048;
;242.4;39.9;84.9;.470;13.0;33.9;.384;26.9;51.0;.528;17.5;23.3;.748;9.3;34.4;43.7;22.7;6.6;4.0;13.7;18.1;110.3;
82;19880;3333;7284;.458;850;2353;.361;2483;4931;.504;1271;1644;.773;902;2724;3626;2024;598;349;1033;1690;8787;
;242.4;40.6;88.8;.458;10.4;28.7;.361;30.3;60.1;.504;15.5;20.0;.773;11.0;33.2;44.2;24.7;7.3;4.3;12.6;20.6;107.2;
51;31;49;33;3.18;-0.31;2.87;113.6;110.3;96.2;.275;.399;.547;12.6;21.9;.206;.516;11.4;75.8;.174;Quicken Loans Arena;843,042;
15-16
82;19855;3171;6888;.460;880;2428;.362;2291;4460;.514;1333;1783;.748;873;2777;3650;1861;551;317;1114;1666;8555;
;242.1;38.7;84.0;.460;10.7;29.6;.362;27.9;54.4;.514;16.3;21.7;.748;10.6;33.9;44.5;22.7;6.7;3.9;13.6;20.3;104.3;
82;19855;3019;6736;.448;647;1862;.347;2372;4874;.487;1378;1855;.743;760;2604;3364;1756;590;362;1092;1690;8063;
;242.1;36.8;82.1;.448;7.9;22.7;.347;28.9;59.4;.487;16.8;22.6;.743;9.3;31.8;41.0;21.4;7.2;4.4;13.3;20.6;98.3;
57;25;57;25;6.00;-0.55;5.45;110.9;104.5;93.3;.259;.352;.524;12.7;25.1;.194;.496;12.6;78.5;.205;Quicken Loans Arena;843,042;
14-15
82;19780;3089;6739;.458;826;2253;.367;2263;4486;.504;1453;1934;.751;911;2612;3523;1814;603;340;1171;1510;8457;
;241.2;37.7;82.2;.458;10.1;27.5;.367;27.6;54.7;.504;17.7;23.6;.751;11.1;31.9;43.0;22.1;7.4;4.1;14.3;18.4;103.1;
82;19780;3121;6850;.456;634;1848;.343;2487;5002;.497;1214;1629;.745;885;2487;3372;1974;642;368;1092;1685;8090;
;241.2;38.1;83.5;.456;7.7;22.5;.343;30.3;61.0;.497;14.8;19.9;.745;10.8;30.3;41.1;24.1;7.8;4.5;13.3;20.5;98.7;
53;29;53;29;4.48;-0.40;4.08;111.1;106.3;92.3;.287;.334;.520;13.4;26.8;.216;.502;12.6;74.7;.177;Quicken Loans Arena;843,042;
13-14
82;19930;3036;6955;.437;584;1640;.356;2452;5315;.461;1398;1861;.751;989;2629;3618;1738;579;304;1163;1640;8054;
;243.0;37.0;84.8;.437;7.1;20.0;.356;29.9;64.8;.461;17.0;22.7;.751;12.1;32.1;44.1;21.2;7.1;3.7;14.2;20.0;98.2;
82;19930;3097;6847;.452;765;2083;.367;2332;4764;.490;1365;1803;.757;841;2648;3489;2037;587;461;1144;1599;8324;
;243.0;37.8;83.5;.452;9.3;25.4;.367;28.4;58.1;.490;16.6;22.0;.757;10.3;32.3;42.5;24.8;7.2;5.6;14.0;19.5;101.5;
33;49;32;50;-3.29;-0.57;-3.86;104.2;107.7;93.1;.268;.236;.479;13.0;27.2;.201;.508;13.0;75.8;.199;Quicken Loans Arena;710,522;
12-13
82;19730;2993;6901;.434;547;1581;.346;2446;5320;.460;1380;1826;.756;1004;2359;3363;1694;647;334;1149;1737;7913;
;240.6;36.5;84.2;.434;6.7;19.3;.346;29.8;64.9;.460;16.8;22.3;.756;12.2;28.8;41.0;20.7;7.9;4.1;14.0;21.2;96.5;
82;19730;3109;6527;.476;610;1639;.372;2499;4888;.511;1469;1987;.739;889;2563;3452;1963;624;560;1249;1615;8297;
;240.6;37.9;79.6;.476;7.4;20.0;.372;30.5;59.6;.511;17.9;24.2;.739;10.8;31.3;42.1;23.9;7.6;6.8;15.2;19.7;101.2;
24;58;28;54;-4.68;-0.19;-4.87;104.3;109.4;92.3;.265;.229;.473;13.0;28.1;.200;.523;14.4;72.6;.225;Quicken Loans Arena;663,882;
11-12
66;15965;2261;5360;.422;440;1273;.346;1821;4087;.446;1178;1645;.716;841;1949;2790;1308;466;262;1017;1317;6140;
;241.9;34.3;81.2;.422;6.7;19.3;.346;27.6;61.9;.446;17.8;24.9;.716;12.7;29.5;42.3;19.8;7.1;4.0;15.4;20.0;93.0;
66;15965;2536;5431;.467;448;1236;.362;2088;4195;.498;1095;1464;.748;752;2073;2825;1527;524;409;917;1381;6615;
;241.9;38.4;82.3;.467;6.8;18.7;.362;31.6;63.6;.498;16.6;22.2;.748;11.4;31.4;42.8;23.1;7.9;6.2;13.9;20.9;100.2;
21;45;17;49;-7.20;-0.14;-7.34;101.1;108.9;91.3;.307;.238;.463;14.3;28.9;.220;.508;13.1;72.2;.202;Quicken Loans Arena;525,577;
10-11
82;19755;2886;6647;.434;509;1489;.342;2377;5158;.461;1546;2075;.745;856;2449;3305;1720;544;341;1166;1648;7827;
;240.9;35.2;81.1;.434;6.2;18.2;.342;29.0;62.9;.461;18.9;25.3;.745;10.4;29.9;40.3;21.0;6.6;4.2;14.2;20.1;95.5;
82;19755;3232;6804;.475;664;1614;.411;2568;5190;.495;1438;1894;.759;894;2676;3570;1984;619;489;1111;1747;8566;
;240.9;39.4;83.0;.475;8.1;19.7;.411;31.3;63.3;.495;17.5;23.1;.759;10.9;32.6;43.5;24.2;7.5;6.0;13.5;21.3;104.5;
19;63;18;64;-9.01;0.14;-8.88;102.2;111.8;93.0;.312;.224;.472;13.4;24.2;.233;.524;12.7;73.3;.211;Quicken Loans Arena;824,595;
09-10
82;19780;3101;6391;.485;602;1582;.381;2499;4809;.520;1569;2180;.720;791;2692;3483;1835;564;425;1137;1591;8373;
;241.2;37.8;77.9;.485;7.3;19.3;.381;30.5;58.6;.520;19.1;26.6;.720;9.6;32.8;42.5;22.4;6.9;5.2;13.9;19.4;102.1;
82;19780;2935;6633;.442;524;1511;.347;2411;5122;.471;1444;1907;.757;794;2366;3160;1661;542;325;1045;1708;7838;
;241.2;35.8;80.9;.442;6.4;18.4;.347;29.4;62.5;.471;17.6;23.3;.757;9.7;28.9;38.5;20.3;6.6;4.0;12.7;20.8;95.6;
61;21;59;23;6.52;-0.36;6.17;111.2;104.1;91.4;.341;.248;.532;13.4;25.1;.246;.482;12.3;77.2;.218;Quicken Loans Arena;843,042;
08-09
82;19780;3022;6454;.468;656;1670;.393;2366;4784;.495;1523;2012;.757;886;2574;3460;1663;593;435;1045;1663;8223;
;241.2;36.9;78.7;.468;8.0;20.4;.393;28.9;58.3;.495;18.6;24.5;.757;10.8;31.4;42.2;20.3;7.2;5.3;12.7;20.3;100.3;
82;19780;2775;6444;.431;482;1447;.333;2293;4997;.459;1459;1895;.770;878;2310;3188;1568;519;338;1137;1664;7491;
;241.2;33.8;78.6;.431;5.9;17.6;.333;28.0;60.9;.459;17.8;23.1;.770;10.7;28.2;38.9;19.1;6.3;4.1;13.9;20.3;91.4;
66;16;65;17;8.93;-0.25;8.68;112.4;102.4;88.7;.312;.259;.519;12.5;27.7;.236;.468;13.5;74.6;.226;Quicken Loans Arena;841,000;
07-08
82;19855;2937;6697;.439;552;1544;.358;2385;5153;.463;1477;2061;.717;1092;2563;3655;1640;579;427;1145;1712;7903;
;242.1;35.8;81.7;.439;6.7;18.8;.358;29.1;62.8;.463;18.0;25.1;.717;13.3;31.3;44.6;20.0;7.1;5.2;14.0;20.9;96.4;
82;19855;2939;6462;.455;506;1419;.357;2433;5043;.482;1548;2070;.748;814;2500;3314;1721;559;388;1092;1666;7932;
;242.1;35.8;78.8;.455;6.2;17.3;.357;29.7;61.5;.482;18.9;25.2;.748;9.9;30.5;40.4;21.0;6.8;4.7;13.3;20.3;96.7;
45;37;40;42;-0.35;-0.17;-0.53;106.0;106.4;90.2;.308;.231;.480;13.1;30.4;.221;.494;12.9;75.9;.240;Quicken Loans Arena;839,074;
06-07
82;19880;2978;6658;.447;494;1404;.352;2484;5254;.473;1484;2133;.696;1039;2529;3568;1708;625;353;1177;1781;7934;
;242.4;36.3;81.2;.447;6.0;17.1;.352;30.3;64.1;.473;18.1;26.0;.696;12.7;30.8;43.5;20.8;7.6;4.3;14.4;21.7;96.8;
82;19880;2838;6337;.448;405;1231;.329;2433;5106;.476;1539;2096;.734;807;2461;3268;1649;540;349;1254;1804;7620;
;242.4;34.6;77.3;.448;4.9;15.0;.329;29.7;62.3;.476;18.8;25.6;.734;9.8;30.0;39.9;20.1;6.6;4.3;15.3;22.0;92.9;
50;32;52;30;3.83;-0.50;3.33;105.5;101.3;90.8;.320;.211;.484;13.4;29.7;.223;.480;14.7;75.8;.243;Quicken Loans Arena;837,883;
05-06
82;19830;2908;6412;.454;497;1465;.339;2411;4947;.487;1689;2318;.729;959;2511;3470;1560;567;392;1137;1733;8002;
;241.8;35.5;78.2;.454;6.1;17.9;.339;29.4;60.3;.487;20.6;28.3;.729;11.7;30.6;42.3;19.0;6.9;4.8;13.9;21.1;97.6;
82;19830;2949;6481;.455;459;1291;.356;2490;5190;.480;1462;1970;.742;807;2421;3228;1666;540;357;1079;1842;7819;
;241.8;36.0;79.0;.455;5.6;15.7;.356;30.4;63.3;.480;17.8;24.0;.742;9.8;29.5;39.4;20.3;6.6;4.4;13.2;22.5;95.4;
50;32;48;34;2.23;-0.06;2.17;107.8;105.4;89.8;.362;.228;.492;13.3;28.4;.263;.490;12.8;75.7;.226;Gund Arena;792,391;
04-05
82;19855;2990;6687;.447;300;904;.332;2690;5783;.465;1634;2174;.752;1117;2352;3469;1851;654;461;1141;1850;7914;
;242.1;36.5;81.5;.447;3.7;11.0;.332;32.8;70.5;.465;19.9;26.5;.752;13.6;28.7;42.3;22.6;8.0;5.6;13.9;22.6;96.5;
82;19855;2913;6444;.452;422;1122;.376;2491;5322;.468;1601;2135;.750;938;2324;3262;1737;549;419;1213;1770;7849;
;242.1;35.5;78.6;.452;5.1;13.7;.376;30.4;64.9;.468;19.5;26.0;.750;11.4;28.3;39.8;21.2;6.7;5.1;14.8;21.6;95.7;
42;40;43;39;0.79;-0.52;0.27;106.6;105.7;89.7;.325;.135;.470;13.0;32.5;.244;.485;14.1;71.5;.248;Gund Arena;784,249;
03-04
82;19855;2922;6753;.433;247;786;.314;2675;5967;.448;1528;2030;.753;1118;2619;3737;1808;585;537;1216;1743;7619;
;242.1;35.6;82.4;.433;3.0;9.6;.314;32.6;72.8;.448;18.6;24.8;.753;13.6;31.9;45.6;22.0;7.1;6.5;14.8;21.3;92.9;
82;19855;2956;6759;.437;431;1162;.371;2525;5597;.451;1491;1990;.749;971;2475;3446;1783;635;434;1071;1656;7834;
;242.1;36.0;82.4;.437;5.3;14.2;.371;30.8;68.3;.451;18.2;24.3;.749;11.8;30.2;42.0;21.7;7.7;5.3;13.1;20.2;95.5;
35;47;33;49;-2.62;-0.44;-3.07;101.4;104.2;90.8;.301;.116;.451;13.7;31.1;.226;.469;12.3;73.0;.221;Gund Arena;749,790;
02-03
82;19830;2850;6746;.422;293;896;.327;2557;5850;.437;1502;2012;.747;1118;2542;3660;1712;636;521;1501;1864;7495;
;241.8;34.8;82.3;.422;3.6;10.9;.327;31.2;71.3;.437;18.3;24.5;.747;13.6;31.0;44.6;20.9;7.8;6.4;18.3;22.7;91.4;
82;19830;3072;6786;.453;428;1197;.358;2644;5589;.473;1712;2219;.772;932;2491;3423;1972;802;494;1162;1709;8284;
;241.8;37.5;82.8;.453;5.2;14.6;.358;32.2;68.2;.473;20.9;27.1;.772;11.4;30.4;41.7;24.0;9.8;6.0;14.2;20.8;101.0;
17;65;16;66;-9.62;0.04;-9.59;96.5;106.7;94.0;.298;.133;.444;16.4;31.0;.223;.484;13.0;73.2;.252;Gund Arena;471,374;
01-02
82;19855;2948;6582;.448;387;1026;.377;2561;5556;.461;1529;1980;.772;968;2483;3451;1891;572;470;1196;1752;7812;
;242.1;36.0;80.3;.448;4.7;12.5;.377;31.2;67.8;.461;18.6;24.1;.772;11.8;30.3;42.1;23.1;7.0;5.7;14.6;21.4;95.3;
82;19855;3053;6678;.457;473;1200;.394;2580;5478;.471;1506;2014;.748;928;2382;3310;1989;602;459;1063;1638;8085;
;242.1;37.2;81.4;.457;5.8;14.6;.394;31.5;66.8;.471;18.4;24.6;.748;11.3;29.0;40.4;24.3;7.3;5.6;13.0;20.0;98.6;
29;53;31;51;-3.33;-0.19;-3.52;104.6;108.2;90.3;.301;.156;.477;13.8;28.9;.232;.493;12.3;72.8;.226;Gund Arena;596,115;
00-01
82;19830;2890;6532;.442;220;659;.334;2670;5873;.455;1561;2040;.765;1015;2440;3455;1708;642;436;1350;1904;7561;
;241.8;35.2;79.7;.442;2.7;8.0;.334;32.6;71.6;.455;19.0;24.9;.765;12.4;29.8;42.1;20.8;7.8;5.3;16.5;23.2;92.2;
82;19830;2927;6582;.445;422;1155;.365;2505;5427;.462;1633;2125;.768;990;2400;3390;1880;694;542;1229;1810;7909;
;241.8;35.7;80.3;.445;5.1;14.1;.365;30.5;66.2;.462;19.9;25.9;.768;12.1;29.3;41.3;22.9;8.5;6.6;15.0;22.1;96.5;
30;52;28;54;-4.24;-0.23;-4.48;100.3;104.9;91.2;.312;.101;.459;15.4;29.7;.239;.477;14.1;71.1;.248;Gund Arena;650,775;
99-00
82;19855;2977;6734;.442;343;919;.373;2634;5815;.453;1653;2205;.750;1010;2499;3509;1941;715;363;1427;2219;7950;
;242.1;36.3;82.1;.442;4.2;11.2;.373;32.1;70.9;.453;20.2;26.9;.750;12.3;30.5;42.8;23.7;8.7;4.4;17.4;27.1;97.0;
82;19855;2983;6736;.443;420;1229;.342;2563;5507;.465;1851;2385;.776;1013;2586;3599;1942;659;500;1389;2058;8237;
;242.1;36.4;82.1;.443;5.1;15.0;.342;31.3;67.2;.465;22.6;29.1;.776;12.4;31.5;43.9;23.7;8.0;6.1;16.9;25.1;100.5;
32;50;31;51;-3.50;-0.14;-3.64;100.4;104.0;95.7;.327;.136;.468;15.6;28.1;.245;.474;15.1;71.2;.275;Gund Arena;603,702;
98-99
50;12050;1562;3561;.439;182;534;.341;1380;3027;.456;1016;1356;.749;472;1316;1788;1093;452;203;785;1208;4322;
;241.0;31.2;71.2;.439;3.6;10.7;.341;27.6;60.5;.456;20.3;27.1;.749;9.4;26.3;35.8;21.9;9.0;4.1;15.7;24.2;86.4;
50;12050;1597;3664;.436;236;675;.350;1361;2989;.455;978;1316;.743;591;1405;1996;1056;392;282;821;1198;4408;
;241.0;31.9;73.3;.436;4.7;13.5;.350;27.2;59.8;.455;19.6;26.3;.743;11.8;28.1;39.9;21.1;7.8;5.6;16.4;24.0;88.2;
22;28;22;28;-1.72;0.78;-0.94;99.6;101.6;86.4;.381;.150;.464;15.9;25.1;.285;.468;16.2;69.0;.267;Gund Arena;352,992;
97-98
82;19830;2817;6207;.454;298;801;.372;2519;5406;.466;1653;2187;.756;955;2331;3286;1894;814;419;1418;1939;7585;
;241.8;34.4;75.7;.454;3.6;9.8;.372;30.7;65.9;.466;20.2;26.7;.756;11.6;28.4;40.1;23.1;9.9;5.1;17.3;23.6;92.5;
82;19830;2689;6214;.433;341;992;.344;2348;5222;.450;1642;2175;.755;948;2229;3177;1790;707;455;1444;1904;7361;
;241.8;32.8;75.8;.433;4.2;12.1;.344;28.6;63.7;.450;20.0;26.5;.755;11.6;27.2;38.7;21.8;8.6;5.5;17.6;23.2;89.8;
47;35;49;33;2.73;0.33;3.06;102.2;99.1;89.9;.352;.129;.478;16.5;30.0;.266;.460;16.8;71.1;.264;Gund Arena;694,629;
96-97
82;19855;2704;5972;.453;483;1284;.376;2221;4688;.474;1282;1773;.723;909;2159;3068;1714;655;315;1188;1882;7173;
;242.1;33.0;72.8;.453;5.9;15.7;.376;27.1;57.2;.474;15.6;21.6;.723;11.1;26.3;37.4;20.9;8.0;3.8;14.5;23.0;87.5;
82;19855;2488;5638;.441;459;1230;.373;2029;4408;.460;1587;2138;.742;845;2186;3031;1647;549;350;1331;1748;7022;
;242.1;30.3;68.8;.441;5.6;15.0;.373;24.7;53.8;.460;19.4;26.1;.742;10.3;26.7;37.0;20.1;6.7;4.3;16.2;21.3;85.6;
42;40;47;35;1.84;0.47;2.32;104.6;102.4;82.9;.297;.215;.493;15.0;29.4;.215;.482;16.8;71.9;.281;Gund Arena;692,684;
95-96
82;19830;2761;5998;.460;596;1582;.377;2165;4416;.490;1355;1775;.763;867;2055;2922;1818;674;340;1073;1685;7473;
;241.8;33.7;73.1;.460;7.3;19.3;.377;26.4;53.9;.490;16.5;21.6;.763;10.6;25.1;35.6;22.2;8.2;4.1;13.1;20.5;91.1;
82;19830;2674;5787;.462;513;1322;.388;2161;4465;.484;1400;1844;.759;874;2167;3041;1818;504;336;1282;1667;7261;
;241.8;32.6;70.6;.462;6.3;16.1;.388;26.4;54.5;.484;17.1;22.5;.759;10.7;26.4;37.1;22.2;6.1;4.1;15.6;20.3;88.5;
47;35;49;33;2.59;-0.09;2.49;109.9;106.7;82.3;.296;.264;.510;13.7;28.6;.226;.506;16.3;70.2;.242;Gund Arena;730,095;
94-95
82;19930;2756;6255;.441;398;1033;.385;2358;5222;.452;1507;1982;.760;1045;2237;3282;1672;630;349;1176;1694;7417;
;243.0;33.6;76.3;.441;4.9;12.6;.385;28.8;63.7;.452;18.4;24.2;.760;12.7;27.3;40.0;20.4;7.7;4.3;14.3;20.7;90.5;
82;19930;2803;6083;.461;396;1108;.357;2407;4975;.484;1364;1801;.757;851;2246;3097;1812;556;433;1213;1770;7366;
;243.0;34.2;74.2;.461;4.8;13.5;.357;29.4;60.7;.484;16.6;22.0;.757;10.4;27.4;37.8;22.1;6.8;5.3;14.8;21.6;89.8;
43;39;43;39;0.62;-0.07;0.55;105.3;104.6;84.8;.317;.165;.472;14.2;31.8;.241;.493;15.0;72.4;.224;Gund Arena;833,850;
93-94
82;19855;3133;6731;.465;294;813;.362;2839;5918;.480;1736;2254;.770;1090;2353;3443;2049;705;426;1136;1701;8296;
;242.1;38.2;82.1;.465;3.6;9.9;.362;34.6;72.2;.480;21.2;27.5;.770;13.3;28.7;42.0;25.0;8.6;5.2;13.9;20.7;101.2;
82;19855;3131;6741;.464;258;729;.354;2873;6012;.478;1446;1967;.735;1059;2335;3394;2006;628;461;1293;1797;7966;
;242.1;38.2;82.2;.464;3.1;8.9;.354;35.0;73.3;.478;17.6;24.0;.735;12.9;28.5;41.4;24.5;7.7;5.6;15.8;21.9;97.1;
47;35;52;30;4.02;-0.39;3.64;109.4;105.1;91.7;.335;.121;.487;12.8;31.8;.258;.484;14.5;69.0;.215;Coliseum at Richfield;753,686;
92-93
82;19830;3425;6887;.497;283;742;.381;3142;6145;.511;1699;2119;.802;929;2496;3425;2349;615;536;1120;1580;8832;
;241.8;41.8;84.0;.497;3.5;9.0;.381;38.3;74.9;.511;20.7;25.8;.802;11.3;30.4;41.8;28.6;7.5;6.5;13.7;19.3;107.7;
82;19830;3370;7229;.466;229;695;.329;3141;6534;.481;1334;1742;.766;1115;2379;3494;2109;610;365;1203;1828;8303;
;241.8;41.1;88.2;.466;2.8;8.5;.329;38.3;79.7;.481;16.3;21.2;.766;13.6;29.0;42.6;25.7;7.4;4.5;14.7;22.3;101.3;
54;28;58;24;6.45;-0.15;6.30;112.7;106.0;94.8;.308;.108;.518;12.5;28.1;.247;.482;13.1;69.1;.185;Coliseum at Richfield;751,465;
91-92
82;19805;3427;7025;.488;253;708;.357;3174;6317;.502;1819;2259;.805;1041;2450;3491;2260;616;621;1073;1556;8926;
;241.5;41.8;85.7;.488;3.1;8.6;.357;38.7;77.0;.502;22.2;27.5;.805;12.7;29.9;42.6;27.6;7.5;7.6;13.1;19.0;108.9;
82;19805;3496;7435;.470;193;581;.332;3303;6854;.482;1294;1683;.769;1236;2376;3612;2156;649;417;1150;1874;8479;
;241.5;42.6;90.7;.470;2.4;7.1;.332;40.3;83.6;.482;15.8;20.5;.769;15.1;29.0;44.0;26.3;7.9;5.1;14.0;22.9;103.4;
57;25;55;27;5.45;-0.11;5.34;113.9;108.2;95.0;.322;.101;.506;11.8;30.5;.259;.483;12.3;66.5;.174;Coliseum at Richfield;677,408;
90-91
82;19830;3259;6857;.475;160;479;.334;3099;6378;.486;1665;2176;.765;1011;2329;3340;2240;643;450;1281;1672;8343;
;241.8;39.7;83.6;.475;2.0;5.8;.334;37.8;77.8;.486;20.3;26.5;.765;12.3;28.4;40.7;27.3;7.8;5.5;15.6;20.4;101.7;
82;19830;3459;7117;.486;163;505;.323;3296;6612;.498;1464;1916;.764;1097;2398;3495;2150;710;394;1226;1895;8545;
;241.8;42.2;86.8;.486;2.0;6.2;.323;40.2;80.6;.498;17.9;23.4;.764;13.4;29.2;42.6;26.2;8.7;4.8;15.0;23.1;104.2;
33;49;34;48;-2.46;0.14;-2.33;106.1;108.7;95.1;.317;.070;.487;14.1;29.7;.243;.497;13.3;68.0;.206;Coliseum at Richfield;623,735;
89-90
82;19880;3214;6977;.461;346;851;.407;2868;6126;.468;1637;2201;.744;1128;2380;3508;2106;645;512;1243;1666;8411;
;242.4;39.2;85.1;.461;4.2;10.4;.407;35.0;74.7;.468;20.0;26.8;.744;13.8;29.0;42.8;25.7;7.9;6.2;15.2;20.3;102.6;
82;19880;3418;7135;.479;156;500;.312;3262;6635;.492;1444;1898;.761;1134;2451;3585;2137;680;379;1294;1893;8436;
;242.4;41.7;87.0;.479;1.9;6.1;.312;39.8;80.9;.492;17.6;23.1;.761;13.8;29.9;43.7;26.1;8.3;4.6;15.8;23.1;102.9;
42;40;40;42;-0.30;-0.31;-0.62;106.9;107.2;95.0;.315;.122;.485;13.5;31.5;.235;.490;14.0;67.7;.202;Coliseum at Richfield;695,710;
88-89
82;19755;3466;6904;.502;170;474;.359;3296;6430;.513;1821;2438;.747;1033;2475;3508;2260;791;586;1323;1592;8923;
;240.9;42.3;84.2;.502;2.1;5.8;.359;40.2;78.4;.513;22.2;29.7;.747;12.6;30.2;42.8;27.6;9.6;7.1;16.1;19.4;108.8;
82;19755;3385;7346;.461;172;508;.339;3213;6838;.470;1358;1748;.777;1214;2283;3497;2043;685;363;1429;1970;8300;
;240.9;41.3;89.6;.461;2.1;6.2;.339;39.2;83.4;.470;16.6;21.3;.777;14.8;27.8;42.6;24.9;8.4;4.4;17.4;24.0;101.2;
57;25;60;22;7.60;0.35;7.95;110.6;102.9;98.0;.353;.069;.514;14.2;31.2;.264;.473;15.0;67.1;.185;Coliseum at Richfield;721,426;
87-88
82;19780;3313;6755;.490;127;336;.378;3186;6419;.496;1813;2438;.744;1015;2289;3304;2070;733;526;1439;1836;8566;
;241.2;40.4;82.4;.490;1.5;4.1;.378;38.9;78.3;.496;22.1;29.7;.744;12.4;27.9;40.3;25.2;8.9;6.4;17.5;22.4;104.5;
82;19780;3383;7101;.476;127;400;.318;3256;6701;.486;1611;2044;.788;1159;2255;3414;1989;692;449;1439;2021;8504;
;241.2;41.3;86.6;.476;1.5;4.9;.318;39.7;81.7;.486;19.6;24.9;.788;14.1;27.5;41.6;24.3;8.4;5.5;17.5;24.6;103.7;
42;40;43;39;0.76;0.52;1.28;106.8;106.0;97.3;.361;.050;.500;15.5;31.0;.268;.485;15.2;66.4;.227;Coliseum at Richfield;504,847;
86-87
82;19755;3349;7122;.470;81;338;.240;3268;6784;.482;1779;2554;.697;1257;2420;3677;1912;672;559;1619;1853;8558;
;240.9;40.8;86.9;.470;1.0;4.1;.240;39.9;82.7;.482;21.7;31.1;.697;15.3;29.5;44.8;23.3;8.2;6.8;19.7;22.6;104.4;
82;19755;3556;7441;.478;95;342;.278;3461;7099;.488;1664;2209;.753;1254;2396;3650;2056;810;479;1398;2076;8871;
;240.9;43.4;90.7;.478;1.2;4.2;.278;42.2;86.6;.488;20.3;26.9;.753;15.3;29.2;44.5;25.1;9.9;5.8;17.0;25.3;108.2;
31;51;31;51;-3.82;0.63;-3.19;102.6;106.4;101.3;.359;.047;.476;16.4;34.4;.250;.484;14.2;65.9;.224;Coliseum at Richfield;447,125;
85-86
82;19780;3478;7239;.480;132;391;.338;3346;6848;.489;1748;2325;.752;1086;2455;3541;2064;627;436;1411;2267;8836;
;241.2;42.4;88.3;.480;1.6;4.8;.338;40.8;83.5;.489;21.3;28.4;.752;13.2;29.9;43.2;25.2;7.6;5.3;17.2;27.6;107.8;
82;19780;3435;7239;.475;86;297;.290;3349;6942;.482;2115;2758;.767;1131;2494;3625;2122;711;364;1331;1945;9071;
;241.2;41.9;88.3;.475;1.0;3.6;.290;40.8;84.7;.482;25.8;33.6;.767;13.8;30.4;44.2;25.9;8.7;4.4;16.2;23.7;110.6;
29;53;34;48;-2.87;0.68;-2.19;105.5;108.3;101.6;.321;.054;.490;14.6;30.3;.241;.480;13.6;68.5;.292;Coliseum at Richfield;391,842;
84-85
82;19780;3470;7364;.471;96;335;.287;3374;7029;.480;1867;2491;.749;1203;2445;3648;2096;622;472;1387;2173;8903;
;241.2;42.3;89.8;.471;1.2;4.1;.287;41.1;85.7;.480;22.8;30.4;.749;14.7;29.8;44.5;25.6;7.6;5.8;16.9;26.5;108.6;
82;19780;3547;7415;.478;70;253;.277;3477;7162;.485;1965;2554;.769;1210;2451;3661;2215;612;429;1357;2101;9129;
;241.2;43.3;90.4;.478;0.9;3.1;.277;42.4;87.3;.485;24.0;31.1;.769;14.8;29.9;44.6;27.0;7.5;5.2;16.5;25.6;111.3;
36;46;34;48;-2.76;0.48;-2.27;106.0;108.7;101.9;.338;.045;.478;14.1;32.9;.254;.483;13.7;66.9;.265;Coliseum at Richfield;324,004;
83-84
82;19855;3362;7232;.465;43;164;.262;3319;7068;.470;1619;2178;.743;1213;2388;3601;1930;630;375;1332;2206;8386;
;242.1;41.0;88.2;.465;0.5;2.0;.262;40.5;86.2;.470;19.7;26.6;.743;14.8;29.1;43.9;23.5;7.7;4.6;16.2;26.9;102.3;
82;19855;3373;6930;.487;50;190;.263;3323;6740;.493;1939;2541;.763;983;2405;3388;2141;579;395;1224;1906;8735;
;242.1;41.1;84.5;.487;0.6;2.3;.263;40.5;82.2;.493;23.6;31.0;.763;12.0;29.3;41.3;26.1;7.1;4.8;14.9;23.2;106.5;
28;54;30;52;-4.26;0.55;-3.71;104.1;108.5;97.4;.301;.023;.468;14.0;33.5;.224;.490;13.2;70.8;.280;Coliseum at Richfield;208,094;
82-83
82;19755;3252;6995;.465;30;120;.250;3222;6875;.469;1430;1983;.721;1173;2414;3587;1738;617;290;1538;2236;7964;
;240.9;39.7;85.3;.465;0.4;1.5;.250;39.3;83.8;.469;17.4;24.2;.721;14.3;29.4;43.7;21.2;7.5;3.5;18.8;27.3;97.1;
82;19755;3381;6911;.489;32;146;.219;3349;6765;.495;1780;2396;.743;974;2382;3356;2005;621;431;1275;1830;8574;
;240.9;41.2;84.3;.489;0.4;1.8;.219;40.8;82.5;.495;21.7;29.2;.743;11.9;29.0;40.9;24.5;7.6;5.3;15.5;22.3;104.6;
23;59;22;60;-7.44;0.66;-6.78;99.2;106.8;97.6;.283;.017;.467;16.4;33.0;.204;.492;13.8;71.3;.258;Coliseum at Richfield;160,537;
81-82
82;19805;3405;7334;.464;25;137;.182;3380;7197;.470;1628;2179;.747;1190;2170;3360;1871;634;357;1319;2193;8463;
;241.5;41.5;89.4;.464;0.3;1.7;.182;41.2;87.8;.470;19.9;26.6;.747;14.5;26.5;41.0;22.8;7.7;4.4;16.1;26.7;103.2;
82;19805;3608;7044;.512;39;131;.298;3569;6913;.516;1906;2529;.754;1125;2529;3654;2169;655;480;1405;2071;9161;
;241.5;44.0;85.9;.512;0.5;1.6;.298;43.5;84.3;.516;23.2;30.8;.754;13.7;30.8;44.6;26.5;8.0;5.9;17.1;25.3;111.7;
15;67;20;62;-8.51;0.74;-7.77;103.3;111.8;99.3;.297;.019;.466;13.7;32.0;.222;.515;14.7;65.9;.271;Coliseum at Richfield;232,421;
80-81
82;19780;3556;7609;.467;72;249;.289;3484;7360;.473;1486;1909;.778;1258;2243;3501;2007;632;322;1396;1995;8670;
;241.2;43.4;92.8;.467;0.9;3.0;.289;42.5;89.8;.473;18.1;23.3;.778;15.3;27.4;42.7;24.5;7.7;3.9;17.0;24.3;105.7;
82;19780;3608;7174;.503;52;168;.310;3556;7006;.508;1800;2395;.752;1158;2499;3657;2166;681;454;1474;1956;9068;
;241.2;44.0;87.5;.503;0.6;2.0;.310;43.4;85.4;.508;22.0;29.2;.752;14.1;30.5;44.6;26.4;8.3;5.5;18.0;23.9;110.6;
28;54;29;53;-4.85;0.70;-4.15;104.3;109.1;100.8;.251;.033;.472;14.2;33.5;.195;.507;15.2;66.0;.251;Coliseum at Richfield;224,499;
79-80
82;19930;3811;8041;.474;36;187;.193;3775;7854;.481;1702;2205;.772;1307;2381;3688;2108;764;342;1370;1934;9360;
;243.0;46.5;98.1;.474;0.4;2.3;.193;46.0;95.8;.481;20.8;26.9;.772;15.9;29.0;45.0;25.7;9.3;4.2;16.7;23.6;114.1;
82;19930;3811;7610;.501;65;223;.291;3746;7387;.507;1645;2150;.765;1230;2638;3868;2208;708;490;1667;2033;9332;
;243.0;46.5;92.8;.501;0.8;2.7;.291;45.7;90.1;.507;20.1;26.2;.765;15.0;32.2;47.2;26.9;8.6;6.0;20.3;24.8;113.8;
37;45;42;40;0.34;0.09;0.43;106.7;106.4;105.6;.274;.023;.476;13.2;33.1;.212;.505;16.3;65.9;.216;Coliseum at Richfield;;
78-79
82;19680;3556;7602;.468;1620;2103;.770;1229;2256;3485;1796;688;334;1376;2027;8732;
;240.0;43.4;92.7;.468;19.8;25.6;.770;15.0;27.5;42.5;21.9;8.4;4.1;16.8;24.7;106.5;
82;19680;3600;7150;.503;1837;2423;.758;1123;2587;3710;2062;658;503;1557;2001;9037;
;240.0;43.9;87.2;.503;22.4;29.5;.758;13.7;31.5;45.2;25.1;8.0;6.1;19.0;24.4;110.2;
30;52;31;51;-3.72;0.15;-3.57;103.7;107.3;102.7;.277;;.468;13.9;32.2;.213;.503;15.9;66.8;.257;Coliseum at Richfield;;
77-78
82;19880;3496;7707;.454;1569;2116;.741;1187;2676;3863;1740;692;455;1382;1832;8561;
;242.4;42.6;94.0;.454;19.1;25.8;.741;14.5;32.6;47.1;21.2;8.4;5.5;16.9;22.3;104.4;
82;19880;3474;7620;.456;1574;2113;.745;1214;2779;3993;1915;690;446;1475;1952;8522;
;242.4;42.4;92.9;.456;19.2;25.8;.745;14.8;33.9;48.7;23.4;8.4;5.4;18.0;23.8;103.9;
43;39;42;40;0.48;-0.04;0.44;99.9;99.4;103.5;.275;;.454;13.8;29.9;.204;.456;14.7;68.8;.207;Coliseum at Richfield;;
76-77
82;19780;3451;7688;.449;1468;1993;.737;1312;2563;3875;1845;579;472;1356;1951;8370;
;241.2;42.1;93.8;.449;17.9;24.3;.737;16.0;31.3;47.3;22.5;7.1;5.8;16.5;23.8;102.1;
82;19780;3265;7268;.449;1748;2325;.752;1202;2711;3913;1736;660;389;1542;1908;8278;
;241.2;39.8;88.6;.449;21.3;28.4;.752;14.7;33.1;47.7;21.2;8.0;4.7;18.8;23.3;101.0;
43;39;44;38;1.12;-0.04;1.08;100.0;98.9;101.5;.259;;.449;13.7;32.6;.191;.449;15.7;68.1;.241;Coliseum at Richfield;;
75-76
82;19805;3497;7709;.454;1346;1827;.737;1192;2588;3780;1844;638;397;1330;1871;8340;
;241.5;42.6;94.0;.454;16.4;22.3;.737;14.5;31.6;46.1;22.5;7.8;4.8;16.2;22.8;101.7;
82;19805;3262;7188;.454;1610;2152;.748;1134;2792;3926;1728;610;325;1579;1860;8134;
;241.5;39.8;87.7;.454;19.6;26.2;.748;13.8;34.0;47.9;21.1;7.4;4.0;19.3;22.7;99.2;
49;33;48;34;2.51;-0.17;2.34;99.5;97.0;101.6;.237;;.454;13.5;29.9;.175;.454;16.3;69.5;.224;Coliseum at Richfield;;
74-75
82;19880;3408;7371;.462;1301;1753;.742;1058;2502;3560;1903;600;348;1462;1881;8117;
;242.4;41.6;89.9;.462;15.9;21.4;.742;12.9;30.5;43.4;23.2;7.3;4.2;17.8;22.9;99.0;
82;19880;3263;7243;.451;1621;2102;.771;1235;2694;3929;1746;711;277;1618;1932;8147;
;242.4;39.8;88.3;.451;19.8;25.6;.771;15.1;32.9;47.9;21.3;8.7;3.4;19.7;23.6;99.4;
40;42;40;42;-0.37;0.05;-0.31;97.6;98.0;100.4;.238;;.462;15.2;28.2;.177;.451;16.5;67.0;.224;Coliseum at Richfield;;
73-74
82;19755;3420;7782;.439;1381;1788;.772;1275;2492;3767;2048;598;293;1545;1925;8221;
;240.9;41.7;94.9;.439;16.8;21.8;.772;15.5;30.4;45.9;25.0;7.3;3.6;18.8;23.5;100.3;
82;19755;3440;7342;.469;1696;2163;.784;1137;2802;3939;2120;630;343;1654;1853;8576;
;240.9;42.0;89.5;.469;20.7;26.4;.784;13.9;34.2;48.0;25.9;7.7;4.2;20.2;22.6;104.6;
29;53;29;53;-4.33;0.17;-4.16;96.0;100.1;104.1;.230;;.439;15.3;31.3;.177;.469;16.6;68.7;.231;Cleveland Arena;;
72-73
82;19830;3431;7884;.435;1556;2084;.747;;;4063;2106;1941;8418;
;241.8;41.8;96.1;.435;19.0;25.4;.747;;;49.5;25.7;23.7;102.7;
82;19830;3465;7673;.452;1707;2230;.765;;;4115;2311;1932;8637;
;241.8;42.3;93.6;.452;20.8;27.2;.765;;;50.2;28.2;23.6;105.3;
32;50;34;48;-2.67;0.03;-2.64;94.0;96.5;108.3;.264;;.435;;;.197;.452;;;.222;Cleveland Arena;;
71-72
82;19755;3458;8074;.428;1758;2390;.736;;;4098;2060;1936;8674;
;240.9;42.2;98.5;.428;21.4;29.1;.736;;;50.0;25.1;23.6;105.8;
82;19755;3653;7537;.485;1994;2611;.764;;;4034;2322;1937;9300;
;240.9;44.5;91.9;.485;24.3;31.8;.764;;;49.2;28.3;23.6;113.4;
23;59;22;60;-7.63;-0.26;-7.90;94.5;101.4;111.5;.296;;.428;;;.218;.485;;;.265;Cleveland Arena;;
70-71
82;19680;3299;7778;.424;1775;2380;.746;;;3982;2065;2114;8373;
;240.0;40.2;94.9;.424;21.6;29.0;.746;;;48.6;25.2;25.8;102.1;
82;19680;3476;7480;.465;2337;3024;.773;;;4175;2307;1899;9289;
;240.0;42.4;91.2;.465;28.5;36.9;.773;;;50.9;28.1;23.2;113.3;
15;67;16;66;-11.17;-0.87;-12.04;92.3;102.4;110.6;.306;;.424;;;.228;.465;;;.312;Cleveland Arena;;
