Brooklyn Nets;NJN;1967;Brooklyn, New York;1577-2127;23;0;E;;
Totals
21-22;44;38;4;29.1;6-5;217;
20-21;48;24;2;28.2;6-6;219;
19-20;35;37;4;26.3;6-6;220;
18-19;42;40;4;25.4;6-7;215;
17-18;28;54;5;25.1;6-7;218;
16-17;20;62;5;26.0;6-7;224;
15-16;21;61;4;26.9;6-6;220;
14-15;38;44;3;28.6;6-7;224;
13-14;44;38;2;30.0;6-7;219;
12-13;49;33;2;28.6;6-7;223;
11-12;22;44;5;26.1;6-6;219;
10-11;24;58;4;24.8;6-7;218;
09-10;12;70;5;24.8;6-7;217;
08-09;34;48;3;25.7;6-7;219;
07-08;34;48;4;27.4;6-7;222;
06-07;41;41;2;28.2;6-7;219;
05-06;49;33;1;28.6;6-7;222;
04-05;42;40;3;27.8;6-6;219;
03-04;47;35;1;27.7;6-7;216;
02-03;49;33;1;27.3;6-7;217;
01-02;52;30;1;26.1;6-7;218;
00-01;26;56;6;27.5;6-6;209;
99-00;31;51;6;27.3;6-6;206;
98-99;16;34;7;26.0;6-6;207;
97-98;43;39;3;27.8;6-6;204;
96-97;26;56;5;26.8;6-7;209;
95-96;30;52;6;27.4;6-8;215;
94-95;30;52;5;27.5;6-7;213;
93-94;45;37;3;26.6;6-6;211;
92-93;43;39;3;27.3;6-7;211;
91-92;40;42;3;25.6;6-7;210;
90-91;26;56;5;26.2;6-7;210;
89-90;17;65;6;26.6;6-7;209;
88-89;26;56;5;26.8;6-6;203;
87-88;19;63;5;26.7;6-6;207;
86-87;24;58;4;26.2;6-7;209;
85-86;39;43;4;27.5;6-6;206;
84-85;42;40;3;26.5;6-6;207;
83-84;45;37;4;25.5;6-6;206;
82-83;49;33;3;25.2;6-6;204;
81-82;44;38;3;25.1;6-5;202;
80-81;24;58;5;25.2;6-6;205;
79-80;34;48;5;26.1;6-6;201;
78-79;37;45;3;25.7;6-5;198;
77-78;24;58;5;25.5;6-6;199;
76-77;22;60;5;25.8;6-6;202;
21-22
82;19755;3442;7251;.475;940;2602;.361;2502;4649;.538;1434;1781;.805;844;2796;3640;2071;582;448;1153;1670;9258;
;240.9;42.0;88.4;.475;11.5;31.7;.361;30.5;56.7;.538;17.5;21.7;.805;10.3;34.1;44.4;25.3;7.1;5.5;14.1;20.4;112.9;
82;19755;3340;7395;.452;1026;2974;.345;2314;4421;.523;1488;1888;.788;926;2690;3616;1954;650;403;1088;1616;9194;
;240.9;40.7;90.2;.452;12.5;36.3;.345;28.2;53.9;.523;18.1;23.0;.788;11.3;32.8;44.1;23.8;7.9;4.9;13.3;19.7;112.1;
44;38;43;39;0.78;0.04;0.82;113.6;112.8;99.0;.246;.359;.540;12.5;23.9;.198;.521;11.7;75.1;.201;Barclays Center;711,539;
20-21
72;17405;3106;6289;.494;1020;2600;.392;2086;3689;.565;1305;1623;.804;640;2559;3199;1929;484;379;975;1371;8537;
;241.7;43.1;87.3;.494;14.2;36.1;.392;29.0;51.2;.565;18.1;22.5;.804;8.9;35.5;44.4;26.8;6.7;5.3;13.5;19.0;118.6;
72;17405;3017;6573;.459;951;2607;.365;2066;3966;.521;1228;1584;.775;753;2348;3101;1729;550;330;908;1361;8213;
;241.7;41.9;91.3;.459;13.2;36.2;.365;28.7;55.1;.521;17.1;22.0;.775;10.5;32.6;43.1;24.0;7.6;4.6;12.6;18.9;114.1;
48;24;46;26;4.50;-0.27;4.24;118.3;113.8;99.5;.258;.413;.575;12.2;21.4;.208;.531;11.1;77.3;.187;Barclays Center;30,491;
19-20
72;17480;2908;6498;.448;941;2746;.343;1967;3752;.524;1291;1732;.745;766;2683;3449;1761;464;323;1099;1510;8048;
;242.8;40.4;90.3;.448;13.1;38.1;.343;27.3;52.1;.524;17.9;24.1;.745;10.6;37.3;47.9;24.5;6.4;4.5;15.3;21.0;111.8;
72;17480;2981;6688;.446;877;2505;.350;2104;4183;.503;1250;1625;.769;766;2541;3307;1630;554;379;919;1521;8089;
;242.8;41.4;92.9;.446;12.2;34.8;.350;29.2;58.1;.503;17.4;22.6;.769;10.6;35.3;45.9;22.6;7.7;5.3;12.8;21.1;112.3;
35;37;35;37;-0.57;-0.44;-1.01;108.9;109.5;101.4;.267;.423;.520;13.1;23.2;.199;.511;11.0;77.8;.187;Barclays Center;524,907;
18-19
82;19980;3301;7358;.449;1047;2965;.353;2254;4393;.513;1555;2088;.745;900;2919;3819;1954;539;339;1236;1763;9204;
;243.7;40.3;89.7;.449;12.8;36.2;.353;27.5;53.6;.513;19.0;25.5;.745;11.0;35.6;46.6;23.8;6.6;4.1;15.1;21.5;112.2;
82;19980;3460;7581;.456;848;2486;.341;2612;5095;.513;1442;1872;.770;902;2889;3791;1944;638;432;1104;1807;9210;
;243.7;42.2;92.5;.456;10.3;30.3;.341;31.9;62.1;.513;17.6;22.8;.770;11.0;35.2;46.2;23.7;7.8;5.3;13.5;22.0;112.3;
42;40;41;41;-0.07;-0.33;-0.40;109.6;109.7;100.8;.284;.403;.520;13.0;23.8;.211;.512;11.6;76.4;.190;Barclays Center;612,597;
17-18
82;19855;3136;7114;.441;1041;2924;.356;2095;4190;.500;1428;1850;.772;792;2852;3644;1941;512;390;1245;1688;8741;
;242.1;38.2;86.8;.441;12.7;35.7;.356;25.5;51.1;.500;17.4;22.6;.772;9.7;34.8;44.4;23.7;6.2;4.8;15.2;20.6;106.6;
82;19855;3418;7334;.466;741;2010;.369;2677;5324;.503;1471;1921;.766;853;2981;3834;1782;630;450;1015;1615;9048;
;242.1;41.7;89.4;.466;9.0;24.5;.369;32.6;64.9;.503;17.9;23.4;.766;10.4;36.4;46.8;21.7;7.7;5.5;12.4;19.7;110.3;
28;54;31;51;-3.74;0.07;-3.67;106.9;110.6;98.9;.260;.411;.514;13.6;21.0;.201;.517;11.0;77.0;.201;Barclays Center;640,010;
16-17
82;19755;3102;6987;.444;877;2591;.338;2225;4396;.506;1592;2020;.788;721;2879;3600;1756;593;387;1356;1726;8673;
;240.9;37.8;85.2;.444;10.7;31.6;.338;27.1;53.6;.506;19.4;24.6;.788;8.8;35.1;43.9;21.4;7.2;4.7;16.5;21.0;105.8;
82;19755;3414;7449;.458;816;2232;.366;2598;5217;.498;1581;2049;.772;902;2965;3867;1888;780;457;1092;1671;9225;
;240.9;41.6;90.8;.458;10.0;27.2;.366;31.7;63.6;.498;19.3;25.0;.772;11.0;36.2;47.2;23.0;9.5;5.6;13.3;20.4;112.5;
20;62;24;58;-6.73;-0.01;-6.74;104.1;110.7;101.3;.289;.371;.507;14.7;19.6;.228;.513;11.6;76.1;.212;Barclays Center;632,608;
15-16
82;19755;3136;6920;.453;531;1508;.352;2605;5412;.481;1286;1699;.757;863;2614;3477;1829;627;332;1212;1476;8089;
;240.9;38.2;84.4;.453;6.5;18.4;.352;31.8;66.0;.481;15.7;20.7;.757;10.5;31.9;42.4;22.3;7.6;4.0;14.8;18.0;98.6;
82;19755;3345;6984;.479;775;2100;.369;2570;4884;.526;1227;1608;.763;840;2719;3559;2006;720;430;1162;1510;8692;
;240.9;40.8;85.2;.479;9.5;25.6;.369;31.3;59.6;.526;15.0;19.6;.763;10.2;33.2;43.4;24.5;8.8;5.2;14.2;18.4;106.0;
21;61;22;60;-7.35;0.24;-7.12;103.2;110.9;95.2;.246;.218;.492;13.6;24.1;.186;.534;13.1;75.7;.176;Barclays Center;620,142;
14-15
82;19930;3069;6804;.451;541;1633;.331;2528;5171;.489;1359;1817;.748;846;2627;3473;1716;576;340;1133;1579;8038;
;243.0;37.4;83.0;.451;6.6;19.9;.331;30.8;63.1;.489;16.6;22.2;.748;10.3;32.0;42.4;20.9;7.0;4.1;13.8;19.3;98.0;
82;19930;3150;6913;.456;696;1944;.358;2454;4969;.494;1278;1748;.731;937;2699;3636;1944;643;372;1137;1641;8274;
;243.0;38.4;84.3;.456;8.5;23.7;.358;29.9;60.6;.494;15.6;21.3;.731;11.4;32.9;44.3;23.7;7.8;4.5;13.9;20.0;100.9;
38;44;33;49;-2.88;-0.25;-3.13;104.4;107.4;92.7;.267;.240;.491;13.0;23.9;.200;.506;12.9;73.7;.185;Barclays Center;698,529;
13-14
82;19880;2931;6391;.459;709;1922;.369;2222;4469;.497;1508;2002;.753;721;2407;3128;1714;705;311;1191;1777;8079;
;242.4;35.7;77.9;.459;8.6;23.4;.369;27.1;54.5;.497;18.4;24.4;.753;8.8;29.4;38.1;20.9;8.6;3.8;14.5;21.7;98.5;
82;19880;2980;6511;.458;662;1802;.367;2318;4709;.492;1539;2026;.760;921;2594;3515;1723;608;337;1296;1704;8161;
;242.4;36.3;79.4;.458;8.1;22.0;.367;28.3;57.4;.492;18.8;24.7;.760;11.2;31.6;42.9;21.0;7.4;4.1;15.8;20.8;99.5;
44;38;38;44;-1.00;-0.58;-1.58;106.7;107.7;91.4;.313;.301;.514;14.1;21.7;.236;.509;14.9;72.3;.236;Barclays Center;707,331;
12-13
82;19855;2942;6544;.450;628;1760;.357;2314;4784;.484;1432;1958;.731;1047;2460;3507;1668;599;391;1206;1500;7944;
;242.1;35.9;79.8;.450;7.7;21.5;.357;28.2;58.3;.484;17.5;23.9;.731;12.8;30.0;42.8;20.3;7.3;4.8;14.7;18.3;96.9;
82;19855;3066;6614;.464;518;1415;.366;2548;5199;.490;1148;1571;.731;878;2336;3214;1756;614;390;1102;1751;7798;
;242.1;37.4;80.7;.464;6.3;17.3;.366;31.1;63.4;.490;14.0;19.2;.731;10.7;28.5;39.2;21.4;7.5;4.8;13.4;21.4;95.1;
49;33;46;36;1.78;-0.53;1.25;108.2;106.2;88.8;.299;.269;.498;14.0;30.9;.219;.503;13.1;73.7;.174;Barclays Center;704,702;
11-12
66;15890;2262;5320;.425;507;1481;.342;1755;3839;.457;1113;1433;.777;783;1879;2662;1311;493;260;995;1268;6144;
;240.8;34.3;80.6;.425;7.7;22.4;.342;26.6;58.2;.457;16.9;21.7;.777;11.9;28.5;40.3;19.9;7.5;3.9;15.1;19.2;93.1;
66;15890;2501;5294;.472;431;1151;.374;2070;4143;.500;1106;1494;.740;780;2032;2812;1539;525;330;943;1274;6539;
;240.8;37.9;80.2;.472;6.5;17.4;.374;31.4;62.8;.500;16.8;22.6;.740;11.8;30.8;42.6;23.3;8.0;5.0;14.3;19.3;99.1;
22;44;19;47;-5.98;-0.39;-6.37;102.9;109.6;90.1;.269;.278;.473;14.3;27.8;.209;.513;13.7;70.7;.209;Prudential Center;460,719;
10-11
82;20005;2918;6638;.440;459;1337;.343;2459;5301;.464;1427;1881;.759;909;2440;3349;1723;458;384;1152;1807;7722;
;244.0;35.6;81.0;.440;5.6;16.3;.343;30.0;64.6;.464;17.4;22.9;.759;11.1;29.8;40.8;21.0;5.6;4.7;14.0;22.0;94.2;
82;20005;3069;6602;.465;507;1393;.364;2562;5209;.492;1589;2115;.751;849;2575;3424;1824;561;375;1010;1638;8234;
;244.0;37.4;80.5;.465;6.2;17.0;.364;31.2;63.5;.492;19.4;25.8;.751;10.4;31.4;41.8;22.2;6.8;4.6;12.3;20.0;100.4;
24;58;24;58;-6.24;-0.04;-6.28;103.1;109.9;89.9;.283;.201;.474;13.4;26.1;.215;.503;11.8;74.2;.241;Prudential Center;581,378;
09-10
82;19780;2813;6554;.429;377;1185;.318;2436;5369;.454;1572;2015;.780;897;2358;3255;1540;573;393;1182;1643;7575;
;241.2;34.3;79.9;.429;4.6;14.5;.318;29.7;65.5;.454;19.2;24.6;.780;10.9;28.8;39.7;18.8;7.0;4.8;14.4;20.0;92.4;
82;19780;3172;6593;.481;468;1278;.366;2704;5315;.509;1511;2021;.748;925;2683;3608;1960;638;421;1149;1647;8323;
;241.2;38.7;80.4;.481;5.7;15.6;.366;33.0;64.8;.509;18.4;24.6;.748;11.3;32.7;44.0;23.9;7.8;5.1;14.0;20.1;101.5;
12;70;17;65;-9.12;0.19;-8.93;100.6;110.5;91.4;.307;.181;.458;13.7;25.1;.240;.517;13.3;71.8;.229;Izod Center;537,230;
08-09
82;19830;2925;6536;.448;652;1735;.376;2273;4801;.473;1542;1980;.779;850;2415;3265;1636;559;391;1075;1838;8044;
;241.8;35.7;79.7;.448;8.0;21.2;.376;27.7;58.5;.473;18.8;24.1;.779;10.4;29.5;39.8;20.0;6.8;4.8;13.1;22.4;98.1;
82;19830;2953;6385;.462;600;1536;.391;2353;4849;.485;1738;2281;.762;872;2523;3395;1793;567;393;1103;1680;8244;
;241.8;36.0;77.9;.462;7.3;18.7;.391;28.7;59.1;.485;21.2;27.8;.762;10.6;30.8;41.4;21.9;6.9;4.8;13.5;20.5;100.5;
34;48;34;48;-2.44;0.13;-2.31;108.3;111.0;89.9;.303;.265;.497;12.7;25.2;.236;.509;13.0;73.5;.272;Izod Center;621,062;
07-08
82;19830;2856;6450;.443;498;1430;.348;2358;5020;.470;1647;2237;.736;913;2520;3433;1925;521;390;1229;1855;7857;
;241.8;34.8;78.7;.443;6.1;17.4;.348;28.8;61.2;.470;20.1;27.3;.736;11.1;30.7;41.9;23.5;6.4;4.8;15.0;22.6;95.8;
82;19830;2982;6543;.456;534;1448;.369;2448;5095;.480;1774;2311;.768;896;2517;3413;1810;662;362;1098;1836;8272;
;241.8;36.4;79.8;.456;6.5;17.7;.369;29.9;62.1;.480;21.6;28.2;.768;10.9;30.7;41.6;22.1;8.1;4.4;13.4;22.4;100.9;
34;48;27;55;-5.06;-0.09;-5.15;104.0;109.4;91.5;.347;.222;.481;14.2;26.6;.255;.497;12.7;73.8;.271;Izod Center;641,921;
06-07
82;19880;2913;6379;.457;609;1676;.363;2304;4703;.490;1566;2153;.727;822;2525;3347;1962;499;273;1212;1869;8001;
;242.4;35.5;77.8;.457;7.4;20.4;.363;28.1;57.4;.490;19.1;26.3;.727;10.0;30.8;40.8;23.9;6.1;3.3;14.8;22.8;97.6;
82;19880;2911;6476;.450;519;1455;.357;2392;5021;.476;1723;2261;.762;867;2526;3393;1805;584;369;1188;1886;8064;
;242.4;35.5;79.0;.450;6.3;17.7;.357;29.2;61.2;.476;21.0;27.6;.762;10.6;30.8;41.4;22.0;7.1;4.5;14.5;23.0;98.3;
41;41;39;43;-0.77;-0.23;-1.00;105.7;106.6;91.4;.338;.263;.504;14.2;24.6;.245;.490;13.7;74.4;.266;Continental Airlines Arena;693,955;
05-06
82;19780;2778;6317;.440;477;1447;.330;2301;4870;.472;1658;2187;.758;822;2539;3361;1884;558;278;1119;1903;7691;
;241.2;33.9;77.0;.440;5.8;17.6;.330;28.1;59.4;.472;20.2;26.7;.758;10.0;31.0;41.0;23.0;6.8;3.4;13.6;23.2;93.8;
82;19780;2730;6222;.439;465;1336;.348;2265;4886;.464;1654;2232;.741;787;2599;3386;1641;589;329;1177;1889;7579;
;241.2;33.3;75.9;.439;5.7;16.3;.348;27.6;59.6;.464;20.2;27.2;.741;9.6;31.7;41.3;20.0;7.2;4.0;14.4;23.0;92.4;
49;33;45;37;1.37;-0.26;1.11;103.9;102.4;89.8;.346;.229;.478;13.3;24.0;.262;.476;14.0;76.3;.266;Continental Airlines Arena;691,543;
04-05
82;19905;2753;6419;.429;435;1203;.362;2318;5216;.444;1555;2039;.763;855;2387;3242;1772;650;308;1164;1985;7496;
;242.7;33.6;78.3;.429;5.3;14.7;.362;28.3;63.6;.444;19.0;24.9;.763;10.4;29.1;39.5;21.6;7.9;3.8;14.2;24.2;91.4;
82;19905;2710;6167;.439;485;1319;.368;2225;4848;.459;1714;2304;.744;874;2503;3377;1666;601;402;1283;1881;7619;
;242.7;33.0;75.2;.439;5.9;16.1;.368;27.1;59.1;.459;20.9;28.1;.744;10.7;30.5;41.2;20.3;7.3;4.9;15.6;22.9;92.9;
42;40;36;46;-1.50;-0.32;-1.82;101.4;103.1;89.1;.318;.187;.463;13.7;25.5;.242;.479;15.2;73.2;.278;Continental Airlines Arena;618,681;
03-04
82;19705;2813;6372;.441;377;1123;.336;2436;5249;.464;1398;1856;.753;862;2473;3335;2009;709;322;1209;1722;7401;
;240.3;34.3;77.7;.441;4.6;13.7;.336;29.7;64.0;.464;17.0;22.6;.753;10.5;30.2;40.7;24.5;8.6;3.9;14.7;21.0;90.3;
82;19705;2693;6302;.427;418;1193;.350;2275;5109;.445;1392;1830;.761;873;2471;3344;1627;656;374;1321;1739;7196;
;240.3;32.8;76.9;.427;5.1;14.5;.350;27.7;62.3;.445;17.0;22.3;.761;10.6;30.1;40.8;19.8;8.0;4.6;16.1;21.2;87.8;
47;35;49;33;2.50;-0.63;1.88;100.8;98.0;89.4;.291;.176;.471;14.4;25.9;.219;.460;15.7;73.9;.221;Continental Airlines Arena;613,051;
02-03
82;19755;2906;6585;.441;346;1041;.332;2560;5544;.462;1662;2195;.757;991;2528;3519;1887;717;374;1212;1772;7820;
;240.9;35.4;80.3;.441;4.2;12.7;.332;31.2;67.6;.462;20.3;26.8;.757;12.1;30.8;42.9;23.0;8.7;4.6;14.8;21.6;95.4;
82;19755;2757;6461;.427;425;1185;.359;2332;5276;.442;1453;1941;.749;932;2461;3393;1607;693;423;1358;1880;7392;
;240.9;33.6;78.8;.427;5.2;14.5;.359;28.4;64.3;.442;17.7;23.7;.749;11.4;30.0;41.4;19.6;8.5;5.2;16.6;22.9;90.1;
49;33;56;26;5.22;-0.80;4.42;103.8;98.1;91.6;.333;.158;.468;13.8;28.7;.252;.460;15.7;73.1;.225;Continental Airlines Arena;622,574;
01-02
82;19830;3042;6816;.446;403;1194;.338;2639;5622;.469;1402;1907;.735;1039;2515;3554;1990;716;490;1189;1734;7889;
;241.8;37.1;83.1;.446;4.9;14.6;.338;32.2;68.6;.469;17.1;23.3;.735;12.7;30.7;43.3;24.3;8.7;6.0;14.5;21.1;96.2;
82;19830;2858;6668;.429;409;1175;.348;2449;5493;.446;1423;1890;.753;999;2517;3516;1563;669;439;1317;1667;7548;
;241.8;34.9;81.3;.429;5.0;14.3;.348;29.9;67.0;.446;17.4;23.0;.753;12.2;30.7;42.9;19.1;8.2;5.4;16.1;20.3;92.0;
52;30;53;29;4.16;-0.49;3.67;104.0;99.5;91.8;.280;.175;.476;13.4;29.2;.206;.459;14.9;71.6;.213;Continental Airlines Arena;564,194;
00-01
82;19730;2781;6550;.425;361;1084;.333;2420;5466;.443;1629;2146;.759;909;2337;3246;1603;649;407;1208;1982;7552;
;240.6;33.9;79.9;.425;4.4;13.2;.333;29.5;66.7;.443;19.9;26.2;.759;11.1;28.5;39.6;19.5;7.9;5.0;14.7;24.2;92.1;
82;19730;2937;6452;.455;428;1189;.360;2509;5263;.477;1664;2231;.746;1001;2622;3623;1840;619;522;1304;1808;7966;
;240.6;35.8;78.7;.455;5.2;14.5;.360;30.6;64.2;.477;20.3;27.2;.746;12.2;32.0;44.2;22.4;7.5;6.4;15.9;22.0;97.1;
26;56;26;56;-5.05;-0.25;-5.30;100.0;105.5;91.8;.328;.165;.452;13.9;25.7;.249;.488;14.9;70.0;.258;Continental Airlines Arena;556,573;
99-00
82;19830;2979;6881;.433;477;1374;.347;2502;5507;.454;1601;2041;.784;1040;2315;3355;1688;720;393;1119;1913;8036;
;241.8;36.3;83.9;.433;5.8;16.8;.347;30.5;67.2;.454;19.5;24.9;.784;12.7;28.2;40.9;20.6;8.8;4.8;13.6;23.3;98.0;
82;19830;3125;6741;.464;368;1013;.363;2757;5728;.481;1503;2012;.747;1129;2657;3786;1866;568;469;1366;1869;8121;
;241.8;38.1;82.2;.464;4.5;12.4;.363;33.6;69.9;.481;18.3;24.5;.747;13.8;32.4;46.2;22.8;6.9;5.7;16.7;22.8;99.0;
31;51;38;44;-1.04;-0.15;-1.18;105.1;106.3;92.5;.297;.200;.468;12.6;28.1;.233;.491;15.2;67.2;.223;Continental Airlines Arena;643,631;
98-99
50;12050;1691;4160;.406;225;679;.331;1466;3481;.421;962;1251;.769;715;1437;2152;923;491;273;750;1134;4569;
;241.0;33.8;83.2;.406;4.5;13.6;.331;29.3;69.6;.421;19.2;25.0;.769;14.3;28.7;43.0;18.5;9.8;5.5;15.0;22.7;91.4;
50;12050;1796;3968;.453;223;654;.341;1573;3314;.475;943;1298;.727;624;1581;2205;968;395;326;813;1084;4758;
;241.0;35.9;79.4;.453;4.5;13.1;.341;31.5;66.3;.475;18.9;26.0;.727;12.5;31.6;44.1;19.4;7.9;6.5;16.3;21.7;95.2;
16;34;18;32;-3.78;0.58;-3.20;99.5;103.6;91.5;.301;.163;.434;13.7;31.1;.231;.481;15.2;69.7;.238;Continental Airlines Arena;400,387;
97-98
82;19880;3055;6928;.441;310;937;.331;2745;5991;.458;1750;2351;.744;1344;2137;3481;1685;777;314;1180;1917;8170;
;242.4;37.3;84.5;.441;3.8;11.4;.331;33.5;73.1;.458;21.3;28.7;.744;16.4;26.1;42.5;20.5;9.5;3.8;14.4;23.4;99.6;
82;19880;3016;6406;.471;356;1030;.346;2660;5376;.495;1653;2211;.748;1079;2316;3395;1771;616;515;1482;2023;8041;
;242.4;36.8;78.1;.471;4.3;12.6;.346;32.4;65.6;.495;20.2;27.0;.748;13.2;28.2;41.4;21.6;7.5;6.3;18.1;24.7;98.1;
43;39;46;36;1.57;0.31;1.88;108.3;106.6;91.0;.339;.135;.463;12.9;36.7;.253;.499;16.7;66.4;.258;Continental Airlines Arena;718,514;
96-97
82;19780;2994;7091;.422;484;1371;.353;2510;5720;.439;1502;2031;.740;1410;2376;3786;1726;677;481;1290;1865;7974;
;241.2;36.5;86.5;.422;5.9;16.7;.353;30.6;69.8;.439;18.3;24.8;.740;17.2;29.0;46.2;21.0;8.3;5.9;15.7;22.7;97.2;
82;19780;3100;6684;.464;520;1398;.372;2580;5286;.488;1628;2185;.745;1065;2464;3529;1925;675;516;1257;1780;8348;
;241.2;37.8;81.5;.464;6.3;17.0;.372;31.5;64.5;.488;19.9;26.6;.745;13.0;30.0;43.0;23.5;8.2;6.3;15.3;21.7;101.8;
26;56;28;54;-4.56;0.67;-3.89;104.7;109.7;92.4;.286;.193;.456;13.9;36.4;.212;.503;14.1;69.0;.244;Continental Airlines Arena;670,628;
95-96
82;19905;2881;6750;.427;250;746;.335;2631;6004;.438;1672;2244;.745;1350;2503;3853;1752;627;571;1375;1880;7684;
;242.7;35.1;82.3;.427;3.0;9.1;.335;32.1;73.2;.438;20.4;27.4;.745;16.5;30.5;47.0;21.4;7.6;7.0;16.8;22.9;93.7;
82;19905;3006;6625;.454;543;1415;.384;2463;5210;.473;1476;1994;.740;1028;2355;3383;1876;665;516;1270;1925;8031;
;242.7;36.7;80.8;.454;6.6;17.3;.384;30.0;63.5;.473;18.0;24.3;.740;12.5;28.7;41.3;22.9;8.1;6.3;15.5;23.5;97.9;
30;52;29;53;-4.23;0.09;-4.14;101.9;106.5;90.9;.332;.111;.445;15.1;36.4;.248;.495;14.5;70.9;.223;Brendan Byrne Arena;638,144;
94-95
82;19880;2939;6738;.436;414;1297;.319;2525;5441;.464;1750;2305;.759;1213;2569;3782;1884;544;548;1300;1844;8042;
;242.4;35.8;82.2;.436;5.0;15.8;.319;30.8;66.4;.464;21.3;28.1;.759;14.8;31.3;46.1;23.0;6.6;6.7;15.9;22.5;98.1;
82;19880;3182;6904;.461;440;1176;.374;2742;5728;.479;1495;2073;.721;1056;2435;3491;1826;733;440;1104;1911;8299;
;242.4;38.8;84.2;.461;5.4;14.3;.374;33.4;69.9;.479;18.2;25.3;.721;12.9;29.7;42.6;22.3;8.9;5.4;13.5;23.3;101.2;
30;52;32;50;-3.13;-0.14;-3.28;105.2;108.6;92.3;.342;.192;.467;14.4;33.3;.260;.493;12.4;70.9;.217;Brendan Byrne Arena;684,102;
93-94
82;19830;3169;7115;.445;223;683;.327;2946;6432;.458;1900;2495;.762;1300;2556;3856;1900;696;576;1196;1693;8461;
;241.8;38.6;86.8;.445;2.7;8.3;.327;35.9;78.4;.458;23.2;30.4;.762;15.9;31.2;47.0;23.2;8.5;7.0;14.6;20.6;103.2;
82;19830;3266;7125;.458;235;739;.318;3031;6386;.475;1514;2038;.743;1142;2528;3670;1919;715;582;1248;1901;8281;
;241.8;39.8;86.9;.458;2.9;9.0;.318;37.0;77.9;.475;18.5;24.9;.743;13.9;30.8;44.8;23.4;8.7;7.1;15.2;23.2;101.0;
45;37;47;35;2.20;-0.08;2.11;107.2;104.9;95.5;.351;.096;.461;12.7;34.0;.267;.475;13.5;69.1;.212;Brendan Byrne Arena;658,304;
92-93
82;19780;3272;7084;.462;155;488;.318;3117;6596;.473;1732;2258;.767;1291;2506;3797;1872;693;526;1355;1892;8431;
;241.2;39.9;86.4;.462;1.9;6.0;.318;38.0;80.4;.473;21.1;27.5;.767;15.7;30.6;46.3;22.8;8.5;6.4;16.5;23.1;102.8;
82;19780;3231;6945;.465;201;618;.325;3030;6327;.479;1665;2248;.741;1102;2345;3447;1786;780;416;1304;1881;8328;
;241.2;39.4;84.7;.465;2.5;7.5;.325;37.0;77.2;.479;20.3;27.4;.741;13.4;28.6;42.0;21.8;9.5;5.1;15.9;22.9;101.6;
43;39;45;37;1.26;-0.05;1.20;106.5;105.2;96.0;.319;.069;.473;14.4;35.5;.244;.480;14.1;69.5;.240;Brendan Byrne Arena;620,416;
91-92
82;19780;3473;7580;.458;224;670;.334;3249;6910;.470;1471;2009;.732;1512;2392;3904;1937;736;615;1392;1834;8641;
;241.2;42.4;92.4;.458;2.7;8.2;.334;39.6;84.3;.470;17.9;24.5;.732;18.4;29.2;47.6;23.6;9.0;7.5;17.0;22.4;105.4;
82;19780;3422;7175;.477;161;508;.317;3261;6667;.489;1775;2318;.766;1215;2355;3570;1789;806;484;1343;1722;8780;
;241.2;41.7;87.5;.477;2.0;6.2;.317;39.8;81.3;.489;21.6;28.3;.766;14.8;28.7;43.5;21.8;9.8;5.9;16.4;21.0;107.1;
40;42;36;46;-1.70;0.15;-1.54;107.0;108.7;98.0;.265;.088;.473;14.1;39.1;.194;.488;14.1;66.3;.247;Brendan Byrne Arena;517,356;
90-91
82;19830;3311;7459;.444;161;586;.275;3150;6873;.458;1658;2245;.739;1400;2348;3748;1782;748;600;1423;1954;8441;
;241.8;40.4;91.0;.444;2.0;7.1;.275;38.4;83.8;.458;20.2;27.4;.739;17.1;28.6;45.7;21.7;9.1;7.3;17.4;23.8;102.9;
82;19830;3374;7206;.468;136;442;.308;3238;6764;.479;1927;2493;.773;1287;2527;3814;1737;831;540;1452;1896;8811;
;241.8;41.1;87.9;.468;1.7;5.4;.308;39.5;82.5;.479;23.5;30.4;.773;15.7;30.8;46.5;21.2;10.1;6.6;17.7;23.1;107.5;
26;56;29;53;-4.51;-0.02;-4.53;102.9;107.4;99.3;.301;.079;.455;14.4;35.7;.222;.478;14.9;64.6;.267;Brendan Byrne Arena;480,786;
89-90
82;19705;3157;7415;.426;140;506;.277;3017;6909;.437;1754;2350;.746;1363;2324;3687;1475;774;481;1360;1952;8208;
;240.3;38.5;90.4;.426;1.7;6.2;.277;36.8;84.3;.437;21.4;28.7;.746;16.6;28.3;45.0;18.0;9.4;5.9;16.6;23.8;100.1;
82;19705;3403;7020;.485;141;420;.336;3262;6600;.494;1906;2491;.765;1144;2590;3734;1871;768;478;1419;1886;8853;
;240.3;41.5;85.6;.485;1.7;5.1;.336;39.8;80.5;.494;23.2;30.4;.765;14.0;31.6;45.5;22.8;9.4;5.8;17.3;23.0;108.0;
17;65;21;61;-7.87;0.05;-7.82;100.7;108.6;99.3;.317;.068;.435;13.9;34.5;.237;.495;14.9;67.0;.272;Brendan Byrne Arena;473,760;
88-89
82;19805;3333;7226;.461;187;568;.329;3146;6658;.473;1653;2260;.731;1204;2419;3623;1793;773;431;1449;1966;8506;
;241.5;40.6;88.1;.461;2.3;6.9;.329;38.4;81.2;.473;20.2;27.6;.731;14.7;29.5;44.2;21.9;9.4;5.3;17.7;24.0;103.7;
82;19805;3560;7162;.497;158;512;.309;3402;6650;.512;1749;2286;.765;1030;2476;3506;2134;744;485;1376;1834;9027;
;241.5;43.4;87.3;.497;1.9;6.2;.309;41.5;81.1;.512;21.3;27.9;.765;12.6;30.2;42.8;26.0;9.1;5.9;16.8;22.4;110.1;
26;56;25;57;-6.35;0.66;-5.69;103.0;109.3;100.1;.313;.079;.474;15.0;32.7;.229;.508;14.4;70.1;.244;Brendan Byrne Arena;378,397;
87-88
82;19780;3208;6857;.468;137;455;.301;3071;6402;.480;1682;2308;.729;1075;2262;3337;1795;727;385;1503;2042;8235;
;241.2;39.1;83.6;.468;1.7;5.5;.301;37.5;78.1;.480;20.5;28.1;.729;13.1;27.6;40.7;21.9;8.9;4.7;18.3;24.9;100.4;
82;19780;3437;6918;.497;131;363;.361;3306;6555;.504;1895;2419;.783;1034;2461;3495;1993;809;522;1433;1942;8900;
;241.2;41.9;84.4;.497;1.6;4.4;.361;40.3;79.9;.504;23.1;29.5;.783;12.6;30.0;42.6;24.3;9.9;6.4;17.5;23.7;108.5;
19;63;21;61;-8.11;1.13;-6.98;101.4;109.6;98.6;.337;.066;.478;16.0;30.4;.245;.506;15.2;68.6;.274;Brendan Byrne Arena;476,054;
86-87
82;19855;3374;7083;.476;145;449;.323;3229;6634;.487;2000;2607;.767;1169;2409;3578;1991;643;397;1617;2353;8893;
;242.1;41.1;86.4;.476;1.8;5.5;.323;39.4;80.9;.487;24.4;31.8;.767;14.3;29.4;43.6;24.3;7.8;4.8;19.7;28.7;108.5;
82;19855;3418;7125;.480;118;366;.322;3300;6759;.488;2353;3018;.780;1129;2352;3481;1958;814;566;1357;2126;9307;
;242.1;41.7;86.9;.480;1.4;4.5;.322;40.2;82.4;.488;28.7;36.8;.780;13.8;28.7;42.5;23.9;9.9;6.9;16.5;25.9;113.5;
24;58;28;54;-5.05;0.63;-4.42;105.6;110.5;101.8;.368;.063;.487;16.4;33.2;.282;.488;13.8;68.1;.330;Brendan Byrne Arena;452,704;
85-86
82;19805;3548;7301;.486;43;214;.201;3505;7087;.495;1810;2396;.755;1183;2483;3666;2128;749;345;1575;2129;8949;
;241.5;43.3;89.0;.486;0.5;2.6;.201;42.7;86.4;.495;22.1;29.2;.755;14.4;30.3;44.7;26.0;9.1;4.2;19.2;26.0;109.1;
82;19805;3504;7124;.492;96;316;.304;3408;6808;.501;2008;2622;.766;1036;2369;3405;2019;783;390;1523;2002;9112;
;241.5;42.7;86.9;.492;1.2;3.9;.304;41.6;83.0;.501;24.5;32.0;.766;12.6;28.9;41.5;24.6;9.5;4.8;18.6;24.4;111.1;
39;43;36;46;-1.99;0.60;-1.39;105.0;106.9;103.3;.328;.029;.489;15.9;33.3;.248;.499;15.5;70.6;.282;Brendan Byrne Arena;482,854;
84-85
82;19755;3646;7445;.490;52;224;.232;3594;7221;.498;1631;2237;.729;1233;2325;3558;2163;772;415;1355;2011;8975;
;240.9;44.5;90.8;.490;0.6;2.7;.232;43.8;88.1;.498;19.9;27.3;.729;15.0;28.4;43.4;26.4;9.4;5.1;16.5;24.5;109.5;
82;19755;3514;7040;.499;79;262;.302;3435;6778;.507;1849;2454;.753;1084;2405;3489;1975;680;352;1496;1933;8956;
;240.9;42.9;85.9;.499;1.0;3.2;.302;41.9;82.7;.507;22.5;29.9;.753;13.2;29.3;42.5;24.1;8.3;4.3;18.2;23.6;109.2;
42;40;42;40;0.23;0.41;0.64;107.9;107.7;101.0;.300;.030;.493;13.8;33.9;.219;.505;15.6;68.2;.263;Brendan Byrne Arena;502,177;
83-84
82;19805;3614;7258;.498;49;232;.211;3565;7026;.507;1742;2488;.700;1221;2313;3534;2148;814;499;1608;2243;9019;
;241.5;44.1;88.5;.498;0.6;2.8;.211;43.5;85.7;.507;21.2;30.3;.700;14.9;28.2;43.1;26.2;9.9;6.1;19.6;27.4;110.0;
82;19805;3422;6974;.491;48;181;.265;3374;6793;.497;2037;2675;.761;1097;2307;3404;1913;781;416;1674;2161;8929;
;241.5;41.7;85.0;.491;0.6;2.2;.265;41.1;82.8;.497;24.8;32.6;.761;13.4;28.1;41.5;23.3;9.5;5.1;20.4;26.4;108.9;
45;37;44;38;1.10;0.17;1.27;106.1;105.0;103.0;.343;.032;.501;16.1;34.6;.240;.494;17.0;67.8;.292;Brendan Byrne Arena;499,496;
82-83
82;19705;3510;7140;.492;30;149;.201;3480;6991;.498;1622;2301;.705;1266;2427;3693;2143;911;592;1873;2166;8672;
;240.3;42.8;87.1;.492;0.4;1.8;.201;42.4;85.3;.498;19.8;28.1;.705;15.4;29.6;45.0;26.1;11.1;7.2;22.8;26.4;105.8;
82;19705;3327;6962;.478;45;208;.216;3282;6754;.486;1746;2370;.737;1102;2176;3278;1978;860;495;1871;2129;8445;
;240.3;40.6;84.9;.478;0.5;2.5;.216;40.0;82.4;.486;21.3;28.9;.737;13.4;26.5;40.0;24.1;10.5;6.0;22.8;26.0;103.0;
49;33;49;33;2.77;0.01;2.77;101.6;98.9;104.0;.322;.021;.494;18.7;36.8;.227;.481;18.9;68.8;.251;Brendan Byrne Arena;530,801;
81-82
82;19780;3501;7227;.484;30;146;.205;3471;7081;.490;1714;2354;.728;1194;2320;3514;2096;918;481;1650;2295;8746;
;241.2;42.7;88.1;.484;0.4;1.8;.205;42.3;86.4;.490;20.9;28.7;.728;14.6;28.3;42.9;25.6;11.2;5.9;20.1;28.0;106.7;
82;19780;3343;6934;.482;58;187;.310;3285;6747;.487;1946;2597;.749;1142;2346;3488;1931;832;539;1809;2164;8690;
;241.2;40.8;84.6;.482;0.7;2.3;.310;40.1;82.3;.487;23.7;31.7;.749;13.9;28.6;42.5;23.5;10.1;6.6;22.1;26.4;106.0;
44;38;43;39;0.68;0.18;0.87;103.0;102.3;103.1;.326;.020;.487;16.6;33.7;.237;.486;18.3;67.0;.281;Brendan Byrne Arena;560,734;
80-81
82;19805;3477;7314;.475;34;138;.246;3443;7176;.480;1780;2371;.751;1092;2374;3466;2068;750;458;1664;2204;8768;
;241.5;42.4;89.2;.475;0.4;1.7;.246;42.0;87.5;.480;21.7;28.9;.751;13.3;29.0;42.3;25.2;9.1;5.6;20.3;26.9;106.9;
82;19805;3612;7159;.505;28;130;.215;3584;7029;.510;2010;2663;.755;1059;2499;3558;2144;815;502;1637;2092;9262;
;241.5;44.0;87.3;.505;0.3;1.6;.215;43.7;85.7;.510;24.5;32.5;.755;12.9;30.5;43.4;26.1;9.9;6.1;20.0;25.5;113.0;
24;58;26;56;-6.02;0.87;-5.15;101.0;106.7;105.2;.324;.019;.478;16.6;30.4;.243;.506;16.4;69.2;.281;Rutgers Athletic Center;301,900;
79-80
82;19805;3456;7504;.461;85;298;.285;3371;7206;.468;1882;2406;.782;1229;2535;3764;2094;869;581;1702;2181;8879;
;241.5;42.1;91.5;.461;1.0;3.6;.285;41.1;87.9;.468;23.0;29.3;.782;15.0;30.9;45.9;25.5;10.6;7.1;20.8;26.6;108.3;
82;19805;3480;7427;.469;58;208;.279;3422;7219;.474;1957;2572;.761;1285;2596;3881;2189;849;514;1692;2042;8975;
;241.5;42.4;90.6;.469;0.7;2.5;.279;41.7;88.0;.474;23.9;31.4;.761;15.7;31.7;47.3;26.7;10.4;6.3;20.6;24.9;109.5;
34;48;38;44;-1.17;0.19;-0.98;101.5;102.5;106.1;.321;.040;.466;16.6;32.1;.251;.472;16.5;66.4;.263;Rutgers Athletic Center;;
78-79
82;19755;3464;7523;.460;1904;2613;.729;1241;2370;3611;1907;853;619;1861;2329;8832;
;240.9;42.2;91.7;.460;23.2;31.9;.729;15.1;28.9;44.0;23.3;10.4;7.5;22.7;28.4;107.7;
82;19755;3507;7306;.480;2160;2861;.755;1234;2667;3901;2185;861;492;1919;2208;9174;
;240.9;42.8;89.1;.480;26.3;34.9;.755;15.0;32.5;47.6;26.6;10.5;6.0;23.4;26.9;111.9;
37;45;30;52;-4.17;0.17;-4.00;98.0;101.8;109.5;.347;;.460;17.7;31.8;.253;.480;18.3;65.8;.296;Rutgers Athletic Center;;
77-78
82;19905;3547;8004;.443;1652;2304;.717;1306;2595;3901;1879;857;631;1774;2312;8746;
;242.7;43.3;97.6;.443;20.1;28.1;.717;15.9;31.6;47.6;22.9;10.5;7.7;21.6;28.2;106.7;
82;19905;3544;7620;.465;2135;2830;.754;1312;2996;4308;2073;852;560;1864;1999;9223;
;242.7;43.2;92.9;.465;26.0;34.5;.754;16.0;36.5;52.5;25.3;10.4;6.8;22.7;24.4;112.5;
24;58;26;56;-5.82;0.21;-5.61;95.0;100.2;110.9;.288;;.443;16.4;30.4;.206;.465;17.4;66.4;.280;Rutgers Athletic Center;;
76-77
82;19730;3096;7222;.429;1673;2274;.736;1157;2547;3704;1422;802;435;1630;2178;7865;
;240.6;37.8;88.1;.429;20.4;27.7;.736;14.1;31.1;45.2;17.3;9.8;5.3;19.9;26.6;95.9;
82;19730;3279;7074;.464;1863;2488;.749;1149;2937;4086;1910;778;512;1735;1970;8421;
;240.6;40.0;86.3;.464;22.7;30.3;.749;14.0;35.8;49.8;23.3;9.5;6.2;21.2;24.0;102.7;
22;60;23;59;-6.78;0.24;-6.54;92.2;98.7;103.7;.315;;.429;16.5;28.3;.232;.464;17.5;68.9;.263;Nassau Veterans Memorial Coliseum;;
