202110300CHI-UTA;CHI;UTA;False;8:00 PM, October 30, 2021;United Center, Chicago, Illinois;2:17
99;
107;
Guest Basic
Donovan Mitchell;35:22;9;27;.333;2;11;.182;10;10;1.000;1;6;7;6;0;1;6;1;30;+13;
Royce O'Neale;34:48;3;5;.600;1;3;.333;0;0;;1;2;3;2;3;0;1;4;7;+13;
Rudy Gobert;32:13;7;9;.778;0;0;;3;4;.750;7;12;19;1;1;3;0;4;17;-15;
Bojan Bogdanović;32:08;5;14;.357;2;6;.333;2;2;1.000;4;5;9;2;1;0;1;0;14;+11;
Joe Ingles;31:53;3;9;.333;3;8;.375;0;0;;0;6;6;2;0;0;4;3;9;-15;
Jordan Clarkson;29:19;5;19;.263;3;9;.333;3;3;1.000;0;2;2;1;0;0;4;1;16;-14;
Eric Paschall;15:52;1;2;.500;0;0;;0;0;;1;1;2;0;0;0;1;2;2;-19;
Hassan Whiteside;15:47;2;4;.500;0;0;;0;0;;0;4;4;0;0;2;0;3;4;+7;
Jared Butler;9:11;0;3;.000;0;1;.000;0;0;;0;1;1;1;0;1;2;2;0;-16;
Trent Forrest;3:27;0;0;;0;0;;0;0;;0;1;1;0;0;0;1;1;0;-5;
Miye Oni;Did Not Play;
Elijah Hughes;Did Not Play;
Malik Fitts;Did Not Play;
Team Totals;240;35;92;.380;11;38;.289;18;19;.947;14;40;54;15;5;7;20;21;99;;
Guest Advanced
Donovan Mitchell;35:22;.478;.370;.407;.370;2.7;16.6;9.6;35.7;0.0;1.9;16.0;42.2;96;107;3.4;
Royce O'Neale;34:48;.700;.700;.600;.000;2.8;5.6;4.2;8.9;4.1;0.0;16.7;6.9;129;103;3.7;
Rudy Gobert;32:13;.790;.778;.000;.444;20.9;36.5;28.6;6.1;1.5;6.4;0.0;13.3;175;95;13.8;
Bojan Bogdanović;32:08;.470;.429;.429;.143;12.0;15.2;13.6;10.9;1.5;0.0;6.3;19.7;110;106;4.4;
Joe Ingles;31:53;.500;.500;.889;.000;0.0;18.4;9.1;9.9;0.0;0.0;30.8;16.3;76;108;-5.8;
Jordan Clarkson;29:19;.394;.342;.474;.158;0.0;6.7;3.3;6.1;0.0;0.0;16.4;33.1;74;111;-8.9;
Eric Paschall;15:52;.500;.500;.000;.000;6.1;6.2;6.1;0.0;0.0;0.0;33.3;7.5;78;111;-7.8;
Hassan Whiteside;15:47;.500;.500;.000;.000;0.0;24.8;12.3;0.0;0.0;8.7;0.0;10.1;107;99;-0.2;
Jared Butler;9:11;.000;.000;.333;.000;0.0;10.7;5.3;14.9;0.0;7.5;40.0;21.7;11;103;-20.1;
Trent Forrest;3:27;;;;;0.0;28.4;14.1;0.0;0.0;0.0;100.0;11.6;0;106;-22.4;
Miye Oni;Did Not Play;
Elijah Hughes;Did Not Play;
Malik Fitts;Did Not Play;
Team Totals;240;.493;.440;.413;.207;28.0;81.6;54.5;42.9;4.9;10.0;16.6;100.0;96.9;104.7;;
Home Basic
DeMar DeRozan;35:06;13;22;.591;0;1;.000;6;6;1.000;1;5;6;3;0;0;1;1;32;+15;
Zach LaVine;34:27;9;19;.474;1;4;.250;7;8;.875;3;2;5;5;0;0;0;3;26;-10;
Nikola Vučević;34:18;4;19;.211;2;6;.333;6;8;.750;0;12;12;2;1;0;0;5;16;-9;
Lonzo Ball;33:13;4;11;.364;1;6;.167;2;2;1.000;1;4;5;2;4;0;4;2;11;+10;
Javonte Green;22:02;2;2;1.000;0;0;;1;2;.500;1;1;2;0;1;0;0;3;5;-5;
Alex Caruso;24:59;3;6;.500;0;0;;1;2;.500;1;3;4;3;1;0;4;2;7;-9;
Ayo Dosunmu;20:39;1;6;.167;1;2;.500;1;2;.500;0;3;3;1;0;0;0;1;4;+17;
Derrick Jones Jr.;18:57;2;3;.667;0;1;.000;0;0;;1;2;3;0;1;3;0;0;4;+18;
Tony Bradley;13:36;1;2;.500;0;0;;0;0;;1;3;4;0;0;2;0;2;2;+19;
Troy Brown Jr.;2:43;0;1;.000;0;1;.000;0;0;;0;1;1;0;0;0;0;0;0;-6;
Alize Johnson;Did Not Play;
Matt Thomas;Did Not Play;
Tyler Cook;Did Not Play;
Team Totals;240;39;91;.429;5;21;.238;24;30;.800;9;36;45;16;8;5;9;19;107;;
Home Advanced
DeMar DeRozan;35:06;.649;.591;.045;.273;2.8;13.7;8.3;19.3;0.0;0.0;3.9;31.0;131;102;10.8;
Zach LaVine;34:27;.577;.500;.211;.421;8.5;5.6;7.0;26.3;0.0;0.0;0.0;27.7;131;106;9.3;
Nikola Vučević;34:18;.355;.263;.316;.421;0.0;33.6;17.0;8.4;1.4;0.0;0.0;27.8;81;91;-3.3;
Lonzo Ball;33:13;.463;.409;.545;.182;2.9;11.6;7.3;8.7;5.7;0.0;25.2;20.3;77;90;-0.5;
Javonte Green;22:02;.868;1.000;.000;1.000;4.4;4.4;4.4;0.0;2.1;0.0;0.0;5.5;179;102;0.8;
Alex Caruso;24:59;.509;.500;.000;.333;3.9;11.5;7.8;17.3;1.9;0.0;36.8;18.5;76;99;-5.1;
Ayo Dosunmu;20:39;.291;.250;.333;.333;0.0;13.9;7.0;6.3;0.0;0.0;0.0;14.1;69;102;-7.2;
Derrick Jones Jr.;18:57;.667;.667;.333;.000;5.2;10.1;7.7;0.0;2.5;14.1;0.0;6.7;143;91;8.5;
Tony Bradley;13:36;.500;.500;.000;.000;7.2;21.2;14.3;0.0;0.0;13.1;0.0;6.2;121;92;0.7;
Troy Brown Jr.;2:43;.000;.000;1.000;.000;0.0;35.3;17.8;0.0;0.0;0.0;0.0;15.6;0;93;-15.2;
Alize Johnson;Did Not Play;
Matt Thomas;Did Not Play;
Tyler Cook;Did Not Play;
Team Totals;240;.513;.456;.231;.330;18.4;72.0;45.5;41.0;7.8;9.3;8.0;100.0;104.7;96.9;;
