202110310BRK-DET;BRK;DET;False;7:30 PM, October 31, 2021;Barclays Center, Brooklyn, New York;2:05
91;
117;
Guest Basic
Jerami Grant;27:15;5;15;.333;1;5;.200;0;1;.000;0;4;4;0;1;0;4;5;11;-21;
Saddiq Bey;27:02;4;8;.500;1;4;.250;0;0;;1;2;3;6;1;1;1;0;9;-15;
Killian Hayes;22:08;1;5;.200;0;1;.000;4;4;1.000;1;1;2;2;5;0;4;3;6;-21;
Hamidou Diallo;19:38;2;6;.333;2;3;.667;0;0;;1;3;4;0;0;0;1;1;6;-12;
Isaiah Stewart;18:07;2;4;.500;1;2;.500;0;0;;0;1;1;0;0;0;0;1;5;-13;
Josh Jackson;25:11;4;11;.364;2;5;.400;2;6;.333;1;4;5;3;0;1;0;3;12;-14;
Kelly Olynyk;20:55;3;8;.375;1;3;.333;2;3;.667;1;1;2;2;1;0;1;2;9;-9;
Cory Joseph;20:33;4;6;.667;1;1;1.000;4;4;1.000;0;0;0;2;0;0;1;0;13;-7;
Frank Jackson;18:36;3;8;.375;0;4;.000;0;0;;0;2;2;0;2;0;1;0;6;-14;
Trey Lyles;16:31;3;4;.750;2;2;1.000;0;0;;1;3;4;3;1;0;1;2;8;-5;
Luka Garza;8:38;0;1;.000;0;1;.000;2;2;1.000;1;0;1;0;1;0;0;1;2;-4;
Rodney McGruder;6:09;0;1;.000;0;0;;0;0;;0;0;0;0;0;1;0;0;0;+2;
Saben Lee;5:19;0;1;.000;0;1;.000;1;2;.500;0;1;1;3;0;0;1;0;1;+2;
Jamorko Pickett;3:58;1;1;1.000;1;1;1.000;0;0;;0;0;0;0;0;0;0;0;3;+1;
Team Totals;240;32;79;.405;12;33;.364;15;22;.682;7;22;29;21;12;3;15;18;91;;
Guest Advanced
Jerami Grant;27:15;.356;.367;.333;.067;0.0;29.4;10.1;0.0;1.9;0.0;20.6;33.0;53;125;-21.0;
Saddiq Bey;27:02;.563;.563;.500;.000;3.9;14.8;7.6;42.8;1.9;3.8;11.1;15.4;122;123;5.0;
Killian Hayes;22:08;.444;.200;.200;.800;4.7;9.0;6.2;14.5;11.4;0.0;37.2;22.5;70;104;-3.6;
Hamidou Diallo;19:38;.500;.500;.500;.000;5.3;30.6;14.0;0.0;0.0;0.0;14.3;16.5;85;130;-8.9;
Isaiah Stewart;18:07;.625;.625;.500;.000;0.0;11.0;3.8;0.0;0.0;0.0;0.0;10.2;115;130;-6.6;
Josh Jackson;25:11;.440;.455;.455;.545;4.1;31.8;13.6;23.5;0.0;4.1;0.0;25.1;99;125;-2.3;
Kelly Olynyk;20:55;.483;.438;.375;.375;5.0;9.6;6.6;18.3;2.4;0.0;9.7;22.8;98;125;-4.3;
Cory Joseph;20:33;.838;.750;.167;.667;0.0;0.0;0.0;20.6;0.0;0.0;11.4;19.7;150;131;3.4;
Frank Jackson;18:36;.375;.375;.500;.000;0.0;21.5;7.4;0.0;5.4;0.0;11.1;22.4;63;118;-8.6;
Trey Lyles;16:31;1.000;1.000;.500;.000;6.3;36.3;16.6;37.4;3.1;0.0;20.0;14.0;158;122;11.7;
Luka Garza;8:38;.532;.000;1.000;2.000;12.1;0.0;7.9;0.0;5.8;0.0;0.0;10.1;136;117;-4.0;
Rodney McGruder;6:09;.000;.000;.000;.000;0.0;0.0;0.0;0.0;0.0;16.6;0.0;7.5;0;115;-9.0;
Saben Lee;5:19;.266;.000;1.000;2.000;0.0;37.6;12.9;84.6;0.0;0.0;34.7;25.1;79;130;-6.5;
Jamorko Pickett;3:58;1.500;1.500;1.000;.000;0.0;0.0;0.0;0.0;0.0;0.0;0.0;11.7;300;131;17.7;
Team Totals;240;.513;.481;.418;.278;15.2;91.7;41.4;65.6;12.6;6.4;14.5;100.0;95.6;123.0;;
Home Basic
James Harden;29:22;6;9;.667;4;7;.571;2;3;.667;0;10;10;12;0;0;5;0;18;+19;
Kevin Durant;27:20;10;13;.769;1;1;1.000;2;3;.667;0;1;1;5;0;1;3;3;23;+10;
Joe Harris;25:54;5;9;.556;2;4;.500;0;0;;0;4;4;1;0;0;1;2;12;+15;
Bruce Brown;22:37;1;4;.250;0;1;.000;0;0;;0;4;4;2;3;0;0;1;2;+23;
Blake Griffin;20:19;3;4;.750;1;2;.500;1;2;.500;0;5;5;2;0;1;2;2;8;+14;
DeAndre' Bembry;23:43;6;8;.750;1;2;.500;2;2;1.000;0;7;7;1;2;0;2;4;15;+11;
LaMarcus Aldridge;21:02;7;8;.875;0;0;;2;2;1.000;1;2;3;1;0;0;2;1;16;+13;
James Johnson;20:06;1;2;.500;0;1;.000;1;2;.500;0;4;4;1;1;0;3;1;3;+13;
Patty Mills;19:52;3;7;.429;1;2;.500;0;0;;0;0;0;2;0;0;0;1;7;+6;
Jevon Carter;17:17;3;5;.600;2;4;.500;0;0;;0;1;1;2;1;0;1;2;8;+9;
Day'Ron Sharpe;6:39;2;2;1.000;1;1;1.000;0;2;.000;1;1;2;0;0;0;0;2;5;-1;
Cam Thomas;5:49;0;1;.000;0;0;;0;0;;0;0;0;1;0;0;0;0;0;-2;
Team Totals;240;47;72;.653;13;25;.520;10;16;.625;2;39;41;30;7;2;19;19;117;;
Home Advanced
James Harden;29:22;.872;.889;.778;.333;0.0;35.5;23.4;52.7;0.0;0.0;32.6;25.5;135;96;12.5;
Kevin Durant;27:20;.803;.808;.077;.231;0.0;3.8;2.5;29.8;0.0;3.8;17.3;31.0;134;100;6.1;
Joe Harris;25:54;.667;.667;.444;.000;0.0;16.1;10.6;4.9;0.0;0.0;10.0;18.9;112;100;-2.3;
Bruce Brown;22:37;.250;.250;.250;.000;0.0;18.5;12.1;9.5;6.7;0.0;0.0;8.7;81;84;2.0;
Blake Griffin;20:19;.820;.875;.500;.500;0.0;25.7;16.9;11.8;0.0;5.1;29.1;16.6;115;94;2.6;
DeAndre' Bembry;23:43;.845;.813;.250;.250;0.0;30.8;20.2;5.8;4.3;0.0;18.4;22.5;129;86;5.2;
LaMarcus Aldridge;21:02;.901;.875;.000;.250;9.5;9.9;9.8;7.4;0.0;0.0;18.4;25.3;142;101;3.5;
James Johnson;20:06;.521;.500;.500;1.000;0.0;20.8;13.6;5.4;2.5;0.0;51.0;14.3;59;93;-6.9;
Patty Mills;19:52;.500;.500;.286;.000;0.0;0.0;0.0;12.2;0.0;0.0;0.0;17.3;109;104;-5.3;
Jevon Carter;17:17;.800;.800;.800;.000;0.0;6.0;4.0;14.4;2.9;0.0;16.7;17.0;130;95;5.9;
Day'Ron Sharpe;6:39;.868;1.250;.500;1.000;30.1;15.7;20.6;0.0;0.0;0.0;0.0;21.2;151;99;4.6;
Cam Thomas;5:49;.000;.000;.000;.000;0.0;0.0;0.0;17.6;0.0;0.0;0.0;8.4;66;104;-7.0;
Team Totals;240;.740;.743;.347;.222;8.3;84.8;58.6;63.8;7.4;4.3;19.4;100.0;123.0;95.6;;
