202111050GSW-BRK;DET;BRK;False;10:00 PM, November 5, 2021;Chase Center, San Francisco, California;2:18
96;
90;
Guest Basic
Jonas Valančiūnas;31:21;8;15;.533;1;1;1.000;3;4;.750;5;10;15;4;0;0;4;2;20;-19;
Josh Hart;30:26;3;5;.600;1;2;.500;3;4;.750;1;8;9;2;1;0;1;3;10;-22;
Devonte' Graham;29:43;4;12;.333;3;10;.300;1;3;.333;1;2;3;3;0;1;2;1;12;-19;
Nickeil Alexander-Walker;28:15;3;11;.273;2;7;.286;0;0;;0;1;1;2;0;0;2;3;8;-15;
Garrett Temple;26:02;1;6;.167;1;4;.250;2;2;1.000;2;2;4;3;0;0;1;4;5;-18;
Naji Marshall;21:40;3;7;.429;0;3;.000;2;2;1.000;0;3;3;0;1;0;2;1;8;-27;
Tomáš Satoranský;20:51;4;5;.800;0;0;;1;1;1.000;0;1;1;4;2;0;0;0;9;-25;
Trey Murphy III;18:25;2;9;.222;2;8;.250;0;0;;0;1;1;1;0;2;0;1;6;-22;
Kira Lewis Jr.;18:13;1;10;.100;0;4;.000;0;0;;0;1;1;2;1;0;4;2;2;-22;
Jose Alvarado;5:53;2;4;.500;1;2;.500;0;0;;0;0;0;1;1;0;0;0;5;-5;
Didi Louzada;5:53;0;3;.000;0;3;.000;0;0;;2;0;2;0;0;0;0;0;0;-5;
Willy Hernangómez;3:16;0;1;.000;0;0;;0;0;;0;2;2;1;0;0;1;1;0;-6;
Herbert Jones;Did Not Dress;
Brandon Ingram;Did Not Dress;
Jaxson Hayes;Did Not Play;
Team Totals;240;31;88;.352;11;44;.250;12;16;.750;11;31;42;23;6;3;17;18;85;;
Guest Advanced
Jonas Valančiūnas;31:21;.597;.567;.067;.267;15.0;38.3;25.2;32.7;0.0;0.0;19.3;28.4;105;129;3.5;
Josh Hart;30:26;.740;.700;.400;.800;3.1;31.5;15.6;12.0;1.6;0.0;12.9;10.9;134;126;-0.7;
Devonte' Graham;29:43;.450;.458;.833;.250;3.2;8.1;5.3;19.7;0.0;3.9;13.1;22.1;86;133;-4.0;
Nickeil Alexander-Walker;28:15;.364;.364;.636;.000;0.0;4.2;1.9;13.1;0.0;0.0;15.4;19.7;67;136;-12.7;
Garrett Temple;26:02;.363;.250;.667;.333;7.2;9.2;8.1;19.0;0.0;0.0;12.7;13.0;91;135;-8.3;
Naji Marshall;21:40;.508;.429;.429;.286;0.0;16.6;7.3;0.0;2.3;0.0;20.2;19.5;79;128;-8.4;
Tomáš Satoranský;20:51;.827;.800;.000;.200;0.0;5.8;2.5;42.3;4.7;0.0;0.0;11.2;177;124;11.6;
Trey Murphy III;18:25;.333;.333;.889;.000;0.0;6.5;2.9;10.1;0.0;12.7;0.0;20.9;74;128;-3.5;
Kira Lewis Jr.;18:13;.100;.100;.400;.000;0.0;6.6;2.9;18.6;2.7;0.0;28.6;32.9;23;129;-28.9;
Jose Alvarado;5:53;.625;.625;.500;.000;0.0;0.0;0.0;55.6;8.4;0.0;0.0;29.1;122;116;23.1;
Didi Louzada;5:53;.000;.000;1.000;.000;32.0;0.0;17.9;0.0;0.0;0.0;0.0;21.8;36;137;-20.5;
Willy Hernangómez;3:16;.000;.000;.000;.000;0.0;73.5;32.3;47.4;0.0;0.0;50.0;26.2;24;121;-20.2;
Herbert Jones;Did Not Dress;
Brandon Ingram;Did Not Dress;
Jaxson Hayes;Did Not Play;
Team Totals;240;.447;.415;.500;.182;21.6;77.5;46.2;74.2;6.1;7.3;15.2;100.0;87.1;129.1;;
Home Basic
Stephen Curry;29:45;5;16;.313;5;13;.385;4;4;1.000;0;3;3;6;0;2;1;1;19;+17;
Jordan Poole;27:51;10;15;.667;6;9;.667;0;0;;0;0;0;1;0;0;1;3;26;+31;
Andrew Wiggins;26:10;6;13;.462;1;5;.200;3;4;.750;0;3;3;0;0;0;1;2;16;+8;
Draymond Green;24:30;3;5;.600;0;2;.000;2;2;1.000;4;4;8;5;1;1;0;4;8;+10;
Kevon Looney;11:04;0;1;.000;0;0;;0;0;;0;3;3;1;0;0;0;3;0;+4;
Damion Lee;20:54;2;6;.333;1;3;.333;1;2;.500;0;3;3;2;0;0;1;0;6;+11;
Nemanja Bjelica;17:42;5;7;.714;3;5;.600;0;0;;1;6;7;3;2;1;3;0;13;+33;
Gary Payton II;17:33;7;10;.700;1;3;.333;2;2;1.000;2;5;7;3;1;0;0;0;17;+23;
Andre Iguodala;17:24;1;4;.250;0;2;.000;0;0;;1;3;4;10;2;0;1;0;2;+26;
Otto Porter Jr.;16:55;3;7;.429;2;6;.333;0;0;;1;2;3;2;1;0;0;0;8;+13;
Juan Toscano-Anderson;14:43;2;4;.500;0;1;.000;0;0;;0;4;4;2;3;0;1;2;4;+13;
Moses Moody;8:14;2;2;1.000;1;1;1.000;0;0;;0;1;1;0;0;0;1;0;5;+9;
Jonathan Kuminga;7:14;1;1;1.000;0;0;;0;0;;0;3;3;1;0;0;1;1;2;+7;
Team Totals;240;47;91;.516;20;50;.400;12;14;.857;9;40;49;36;10;4;11;16;126;;
Home Advanced
Stephen Curry;29:45;.535;.469;.813;.250;0.0;9.5;5.3;24.9;0.0;7.3;5.3;28.0;119;92;4.0;
Jordan Poole;27:51;.867;.867;.600;.000;0.0;0.0;0.0;5.8;0.0;0.0;6.3;25.5;143;99;8.2;
Andrew Wiggins;26:10;.542;.500;.385;.308;0.0;10.8;6.0;0.0;0.0;0.0;6.3;26.7;100;95;-9.8;
Draymond Green;24:30;.680;.600;.400;.400;19.6;15.4;17.2;23.8;2.0;4.5;0.0;10.7;181;86;8.1;
Kevon Looney;11:04;.000;.000;.000;.000;0.0;25.5;14.3;9.2;0.0;0.0;0.0;4.0;68;89;-9.3;
Damion Lee;20:54;.436;.417;.500;.333;0.0;13.5;7.6;10.8;0.0;0.0;12.7;16.7;91;94;-7.1;
Nemanja Bjelica;17:42;.929;.929;.714;.000;6.8;31.9;20.9;24.3;5.6;6.2;30.0;25.1;121;71;19.8;
Gary Payton II;17:33;.781;.750;.300;.200;13.7;26.8;21.0;29.5;2.8;0.0;0.0;27.5;168;83;19.8;
Andre Iguodala;17:24;.250;.250;.500;.000;6.9;16.2;12.1;62.4;5.7;0.0;20.0;12.8;133;80;14.2;
Otto Porter Jr.;16:55;.571;.571;.857;.000;7.1;11.1;9.4;14.7;2.9;0.0;0.0;18.4;131;89;5.7;
Juan Toscano-Anderson;14:43;.500;.500;.250;.000;0.0;25.6;14.3;16.1;10.0;0.0;20.0;15.1;97;66;4.7;
Moses Moody;8:14;1.250;1.250;.500;.000;0.0;11.4;6.4;0.0;0.0;0.0;33.3;16.2;105;95;4.7;
Jonathan Kuminga;7:14;1.000;1.000;.000;.000;0.0;39.0;21.9;16.4;0.0;0.0;50.0;12.3;100;84;-2.4;
Team Totals;240;.648;.626;.549;.154;22.5;78.4;53.8;76.6;10.2;9.1;10.2;100.0;129.1;87.1;;
