202111060POR-PHI;CHI;PHI;False;10:30 PM, November 6, 2021;Moda Center, Portland, Oregon;2:06
114;
105;
Guest Basic
Russell Westbrook;29:29;1;13;.077;1;3;.333;5;8;.625;2;7;9;6;2;0;6;3;8;-20;
Avery Bradley;22:46;2;5;.400;0;1;.000;0;0;;0;3;3;3;0;0;0;0;4;-29;
DeAndre Jordan;20:07;3;5;.600;0;0;;0;0;;1;8;9;0;1;1;1;1;6;-24;
Kent Bazemore;19:07;1;3;.333;0;1;.000;2;2;1.000;1;2;3;1;0;0;1;3;4;-14;
Anthony Davis;7:09;1;5;.200;0;0;;0;0;;3;0;3;0;0;0;0;1;2;-11;
Carmelo Anthony;26:38;4;14;.286;0;4;.000;4;4;1.000;0;2;2;1;0;2;0;2;12;-20;
Wayne Ellington;24:53;3;8;.375;2;7;.286;0;0;;0;4;4;0;0;0;1;2;8;-6;
Austin Reaves;24:33;3;9;.333;2;5;.400;2;2;1.000;1;5;6;3;0;0;1;1;10;+17;
Malik Monk;21:53;5;11;.455;3;7;.429;0;0;;0;4;4;3;1;1;4;0;13;+22;
Dwight Howard;14:44;3;6;.500;0;0;;5;6;.833;1;6;7;0;1;0;3;2;11;-5;
Rajon Rondo;12:35;1;6;.167;0;2;.000;0;0;;0;3;3;2;1;0;1;1;2;-19;
Sekou Doumbouya;8:03;4;4;1.000;1;1;1.000;1;2;.500;1;3;4;0;2;1;1;1;10;+17;
Jay Huff;8:03;0;1;.000;0;1;.000;0;0;;1;1;2;1;0;0;0;0;0;+17;
Team Totals;240;31;90;.344;9;32;.281;19;24;.792;11;48;59;20;8;5;19;17;90;;
Guest Advanced
Russell Westbrook;29:29;.242;.115;.231;.615;6.4;19.0;13.2;33.3;3.1;0.0;26.6;30.7;54;97;-11.4;
Avery Bradley;22:46;.400;.400;.200;.000;0.0;10.5;5.7;23.6;0.0;0.0;0.0;8.8;102;108;-3.3;
DeAndre Jordan;20:07;.600;.600;.000;.000;4.7;31.8;19.3;0.0;2.3;6.0;16.7;12.0;98;91;-0.3;
Kent Bazemore;19:07;.515;.333;.333;.667;4.9;8.4;6.8;8.8;0.0;0.0;20.5;10.2;99;109;-7.9;
Anthony Davis;7:09;.200;.200;.000;.000;39.5;0.0;18.1;0.0;0.0;0.0;0.0;28.1;70;112;-16.3;
Carmelo Anthony;26:38;.381;.286;.286;.286;0.0;6.0;3.2;7.6;0.0;9.0;0.0;23.8;86;105;-4.7;
Wayne Ellington;24:53;.500;.500;.875;.000;0.0;12.9;7.0;0.0;0.0;0.0;11.1;14.5;85;107;-6.9;
Austin Reaves;24:33;.506;.444;.556;.222;3.8;16.3;10.6;23.3;0.0;0.0;9.2;17.8;106;106;0.3;
Malik Monk;21:53;.591;.591;.636;.000;0.0;14.6;7.9;32.8;2.1;5.5;26.7;27.5;85;99;4.2;
Dwight Howard;14:44;.637;.500;.000;1.000;6.4;32.6;20.5;0.0;3.1;0.0;25.8;31.7;96;92;-1.1;
Rajon Rondo;12:35;.167;.167;.333;.000;0.0;19.1;10.3;28.1;3.7;0.0;14.3;22.3;44;96;-11.6;
Sekou Doumbouya;8:03;1.025;1.125;.250;.500;11.7;29.8;21.5;0.0;11.5;14.9;17.0;29.3;144;66;38.5;
Jay Huff;8:03;.000;.000;1.000;.000;11.7;9.9;10.7;19.2;0.0;0.0;0.0;5.0;78;109;-4.2;
Team Totals;240;.447;.394;.356;.267;21.6;80.0;53.2;64.5;7.7;12.5;15.9;100.0;86.6;101.0;;
Home Basic
Robert Covington;32:28;4;8;.500;4;7;.571;0;0;;1;3;4;2;2;1;0;2;12;+30;
Damian Lillard;30:48;9;19;.474;6;14;.429;1;2;.500;0;3;3;6;2;0;3;3;25;+29;
Norman Powell;27:22;4;11;.364;1;4;.250;4;6;.667;0;2;2;2;1;2;2;2;13;+26;
CJ McCollum;24:23;3;15;.200;1;10;.100;0;0;;1;4;5;5;0;0;0;3;7;+27;
Jusuf Nurkić;21:39;6;6;1.000;0;0;;3;5;.600;2;15;17;1;3;1;2;1;15;+22;
Anfernee Simons;23:23;4;14;.286;0;6;.000;2;2;1.000;3;2;5;4;0;0;1;1;10;+3;
Larry Nance Jr.;16:57;1;4;.250;0;1;.000;2;3;.667;2;2;4;1;0;1;0;0;4;+2;
Nassir Little;15:12;3;7;.429;2;6;.333;0;0;;2;3;5;0;1;2;0;1;8;+2;
Dennis Smith Jr.;12:00;0;2;.000;0;1;.000;0;0;;0;3;3;0;4;0;1;3;0;-16;
Cody Zeller;11:27;1;1;1.000;0;0;;4;4;1.000;1;2;3;0;1;0;1;3;6;+6;
Tony Snell;8:03;0;0;;0;0;;0;0;;0;0;0;1;0;0;0;0;0;-17;
Ben McLemore;5:26;1;3;.333;1;3;.333;0;0;;0;0;0;0;0;0;1;1;3;-13;
Greg Brown III;5:26;0;3;.000;0;1;.000;2;2;1.000;0;1;1;0;0;0;0;1;2;-13;
CJ Elleby;5:26;0;2;.000;0;2;.000;0;0;;0;0;0;0;0;0;0;0;0;-13;
Team Totals;240;36;95;.379;15;55;.273;18;24;.750;12;40;52;22;14;7;11;21;105;;
Home Advanced
Robert Covington;32:28;.750;.750;.875;.000;2.5;8.7;5.3;9.8;2.8;2.5;0.0;10.1;151;89;6.6;
Damian Lillard;30:48;.629;.632;.737;.105;0.0;9.2;4.2;42.6;3.0;0.0;13.1;30.6;112;90;9.2;
Norman Powell;27:22;.477;.409;.364;.545;0.0;6.9;3.2;12.1;1.7;6.0;12.8;23.5;90;90;-2.7;
CJ McCollum;24:23;.233;.233;.667;.000;3.3;15.4;8.9;32.7;0.0;0.0;0.0;25.3;71;95;-11.2;
Jusuf Nurkić;21:39;.915;1.000;.000;.833;7.4;65.2;34.0;9.8;6.4;3.8;19.6;19.4;142;60;16.5;
Anfernee Simons;23:23;.336;.286;.429;.143;10.3;8.0;9.2;29.5;0.0;0.0;6.3;28.0;87;98;-7.4;
Larry Nance Jr.;16:57;.376;.250;.250;.750;9.4;11.1;10.2;8.5;0.0;4.9;0.0;12.9;106;94;-3.3;
Nassir Little;15:12;.571;.571;.857;.000;10.5;18.6;14.2;0.0;3.0;10.9;0.0;19.0;120;80;8.9;
Dennis Smith Jr.;12:00;.000;.000;.500;.000;0.0;23.5;10.8;0.0;15.4;0.0;33.3;10.3;0;57;-3.1;
Cody Zeller;11:27;1.087;1.000;.000;4.000;7.0;16.4;11.3;0.0;4.0;0.0;26.6;13.5;165;85;0.6;
Tony Snell;8:03;;;;;0.0;0.0;0.0;16.6;0.0;0.0;;0.0;242;101;-3.7;
Greg Brown III;5:26;.258;.000;.333;.667;0.0;17.3;8.0;0.0;0.0;0.0;0.0;29.4;60;94;-20.4;
CJ Elleby;5:26;.000;.000;1.000;.000;0.0;0.0;0.0;0.0;0.0;0.0;0.0;15.2;0;101;-21.7;
Ben McLemore;5:26;.500;.500;1.000;.000;0.0;0.0;0.0;0.0;0.0;0.0;25.0;30.3;67;100;-14.3;
Team Totals;240;.497;.458;.579;.253;20.0;78.4;46.8;61.1;13.5;12.1;9.4;100.0;101.0;86.6;;
