202111150ATL-ORL;ATL;ORL;False;7:30 PM, November 15, 2021;State Farm Arena, Atlanta, Georgia;2:11
111;
129;
Guest Basic
Cole Anthony;36:26;11;19;.579;4;8;.500;3;4;.750;2;1;3;11;2;0;6;2;29;-8;
Franz Wagner;35:24;7;14;.500;2;3;.667;3;5;.600;1;4;5;3;0;1;3;3;19;-19;
Wendell Carter Jr.;33:42;6;8;.750;3;3;1.000;0;0;;2;7;9;2;1;1;3;3;15;-14;
Mo Bamba;30:20;2;10;.200;1;6;.167;0;0;;2;6;8;4;3;2;0;5;5;-11;
Gary Harris;29:35;3;8;.375;2;4;.500;0;0;;1;0;1;2;1;0;0;4;8;-1;
Terrence Ross;26:10;8;19;.421;3;12;.250;0;0;;0;0;0;2;0;0;2;1;19;-13;
Chuma Okeke;24:49;3;10;.300;0;4;.000;1;1;1.000;3;3;6;1;0;0;0;4;7;-8;
R.J. Hampton;14:42;2;5;.400;1;2;.500;2;4;.500;0;5;5;5;1;0;2;2;7;-9;
Moritz Wagner;7:09;1;1;1.000;0;0;;0;0;;0;3;3;0;0;1;0;2;2;-3;
Mychal Mulder;1:43;0;1;.000;0;1;.000;0;0;;1;0;1;0;0;0;0;1;0;-4;
Robin Lopez;Did Not Play;
Ignas Brazdeikis;Did Not Play;
Team Totals;240;43;95;.453;16;43;.372;9;14;.643;12;29;41;30;8;5;16;27;111;;
Guest Advanced
Cole Anthony;36:26;.698;.684;.421;.211;5.4;3.5;4.5;50.8;2.6;0.0;22.4;30.1;121;129;9.3;
Franz Wagner;35:24;.586;.571;.214;.357;2.8;14.3;7.8;12.1;0.0;2.5;15.6;22.2;105;131;-4.3;
Wendell Carter Jr.;33:42;.938;.938;.375;.000;5.8;26.2;14.7;8.3;1.4;2.6;27.3;13.4;125;126;1.6;
Mo Bamba;30:20;.250;.250;.600;.000;6.5;25.0;14.6;15.9;4.7;5.8;0.0;13.5;87;116;-2.6;
Gary Harris;29:35;.500;.500;.500;.000;3.3;0.0;1.9;8.5;1.6;0.0;0.0;11.1;117;132;-6.0;
Terrence Ross;26:10;.500;.500;.632;.000;0.0;0.0;0.0;13.0;0.0;0.0;9.5;32.9;92;136;-7.3;
Chuma Okeke;24:49;.335;.300;.400;.100;11.8;15.3;13.3;5.2;0.0;0.0;0.0;17.2;93;133;-12.6;
R.J. Hampton;14:42;.518;.500;.400;.800;0.0;43.0;18.8;44.8;3.2;0.0;22.8;24.4;104;121;2.3;
Moritz Wagner;7:09;1.000;1.000;.000;.000;0.0;53.0;23.1;0.0;0.0;12.2;0.0;5.7;200;117;-1.8;
Mychal Mulder;1:43;.000;.000;1.000;.000;57.1;0.0;32.1;0.0;0.0;0.0;0.0;23.9;64;133;-30.0;
Robin Lopez;Did Not Play;
Ignas Brazdeikis;Did Not Play;
Team Totals;240;.549;.537;.453;.147;24.5;76.3;47.1;69.8;7.9;9.1;13.7;100.0;109.8;127.6;;
Home Basic
Clint Capela;34:19;8;9;.889;0;0;;4;6;.667;7;9;16;3;3;2;1;1;20;+12;
John Collins;31:12;6;12;.500;0;2;.000;11;14;.786;0;3;3;3;2;2;0;4;23;+2;
Trae Young;30:25;9;21;.429;3;7;.429;2;4;.500;0;4;4;6;1;0;5;4;23;+18;
Bogdan Bogdanović;29:24;7;11;.636;4;8;.500;2;4;.500;0;1;1;4;1;0;1;1;20;+15;
Kevin Huerter;16:00;2;5;.400;0;1;.000;0;0;;1;4;5;2;0;0;1;0;4;-3;
Danilo Gallinari;28:23;4;10;.400;2;4;.500;0;0;;1;7;8;3;1;1;0;1;10;+16;
Cam Reddish;25:05;2;6;.333;2;4;.500;2;2;1.000;0;3;3;2;1;0;0;3;8;+9;
Delon Wright;16:32;2;2;1.000;1;1;1.000;0;2;.000;0;1;1;5;0;1;0;0;5;-3;
Lou Williams;15:36;5;7;.714;1;2;.500;0;0;;0;2;2;1;0;0;3;1;11;+6;
Solomon Hill;8:52;0;0;;0;0;;0;0;;0;1;1;1;1;1;0;2;0;+6;
Timothé Luwawu-Cabarrot;1:03;1;1;1.000;1;1;1.000;0;0;;0;0;0;0;0;0;0;0;3;+3;
Skylar Mays;1:03;1;1;1.000;0;0;;0;0;;0;1;1;0;0;0;0;0;2;+3;
Sharife Cooper;1:03;0;0;;0;0;;0;0;;0;0;0;2;0;0;0;0;0;+3;
Jalen Johnson;1:03;0;0;;0;0;;0;0;;0;1;1;0;0;0;0;0;0;+3;
Gorgui Dieng;Did Not Play;
Team Totals;240;47;85;.553;14;30;.467;21;32;.656;9;37;46;32;10;7;11;17;129;;
Home Advanced
Clint Capela;34:19;.859;.889;.000;.667;25.8;25.7;25.7;11.7;4.2;5.4;7.9;16.1;174;100;12.2;
John Collins;31:12;.633;.500;.167;1.167;0.0;9.4;5.3;12.2;3.0;5.9;0.0;25.4;142;107;3.5;
Trae Young;30:25;.505;.500;.333;.190;0.0;12.9;7.3;28.9;1.6;0.0;18.0;39.8;93;113;-11.0;
Bogdan Bogdanović;29:24;.784;.818;.727;.364;0.0;3.3;1.9;18.4;1.6;0.0;7.3;20.4;145;116;6.2;
Kevin Huerter;16:00;.400;.400;.200;.000;7.9;24.5;17.2;14.6;0.0;0.0;16.7;16.4;95;113;-8.5;
Danilo Gallinari;28:23;.500;.500;.400;.000;4.5;24.2;15.6;12.6;1.7;3.3;0.0;15.4;121;107;0.4;
Cam Reddish;25:05;.581;.500;.667;.333;0.0;11.7;6.6;8.9;1.9;0.0;0.0;12.0;134;112;-3.0;
Delon Wright;16:32;.868;1.250;.500;1.000;0.0;5.9;3.3;35.2;0.0;5.6;0.0;7.6;185;115;9.7;
Lou Williams;15:36;.786;.786;.286;.000;0.0;12.6;7.1;9.7;0.0;0.0;30.0;28.0;95;117;-6.8;
Solomon Hill;8:52;;;;;0.0;11.0;6.2;11.5;5.4;10.4;;0.0;230;98;6.0;
Sharife Cooper;1:03;;;;;0.0;0.0;0.0;100.0;0.0;0.0;;0.0;230;121;51.4;
Jalen Johnson;1:03;;;;;0.0;93.3;52.5;0.0;0.0;0.0;;0.0;0;92;-0.9;
Timothé Luwawu-Cabarrot;1:03;1.500;1.500;1.000;.000;0.0;0.0;0.0;0.0;0.0;0.0;0.0;41.5;300;121;81.7;
Skylar Mays;1:03;1.000;1.000;.000;.000;0.0;93.3;52.5;0.0;0.0;0.0;0.0;41.5;200;92;31.6;
Gorgui Dieng;Did Not Play;
Team Totals;240;.651;.635;.353;.376;23.7;75.5;52.9;68.1;9.9;13.5;10.0;100.0;127.6;109.8;;
