202110230CHI-DET;CHI;DET;False;8:00 PM, October 23, 2021;United Center, Chicago, Illinois;2:11
82;
97;
Guest Basic
Saddiq Bey;34:13;8;16;.500;1;5;.200;3;3;1.000;2;14;16;1;1;1;4;1;20;-6;
Jerami Grant;31:27;4;13;.308;0;3;.000;1;2;.500;2;3;5;1;2;4;4;2;9;-10;
Isaiah Stewart;24:16;3;7;.429;0;0;;0;0;;3;9;12;0;0;0;1;1;6;-12;
Frank Jackson;20:18;2;10;.200;1;4;.250;0;0;;0;1;1;1;0;0;1;2;5;-15;
Killian Hayes;19:27;1;5;.200;0;2;.000;0;0;;0;1;1;3;1;0;1;3;2;-11;
Cory Joseph;20:55;2;7;.286;0;2;.000;1;2;.500;1;0;1;3;0;1;1;0;5;+3;
Trey Lyles;19:17;4;7;.571;3;5;.600;1;2;.500;1;4;5;0;0;1;2;1;12;+1;
Kelly Olynyk;19:03;4;8;.500;0;2;.000;2;4;.500;1;4;5;1;1;1;1;1;10;-14;
Josh Jackson;16:18;2;5;.400;0;3;.000;0;0;;0;2;2;2;1;0;3;2;4;-11;
Hamidou Diallo;13:47;2;4;.500;0;1;.000;0;0;;0;0;0;1;0;0;1;3;4;-9;
Saben Lee;9:46;1;3;.333;0;0;;0;0;;0;1;1;0;1;0;1;0;2;-5;
Luka Garza;6:14;1;2;.500;0;1;.000;1;2;.500;1;1;2;1;2;0;0;1;3;+10;
Rodney McGruder;3:34;0;1;.000;0;0;;0;0;;0;2;2;0;0;0;0;0;0;+2;
Jamorko Pickett;1:25;0;0;;0;0;;0;0;;0;0;0;0;0;0;0;0;0;+2;
Team Totals;240;34;88;.386;5;28;.179;9;15;.600;11;42;53;14;9;8;20;17;82;;
Guest Advanced
Saddiq Bey;34:13;.577;.531;.313;.188;5.6;43.6;23.6;6.2;1.4;2.4;18.8;26.1;98;96;4.6;
Jerami Grant;31:27;.324;.308;.231;.154;6.1;10.2;8.0;5.5;3.0;10.5;22.4;23.8;59;86;-3.0;
Isaiah Stewart;24:16;.429;.429;.000;.000;11.9;39.6;25.0;0.0;0.0;0.0;12.5;13.8;89;102;-4.0;
Frank Jackson;20:18;.250;.250;.400;.000;0.0;5.3;2.5;8.1;0.0;0.0;9.1;22.7;54;105;-13.0;
Killian Hayes;19:27;.200;.200;.400;.000;0.0;5.5;2.6;23.5;2.5;0.0;16.7;12.9;56;99;-8.4;
Cory Joseph;20:55;.317;.286;.286;.286;4.6;0.0;2.4;23.4;0.0;4.0;11.3;17.8;77;101;-3.2;
Trey Lyles;19:17;.761;.786;.714;.286;5.0;22.1;13.1;0.0;0.0;4.3;20.2;21.5;116;99;7.4;
Kelly Olynyk;19:03;.512;.500;.250;.500;5.0;22.4;13.3;10.5;2.5;4.3;9.3;23.7;101;93;5.6;
Josh Jackson;16:18;.400;.400;.600;.000;0.0;13.1;6.2;21.0;2.9;0.0;37.5;20.6;58;98;-7.8;
Hamidou Diallo;13:47;.500;.500;.250;.000;0.0;0.0;0.0;12.9;0.0;0.0;20.0;15.2;86;105;-8.7;
Saben Lee;9:46;.333;.333;.000;.000;0.0;10.9;5.2;0.0;4.9;0.0;25.0;17.2;51;93;-7.0;
Luka Garza;6:14;.521;.500;.500;1.000;15.4;17.1;16.2;29.3;15.3;0.0;0.0;19.4;127;69;22.7;
Rodney McGruder;3:34;.000;.000;.000;.000;0.0;59.8;28.3;0.0;0.0;0.0;0.0;11.7;0;100;-12.1;
Jamorko Pickett;1:25;;;;;0.0;0.0;0.0;0.0;0.0;0.0;;0.0;0;106;-6.8;
Team Totals;240;.433;.415;.318;.170;22.0;93.3;55.8;41.2;8.9;13.8;17.5;100.0;81.4;96.3;;
Home Basic
Lonzo Ball;37:45;5;12;.417;3;7;.429;0;0;;0;4;4;1;3;4;2;3;13;+11;
DeMar DeRozan;33:53;7;18;.389;0;1;.000;7;9;.778;1;5;6;6;0;2;2;2;21;+19;
Nikola Vučević;33:06;6;16;.375;1;4;.250;2;2;1.000;2;17;19;3;2;3;2;3;15;+11;
Zach LaVine;33:06;6;18;.333;2;6;.333;0;0;;0;4;4;5;0;0;2;1;14;+11;
Patrick Williams;29:33;4;7;.571;1;3;.333;0;0;;0;4;4;1;0;0;1;0;9;+6;
Alex Caruso;26:31;3;4;.750;2;2;1.000;4;4;1.000;0;0;0;4;5;1;2;1;12;+9;
Javonte Green;18:15;3;3;1.000;2;2;1.000;2;2;1.000;0;4;4;1;0;0;1;5;10;+4;
Ayo Dosunmu;11:24;1;3;.333;0;0;;0;0;;0;1;1;3;1;1;0;0;2;-1;
Troy Brown Jr.;10:56;0;3;.000;0;1;.000;1;2;.500;0;0;0;0;1;0;0;1;1;+5;
Alize Johnson;5:31;0;0;;0;0;;0;0;;0;0;0;0;1;0;0;1;0;0;
Tony Bradley;Did Not Play;
Derrick Jones Jr.;Did Not Play;
Matt Thomas;Did Not Play;
Marko Simonovic;Did Not Play;
Team Totals;240;35;84;.417;11;26;.423;16;19;.842;3;39;42;24;13;11;12;17;97;;
Home Advanced
Lonzo Ball;37:45;.542;.542;.583;.000;0.0;10.2;5.4;4.4;3.8;8.5;14.3;17.1;84;78;2.6;
DeMar DeRozan;33:53;.478;.389;.056;.500;3.1;14.2;8.9;33.9;0.0;4.7;8.3;32.5;99;87;0.9;
Zach LaVine;33:06;.389;.389;.333;.000;0.0;11.6;6.1;27.6;0.0;0.0;10.0;27.8;76;91;-7.4;
Nikola Vučević;33:06;.444;.406;.250;.125;6.4;49.3;29.0;16.5;2.9;7.3;10.6;26.2;87;68;2.9;
Patrick Williams;29:33;.643;.643;.429;.000;0.0;13.0;6.8;5.7;0.0;0.0;12.5;12.5;103;91;-3.4;
Alex Caruso;26:31;1.042;1.000;.500;1.000;0.0;0.0;0.0;24.5;9.0;3.0;25.8;13.5;153;74;16.9;
Javonte Green;18:15;1.289;1.333;.667;.667;0.0;21.0;11.1;9.7;0.0;0.0;20.5;12.3;182;87;4.7;
Ayo Dosunmu;11:24;.333;.333;.000;.000;0.0;8.4;4.4;41.0;4.2;7.0;0.0;12.1;100;79;7.5;
Troy Brown Jr.;10:56;.129;.000;.333;.667;0.0;0.0;0.0;0.0;4.4;0.0;0.0;16.3;27;85;-14.1;
Alize Johnson;5:31;;;;;0.0;0.0;0.0;0.0;8.6;0.0;;0.0;0;76;-2.0;
Tony Bradley;Did Not Play;
Derrick Jones Jr.;Did Not Play;
Matt Thomas;Did Not Play;
Marko Simonovic;Did Not Play;
Team Totals;240;.525;.482;.310;.226;6.7;78.0;44.2;68.6;12.9;18.3;11.5;100.0;96.3;81.4;;
