202111240BOS-BRK;BOS;BRK;False;7:30 PM, November 24, 2021;TD Garden, Boston, Massachusetts;2:20
123;
104;
Guest Basic
Kevin Durant;37:10;8;16;.500;0;4;.000;5;6;.833;2;2;4;8;2;0;3;3;21;+20;
James Harden;35:55;4;13;.308;4;9;.444;8;9;.889;1;6;7;11;2;0;3;4;20;+29;
Patty Mills;33:11;8;12;.667;7;10;.700;0;0;;0;1;1;2;0;0;0;1;23;+20;
LaMarcus Aldridge;28:32;7;13;.538;0;0;;3;4;.750;2;7;9;1;1;1;0;0;17;+13;
DeAndre' Bembry;26:19;4;5;.800;0;0;;1;2;.500;1;9;10;2;3;1;2;3;9;+16;
Cam Thomas;24:56;4;11;.364;0;6;.000;5;6;.833;1;2;3;3;0;1;0;2;13;-15;
James Johnson;21:15;3;5;.600;0;1;.000;1;2;.500;0;4;4;0;0;0;0;3;7;+3;
Paul Millsap;16:49;1;5;.200;1;3;.333;0;0;;1;5;6;0;0;1;1;4;3;+8;
Jevon Carter;10:35;2;2;1.000;2;2;1.000;0;0;;0;4;4;2;0;0;1;3;6;+5;
Day'Ron Sharpe;2:39;2;3;.667;0;0;;0;1;.000;2;0;2;0;0;0;0;0;4;-2;
Kessler Edwards;2:39;0;0;;0;0;;0;0;;0;0;0;0;0;0;0;0;0;-2;
Blake Griffin;Did Not Play;
Team Totals;240;43;85;.506;14;35;.400;23;30;.767;10;40;50;29;8;4;10;23;123;;
Guest Advanced
Kevin Durant;37:10;.563;.500;.250;.375;6.5;4.7;5.4;31.6;2.7;0.0;13.9;25.8;120;112;2.0;
James Harden;35:55;.590;.462;.692;.692;3.3;14.6;9.8;39.0;2.8;0.0;15.0;24.7;128;106;6.7;
Patty Mills;33:11;.958;.958;.833;.000;0.0;2.6;1.5;9.2;0.0;0.0;0.0;16.0;180;119;11.5;
LaMarcus Aldridge;28:32;.576;.538;.000;.308;8.4;21.4;15.9;5.4;1.7;3.9;0.0;22.9;128;104;2.6;
DeAndre' Bembry;26:19;.765;.800;.000;.400;4.6;29.8;19.2;10.2;5.7;4.2;25.4;13.3;119;90;6.9;
Cam Thomas;24:56;.477;.364;.545;.545;4.8;7.0;6.1;16.4;0.0;4.5;0.0;24.3;119;115;-3.2;
James Johnson;21:15;.595;.600;.200;.400;0.0;16.4;9.5;0.0;0.0;0.0;0.0;12.3;119;112;-6.6;
Paul Millsap;16:49;.300;.300;.600;.000;7.1;25.9;18.0;0.0;0.0;6.6;16.7;15.8;65;104;-13.2;
Jevon Carter;10:35;1.500;1.500;1.000;.000;0.0;33.0;19.1;26.7;0.0;0.0;33.3;12.6;167;103;12.7;
Kessler Edwards;2:39;;;;;0.0;0.0;0.0;0.0;0.0;0.0;;0.0;0;120;-5.5;
Day'Ron Sharpe;2:39;.581;.667;.000;.333;90.6;0.0;38.1;0.0;0.0;0.0;0.0;57.6;134;120;5.9;
Blake Griffin;Did Not Play;
Team Totals;240;.626;.588;.412;.353;25.0;72.7;52.6;67.4;8.3;9.3;9.2;100.0;127.9;108.1;;
Home Basic
Marcus Smart;36:29;6;14;.429;3;8;.375;5;5;1.000;1;2;3;8;2;1;1;3;20;-10;
Jayson Tatum;30:19;4;16;.250;1;9;.111;6;8;.750;4;4;8;3;1;1;5;2;15;-33;
Al Horford;24:17;3;8;.375;1;4;.250;1;1;1.000;1;3;4;3;0;0;1;4;8;-20;
Jaylen Brown;23:57;5;15;.333;0;8;.000;3;3;1.000;1;4;5;0;2;0;2;2;13;-7;
Grant Williams;21:43;3;8;.375;2;7;.286;0;0;;1;3;4;1;1;1;1;3;8;-16;
Dennis Schröder;35:49;3;10;.300;1;5;.200;3;4;.750;0;6;6;6;0;0;1;4;10;-1;
Romeo Langford;22:46;3;7;.429;2;3;.667;0;0;;0;2;2;1;0;0;0;1;8;-3;
Jabari Parker;16:15;1;3;.333;0;0;;2;2;1.000;3;4;7;1;0;0;0;3;4;+9;
Aaron Nesmith;11:31;2;4;.500;1;3;.333;0;0;;0;0;0;0;0;0;0;2;5;-9;
Enes Freedom;7:28;2;3;.667;0;0;;3;3;1.000;4;1;5;0;0;2;0;0;7;-8;
Payton Pritchard;4:08;1;2;.500;0;1;.000;1;1;1.000;0;0;0;2;0;0;0;0;3;-1;
Juancho Hernangómez;2:39;1;1;1.000;0;0;;1;1;1.000;0;1;1;0;0;0;0;0;3;+2;
Bruno Fernando;2:39;0;0;;0;0;;0;0;;0;0;0;0;0;0;0;0;0;+2;
Team Totals;240;34;91;.374;11;48;.229;25;28;.893;15;30;45;25;6;5;11;24;104;;
Home Advanced
Marcus Smart;36:29;.617;.536;.571;.357;2.4;6.6;4.2;40.3;2.7;2.6;5.8;19.8;136;126;8.6;
Jayson Tatum;30:19;.384;.281;.563;.500;11.5;15.8;13.3;17.2;1.6;3.2;20.4;34.0;78;126;-8.5;
Al Horford;24:17;.474;.438;.500;.125;3.6;14.8;8.3;21.1;0.0;0.0;10.6;16.3;103;132;-5.5;
Jaylen Brown;23:57;.398;.333;.533;.200;3.6;20.0;10.5;0.0;4.2;0.0;10.9;32.1;77;122;-8.9;
Grant Williams;21:43;.500;.500;.875;.000;4.0;16.6;9.3;8.1;2.3;4.4;11.1;17.4;96;124;-1.6;
Dennis Schröder;35:49;.425;.350;.500;.400;0.0;20.1;8.5;26.8;0.0;0.0;7.8;15.0;102;131;-7.0;
Romeo Langford;22:46;.571;.571;.429;.000;0.0;10.5;4.4;7.6;0.0;0.0;0.0;12.9;118;133;-2.1;
Jabari Parker;16:15;.515;.333;.000;.667;16.1;29.5;21.8;9.5;0.0;0.0;0.0;10.0;145;129;-4.1;
Aaron Nesmith;11:31;.625;.625;.750;.000;0.0;0.0;0.0;0.0;0.0;0.0;0.0;14.6;119;135;-5.0;
Enes Freedom;7:28;.810;.667;.000;1.000;46.8;16.1;33.8;0.0;0.0;25.7;0.0;24.3;186;116;24.7;
Payton Pritchard;4:08;.615;.500;.500;.500;0.0;0.0;0.0;100.0;0.0;0.0;0.0;24.8;153;136;16.7;
Bruno Fernando;2:39;;;;;0.0;0.0;0.0;0.0;0.0;0.0;;0.0;0;136;-9.8;
Juancho Hernangómez;2:39;1.042;1.000;.000;1.000;0.0;45.3;19.1;0.0;0.0;0.0;0.0;22.8;222;126;22.0;
Team Totals;240;.503;.434;.527;.308;27.3;75.0;47.4;73.5;6.2;10.0;9.6;100.0;108.1;127.9;;
