202110250DEN-DET;ATL;DET;False;9:00 PM, October 25, 2021;Ball Arena, Denver, Colorado;2:06
104;
122;
Guest Basic
Jarrett Allen;36:37;10;11;.909;0;0;;1;3;.333;5;11;16;2;0;0;0;1;21;+5;
Darius Garland;31:07;4;9;.444;1;3;.333;0;0;;1;2;3;7;1;0;3;1;9;+12;
Lauri Markkanen;27:29;4;12;.333;2;8;.250;2;2;1.000;0;4;4;2;4;1;1;1;12;+10;
Evan Mobley;26:13;4;8;.500;0;0;;2;2;1.000;3;5;8;2;0;1;3;3;10;+16;
Collin Sexton;24:39;4;11;.364;3;5;.600;3;4;.750;0;3;3;2;0;0;1;3;14;+10;
Isaac Okoro;28:29;2;5;.400;0;0;;0;0;;1;1;2;2;2;2;1;2;4;+8;
Ricky Rubio;24:52;2;10;.200;0;3;.000;3;4;.750;0;4;4;8;1;1;2;5;7;+8;
Kevin Love;20:54;8;13;.615;1;4;.250;5;5;1.000;1;5;6;0;0;0;1;0;22;+5;
Cedi Osman;11:27;0;1;.000;0;1;.000;0;0;;0;2;2;1;0;0;1;2;0;+6;
Kevin Pangos;1:38;0;1;.000;0;1;.000;0;0;;0;0;0;0;0;0;1;0;0;-4;
Lamar Stevens;1:38;0;1;.000;0;0;;0;0;;0;0;0;0;0;0;0;0;0;-4;
Denzel Valentine;1:38;0;0;;0;0;;0;0;;0;0;0;0;0;0;0;0;0;-4;
Dean Wade;1:38;0;0;;0;0;;0;0;;0;1;1;0;0;0;0;0;0;-4;
Dylan Windler;1:38;0;0;;0;0;;0;0;;0;0;0;0;0;0;0;0;0;-4;
Ed Davis;Did Not Play;
Team Totals;240;38;82;.463;7;25;.280;16;20;.800;11;38;49;26;8;5;14;18;99;;
Guest Advanced
Jarrett Allen;36:37;.852;.909;.000;.273;13.9;29.4;21.8;10.5;0.0;0.0;0.0;15.4;175;90;11.6;
Darius Garland;31:07;.500;.500;.333;.000;3.3;6.3;4.8;33.9;1.6;0.0;25.0;17.7;96;94;-1.5;
Lauri Markkanen;27:29;.466;.417;.667;.167;0.0;14.3;7.3;11.3;7.3;3.6;7.2;23.1;94;78;8.0;
Evan Mobley;26:13;.563;.500;.000;.250;11.7;18.7;15.3;11.9;0.0;3.8;25.3;20.8;98;91;-2.0;
Collin Sexton;24:39;.549;.500;.455;.364;0.0;11.9;6.1;12.9;0.0;0.0;7.3;25.6;108;96;0.1;
Isaac Okoro;28:29;.400;.400;.000;.000;3.6;3.4;3.5;9.7;3.5;7.0;16.7;9.6;87;87;2.5;
Ricky Rubio;24:52;.298;.200;.300;.400;0.0;15.8;8.0;45.2;2.0;4.0;14.5;25.3;81;88;-4.4;
Kevin Love;20:54;.724;.654;.308;.385;4.9;23.4;14.4;0.0;0.0;0.0;6.2;35.5;135;92;13.2;
Cedi Osman;11:27;.000;.000;1.000;.000;0.0;17.1;8.7;11.0;0.0;0.0;50.0;8.0;26;94;-13.3;
Kevin Pangos;1:38;.000;.000;1.000;.000;0.0;0.0;0.0;0.0;0.0;0.0;50.0;56.1;0;100;-59.7;
Lamar Stevens;1:38;.000;.000;.000;.000;0.0;0.0;0.0;0.0;0.0;0.0;0.0;28.0;0;100;-29.7;
Denzel Valentine;1:38;;;;;0.0;0.0;0.0;0.0;0.0;0.0;;0.0;0;100;-4.8;
Dean Wade;1:38;;;;;0.0;60.0;30.6;0.0;0.0;0.0;;0.0;0;80;-0.4;
Dylan Windler;1:38;;;;;0.0;0.0;0.0;0.0;0.0;0.0;;0.0;0;100;-4.7;
Ed Davis;Did Not Play;
Team Totals;240;.545;.506;.305;.244;23.4;77.6;51.0;68.4;8.3;10.4;13.4;100.0;102.8;90.4;;
Home Basic
Nikola Jokić;34:57;9;15;.600;1;4;.250;5;6;.833;3;16;19;3;3;0;6;3;24;-12;
Will Barton;31:29;5;9;.556;1;4;.250;1;2;.500;1;1;2;1;2;2;2;0;12;-12;
Aaron Gordon;28:05;5;14;.357;1;5;.200;1;2;.500;3;6;9;1;0;0;3;2;12;-7;
Michael Porter Jr.;27:17;4;14;.286;3;9;.333;0;0;;2;3;5;3;1;1;2;2;11;-10;
Monte Morris;27:09;1;4;.250;0;1;.000;0;0;;0;2;2;6;0;0;2;2;2;-4;
Jeff Green;18:02;2;7;.286;0;3;.000;1;2;.500;0;1;1;0;0;0;1;3;5;-4;
Facundo Campazzo;17:37;1;4;.250;1;4;.250;0;0;;1;1;2;3;1;0;1;3;3;-11;
Austin Rivers;13:47;1;4;.250;0;0;;0;0;;1;1;2;1;0;0;1;0;2;-5;
Bones Hyland;10:25;3;5;.600;1;3;.333;0;0;;0;2;2;2;1;0;0;2;7;+3;
JaMychal Green;10:18;1;4;.250;0;3;.000;0;0;;0;1;1;0;0;0;2;3;2;-5;
PJ Dozier;9:56;1;3;.333;0;1;.000;0;0;;0;1;1;1;1;0;0;2;2;-13;
Zeke Nnaji;2:44;1;1;1.000;1;1;1.000;0;0;;0;0;0;0;0;0;0;0;3;+5;
Bol Bol;2:44;1;2;.500;0;0;;0;0;;0;1;1;0;0;0;0;0;2;+5;
Petr Cornelie;2:44;0;0;;0;0;;0;0;;0;0;0;0;0;0;0;0;0;+5;
Markus Howard;2:44;0;0;;0;0;;0;0;;0;0;0;0;1;0;1;0;0;+5;
Team Totals;240;35;86;.407;9;38;.237;8;12;.667;11;36;47;21;10;3;21;22;87;;
Home Advanced
Nikola Jokić;34:57;.680;.633;.267;.400;8.4;46.8;27.2;18.2;4.3;0.0;25.4;28.9;105;90;10.2;
Will Barton;31:29;.607;.611;.444;.222;3.1;3.2;3.2;5.6;3.2;5.3;16.8;16.1;101;101;5.6;
Aaron Gordon;28:05;.403;.393;.357;.143;10.5;21.8;16.0;6.5;0.0;0.0;16.8;27.2;76;107;-6.8;
Michael Porter Jr.;27:17;.393;.393;.643;.000;7.2;11.2;9.2;18.9;1.8;3.1;12.5;25.1;83;103;1.3;
Monte Morris;27:09;.250;.250;.250;.000;0.0;7.5;3.7;31.9;0.0;0.0;33.3;9.4;73;111;-7.1;
Jeff Green;18:02;.317;.286;.429;.286;0.0;5.7;2.8;0.0;0.0;0.0;11.3;21.1;59;111;-14.8;
Facundo Campazzo;17:37;.375;.375;1.000;.000;5.6;5.8;5.7;25.3;2.8;0.0;20.0;12.1;90;105;-1.7;
Austin Rivers;13:47;.250;.250;.000;.000;7.1;7.4;7.3;11.0;0.0;0.0;20.0;15.5;60;111;-9.0;
Bones Hyland;10:25;.700;.700;.600;.000;0.0;19.6;9.6;43.5;4.8;0.0;0.0;20.5;148;97;18.5;
JaMychal Green;10:18;.250;.250;.750;.000;0.0;9.9;4.9;0.0;0.0;0.0;33.3;24.9;33;110;-25.2;
PJ Dozier;9:56;.333;.333;.333;.000;0.0;10.3;5.0;16.0;5.0;0.0;0.0;12.9;85;99;-0.7;
Bol Bol;2:44;.500;.500;.000;.000;0.0;37.4;18.3;0.0;0.0;0.0;0.0;31.3;96;102;3.2;
Petr Cornelie;2:44;;;;;0.0;0.0;0.0;0.0;0.0;0.0;;0.0;0;113;-5.9;
Markus Howard;2:44;;;;;0.0;0.0;0.0;0.0;18.2;0.0;100.0;15.6;0;72;-1.9;
Zeke Nnaji;2:44;1.500;1.500;1.000;.000;0.0;0.0;0.0;0.0;0.0;0.0;0.0;15.6;300;113;35.2;
Team Totals;240;.477;.459;.442;.140;22.4;76.6;49.0;60.0;10.4;5.3;18.7;100.0;90.4;102.8;;
