202111080MEM-BRK;CHI;BRK;False;8:00 PM, November 8, 2021;FedEx Forum, Memphis, Tennessee;2:36
95;
118;
Guest Basic
Karl-Anthony Towns;43:21;9;20;.450;3;9;.333;4;5;.800;7;5;12;3;1;2;5;3;25;-3;
Anthony Edwards;42:59;9;22;.409;4;9;.444;5;7;.714;2;3;5;3;3;0;4;4;27;-16;
D'Angelo Russell;40:47;10;22;.455;6;13;.462;4;4;1.000;0;5;5;7;1;1;2;4;30;0;
Jaden McDaniels;31:12;4;9;.444;1;4;.250;2;3;.667;1;6;7;1;1;1;1;6;11;-10;
Patrick Beverley;29:29;4;7;.571;1;2;.500;0;0;;1;2;3;4;1;2;1;4;9;-10;
Malik Beasley;26:53;2;8;.250;0;5;.000;0;0;;0;4;4;1;0;0;0;1;4;-3;
Josh Okogie;18:48;1;2;.500;0;0;;0;0;;3;0;3;2;0;0;0;2;2;+8;
Naz Reid;14:18;2;4;.500;2;2;1.000;2;2;1.000;1;4;5;1;0;1;0;1;8;+15;
Jarred Vanderbilt;11:04;0;2;.000;0;1;.000;2;2;1.000;0;0;0;1;0;1;0;2;2;-12;
Taurean Prince;6:05;0;1;.000;0;0;;0;0;;0;1;1;0;0;0;0;0;0;-4;
Jake Layman;Did Not Play;
Nathan Knight;Did Not Play;
Jaylen Nowell;Did Not Play;
Jordan McLaughlin;Did Not Play;
Team Totals;265;41;97;.423;17;45;.378;19;23;.826;15;30;45;23;7;8;13;27;118;;
Guest Advanced
Karl-Anthony Towns;43:21;.563;.525;.450;.250;16.8;13.6;15.3;12.2;1.2;3.8;18.4;27.7;109;124;1.1;
Anthony Edwards;42:59;.538;.500;.409;.318;4.8;8.2;6.4;12.4;3.7;0.0;13.8;29.9;104;123;0.4;
D'Angelo Russell;40:47;.631;.591;.591;.182;0.0;14.4;6.8;32.5;1.3;2.0;7.8;27.9;132;125;9.3;
Jaden McDaniels;31:12;.533;.500;.444;.333;3.3;22.6;12.4;5.0;1.7;2.7;8.8;16.0;110;121;-3.2;
Patrick Beverley;29:29;.643;.643;.286;.000;3.5;8.0;5.6;21.3;1.8;5.6;12.5;12.0;134;124;4.1;
Malik Beasley;26:53;.250;.250;.625;.000;0.0;17.5;8.2;5.3;0.0;0.0;0.0;13.1;66;128;-12.1;
Josh Okogie;18:48;.500;.500;.000;.000;16.6;0.0;8.8;14.8;0.0;0.0;0.0;4.7;168;134;-0.9;
Naz Reid;14:18;.820;.750;.500;.500;7.3;32.9;19.3;11.0;0.0;5.8;0.0;15.1;181;119;14.3;
Jarred Vanderbilt;11:04;.347;.000;.500;1.000;0.0;0.0;0.0;11.7;0.0;7.5;0.0;11.5;103;129;-5.5;
Taurean Prince;6:05;.000;.000;.000;.000;0.0;19.4;9.1;0.0;0.0;0.0;0.0;7.3;0;128;-13.7;
Jake Layman;Did Not Play;
Nathan Knight;Did Not Play;
Jaylen Nowell;Did Not Play;
Jordan McLaughlin;Did Not Play;
Team Totals;265;.551;.510;.464;.237;29.4;66.7;46.9;56.1;7.0;12.5;10.8;100.0;117.7;124.6;;
Home Basic
Ja Morant;41:21;10;24;.417;3;6;.500;10;12;.833;1;5;6;8;1;1;3;3;33;+4;
Desmond Bane;40:50;5;13;.385;0;6;.000;3;3;1.000;1;2;3;5;1;0;1;2;13;+12;
De'Anthony Melton;32:01;7;12;.583;3;6;.500;2;2;1.000;0;3;3;3;2;1;3;3;19;+7;
Jaren Jackson Jr.;31:50;6;11;.545;2;3;.667;0;0;;2;6;8;0;1;3;2;6;14;+12;
Steven Adams;19:28;1;4;.250;0;0;;1;1;1.000;2;1;3;1;0;1;2;2;3;-17;
Kyle Anderson;28:29;5;8;.625;2;2;1.000;0;1;.000;3;6;9;7;0;1;1;2;12;+15;
Brandon Clarke;23:52;8;11;.727;0;2;.000;4;5;.800;5;4;9;0;0;1;0;2;20;+9;
Tyus Jones;19:47;2;4;.500;1;2;.500;0;0;;0;3;3;3;0;0;1;0;5;-4;
Xavier Tillman Sr.;15:02;0;2;.000;0;1;.000;0;0;;0;4;4;1;2;0;0;0;0;-6;
John Konchar;12:18;2;3;.667;0;0;;2;2;1.000;1;2;3;0;0;0;0;2;6;+3;
Sam Merrill;Did Not Play;
Ziaire Williams;Did Not Play;
Santi Aldama;Did Not Play;
Jarrett Culver;Did Not Play;
Team Totals;265;46;92;.500;11;28;.393;22;26;.846;15;36;51;28;7;8;13;22;125;;
Home Advanced
Ja Morant;41:21;.564;.479;.250;.500;2.8;12.6;8.0;30.9;1.3;2.5;9.3;35.5;123;119;5.7;
Desmond Bane;40:50;.454;.385;.462;.231;2.9;5.1;4.1;16.4;1.3;0.0;6.5;17.1;113;124;-4.2;
De'Anthony Melton;32:01;.738;.708;.500;.167;0.0;9.7;5.2;14.4;3.3;3.2;18.9;22.6;123;115;6.7;
Jaren Jackson Jr.;31:50;.636;.636;.273;.000;7.4;19.6;13.9;0.0;1.7;9.6;15.4;18.6;112;111;-0.3;
Steven Adams;19:28;.338;.250;.000;.250;12.1;5.3;8.5;6.3;0.0;5.2;31.1;15.1;76;124;-11.3;
Kyle Anderson;28:29;.711;.750;.250;.125;12.4;21.9;17.4;35.5;0.0;3.6;10.6;15.1;153;117;13.1;
Brandon Clarke;23:52;.758;.727;.182;.455;24.7;17.4;20.8;0.0;0.0;4.3;0.0;25.2;166;119;10.1;
Tyus Jones;19:47;.625;.625;.500;.000;0.0;15.8;8.4;19.8;0.0;0.0;20.0;11.5;120;122;-2.7;
Xavier Tillman Sr.;15:02;.000;.000;.500;.000;0.0;27.7;14.7;7.7;7.0;0.0;0.0;6.1;38;101;0.5;
John Konchar;12:18;.773;.667;.000;.667;9.6;16.9;13.5;0.0;0.0;0.0;0.0;14.4;172;121;0.3;
Sam Merrill;Did Not Play;
Ziaire Williams;Did Not Play;
Santi Aldama;Did Not Play;
Jarrett Culver;Did Not Play;
Team Totals;265;.604;.560;.304;.283;33.3;70.6;53.1;60.9;7.0;15.4;11.2;100.0;124.6;117.7;;
