202111170BRK-BOS;ATL;BOS;False;7:30 PM, November 17, 2021;Barclays Center, Brooklyn, New York;2:07
99;
110;
Guest Basic
Darius Garland;40:04;10;26;.385;3;13;.231;1;1;1.000;1;4;5;6;3;0;3;0;24;-11;
Isaac Okoro;39:01;3;11;.273;0;2;.000;2;2;1.000;4;2;6;2;1;0;2;3;8;-9;
Dean Wade;37:37;3;8;.375;2;6;.333;3;4;.750;2;3;5;2;2;0;0;3;11;+4;
Ricky Rubio;33:15;8;17;.471;3;10;.300;6;6;1.000;0;4;4;5;0;0;5;2;25;-4;
Ed Davis;23:38;3;6;.500;0;0;;0;0;;2;9;11;0;1;1;0;3;6;-6;
Kevin Love;21:26;4;10;.400;1;5;.200;2;2;1.000;1;8;9;2;0;0;2;1;11;-5;
Cedi Osman;19:16;3;8;.375;2;6;.333;3;4;.750;1;3;4;1;1;0;0;2;11;0;
Dylan Windler;12:14;0;0;;0;0;;0;0;;0;4;4;1;0;0;0;1;0;-14;
Denzel Valentine;10:33;1;3;.333;0;2;.000;0;0;;1;1;2;1;1;0;1;2;2;-6;
Tacko Fall;2:56;0;0;;0;0;;1;2;.500;0;0;0;0;0;0;0;0;1;+1;
Kevin Pangos;Did Not Play;
RJ Nembhard Jr.;Did Not Play;
Team Totals;240;35;89;.393;11;44;.250;18;21;.857;12;38;50;20;9;1;13;17;99;;
Guest Advanced
Darius Garland;40:04;.454;.442;.500;.038;2.3;10.4;6.2;31.2;3.7;0.0;10.2;31.7;94;111;2.6;
Isaac Okoro;39:01;.337;.273;.182;.182;9.6;5.3;7.6;7.9;1.3;0.0;14.4;15.4;82;117;-8.4;
Dean Wade;37:37;.564;.500;.750;.500;5.0;8.3;6.6;8.2;2.7;0.0;0.0;11.2;132;114;1.6;
Ricky Rubio;33:15;.636;.559;.588;.353;0.0;12.6;6.0;30.8;0.0;0.0;20.3;32.0;108;119;1.0;
Ed Davis;23:38;.500;.500;.000;.000;8.0;39.7;23.0;0.0;2.1;4.0;0.0;11.0;115;105;-0.6;
Kevin Love;21:26;.506;.450;.500;.200;4.4;38.9;20.8;17.2;0.0;0.0;15.5;25.9;96;113;-0.8;
Cedi Osman;19:16;.564;.500;.750;.500;4.9;16.2;10.3;9.1;2.6;0.0;0.0;21.9;126;112;5.0;
Dylan Windler;12:14;;;;;0.0;34.1;16.2;11.2;0.0;0.0;;0.0;231;114;-3.4;
Denzel Valentine;10:33;.333;.333;.667;.000;8.9;9.9;9.4;14.9;4.7;0.0;25.0;16.4;73;108;-6.2;
Tacko Fall;2:56;.568;;;;0.0;0.0;0.0;0.0;0.0;0.0;0.0;12.9;123;122;-4.0;
Kevin Pangos;Did Not Play;
RJ Nembhard Jr.;Did Not Play;
Team Totals;240;.504;.455;.494;.236;23.5;82.6;51.5;57.1;9.4;2.0;11.7;100.0;102.9;113.3;;
Home Basic
Kevin Durant;37:04;9;16;.563;2;3;.667;3;3;1.000;0;4;4;3;0;0;1;0;23;-5;
James Harden;36:57;6;12;.500;3;6;.500;12;12;1.000;0;10;10;7;2;1;6;1;27;+5;
Patty Mills;35:04;7;14;.500;6;12;.500;1;1;1.000;1;1;2;1;1;0;1;2;21;+19;
Bruce Brown;28:13;3;6;.500;0;0;;2;3;.667;2;8;10;5;2;0;0;3;8;+3;
Blake Griffin;17:59;1;5;.200;0;2;.000;0;0;;1;4;5;5;1;1;1;0;2;+6;
LaMarcus Aldridge;30:01;11;19;.579;0;2;.000;2;2;1.000;3;4;7;2;0;1;1;2;24;+4;
James Johnson;23:21;0;3;.000;0;0;;0;2;.000;1;8;9;4;1;0;1;5;0;+16;
DeAndre' Bembry;17:54;0;2;.000;0;1;.000;0;0;;0;0;0;1;0;0;0;3;0;+2;
Jevon Carter;13:27;1;6;.167;1;6;.167;1;2;.500;0;0;0;1;0;0;0;4;4;0;
Cam Thomas;Did Not Play;
Kessler Edwards;Did Not Play;
Day'Ron Sharpe;Did Not Play;
Team Totals;240;38;83;.458;12;32;.375;21;25;.840;8;39;47;29;7;3;11;20;109;;
Home Advanced
Kevin Durant;37:04;.664;.625;.188;.188;0.0;10.2;5.3;14.7;0.0;0.0;5.5;22.6;124;109;3.0;
James Harden;36:57;.781;.625;.500;1.000;0.0;25.5;13.4;30.1;2.7;2.9;25.8;28.8;122;95;10.3;
Patty Mills;35:04;.727;.714;.857;.071;3.0;2.7;2.8;4.8;1.4;0.0;6.5;20.1;125;109;5.2;
Bruce Brown;28:13;.546;.500;.000;.500;7.4;26.7;17.5;25.9;3.5;0.0;0.0;11.9;141;95;6.8;
Blake Griffin;17:59;.200;.200;.400;.000;5.8;20.9;13.8;37.8;2.8;5.9;16.7;15.3;83;95;3.4;
LaMarcus Aldridge;30:01;.604;.579;.105;.105;10.4;12.5;11.5;15.7;0.0;3.6;4.8;31.8;119;106;3.3;
James Johnson;23:21;.000;.000;.000;.667;4.5;32.2;19.1;21.6;2.1;0.0;20.5;9.6;57;95;-7.1;
DeAndre' Bembry;17:54;.000;.000;.500;.000;0.0;0.0;0.0;7.1;0.0;0.0;0.0;5.1;31;113;-12.7;
Jevon Carter;13:27;.291;.250;1.000;.333;0.0;0.0;0.0;10.4;0.0;0.0;0.0;23.4;69;113;-17.5;
Cam Thomas;Did Not Play;
Kessler Edwards;Did Not Play;
Day'Ron Sharpe;Did Not Play;
Team Totals;240;.580;.530;.386;.301;17.4;76.5;48.5;76.3;7.3;6.7;10.5;100.0;113.3;102.9;;
