202111040PHO-UTA;ATL;UTA;False;10:00 PM, November 4, 2021;Phoenix Suns Arena, Phoenix, Arizona;2:08
116;
98;
Guest Basic
Christian Wood;36:31;6;15;.400;2;6;.333;4;7;.571;2;13;15;5;0;3;3;5;18;-2;
Kevin Porter Jr.;36:02;7;17;.412;0;5;.000;6;6;1.000;0;6;6;3;0;0;2;4;20;-5;
Jae'Sean Tate;33:42;5;8;.625;1;2;.500;3;3;1.000;1;4;5;4;1;0;3;1;14;0;
Jalen Green;32:29;3;14;.214;2;7;.286;8;8;1.000;0;3;3;3;0;0;2;1;16;-3;
Alperen Şengün;22:33;4;10;.400;1;2;.500;1;2;.500;1;3;4;5;1;0;2;5;10;-19;
Eric Gordon;29:03;5;10;.500;2;4;.500;0;0;;0;1;1;1;0;0;5;1;12;-9;
David Nwaba;18:40;3;6;.500;0;1;.000;2;2;1.000;1;3;4;1;2;0;0;2;8;-9;
Kenyon Martin Jr.;14:18;2;3;.667;0;1;.000;0;0;;0;1;1;0;0;1;0;2;4;-12;
D.J. Augustin;11:58;2;4;.500;2;3;.667;0;0;;1;1;2;3;0;0;1;0;6;-7;
Armoni Brooks;4:43;1;1;1.000;1;1;1.000;0;0;;1;1;2;0;0;0;0;0;3;+6;
Josh Christopher;Did Not Play;
Usman Garuba;Did Not Play;
Team Totals;240;38;88;.432;11;32;.344;24;28;.857;7;36;43;25;4;4;18;21;111;;
Guest Advanced
Christian Wood;36:31;.498;.467;.400;.467;6.6;34.9;22.2;21.8;0.0;6.4;14.2;23.4;99;111;2.1;
Kevin Porter Jr.;36:02;.509;.412;.294;.353;0.0;16.3;9.0;13.9;0.0;0.0;9.2;24.4;100;121;-6.2;
Jae'Sean Tate;33:42;.751;.688;.250;.375;3.6;11.6;8.0;18.5;1.4;0.0;24.4;14.8;120;119;2.6;
Jalen Green;32:29;.457;.286;.500;.571;0.0;9.0;5.0;13.2;0.0;0.0;10.2;24.4;94;124;-5.8;
Alperen Şengün;22:33;.460;.450;.200;.200;5.3;13.0;9.6;36.1;2.0;0.0;15.5;23.2;96;117;-0.6;
Eric Gordon;29:03;.600;.600;.400;.000;0.0;3.4;1.9;5.6;0.0;0.0;33.3;20.9;72;125;-9.6;
David Nwaba;18:40;.581;.500;.167;.333;6.4;15.7;11.6;8.5;4.9;0.0;0.0;15.0;129;110;4.6;
Kenyon Martin Jr.;14:18;.667;.667;.333;.000;0.0;6.9;3.8;0.0;0.0;5.4;0.0;8.5;127;120;-2.5;
D.J. Augustin;11:58;.750;.750;.750;.000;10.0;8.2;9.0;40.1;0.0;0.0;20.0;17.0;134;124;8.9;
Armoni Brooks;4:43;1.500;1.500;1.000;.000;25.4;20.8;22.9;0.0;0.0;0.0;0.0;8.6;263;120;20.5;
Josh Christopher;Did Not Play;
Usman Garuba;Did Not Play;
Team Totals;240;.553;.494;.364;.318;17.5;73.5;48.3;65.8;3.8;6.5;15.2;100.0;106.7;118.2;;
Home Basic
Chris Paul;34:23;3;10;.300;1;5;.200;2;2;1.000;0;5;5;13;5;2;2;3;9;+12;
Devin Booker;34:08;8;18;.444;4;8;.500;7;8;.875;1;8;9;5;1;1;2;3;27;+10;
Mikal Bridges;30:03;7;11;.636;2;4;.500;0;0;;1;2;3;0;0;1;0;1;16;+4;
Jae Crowder;26:50;1;3;.333;1;3;.333;0;0;;0;3;3;1;0;1;0;2;3;+2;
Deandre Ayton;25:48;8;17;.471;0;0;;0;0;;4;7;11;0;1;1;2;6;16;+1;
Cameron Johnson;23:20;4;9;.444;2;3;.667;2;2;1.000;1;1;2;0;0;0;0;1;12;+8;
Landry Shamet;18:41;5;9;.556;4;8;.500;5;5;1.000;0;1;1;4;1;0;1;0;19;+6;
JaVale McGee;16:31;4;8;.500;0;0;;3;4;.750;4;1;5;0;0;2;2;1;11;+13;
Elfrid Payton;13:37;3;4;.750;0;0;;0;0;;2;3;5;6;1;0;2;3;6;0;
Abdel Nader;11:05;0;2;.000;0;0;;2;2;1.000;0;2;2;0;2;0;1;4;2;+6;
Frank Kaminsky;5:33;1;2;.500;0;0;;0;0;;0;0;0;0;1;0;0;0;2;-2;
Ish Wainright;Did Not Play;
Cameron Payne;Did Not Play;
Jalen Smith;Did Not Play;
Team Totals;240;44;93;.473;14;31;.452;21;23;.913;13;33;46;29;12;8;12;24;123;;
Home Advanced
Chris Paul;34:23;.414;.350;.500;.200;0.0;17.5;7.8;45.6;6.7;5.0;15.5;15.6;115;95;7.2;
Devin Booker;34:08;.627;.556;.444;.444;2.9;28.1;14.2;21.5;1.4;2.5;8.5;28.7;128;107;6.4;
Mikal Bridges;30:03;.727;.727;.364;.000;3.3;8.0;5.4;0.0;0.0;2.9;0.0;15.3;144;113;1.4;
Jae Crowder;26:50;.500;.500;1.000;.000;0.0;13.4;6.0;4.2;0.0;3.2;0.0;4.7;117;112;-4.3;
Deandre Ayton;25:48;.471;.471;.000;.000;15.2;32.6;23.0;0.0;1.8;3.3;10.5;30.7;95;104;-10.6;
Cameron Johnson;23:20;.607;.556;.333;.222;4.2;5.1;4.6;0.0;0.0;0.0;0.0;17.7;130;116;-3.1;
Landry Shamet;18:41;.848;.778;.889;.556;0.0;6.4;2.9;33.0;2.5;0.0;8.2;27.2;163;110;20.0;
JaVale McGee;16:31;.564;.500;.000;.500;23.7;7.3;16.3;0.0;0.0;10.4;17.0;29.7;110;108;-5.4;
Elfrid Payton;13:37;.750;.750;.000;.000;14.4;26.4;19.8;63.3;3.4;0.0;33.3;18.4;135;104;10.5;
Abdel Nader;11:05;.347;.000;.000;1.000;0.0;21.7;9.7;0.0;8.3;0.0;25.8;14.6;58;94;-9.8;
Frank Kaminsky;5:33;.500;.500;.000;.000;0.0;0.0;0.0;0.0;8.3;0.0;0.0;15.0;101;99;0.3;
Ish Wainright;Did Not Play;
Cameron Payne;Did Not Play;
Jalen Smith;Did Not Play;
Team Totals;240;.596;.548;.333;.247;26.5;82.5;51.7;65.9;11.5;14.3;10.4;100.0;118.2;106.7;;
