202111260LAL-MIN;CHO;MIN;False;10:30 PM, November 26, 2021;Crypto.com Arena, Los Angeles, California;3:03
115;
133;
Guest Basic
De'Aaron Fox;52:42;15;32;.469;2;7;.286;2;2;1.000;1;5;6;8;1;0;4;5;34;+15;
Tyrese Haliburton;47:04;7;15;.467;5;9;.556;0;0;;1;5;6;9;5;0;3;0;19;+4;
Alex Len;36:58;4;8;.500;1;1;1.000;3;4;.750;5;3;8;0;0;1;1;6;12;+6;
Chimezie Metu;25:25;1;5;.200;0;3;.000;1;3;.333;1;7;8;1;1;1;1;2;3;-1;
Maurice Harkless;8:04;1;3;.333;0;1;.000;0;0;;1;2;3;0;0;0;0;0;2;-6;
Buddy Hield;40:17;8;21;.381;3;13;.231;6;7;.857;1;3;4;6;2;0;0;4;25;+10;
Marvin Bagley III;34:43;5;5;1.000;1;1;1.000;2;2;1.000;1;6;7;4;0;0;1;0;13;+9;
Terence Davis;28:33;4;15;.267;1;9;.111;4;5;.800;1;5;6;2;2;0;0;6;13;+7;
Tristan Thompson;20:08;6;7;.857;0;0;;1;4;.250;3;2;5;2;0;2;2;3;13;-2;
Davion Mitchell;16:32;2;8;.250;1;1;1.000;0;0;;1;2;3;0;0;0;0;0;5;-20;
Damian Jones;4:34;1;1;1.000;0;0;;0;2;.000;0;0;0;0;0;0;1;0;2;-2;
Louis King;Did Not Play;
Jahmi'us Ramsey;Did Not Play;
Team Totals;315;54;120;.450;14;45;.311;19;29;.655;16;40;56;32;11;4;13;26;141;;
Guest Advanced
De'Aaron Fox;52:42;.517;.500;.219;.063;2.1;12.2;6.7;26.5;1.0;0.0;10.8;30.2;105;115;-1.7;
Tyrese Haliburton;47:04;.633;.633;.600;.000;2.3;13.7;7.5;27.0;5.4;0.0;16.7;16.5;122;105;8.2;
Alex Len;36:58;.615;.563;.125;.500;14.7;10.4;12.7;0.0;0.0;2.9;9.3;12.6;131;115;-5.6;
Chimezie Metu;25:25;.237;.200;.600;.600;4.3;35.4;18.5;4.8;2.0;4.3;13.7;12.4;61;105;-7.9;
Maurice Harkless;8:04;.333;.333;.333;.000;13.5;31.9;21.9;0.0;0.0;0.0;0.0;16.1;91;114;-7.7;
Buddy Hield;40:17;.519;.452;.619;.333;2.7;9.6;5.8;22.6;2.5;0.0;0.0;25.8;124;111;4.8;
Marvin Bagley III;34:43;1.105;1.100;.200;.400;3.1;22.2;11.9;16.2;0.0;0.0;14.5;8.6;189;115;8.7;
Terence Davis;28:33;.378;.300;.600;.333;3.8;22.5;12.4;9.8;3.6;0.0;0.0;26.0;95;107;-6.1;
Tristan Thompson;20:08;.742;.857;.000;.571;16.2;12.8;14.6;17.8;0.0;10.8;18.6;23.1;123;109;6.2;
Davion Mitchell;16:32;.313;.313;.125;.000;6.6;15.6;10.7;0.0;0.0;0.0;0.0;20.9;77;117;-11.2;
Damian Jones;4:34;.532;1.000;.000;2.000;0.0;0.0;0.0;0.0;0.0;0.0;34.7;27.3;48;119;-16.6;
Louis King;Did Not Play;
Jahmi'us Ramsey;Did Not Play;
Team Totals;315;.531;.508;.375;.242;27.6;81.6;52.3;59.3;8.9;6.9;8.9;100.0;114.0;110.8;;
Home Basic
Russell Westbrook;51:10;10;18;.556;2;4;.500;7;9;.778;4;6;10;11;2;0;3;3;29;-4;
LeBron James;49:45;10;25;.400;2;13;.154;8;11;.727;1;6;7;11;1;0;7;4;30;-7;
Anthony Davis;48:36;9;22;.409;0;5;.000;5;8;.625;1;7;8;4;3;4;2;5;23;-16;
Avery Bradley;11:45;1;2;.500;0;1;.000;0;0;;1;5;6;0;0;0;0;1;2;-1;
DeAndre Jordan;10:52;2;3;.667;0;0;;0;0;;1;0;1;0;0;0;2;2;4;-6;
Malik Monk;43:33;8;11;.727;4;7;.571;0;0;;0;5;5;3;1;0;3;4;20;+2;
Carmelo Anthony;43:17;6;13;.462;4;9;.444;0;0;;1;3;4;0;1;0;0;4;16;+8;
Talen Horton-Tucker;24:14;3;5;.600;1;3;.333;0;0;;0;5;5;2;0;1;1;1;7;0;
Dwight Howard;16:15;0;1;.000;0;0;;0;0;;0;5;5;0;1;0;0;1;0;+8;
Wayne Ellington;15:33;2;2;1.000;2;2;1.000;0;0;;0;0;0;1;0;1;1;2;6;-4;
Rajon Rondo;Did Not Play;
Kent Bazemore;Did Not Play;
Austin Reaves;Did Not Play;
Team Totals;315;51;102;.500;15;44;.341;20;28;.714;9;42;51;32;9;6;19;27;137;;
Home Advanced
Russell Westbrook;51:10;.660;.611;.222;.500;10.1;12.7;11.5;35.0;2.0;0.0;12.0;23.1;136;115;7.1;
LeBron James;49:45;.503;.440;.520;.440;2.6;13.1;8.3;36.3;1.0;0.0;19.0;35.0;98;117;-3.7;
Anthony Davis;48:36;.451;.409;.227;.364;2.6;15.6;9.7;13.2;3.1;6.9;7.3;26.8;95;107;-2.5;
Avery Bradley;11:45;.500;.500;.500;.000;10.9;46.2;30.1;0.0;0.0;0.0;0.0;8.0;122;108;-4.3;
DeAndre Jordan;10:52;.667;.667;.000;.000;11.8;0.0;5.4;0.0;0.0;0.0;40.0;21.7;79;123;-15.7;
Malik Monk;43:33;.909;.909;.636;.000;0.0;12.5;6.8;11.0;1.2;0.0;21.4;15.2;130;117;1.3;
Carmelo Anthony;43:17;.615;.615;.692;.000;3.0;7.5;5.4;0.0;1.2;0.0;0.0;14.2;121;118;-3.0;
Talen Horton-Tucker;24:14;.700;.700;.600;.000;0.0;22.4;12.1;12.0;0.0;3.5;16.7;11.7;119;114;-0.1;
Dwight Howard;16:15;.000;.000;.000;.000;0.0;33.4;18.1;0.0;3.1;0.0;0.0;2.9;0;106;-6.1;
Wayne Ellington;15:33;1.500;1.500;1.000;.000;0.0;0.0;0.0;9.4;0.0;5.4;33.3;9.1;156;119;6.2;
Rajon Rondo;Did Not Play;
Kent Bazemore;Did Not Play;
Austin Reaves;Did Not Play;
Team Totals;315;.599;.574;.431;.275;18.4;72.4;47.7;62.7;7.3;8.0;14.3;100.0;110.8;114.0;;
