202110310CHO-DET;BRK;DET;False;7:00 PM, October 31, 2021;Spectrum Center, Charlotte, North Carolina;2:03
91;
117;
Guest Basic
Damian Lillard;37:48;5;20;.250;2;14;.143;2;2;1.000;0;4;4;12;0;0;2;3;14;-6;
CJ McCollum;37:44;10;24;.417;4;11;.364;1;2;.500;1;1;2;8;0;0;2;3;25;-18;
Norman Powell;33:20;6;15;.400;2;9;.222;0;0;;1;2;3;5;1;0;0;1;14;-21;
Robert Covington;29:09;2;6;.333;2;6;.333;0;0;;1;3;4;0;0;2;0;2;6;-12;
Jusuf Nurkić;25:43;5;9;.556;0;2;.000;3;3;1.000;5;9;14;1;2;1;4;2;13;-12;
Anfernee Simons;18:54;6;9;.667;5;8;.625;2;2;1.000;0;1;1;1;0;0;1;1;19;+2;
Nassir Little;18:27;2;3;.667;2;3;.667;2;2;1.000;3;3;6;0;0;0;1;1;8;+5;
Cody Zeller;18:15;3;5;.600;0;1;.000;0;0;;2;4;6;2;0;0;1;2;6;+3;
Larry Nance Jr.;17:58;4;5;.800;0;0;;0;0;;2;5;7;1;1;2;1;3;8;-1;
Greg Brown III;0:54;0;1;.000;0;0;;0;0;;0;0;0;0;0;0;0;0;0;0;
CJ Elleby;0:54;0;0;;0;0;;0;0;;0;0;0;0;0;0;0;0;0;0;
Dennis Smith Jr.;0:54;0;0;;0;0;;0;0;;0;0;0;0;0;0;0;0;0;0;
Ben McLemore;Did Not Play;
Tony Snell;Did Not Play;
Team Totals;240;43;97;.443;17;54;.315;10;11;.909;15;32;47;30;4;5;12;18;113;;
Guest Advanced
Damian Lillard;37:48;.335;.300;.700;.100;0.0;12.1;5.6;41.6;0.0;0.0;8.7;25.5;98;136;-9.3;
CJ McCollum;37:44;.502;.500;.458;.083;2.6;3.0;2.8;33.6;0.0;0.0;7.4;30.0;113;138;-1.9;
Norman Powell;33:20;.467;.467;.600;.000;2.9;6.9;4.7;21.0;1.5;0.0;0.0;19.0;119;134;-2.0;
Robert Covington;29:09;.500;.500;1.000;.000;3.4;11.8;7.2;0.0;0.0;7.0;0.0;8.7;114;131;-5.0;
Jusuf Nurkić;25:43;.630;.556;.222;.333;19.0;40.0;28.7;5.5;3.9;4.0;27.9;23.5;105;117;-2.2;
Anfernee Simons;18:54;.962;.944;.889;.222;0.0;6.0;2.8;9.1;0.0;0.0;9.2;24.3;159;137;15.1;
Nassir Little;18:27;1.031;1.000;1.000;.667;15.9;18.6;17.2;0.0;0.0;0.0;20.5;11.2;163;134;1.6;
Cody Zeller;18:15;.600;.600;.200;.000;10.7;25.0;17.3;15.0;0.0;0.0;16.7;13.9;122;132;-3.9;
Larry Nance Jr.;17:58;.800;.800;.000;.000;10.9;31.8;20.6;8.3;2.8;11.4;16.7;14.1;138;116;6.3;
Greg Brown III;0:54;.000;.000;.000;.000;0.0;0.0;0.0;0.0;0.0;0.0;0.0;46.8;0;139;-56.5;
CJ Elleby;0:54;;;;;0.0;0.0;0.0;0.0;0.0;0.0;;0.0;0;139;-10.2;
Dennis Smith Jr.;0:54;;;;;0.0;0.0;0.0;0.0;0.0;0.0;;0.0;0;139;-13.3;
Ben McLemore;Did Not Play;
Tony Snell;Did Not Play;
Team Totals;240;.555;.531;.557;.113;30.6;76.2;51.6;69.8;4.2;10.6;10.5;100.0;118.8;131.5;;
Home Basic
Miles Bridges;34:22;6;12;.500;3;7;.429;4;5;.800;0;6;6;9;0;1;0;4;19;+22;
Terry Rozier;33:11;4;10;.400;4;9;.444;2;2;1.000;0;2;2;5;1;0;3;2;14;+4;
LaMelo Ball;33:10;10;20;.500;4;9;.444;3;4;.750;1;8;9;7;1;0;1;2;27;+15;
Gordon Hayward;29:18;5;8;.625;2;3;.667;0;0;;1;4;5;0;0;0;1;1;12;+13;
Mason Plumlee;26:38;2;7;.286;0;0;;0;2;.000;3;3;6;1;0;1;2;3;4;+14;
Kelly Oubre Jr.;31:40;8;14;.571;6;11;.545;4;8;.500;3;4;7;5;2;0;1;2;26;+1;
P.J. Washington;21:22;8;8;1.000;1;1;1.000;0;0;;0;2;2;3;0;2;0;2;17;-2;
Cody Martin;15:29;2;6;.333;0;1;.000;0;0;;2;4;6;1;0;2;0;0;4;-4;
Ish Smith;14:50;1;4;.250;0;1;.000;0;0;;0;1;1;5;0;0;0;2;2;-3;
Jalen McDaniels;Did Not Play;
Kai Jones;Did Not Play;
Vernon Carey Jr.;Did Not Play;
JT Thor;Did Not Play;
James Bouknight;Did Not Play;
Nick Richards;Did Not Play;
Team Totals;240;46;89;.517;20;42;.476;13;21;.619;10;34;44;36;4;6;8;18;125;;
Home Advanced
Miles Bridges;34:22;.669;.625;.583;.417;0.0;17.1;9.2;33.4;0.0;3.2;0.0;18.7;158;119;7.4;
Terry Rozier;33:11;.643;.600;.900;.200;0.0;5.9;3.2;18.0;1.5;0.0;21.6;18.9;111;122;-3.9;
LaMelo Ball;33:10;.620;.600;.450;.200;3.4;23.6;14.3;32.1;1.5;0.0;4.4;31.0;133;115;6.3;
Gordon Hayward;29:18;.750;.750;.375;.000;3.9;13.4;9.0;0.0;0.0;0.0;11.1;13.9;123;123;-5.3;
Mason Plumlee;26:38;.254;.286;.000;.286;12.9;11.0;11.9;4.3;0.0;4.2;20.2;16.8;70;122;-18.0;
Kelly Oubre Jr.;31:40;.742;.786;.786;.571;10.8;12.4;11.7;22.4;3.2;0.0;5.4;26.4;147;115;13.2;
P.J. Washington;21:22;1.063;1.063;.125;.000;0.0;9.2;4.9;24.0;0.0;10.4;0.0;16.9;219;120;16.9;
Cody Martin;15:29;.333;.333;.167;.000;14.8;25.3;20.4;7.8;0.0;14.4;0.0;17.5;102;111;-3.3;
Ish Smith;14:50;.250;.250;.250;.000;0.0;6.6;3.6;37.8;0.0;0.0;0.0;12.2;117;126;-8.7;
Jalen McDaniels;Did Not Play;
Kai Jones;Did Not Play;
Vernon Carey Jr.;Did Not Play;
JT Thor;Did Not Play;
James Bouknight;Did Not Play;
Nick Richards;Did Not Play;
Team Totals;240;.636;.629;.472;.236;23.8;69.4;48.4;78.3;4.2;14.0;7.5;100.0;131.5;118.8;;
