202110270NOP-WAS;BOS;WAS;False;7:30 PM, October 27, 2021;Smoothie King Center, New Orleans, Louisiana;2:16
116;
107;
Guest Basic
Trae Young;36:18;13;27;.481;2;6;.333;3;3;1.000;1;4;5;7;0;0;3;0;31;-8;
Bogdan Bogdanović;31:05;4;12;.333;2;6;.333;2;2;1.000;1;2;3;3;0;1;0;2;12;-9;
De'Andre Hunter;29:22;5;10;.500;1;1;1.000;2;2;1.000;1;1;2;0;1;0;2;1;13;-2;
Clint Capela;29:01;2;8;.250;0;0;;1;2;.500;5;7;12;1;1;3;2;3;5;-7;
John Collins;25:02;8;11;.727;0;1;.000;0;0;;7;5;12;4;0;0;1;4;16;+15;
Kevin Huerter;23:51;1;8;.125;0;5;.000;0;0;;0;3;3;1;0;0;0;0;2;+6;
Cam Reddish;23:50;1;5;.200;1;4;.250;2;2;1.000;0;1;1;2;1;0;2;2;5;+3;
Danilo Gallinari;19:38;3;8;.375;1;4;.250;2;4;.500;2;5;7;0;1;0;0;1;9;+8;
Delon Wright;11:42;3;5;.600;1;1;1.000;0;0;;3;2;5;3;0;0;0;0;7;+11;
Gorgui Dieng;10:11;0;2;.000;0;2;.000;2;2;1.000;1;4;5;0;0;0;1;1;2;-2;
Timothé Luwawu-Cabarrot;Did Not Play;
Sharife Cooper;Did Not Play;
Solomon Hill;Did Not Play;
Jalen Johnson;Did Not Play;
Skylar Mays;Did Not Play;
Team Totals;240;40;96;.417;8;30;.267;14;17;.824;21;34;55;21;4;4;11;14;102;;
Guest Advanced
Trae Young;36:18;.547;.519;.222;.111;2.4;12.3;6.7;40.6;0.0;0.0;9.6;36.2;117;112;7.7;
Bogdan Bogdanović;31:05;.466;.417;.500;.167;2.8;7.2;4.7;13.7;0.0;2.7;0.0;17.4;122;111;0.7;
De'Andre Hunter;29:22;.597;.550;.100;.200;2.9;3.8;3.3;0.0;1.8;0.0;15.5;18.4;109;110;-1.9;
Clint Capela;29:01;.282;.250;.000;.250;14.8;26.9;20.1;4.5;1.8;8.7;18.4;15.7;77;97;-5.5;
John Collins;25:02;.727;.727;.091;.000;24.0;22.3;23.2;31.1;0.0;0.0;8.3;20.1;153;109;12.7;
Kevin Huerter;23:51;.125;.125;.625;.000;0.0;14.0;6.1;5.3;0.0;0.0;0.0;14.1;42;111;-14.2;
Cam Reddish;23:50;.425;.300;.800;.400;0.0;4.7;2.0;10.6;2.2;0.0;25.4;13.9;82;109;-6.5;
Danilo Gallinari;19:38;.461;.438;.500;.500;8.7;28.4;17.3;0.0;2.6;0.0;0.0;20.8;113;101;1.5;
Delon Wright;11:42;.700;.700;.200;.000;22.0;19.1;20.7;44.4;0.0;0.0;0.0;17.9;172;110;21.6;
Gorgui Dieng;10:11;.347;.000;1.000;1.000;8.4;43.8;23.8;0.0;0.0;0.0;25.8;16.0;73;103;-12.1;
Timothé Luwawu-Cabarrot;Did Not Play;
Sharife Cooper;Did Not Play;
Solomon Hill;Did Not Play;
Jalen Johnson;Did Not Play;
Skylar Mays;Did Not Play;
Team Totals;240;.493;.458;.313;.177;37.5;79.1;55.6;52.5;4.3;7.0;9.6;100.0;110.2;107.0;;
Home Basic
Brandon Ingram;38:47;8;21;.381;3;7;.429;1;1;1.000;1;7;8;4;1;2;2;3;20;-11;
Jonas Valančiūnas;35:42;6;14;.429;0;0;;4;4;1.000;6;9;15;3;1;1;2;2;16;+13;
Devonte' Graham;31:47;8;17;.471;5;10;.500;0;0;;1;4;5;6;1;0;0;2;21;+5;
Nickeil Alexander-Walker;30:12;3;14;.214;0;7;.000;0;0;;0;3;3;3;0;1;0;1;6;-3;
Herbert Jones;22:11;3;4;.750;1;1;1.000;1;2;.500;0;1;1;1;0;1;1;4;8;-6;
Trey Murphy III;25:52;3;7;.429;2;4;.500;0;0;;1;2;3;0;0;0;2;1;8;+5;
Naji Marshall;19:21;0;4;.000;0;4;.000;0;0;;0;6;6;4;1;0;1;2;0;-3;
Kira Lewis Jr.;16:13;3;5;.600;0;2;.000;0;0;;0;1;1;3;0;0;1;2;6;-8;
Jaxson Hayes;11:10;3;3;1.000;0;0;;2;2;1.000;0;2;2;0;0;1;0;0;8;-14;
Garrett Temple;8:45;3;4;.750;0;1;.000;0;0;;0;0;0;0;1;0;0;2;6;+7;
Daulton Hommes;Did Not Play;
Didi Louzada;Did Not Play;
Jose Alvarado;Did Not Play;
Tomáš Satoranský;Did Not Play;
Willy Hernangómez;Did Not Play;
Team Totals;240;40;93;.430;11;36;.306;8;9;.889;9;35;44;24;5;6;9;19;99;;
Home Advanced
Brandon Ingram;38:47;.466;.452;.333;.048;2.9;15.5;10.0;16.4;1.3;3.8;8.5;27.4;95;107;1.3;
Jonas Valančiūnas;35:42;.508;.429;.000;.286;18.8;21.6;20.4;12.6;1.5;2.0;11.3;22.5;113;104;1.0;
Devonte' Graham;31:47;.618;.618;.588;.000;3.5;10.8;7.6;32.5;1.6;0.0;0.0;24.2;135;111;11.7;
Nickeil Alexander-Walker;30:12;.214;.214;.500;.000;0.0;8.5;4.8;13.5;0.0;2.4;0.0;21.0;59;115;-12.3;
Herbert Jones;22:11;.820;.875;.250;.500;0.0;3.9;2.2;6.5;0.0;3.3;17.0;12.0;129;117;-1.6;
Trey Murphy III;25:52;.571;.571;.571;.000;4.3;6.6;5.6;0.0;0.0;0.0;22.2;15.8;88;117;-7.1;
Naji Marshall;19:21;.000;.000;1.000;.000;0.0;26.6;15.0;24.8;2.7;0.0;20.0;11.7;43;99;-7.3;
Kira Lewis Jr.;16:13;.600;.600;.400;.000;0.0;5.3;3.0;28.5;0.0;0.0;16.7;16.8;113;118;-3.7;
Jaxson Hayes;11:10;1.031;1.000;.000;.667;0.0;15.4;8.7;0.0;0.0;6.5;0.0;15.7;216;109;14.6;
Garrett Temple;8:45;.750;.750;.250;.000;0.0;0.0;0.0;0.0;5.9;0.0;0.0;20.7;140;108;6.9;
Daulton Hommes;Did Not Play;
Didi Louzada;Did Not Play;
Jose Alvarado;Did Not Play;
Tomáš Satoranský;Did Not Play;
Willy Hernangómez;Did Not Play;
Team Totals;240;.511;.489;.387;.097;20.9;62.5;44.4;60.0;5.4;9.1;8.5;100.0;107.0;110.2;;
