202111180CLE-GSW;CLE;GSW;False;7:30 PM, November 18, 2021;Rocket Mortgage Fieldhouse, Cleveland, Ohio;2:08
104;
89;
Guest Basic
Stephen Curry;35:23;15;27;.556;9;16;.563;1;1;1.000;0;4;4;6;2;0;3;4;40;+8;
Draymond Green;29:49;2;3;.667;0;1;.000;0;0;;1;1;2;14;1;1;2;1;4;0;
Andrew Wiggins;24:09;5;11;.455;0;5;.000;2;2;1.000;0;0;0;2;0;1;3;1;12;-14;
Jordan Poole;23:37;3;10;.300;1;5;.200;1;1;1.000;0;2;2;2;1;0;0;3;8;-8;
Kevon Looney;19:27;1;3;.333;0;0;;0;0;;1;3;4;2;1;0;0;3;2;-17;
Nemanja Bjelica;23:27;6;11;.545;2;6;.333;0;0;;0;3;3;3;3;0;0;2;14;+22;
Damion Lee;22:59;5;8;.625;1;3;.333;0;0;;0;6;6;2;1;0;0;0;11;+30;
Otto Porter Jr.;19:57;0;2;.000;0;2;.000;0;0;;0;2;2;1;1;0;0;0;0;+24;
Juan Toscano-Anderson;15:58;3;3;1.000;1;1;1.000;0;0;;1;4;5;3;1;0;3;3;7;+21;
Gary Payton II;15:11;1;1;1.000;1;1;1.000;3;4;.750;2;4;6;0;1;0;0;0;6;-2;
Jonathan Kuminga;6:45;0;4;.000;0;3;.000;0;0;;0;0;0;0;0;0;0;0;0;+9;
Chris Chiozza;2:25;0;0;;0;0;;0;0;;0;0;0;1;0;0;0;0;0;-1;
Moses Moody;0:53;0;0;;0;0;;0;0;;0;0;0;0;0;0;0;0;0;+3;
Team Totals;240;41;83;.494;15;43;.349;7;8;.875;5;29;34;36;12;2;11;17;104;;
Guest Advanced
Stephen Curry;35:23;.729;.722;.593;.037;0.0;12.9;7.1;39.4;3.0;0.0;9.9;42.3;120;100;17.8;
Draymond Green;29:49;.667;.667;.333;.000;4.7;3.8;4.2;59.7;1.8;3.9;40.0;8.3;153;105;11.9;
Andrew Wiggins;24:09;.505;.455;.455;.182;0.0;0.0;0.0;12.8;0.0;4.8;20.2;30.3;82;111;-11.1;
Jordan Poole;23:37;.383;.350;.500;.100;0.0;9.7;5.3;11.6;2.3;0.0;0.0;21.8;86;103;-10.0;
Kevon Looney;19:27;.333;.333;.000;.000;7.3;17.6;13.0;12.8;2.8;0.0;0.0;7.6;112;98;-4.3;
Nemanja Bjelica;23:27;.636;.636;.545;.000;0.0;14.6;8.1;21.4;6.9;0.0;0.0;23.1;125;91;11.0;
Damion Lee;22:59;.688;.688;.375;.000;0.0;29.8;16.5;13.7;2.3;0.0;0.0;17.1;133;96;5.9;
Otto Porter Jr.;19:57;.000;.000;1.000;.000;0.0;11.5;6.3;5.9;2.7;0.0;0.0;4.9;34;102;-7.6;
Juan Toscano-Anderson;15:58;1.167;1.167;.333;.000;8.8;28.6;19.8;28.2;3.4;0.0;50.0;18.5;109;92;4.9;
Gary Payton II;15:11;1.087;1.500;1.000;4.000;18.6;30.1;25.0;0.0;3.5;0.0;0.0;8.9;213;93;10.6;
Jonathan Kuminga;6:45;.000;.000;.750;.000;0.0;0.0;0.0;0.0;0.0;0.0;0.0;29.2;0;113;-37.2;
Chris Chiozza;2:25;;;;;0.0;0.0;0.0;48.4;0.0;0.0;;0.0;237;113;4.4;
Moses Moody;0:53;;;;;0.0;0.0;0.0;0.0;0.0;0.0;;0.0;0;113;-8.6;
Team Totals;240;.601;.584;.518;.096;14.7;69.0;44.7;87.8;13.4;4.9;11.3;100.0;116.4;99.6;;
Home Basic
Isaac Okoro;43:27;4;10;.400;0;4;.000;2;4;.500;4;3;7;3;2;0;0;2;10;-13;
Dean Wade;40:03;7;13;.538;3;6;.500;0;0;;5;4;9;5;0;0;1;0;17;-6;
Darius Garland;38:01;10;22;.455;4;11;.364;1;1;1.000;1;0;1;5;2;0;7;2;25;-2;
Ricky Rubio;37:37;4;15;.267;1;5;.200;1;2;.500;0;0;0;5;2;0;5;1;10;-9;
Ed Davis;28:10;3;3;1.000;0;0;;1;2;.500;2;12;14;1;0;2;0;3;7;-2;
Kevin Love;21:32;5;12;.417;4;10;.400;3;3;1.000;1;6;7;2;0;0;1;1;17;-13;
Dylan Windler;18:18;0;1;.000;0;1;.000;0;0;;0;1;1;1;0;0;3;2;0;-13;
Denzel Valentine;8:40;1;4;.250;0;2;.000;0;0;;0;2;2;0;0;0;0;0;2;-13;
Kevin Pangos;1:24;0;0;;0;0;;1;2;.500;0;0;0;0;0;0;0;0;1;-2;
Tacko Fall;1:24;0;0;;0;0;;0;2;.000;0;0;0;0;0;1;0;0;0;0;
RJ Nembhard Jr.;1:24;0;0;;0;0;;0;0;;0;1;1;0;0;0;0;0;0;-2;
Team Totals;240;34;80;.425;12;39;.308;9;16;.563;13;29;42;22;6;3;17;11;89;;
Home Advanced
Isaac Okoro;43:27;.425;.400;.400;.400;10.5;9.7;10.2;11.2;2.5;0.0;0.0;12.5;116;116;-1.1;
Dean Wade;40:03;.654;.654;.462;.000;14.3;14.1;14.2;23.4;0.0;0.0;7.1;16.1;143;121;7.4;
Darius Garland;38:01;.557;.545;.500;.045;3.0;0.0;1.7;29.5;2.8;0.0;23.8;35.7;92;116;-0.9;
Ricky Rubio;37:37;.315;.300;.333;.133;0.0;0.0;0.0;22.1;2.9;0.0;23.9;25.6;65;116;-12.6;
Ed Davis;28:10;.902;1.000;.000;.667;8.1;60.1;31.4;5.9;0.0;8.5;0.0;6.4;188;109;5.6;
Kevin Love;21:32;.638;.583;.833;.250;5.3;39.3;20.5;19.5;0.0;0.0;7.0;30.7;131;118;12.7;
Dylan Windler;18:18;.000;.000;1.000;.000;0.0;7.7;3.5;7.7;0.0;0.0;75.0;10.1;14;122;-18.0;
Denzel Valentine;8:40;.250;.250;.500;.000;0.0;32.6;14.6;0.0;0.0;0.0;0.0;21.3;59;119;-14.5;
Tacko Fall;1:24;.000;;;;0.0;0.0;0.0;0.0;0.0;85.7;0.0;29.0;0;59;-7.0;
RJ Nembhard Jr.;1:24;;;;;0.0;100.0;45.1;0.0;0.0;0.0;;0.0;0;110;-4.2;
Kevin Pangos;1:24;.568;;;;0.0;0.0;0.0;0.0;0.0;0.0;0.0;29.0;123;123;-1.2;
Team Totals;240;.511;.500;.488;.200;31.0;85.3;55.3;64.7;6.7;7.5;16.3;100.0;99.6;116.4;;
