202112010WAS-PHI;BOS;PHI;False;7:00 PM, December 1, 2021;Capital One Arena, Washington, District of Columbia;2:19
87;
88;
Guest Basic
D'Angelo Russell;39:02;3;18;.167;1;12;.083;3;4;.750;1;4;5;9;0;2;3;1;10;-7;
Anthony Edwards;38:25;7;17;.412;4;9;.444;7;8;.875;0;3;3;3;1;1;3;0;25;-5;
Jarred Vanderbilt;33:28;2;3;.667;0;0;;0;0;;4;8;12;0;0;2;0;1;4;+1;
Karl-Anthony Towns;32:57;11;25;.440;2;4;.500;10;11;.909;5;5;10;1;1;1;3;3;34;-1;
Taurean Prince;15:32;2;4;.500;1;3;.333;0;1;.000;0;2;2;0;0;0;0;3;5;-3;
Malik Beasley;23:10;3;7;.429;2;5;.400;0;0;;0;4;4;1;0;0;1;2;8;-8;
Naz Reid;18:12;6;10;.600;1;3;.333;0;0;;2;1;3;0;0;0;2;4;13;-8;
Josh Okogie;17:09;1;2;.500;0;1;.000;2;2;1.000;0;0;0;1;1;0;0;4;4;-11;
Leandro Bolmaro;15:42;1;1;1.000;0;0;;0;0;;0;0;0;0;0;0;0;5;2;-5;
Jaylen Nowell;6:23;1;1;1.000;0;0;;0;0;;0;0;0;0;0;0;0;0;2;+7;
Jake Layman;Did Not Play;
Nathan Knight;Did Not Play;
Jordan McLaughlin;Did Not Play;
Team Totals;240;37;88;.420;11;37;.297;22;26;.846;12;27;39;15;3;6;12;23;107;;
Guest Advanced
D'Angelo Russell;39:02;.253;.194;.667;.222;2.5;12.0;6.8;33.2;0.0;4.2;13.2;25.1;72;121;-8.2;
Anthony Edwards;38:25;.609;.529;.529;.471;0.0;9.1;4.1;13.3;1.3;2.1;12.8;26.4;115;120;4.8;
Jarred Vanderbilt;33:28;.667;.667;.000;.000;11.5;28.0;18.9;0.0;0.0;4.9;0.0;3.9;167;115;0.5;
Karl-Anthony Towns;32:57;.570;.480;.160;.440;14.6;17.8;16.0;6.9;1.5;2.5;9.1;42.9;116;116;7.4;
Taurean Prince;15:32;.563;.625;.750;.250;0.0;15.1;6.8;0.0;0.0;0.0;0.0;12.3;114;121;-5.6;
Malik Beasley;23:10;.571;.571;.714;.000;0.0;20.2;9.1;6.7;0.0;0.0;12.5;14.9;105;120;-3.1;
Naz Reid;18:12;.650;.650;.300;.000;10.5;6.4;8.7;0.0;0.0;0.0;16.7;28.4;110;124;-4.0;
Josh Okogie;17:09;.694;.500;.500;1.000;0.0;0.0;0.0;8.2;2.9;0.0;0.0;7.2;159;120;-1.2;
Leandro Bolmaro;15:42;1.000;1.000;.000;.000;0.0;0.0;0.0;0.0;0.0;0.0;0.0;2.7;200;126;-8.6;
Jaylen Nowell;6:23;1.000;1.000;.000;.000;0.0;0.0;0.0;0.0;0.0;0.0;0.0;6.7;200;127;-1.1;
Jake Layman;Did Not Play;
Nathan Knight;Did Not Play;
Jordan McLaughlin;Did Not Play;
Team Totals;240;.538;.483;.420;.295;24.0;65.9;42.9;40.5;3.1;10.2;10.8;100.0;110.9;119.2;;
Home Basic
Bradley Beal;38:04;8;20;.400;1;5;.200;2;4;.500;3;3;6;9;1;0;3;0;19;+10;
Kyle Kuzma;31:42;2;6;.333;1;3;.333;0;0;;0;6;6;5;1;3;2;3;5;+1;
Spencer Dinwiddie;31:09;1;9;.111;1;7;.143;0;0;;1;5;6;11;0;0;1;3;3;+1;
Kentavious Caldwell-Pope;27:12;5;13;.385;3;6;.500;1;1;1.000;3;1;4;2;2;0;1;4;14;-1;
Daniel Gafford;26:48;7;11;.636;0;0;;4;4;1.000;4;6;10;1;1;3;3;3;18;-1;
Montrezl Harrell;21:12;11;12;.917;0;0;;5;8;.625;1;4;5;3;0;0;2;4;27;+9;
Deni Avdija;19:51;4;8;.500;1;4;.250;0;0;;1;6;7;1;1;1;0;3;9;+9;
Raul Neto;16:51;1;3;.333;0;1;.000;1;2;.500;0;1;1;2;0;0;0;2;3;+7;
Dﾄ」is Bertﾄ］s;16:18;5;6;.833;3;4;.750;2;2;1.000;0;3;3;0;0;0;1;1;15;+7;
Corey Kispert;10:53;1;3;.333;0;2;.000;0;0;;1;3;4;0;0;0;0;0;2;-2;
Anthony Gill;Did Not Play;
Joel Ayayi;Did Not Play;
Cassius Winston;Did Not Play;
Team Totals;240;45;91;.495;10;32;.313;15;21;.714;14;38;52;34;6;7;13;23;115;;
Home Advanced
Bradley Beal;38:04;.437;.425;.250;.200;9.2;7.6;8.3;32.5;1.3;0.0;12.1;27.6;104;115;-2.3;
Kyle Kuzma;31:42;.417;.417;.500;.000;0.0;18.2;10.0;18.0;1.6;8.9;25.0;10.7;92;105;-0.2;
Spencer Dinwiddie;31:09;.167;.167;.778;.000;3.8;15.4;10.2;39.0;0.0;0.0;10.0;13.6;97;115;-6.3;
Kentavious Caldwell-Pope;27:12;.521;.500;.462;.077;12.9;3.5;7.8;9.8;3.7;0.0;6.9;22.5;117;111;0.2;
Daniel Gafford;26:48;.705;.636;.000;.364;17.5;21.5;19.7;5.5;1.9;10.5;19.0;24.9;123;102;3.7;
Montrezl Harrell;21:12;.870;.917;.000;.667;5.5;18.1;12.4;33.8;0.0;0.0;11.4;35.0;149;114;17.5;
Deni Avdija;19:51;.563;.563;.500;.000;5.9;29.0;18.6;6.8;2.5;4.7;0.0;17.1;127;102;2.7;
Raul Neto;16:51;.387;.333;.333;.667;0.0;5.7;3.1;13.5;0.0;0.0;0.0;9.8;110;119;-10.3;
Dﾄ」is Bertﾄ］s;16:18;1.090;1.083;.667;.333;0.0;17.7;9.7;0.0;0.0;0.0;12.7;20.5;166;114;14.1;
Corey Kispert;10:53;.333;.333;.667;.000;10.8;26.5;19.4;0.0;0.0;0.0;0.0;11.7;95;111;-8.4;
Anthony Gill;Did Not Play;
Joel Ayayi;Did Not Play;
Cassius Winston;Did Not Play;
Team Totals;240;.574;.549;.352;.231;34.1;76.0;57.1;75.6;6.2;13.7;11.5;100.0;119.2;110.9;;
