202111140DEN-MIL;ATL;MIL;False;8:00 PM, November 14, 2021;Ball Arena, Denver, Colorado;1:56
100;
120;
Guest Basic
CJ McCollum;30:23;7;17;.412;5;10;.500;2;2;1.000;2;0;2;2;2;0;2;0;21;-14;
Norman Powell;28:39;5;10;.500;1;3;.333;2;2;1.000;0;2;2;1;0;0;2;2;13;-29;
Anfernee Simons;27:35;6;11;.545;1;5;.200;3;3;1.000;1;4;5;4;0;1;1;1;16;-14;
Jusuf Nurkić;21:21;2;5;.400;0;2;.000;0;0;;0;6;6;1;0;0;2;2;4;-11;
Robert Covington;18:59;1;5;.200;1;4;.250;0;0;;0;4;4;1;1;0;1;2;3;-13;
Nassir Little;29:18;4;12;.333;3;8;.375;2;2;1.000;1;6;7;2;2;1;1;2;13;-17;
Dennis Smith Jr.;23:23;1;3;.333;0;0;;2;2;1.000;0;0;0;5;3;0;2;2;4;-14;
Larry Nance Jr.;20:15;2;4;.500;0;1;.000;1;2;.500;1;1;2;2;0;1;0;0;5;-9;
Tony Snell;11:55;0;1;.000;0;1;.000;0;0;;0;2;2;0;0;1;0;0;0;-16;
Cody Zeller;8:00;3;3;1.000;0;0;;0;0;;1;1;2;1;0;0;0;2;6;+1;
Ben McLemore;6:44;2;4;.500;2;4;.500;0;0;;1;0;1;0;0;0;1;1;6;-3;
CJ Elleby;6:44;1;3;.333;0;1;.000;0;0;;1;2;3;1;0;0;0;1;2;-3;
Trendon Watford;6:44;1;2;.500;0;0;;0;0;;0;0;0;2;0;0;0;0;2;-3;
Team Totals;240;35;80;.438;13;39;.333;12;13;.923;8;28;36;22;8;4;12;15;95;;
Guest Advanced
CJ McCollum;30:23;.587;.559;.588;.118;7.3;0.0;3.7;13.2;3.6;0.0;10.1;32.1;110;141;2.6;
Norman Powell;28:39;.597;.550;.300;.200;0.0;8.0;3.9;6.3;0.0;0.0;15.5;22.1;100;147;-11.2;
Anfernee Simons;27:35;.649;.591;.455;.273;4.0;16.6;10.2;28.3;0.0;3.5;7.5;23.7;132;142;1.8;
Jusuf Nurkić;21:21;.400;.400;.400;.000;0.0;32.1;15.9;7.4;0.0;0.0;28.6;16.1;61;138;-16.8;
Robert Covington;18:59;.300;.300;.800;.000;0.0;24.1;11.9;7.8;2.8;0.0;16.7;15.5;59;134;-12.8;
Nassir Little;29:18;.505;.458;.667;.167;3.8;23.4;13.5;11.5;3.7;3.3;7.2;23.3;103;131;-1.0;
Dennis Smith Jr.;23:23;.515;.333;.000;.667;0.0;0.0;0.0;31.2;6.9;0.0;34.0;12.4;101;133;-3.9;
Larry Nance Jr.;20:15;.512;.500;.250;.500;5.5;5.6;5.6;15.7;0.0;4.7;0.0;11.8;127;145;-3.7;
Tony Snell;11:55;.000;.000;1.000;.000;0.0;19.2;9.5;0.0;0.0;8.1;0.0;4.1;0;138;-9.5;
Cody Zeller;8:00;1.000;1.000;.000;.000;14.0;14.3;14.1;35.3;0.0;0.0;0.0;18.4;210;144;10.0;
CJ Elleby;6:44;.333;.333;.333;.000;16.6;33.9;25.2;25.6;0.0;0.0;0.0;21.9;101;137;-9.3;
Ben McLemore;6:44;.750;.750;1.000;.000;16.6;0.0;8.4;0.0;0.0;0.0;20.0;36.5;105;149;1.9;
Trendon Watford;6:44;.500;.500;.000;.000;0.0;0.0;0.0;51.2;0.0;0.0;0.0;14.6;134;149;2.1;
Team Totals;240;.554;.519;.488;.163;18.6;66.7;42.4;62.9;9.0;8.0;12.3;100.0;107.0;139.7;;
Home Basic
Aaron Gordon;29:18;5;12;.417;0;1;.000;1;1;1.000;2;1;3;1;0;0;0;0;11;+13;
Nikola Jokić;27:57;11;17;.647;3;3;1.000;3;3;1.000;2;7;9;9;0;0;3;2;28;+9;
Jeff Green;23:40;2;5;.400;0;2;.000;1;2;.500;2;3;5;1;0;1;0;0;5;+14;
Monte Morris;23:35;7;12;.583;1;4;.250;0;0;;0;7;7;4;3;0;0;1;15;+13;
Austin Rivers;21:55;1;5;.200;0;3;.000;0;0;;0;3;3;0;1;0;1;2;2;+11;
Bones Hyland;22:54;5;9;.556;4;8;.500;4;4;1.000;1;2;3;3;2;0;0;2;18;+16;
Facundo Campazzo;22:15;5;9;.556;3;6;.500;0;0;;1;1;2;4;1;0;4;1;13;+18;
PJ Dozier;21:33;4;6;.667;4;6;.667;0;0;;1;3;4;4;1;0;0;2;12;+17;
Zeke Nnaji;18:14;2;7;.286;2;3;.667;2;4;.500;4;6;10;0;0;0;1;1;8;+19;
JaMychal Green;17:47;5;6;.833;2;2;1.000;0;0;;0;1;1;1;1;0;0;3;12;+9;
Bol Bol;5:46;0;0;;0;0;;0;0;;1;1;2;1;0;0;0;0;0;+5;
Markus Howard;5:06;0;2;.000;0;2;.000;0;0;;0;0;0;1;0;0;0;0;0;+1;
Team Totals;240;47;90;.522;19;40;.475;11;14;.786;14;35;49;29;9;1;9;14;124;;
Home Advanced
Aaron Gordon;29:18;.442;.417;.083;.083;7.8;3.8;5.8;4.2;0.0;0.0;0.0;19.4;113;116;-10.6;
Nikola Jokić;27:57;.764;.735;.176;.176;8.2;28.0;18.2;55.0;0.0;0.0;14.1;34.8;150;109;20.4;
Jeff Green;23:40;.425;.400;.400;.400;9.7;14.2;11.9;4.7;0.0;4.9;0.0;11.3;122;110;-5.4;
Monte Morris;23:35;.625;.625;.333;.000;0.0;33.1;16.8;24.9;6.9;0.0;0.0;23.2;145;92;11.0;
Austin Rivers;21:55;.200;.200;.600;.000;0.0;15.3;7.7;0.0;2.5;0.0;16.7;12.5;38;107;-16.7;
Bones Hyland;22:54;.836;.778;.889;.444;5.0;9.7;7.4;17.2;4.7;0.0;0.0;21.4;186;103;17.7;
Facundo Campazzo;22:15;.722;.722;.667;.000;5.1;5.0;5.1;23.8;2.4;0.0;30.8;26.7;110;110;0.1;
PJ Dozier;21:33;1.000;1.000;1.000;.000;5.3;15.5;10.5;23.4;2.5;0.0;0.0;12.7;210;107;18.1;
Zeke Nnaji;18:14;.457;.429;.429;.571;25.1;36.7;31.0;0.0;0.0;0.0;10.2;24.4;112;107;-9.0;
JaMychal Green;17:47;1.000;1.000;.333;.000;0.0;6.3;3.2;8.1;3.0;0.0;0.0;15.4;199;108;10.5;
Bol Bol;5:46;;;;;19.8;19.4;19.6;17.7;0.0;0.0;;0.0;239;112;3.9;
Markus Howard;5:06;.000;.000;1.000;.000;0.0;0.0;0.0;20.0;0.0;0.0;0.0;17.9;45;117;-22.9;
Team Totals;240;.645;.628;.444;.156;33.3;81.4;57.6;61.7;10.1;2.4;8.6;100.0;139.7;107.0;;
