202111100CLE-TOR;BOS;TOR;False;7:00 PM, November 10, 2021;Rocket Mortgage Fieldhouse, Cleveland, Ohio;2:19
88;
104;
Guest Basic
Bradley Beal;37:21;4;19;.211;1;5;.200;6;6;1.000;1;6;7;7;0;0;4;5;15;+7;
Kyle Kuzma;34:47;8;14;.571;6;9;.667;0;0;;0;5;5;1;1;1;3;2;22;+3;
Spencer Dinwiddie;30:15;4;11;.364;1;5;.200;2;2;1.000;1;9;10;6;0;0;2;1;11;+5;
Kentavious Caldwell-Pope;28:29;1;8;.125;0;5;.000;3;3;1.000;0;1;1;1;2;1;0;1;5;-3;
Daniel Gafford;22:07;2;5;.400;0;0;;0;0;;2;4;6;1;2;0;0;1;4;-4;
Montrezl Harrell;25:41;8;12;.667;0;0;;6;6;1.000;5;6;11;3;2;0;0;2;22;+5;
Raul Neto;17:48;3;5;.600;1;1;1.000;0;0;;1;0;1;3;1;0;3;3;7;0;
Deni Avdija;15:33;0;0;;0;0;;0;0;;0;2;2;0;1;0;0;1;0;-2;
Corey Kispert;14:26;4;7;.571;1;3;.333;0;0;;1;3;4;0;0;0;0;1;9;+10;
Aaron Holiday;13:33;1;3;.333;0;0;;0;0;;1;1;2;3;0;0;0;3;2;-6;
Anthony Gill;Did Not Play;
Team Totals;240;35;84;.417;10;28;.357;17;17;1.000;12;37;49;25;9;2;12;20;97;;
Guest Advanced
Bradley Beal;37:21;.347;.237;.263;.316;2.8;17.9;10.1;30.1;0.0;0.0;15.6;31.8;80;108;-11.8;
Kyle Kuzma;34:47;.786;.786;.643;.000;0.0;16.0;7.8;5.8;1.5;3.1;17.6;22.7;113;103;8.1;
Spencer Dinwiddie;30:15;.463;.409;.455;.182;3.4;33.2;17.8;33.2;0.0;0.0;14.4;21.3;102;106;-1.0;
Kentavious Caldwell-Pope;28:29;.268;.125;.625;.375;0.0;3.9;1.9;5.1;3.7;3.7;0.0;15.2;70;100;-5.9;
Daniel Gafford;22:07;.400;.400;.000;.000;9.4;20.2;14.6;7.1;4.8;0.0;0.0;10.5;109;97;-0.5;
Montrezl Harrell;25:41;.751;.667;.000;.500;20.3;26.1;23.1;28.0;4.1;0.0;0.0;26.4;168;98;22.0;
Raul Neto;17:48;.700;.700;.200;.000;5.9;0.0;3.0;30.1;3.0;0.0;37.5;20.8;94;104;-2.2;
Deni Avdija;15:33;;;;;0.0;14.4;6.9;0.0;3.4;0.0;;0.0;0;101;-4.2;
Corey Kispert;14:26;.643;.643;.429;.000;7.2;23.2;14.9;0.0;0.0;0.0;0.0;22.5;128;107;4.0;
Aaron Holiday;13:33;.333;.333;.000;.000;7.7;8.2;8.0;33.8;0.0;0.0;0.0;10.3;119;109;-4.8;
Anthony Gill;Did Not Play;
Team Totals;240;.530;.476;.333;.202;26.1;86.0;55.1;71.4;9.9;4.4;11.6;100.0;106.9;103.6;;
Home Basic
Jarrett Allen;38:01;6;10;.600;0;0;;1;4;.250;5;5;10;4;2;2;4;3;13;-6;
Darius Garland;36:13;8;16;.500;3;10;.300;0;0;;0;1;1;4;1;0;4;2;19;+5;
Isaac Okoro;28:01;1;4;.250;0;2;.000;0;0;;1;5;6;1;0;0;1;3;2;-2;
Dean Wade;27:39;1;2;.500;1;2;.500;0;0;;0;2;2;3;0;0;0;2;3;+7;
Evan Mobley;25:30;7;15;.467;1;3;.333;4;5;.800;0;7;7;2;0;1;2;3;19;-11;
Cedi Osman;28:33;3;6;.500;1;4;.250;2;3;.667;0;6;6;1;2;0;0;3;9;+1;
Ricky Rubio;27:40;6;15;.400;1;5;.200;7;8;.875;0;5;5;5;2;0;3;1;20;+2;
Lamar Stevens;15:19;2;5;.400;1;2;.500;1;1;1.000;0;0;0;0;0;1;0;1;6;-12;
Dylan Windler;13:01;1;3;.333;1;3;.333;0;0;;0;3;3;1;0;0;0;0;3;+3;
Tacko Fall;0:03;0;0;;0;0;;0;0;;0;0;0;0;0;0;0;0;0;-2;
Denzel Valentine;Did Not Play;
Ed Davis;Did Not Play;
RJ Nembhard Jr.;Did Not Play;
Team Totals;240;35;76;.461;9;31;.290;15;21;.714;6;34;40;21;7;4;14;18;94;;
Home Advanced
Jarrett Allen;38:01;.553;.600;.000;.400;14.7;13.7;14.2;18.4;2.8;4.5;25.4;20.1;101;103;1.1;
Darius Garland;36:13;.594;.594;.625;.000;0.0;2.9;1.5;21.7;1.5;0.0;20.0;26.7;95;113;-2.3;
Isaac Okoro;28:01;.250;.250;.500;.000;4.0;18.6;11.6;5.1;0.0;0.0;20.0;8.6;62;111;-10.0;
Dean Wade;27:39;.750;.750;1.000;.000;0.0;7.5;3.9;15.7;0.0;0.0;0.0;3.5;167;115;0.0;
Evan Mobley;25:30;.552;.500;.200;.333;0.0;28.6;14.8;17.3;0.0;3.4;10.4;36.4;100;104;1.3;
Cedi Osman;28:33;.615;.583;.667;.500;0.0;21.9;11.3;5.6;3.7;0.0;0.0;12.4;125;101;1.9;
Ricky Rubio;27:40;.540;.433;.333;.533;0.0;18.9;9.7;35.3;3.8;0.0;13.9;37.6;102;102;4.5;
Lamar Stevens;15:19;.551;.500;.400;.200;0.0;0.0;0.0;0.0;0.0;5.6;0.0;17.2;108;114;-0.6;
Dylan Windler;13:01;.500;.500;1.000;.000;0.0;24.0;12.4;11.8;0.0;0.0;0.0;11.1;108;109;1.0;
Tacko Fall;0:03;;;;;0.0;0.0;0.0;0.0;0.0;0.0;;0.0;0;118;-5.4;
Denzel Valentine;Did Not Play;
Ed Davis;Did Not Play;
RJ Nembhard Jr.;Did Not Play;
Team Totals;240;.551;.520;.408;.276;14.0;73.9;44.9;60.0;7.7;7.1;14.1;100.0;103.6;106.9;;
