202111300TOR-NYK;BRK;NYK;False;7:30 PM, November 30, 2021;Scotiabank Arena, Toronto, Canada;2:13
110;
112;
Guest Basic
Tyus Jones;34:08;2;10;.200;0;3;.000;0;0;;0;3;3;6;3;0;2;0;4;+1;
Jaren Jackson Jr.;34:03;8;14;.571;4;7;.571;5;6;.833;1;5;6;1;0;5;2;5;25;+21;
Dillon Brooks;33:25;5;18;.278;1;5;.200;6;6;1.000;1;3;4;1;4;1;5;4;17;+12;
Desmond Bane;33:04;8;16;.500;5;9;.556;2;3;.667;2;5;7;2;0;0;4;1;23;+7;
Steven Adams;26:25;2;3;.667;0;0;;0;0;;3;5;8;2;2;0;2;0;4;-3;
Kyle Anderson;19:22;2;5;.400;0;1;.000;2;2;1.000;2;3;5;0;1;2;0;1;6;-11;
De'Anthony Melton;17:14;4;13;.308;0;4;.000;1;2;.500;4;6;10;2;1;0;1;0;9;-5;
Brandon Clarke;16:09;3;6;.500;0;0;;0;0;;3;2;5;2;1;2;1;3;6;+7;
Santi Aldama;14:48;1;6;.167;0;4;.000;0;0;;2;2;4;1;0;0;0;1;2;-4;
John Konchar;11:20;1;2;.500;0;1;.000;0;0;;0;2;2;1;1;0;0;0;2;+10;
Killian Tillie;Did Not Play;
Xavier Tillman Sr.;Did Not Play;
Jarrett Culver;Did Not Play;
Team Totals;240;36;93;.387;10;34;.294;16;19;.842;18;36;54;18;13;10;17;15;98;;
Guest Advanced
Tyus Jones;34:08;.200;.200;.300;.000;0.0;9.0;4.3;25.4;4.3;0.0;16.7;14.3;65;94;-6.1;
Jaren Jackson Jr.;34:03;.751;.714;.500;.429;2.8;15.0;8.6;5.7;0.0;13.6;10.7;22.2;142;93;12.0;
Dillon Brooks;33:25;.412;.306;.278;.333;2.8;9.2;5.9;5.0;5.9;2.8;19.5;31.1;79;89;-4.6;
Desmond Bane;33:04;.664;.656;.563;.188;5.7;15.4;10.4;11.9;0.0;0.0;18.8;26.1;115;101;4.7;
Steven Adams;26:25;.667;.667;.000;.000;10.7;19.3;14.8;11.2;3.7;0.0;40.0;7.7;103;92;1.0;
Kyle Anderson;19:22;.510;.400;.200;.400;9.7;15.8;12.6;0.0;2.5;9.5;0.0;12.3;129;90;4.7;
De'Anthony Melton;17:14;.324;.308;.308;.154;21.8;35.6;28.4;22.4;2.8;0.0;6.7;35.0;87;88;-0.1;
Brandon Clarke;16:09;.500;.500;.000;.000;17.5;12.6;15.2;21.9;3.0;11.4;14.3;17.6;113;88;5.7;
Santi Aldama;14:48;.167;.167;.667;.000;12.7;13.8;13.2;9.9;0.0;0.0;0.0;16.4;68;102;-10.9;
John Konchar;11:20;.500;.500;.500;.000;0.0;18.0;8.6;13.3;4.3;0.0;0.0;7.2;128;91;3.4;
Killian Tillie;Did Not Play;
Xavier Tillman Sr.;Did Not Play;
Jarrett Culver;Did Not Play;
Team Totals;240;.483;.441;.366;.204;35.3;76.6;55.1;50.0;13.3;19.2;14.4;100.0;99.9;92.8;;
Home Basic
Fred VanVleet;41:49;6;13;.462;1;5;.200;2;2;1.000;0;9;9;3;1;0;4;2;15;-2;
Scottie Barnes;37:50;8;16;.500;3;6;.500;0;0;;2;5;7;3;2;4;4;1;19;-11;
Pascal Siakam;30:23;9;19;.474;1;6;.167;1;1;1.000;1;5;6;5;1;3;2;5;20;-1;
Precious Achiuwa;29:06;1;8;.125;0;1;.000;3;4;.750;2;3;5;0;0;0;1;6;5;-2;
Svi Mykhailiuk;17:43;3;8;.375;1;4;.250;0;0;;0;1;1;0;0;0;1;2;7;-2;
Yuta Watanabe;28:41;4;9;.444;3;8;.375;0;0;;2;4;6;0;0;0;1;1;11;-2;
Malachi Flynn;21:38;2;8;.250;1;7;.143;0;0;;0;2;2;1;1;0;2;2;5;-13;
Dalano Banton;14:54;1;3;.333;0;1;.000;0;0;;3;3;6;2;0;0;2;1;2;+3;
Isaac Bonga;11:06;0;2;.000;0;0;;1;2;.500;0;1;1;0;2;0;1;0;1;+3;
Chris Boucher;6:48;2;5;.400;0;1;.000;2;3;.667;1;0;1;0;0;2;0;1;6;-8;
David Johnson;Did Not Play;
Justin Champagnie;Did Not Play;
Team Totals;240;36;91;.396;10;39;.256;9;12;.750;11;33;44;14;7;9;18;21;91;;
Home Advanced
Fred VanVleet;41:49;.540;.500;.385;.154;0.0;20.3;10.5;11.8;1.2;0.0;22.4;18.0;92;99;-3.4;
Scottie Barnes;37:50;.594;.594;.375;.000;5.4;12.4;9.1;14.7;2.6;8.6;20.0;22.2;103;96;10.3;
Pascal Siakam;30:23;.514;.500;.316;.053;3.4;15.5;9.7;36.3;1.6;8.0;9.3;29.6;108;97;11.3;
Precious Achiuwa;29:06;.256;.125;.125;.500;7.0;9.7;8.4;0.0;0.0;0.0;9.3;15.5;62;107;-13.3;
Svi Mykhailiuk;17:43;.438;.438;.500;.000;0.0;5.3;2.8;0.0;0.0;0.0;11.1;21.3;81;110;-7.6;
Yuta Watanabe;28:41;.611;.611;.889;.000;7.1;13.1;10.2;0.0;0.0;0.0;10.0;14.6;117;106;1.8;
Malachi Flynn;21:38;.313;.313;.875;.000;0.0;8.7;4.5;7.0;2.3;0.0;20.0;19.4;58;103;-9.2;
Dalano Banton;14:54;.333;.333;.333;.000;20.6;18.9;19.7;19.7;0.0;0.0;40.0;14.1;78;102;-4.4;
Isaac Bonga;11:06;.174;.000;.000;1.000;0.0;8.5;4.4;0.0;8.8;0.0;25.8;14.7;29;88;-3.0;
Chris Boucher;6:48;.475;.400;.200;.600;15.0;0.0;7.2;0.0;0.0;23.9;0.0;39.0;108;102;9.5;
David Johnson;Did Not Play;
Justin Champagnie;Did Not Play;
Team Totals;240;.473;.451;.429;.132;23.4;64.7;44.9;38.9;7.1;15.3;15.8;100.0;92.8;99.9;;
