202111230NYK-MIA;DET;MIA;False;7:30 PM, November 23, 2021;Madison Square Garden (IV), New York, New York;2:26
100;
92;
Guest Basic
Russell Westbrook;37:09;10;18;.556;3;6;.500;8;9;.889;1;12;13;10;2;0;6;2;31;0;
Anthony Davis;33:58;7;17;.412;1;2;.500;5;11;.455;3;3;6;3;0;0;0;1;20;+8;
Avery Bradley;29:58;5;11;.455;3;8;.375;2;2;1.000;2;7;9;1;2;0;1;1;15;+5;
Talen Horton-Tucker;28:45;0;8;.000;0;2;.000;0;0;;0;2;2;4;1;1;2;3;0;-18;
DeAndre Jordan;24:35;3;6;.500;0;0;;0;0;;4;7;11;0;1;1;0;2;6;-7;
Malik Monk;31:05;5;14;.357;1;7;.143;1;2;.500;2;2;4;4;2;1;0;2;12;+2;
Carmelo Anthony;27:34;3;14;.214;2;8;.250;4;5;.800;1;2;3;0;0;0;0;5;12;-9;
Wayne Ellington;17:03;1;3;.333;1;3;.333;1;1;1.000;0;1;1;0;0;0;2;0;4;-7;
Dwight Howard;9:53;0;0;;0;0;;0;0;;0;1;1;1;0;0;1;1;0;-4;
Rajon Rondo;Did Not Play;
Kent Bazemore;Did Not Play;
LeBron James;Not With Team;
Austin Reaves;Did Not Dress;
Team Totals;240;34;91;.374;11;36;.306;21;30;.700;13;37;50;23;8;3;12;17;100;;
Guest Advanced
Russell Westbrook;37:09;.706;.639;.333;.500;2.2;35.2;16.5;61.3;2.6;0.0;21.5;31.1;119;103;14.6;
Anthony Davis;33:58;.458;.441;.118;.647;7.3;9.6;8.3;17.6;0.0;0.0;0.0;26.6;105;114;0.2;
Avery Bradley;29:58;.631;.591;.727;.182;5.5;25.5;14.1;6.2;3.2;0.0;7.8;17.8;120;103;6.1;
Talen Horton-Tucker;28:45;.000;.000;.250;.000;0.0;7.6;3.3;19.6;1.7;3.5;20.0;14.4;23;107;-15.0;
DeAndre Jordan;24:35;.500;.500;.000;.000;13.5;31.1;21.1;0.0;2.0;4.1;0.0;10.1;123;102;-1.6;
Malik Monk;31:05;.403;.393;.500;.143;5.3;7.0;6.1;23.5;3.1;3.2;0.0;19.8;99;104;1.8;
Carmelo Anthony;27:34;.370;.286;.571;.357;3.0;7.9;5.1;0.0;0.0;0.0;0.0;24.3;84;114;-11.5;
Wayne Ellington;17:03;.581;.500;1.000;.333;0.0;6.4;2.8;0.0;0.0;0.0;36.8;13.2;68;115;-10.6;
Dwight Howard;9:53;;;;;0.0;11.0;4.8;14.3;0.0;0.0;100.0;4.2;39;114;-10.6;
Rajon Rondo;Did Not Play;
Kent Bazemore;Did Not Play;
LeBron James;Not With Team;
Austin Reaves;Did Not Dress;
Team Totals;240;.480;.434;.396;.330;22.4;84.1;49.0;67.6;8.1;6.3;10.3;100.0;101.0;107.0;;
Home Basic
Evan Fournier;41:55;8;14;.571;6;9;.667;4;4;1.000;2;2;4;2;0;0;2;3;26;+2;
Nerlens Noel;39:23;2;7;.286;0;0;;0;0;;3;4;7;1;3;2;0;4;4;-1;
Julius Randle;33:47;7;17;.412;1;5;.200;5;8;.625;1;15;16;5;1;0;4;5;20;-2;
RJ Barrett;27:22;4;8;.500;3;5;.600;1;2;.500;0;7;7;3;0;0;2;3;12;0;
Kemba Walker;23:13;2;6;.333;0;2;.000;2;2;1.000;0;4;4;5;0;1;2;1;6;-3;
Alec Burks;25:57;4;10;.400;1;3;.333;3;3;1.000;1;5;6;3;2;0;1;1;12;+9;
Immanuel Quickley;21:57;4;9;.444;4;8;.500;2;2;1.000;0;3;3;3;0;0;2;3;14;+4;
Obi Toppin;21:39;6;11;.545;0;2;.000;0;0;;0;4;4;1;1;1;1;2;12;+15;
Quentin Grimes;4:47;0;0;;0;0;;0;0;;0;1;1;0;0;0;0;1;0;+6;
Jericho Sims;Did Not Play;
Wayne Selden;Did Not Play;
Miles McBride;Did Not Play;
Kevin Knox;Did Not Play;
Team Totals;240;37;82;.451;15;34;.441;17;21;.810;7;45;52;23;7;4;14;23;106;;
Home Advanced
Evan Fournier;41:55;.825;.786;.643;.286;5.2;3.9;4.5;8.2;0.0;0.0;11.3;19.3;144;109;5.2;
Nerlens Noel;39:23;.286;.286;.000;.000;8.3;8.4;8.4;3.5;3.7;4.4;0.0;8.1;91;96;-1.9;
Julius Randle;33:47;.487;.441;.294;.471;3.2;36.7;22.3;26.3;1.4;0.0;16.3;33.1;93;92;-2.6;
RJ Barrett;27:22;.676;.688;.625;.250;0.0;21.2;12.0;17.5;0.0;0.0;18.4;18.1;111;102;0.3;
Kemba Walker;23:13;.436;.333;.333;.333;0.0;14.3;8.1;31.5;0.0;3.8;22.5;17.4;94;103;-3.8;
Alec Burks;25:57;.530;.450;.300;.300;4.2;15.9;10.9;18.7;3.7;0.0;8.1;21.7;112;96;3.3;
Immanuel Quickley;21:57;.709;.667;.889;.222;0.0;11.3;6.4;23.2;0.0;0.0;16.8;24.7;119;106;2.5;
Obi Toppin;21:39;.545;.545;.182;.000;0.0;15.3;8.7;9.4;2.2;4.0;8.3;25.3;97;97;-0.5;
Quentin Grimes;4:47;;;;;0.0;17.3;9.8;0.0;0.0;0.0;;0.0;0;103;-9.3;
Jericho Sims;Did Not Play;
Wayne Selden;Did Not Play;
Miles McBride;Did Not Play;
Kevin Knox;Did Not Play;
Team Totals;240;.581;.543;.415;.256;15.9;77.6;51.0;62.2;7.1;7.3;13.3;100.0;107.0;101.0;;
