202112010BOS-PHI;BOS;PHI;False;7:30 PM, December 1, 2021;TD Garden, Boston, Massachusetts;2:18
87;
88;
Guest Basic
Seth Curry;35:39;7;13;.538;2;3;.667;1;1;1.000;0;0;0;6;1;0;2;5;17;-5;
Joel Embiid;33:14;3;17;.176;1;3;.333;6;10;.600;4;14;18;6;2;3;0;1;13;-9;
Tyrese Maxey;32:54;3;13;.231;0;2;.000;0;0;;1;5;6;1;0;0;0;1;6;-9;
Tobias Harris;31:53;4;11;.364;0;4;.000;0;0;;0;6;6;1;1;1;2;0;8;-7;
Danny Green;21:07;2;6;.333;2;6;.333;0;0;;0;0;0;0;0;0;0;3;6;-6;
Shake Milton;22:23;6;11;.545;2;3;.667;2;2;1.000;0;2;2;1;2;1;0;1;16;+5;
Matisse Thybulle;22:15;2;6;.333;1;5;.200;0;0;;0;3;3;1;1;1;2;3;5;+1;
Georges Niang;19:23;4;10;.400;0;5;.000;4;4;1.000;0;1;1;0;0;1;0;0;12;+8;
Andre Drummond;14:46;2;2;1.000;0;0;;0;0;;3;6;9;1;0;2;0;3;4;+8;
Furkan Korkmaz;6:24;0;0;;0;0;;0;0;;0;1;1;3;0;0;1;0;0;+9;
Charles Bassey;Did Not Play;
Isaiah Joe;Did Not Play;
Team Totals;240;33;89;.371;8;31;.258;13;17;.765;8;38;46;20;7;9;7;17;87;;
Guest Advanced
Seth Curry;35:39;.632;.615;.231;.077;0.0;0.0;0.0;34.3;1.4;0.0;13.0;20.1;115;100;3.4;
Joel Embiid;33:14;.304;.206;.176;.588;11.6;48.1;28.3;30.2;3.1;8.5;0.0;29.9;85;82;10.5;
Tyrese Maxey;32:54;.231;.231;.154;.000;2.9;17.4;9.5;5.1;0.0;0.0;0.0;18.3;56;102;-11.5;
Tobias Harris;31:53;.364;.364;.364;.000;0.0;21.5;9.8;5.6;1.6;3.0;15.4;18.9;62;95;-5.6;
Danny Green;21:07;.500;.500;1.000;.000;0.0;0.0;0.0;0.0;0.0;0.0;0.0;13.2;96;104;-5.5;
Shake Milton;22:23;.673;.636;.273;.182;0.0;10.2;4.7;10.7;4.6;4.2;0.0;24.6;131;88;17.5;
Matisse Thybulle;22:15;.417;.417;.833;.000;0.0;15.4;7.0;7.5;2.3;4.2;25.0;16.7;63;92;-5.0;
Georges Niang;19:23;.510;.400;.500;.400;0.0;5.9;2.7;0.0;0.0;4.9;0.0;28.1;105;98;2.6;
Andre Drummond;14:46;1.000;1.000;.000;.000;19.5;46.4;31.8;12.3;0.0;12.7;0.0;6.3;210;85;9.3;
Furkan Korkmaz;6:24;;;;;0.0;17.9;8.2;68.2;0.0;0.0;100.0;7.2;83;102;2.8;
Charles Bassey;Did Not Play;
Isaiah Joe;Did Not Play;
Team Totals;240;.451;.416;.348;.191;16.0;90.5;50.0;60.6;7.5;17.6;6.8;100.0;93.3;94.4;;
Home Basic
Jayson Tatum;36:56;9;20;.450;3;8;.375;5;5;1.000;0;16;16;2;1;0;2;2;26;+5;
Jaylen Brown;33:27;3;11;.273;1;4;.250;2;4;.500;0;4;4;3;0;0;1;1;9;+5;
Marcus Smart;32:03;2;7;.286;1;3;.333;1;2;.500;0;2;2;8;2;0;3;1;6;+7;
Al Horford;30:47;4;6;.667;2;3;.667;0;0;;1;7;8;1;0;4;1;4;10;+5;
Robert Williams;25:16;5;7;.714;0;0;;0;0;;2;2;4;0;0;3;1;1;10;+2;
Dennis Schröder;29:32;4;12;.333;2;4;.500;3;4;.750;0;1;1;3;1;0;3;0;13;-9;
Josh Richardson;20:17;3;7;.429;1;3;.333;0;0;;0;3;3;1;0;0;1;2;7;-5;
Enes Freedom;17:08;2;7;.286;0;1;.000;0;0;;1;6;7;0;0;1;1;2;4;-1;
Grant Williams;14:33;1;2;.500;1;2;.500;0;0;;0;1;1;0;1;0;0;2;3;-4;
Aaron Nesmith;Did Not Play;
Bruno Fernando;Did Not Play;
Juancho Hernangómez;Did Not Play;
Payton Pritchard;Did Not Play;
Jabari Parker;Did Not Play;
Romeo Langford;Did Not Play;
Team Totals;240;33;79;.418;11;28;.393;11;15;.733;4;42;46;18;5;8;13;15;88;;
Home Advanced
Jayson Tatum;36:56;.586;.525;.400;.250;0.0;41.6;22.6;12.2;1.4;0.0;8.3;31.9;107;88;9.3;
Jaylen Brown;33:27;.353;.318;.364;.364;0.0;11.5;6.2;15.0;0.0;0.0;7.3;20.0;75;100;-5.1;
Marcus Smart;32:03;.381;.357;.429;.286;0.0;6.0;3.3;39.9;3.2;0.0;27.6;16.5;83;95;0.3;
Al Horford;30:47;.833;.833;.500;.000;3.7;21.8;13.6;5.8;0.0;10.8;14.3;11.1;136;88;8.5;
Robert Williams;25:16;.714;.714;.000;.000;9.0;7.6;8.3;0.0;0.0;9.8;12.5;15.4;124;93;4.8;
Dennis Schröder;29:32;.472;.417;.333;.333;0.0;3.3;1.8;18.4;1.7;0.0;17.9;27.6;83;99;-1.4;
Josh Richardson;20:17;.500;.500;.429;.000;0.0;14.2;7.7;9.1;0.0;0.0;12.5;19.2;86;99;-3.2;
Enes Freedom;17:08;.286;.286;.143;.000;6.7;33.6;21.3;0.0;0.0;4.8;12.5;22.7;56;89;-9.1;
Grant Williams;14:33;.750;.750;1.000;.000;0.0;6.6;3.6;0.0;3.5;0.0;0.0;6.7;136;93;2.6;
Aaron Nesmith;Did Not Play;
Bruno Fernando;Did Not Play;
Juancho Hernangómez;Did Not Play;
Payton Pritchard;Did Not Play;
Jabari Parker;Did Not Play;
Romeo Langford;Did Not Play;
Team Totals;240;.514;.487;.354;.190;9.5;84.0;50.0;54.5;5.4;13.8;13.2;100.0;94.4;93.3;;
