202111170MIN-BOS;ATL;BOS;False;8:00 PM, November 17, 2021;Target Center, Minneapolis, Minnesota;2:17
99;
110;
Guest Basic
De'Aaron Fox;36:30;10;20;.500;2;5;.400;6;8;.750;0;1;1;5;0;0;3;3;28;-16;
Harrison Barnes;34:16;3;10;.300;1;2;.500;6;6;1.000;2;3;5;2;1;1;2;1;13;-16;
Tyrese Haliburton;34:13;3;10;.300;1;5;.200;0;0;;2;3;5;3;2;0;4;3;7;-13;
Richaun Holmes;29:59;6;10;.600;0;1;.000;0;1;.000;4;3;7;0;0;1;2;4;12;-10;
Chimezie Metu;25:13;2;8;.250;0;4;.000;0;0;;1;7;8;2;0;1;3;3;4;-5;
Buddy Hield;29:28;5;17;.294;5;14;.357;1;2;.500;1;2;3;2;0;0;0;1;16;+2;
Davion Mitchell;21:53;2;7;.286;1;5;.200;2;2;1.000;3;1;4;4;3;0;1;3;7;+10;
Tristan Thompson;17:15;2;6;.333;0;0;;4;6;.667;4;5;9;0;1;0;0;3;8;+1;
Marvin Bagley III;11:13;1;5;.200;0;2;.000;0;0;;3;2;5;1;0;0;1;1;2;-3;
Alex Len;Did Not Play;
Terence Davis;Did Not Play;
Maurice Harkless;Did Not Play;
Jahmi'us Ramsey;Did Not Play;
Damian Jones;Did Not Play;
Team Totals;240;34;93;.366;10;38;.263;19;25;.760;20;27;47;19;7;3;16;22;97;;
Guest Advanced
De'Aaron Fox;36:30;.595;.550;.250;.400;0.0;3.6;1.6;31.5;0.0;0.0;11.3;29.1;126;122;5.5;
Harrison Barnes;34:16;.514;.350;.200;.600;6.2;11.4;8.5;9.4;1.5;3.0;13.7;17.1;117;115;1.1;
Tyrese Haliburton;34:13;.350;.350;.500;.000;6.2;11.4;8.6;14.1;3.0;0.0;28.6;16.4;72;114;-8.3;
Richaun Holmes;29:59;.575;.600;.100;.100;14.2;13.0;13.7;0.0;0.0;3.5;16.1;16.6;107;118;-4.4;
Chimezie Metu;25:13;.250;.250;.500;.000;4.2;36.0;18.6;12.6;0.0;4.1;27.3;17.4;56;112;-11.0;
Buddy Hield;29:28;.447;.441;.824;.118;3.6;8.8;6.0;12.6;0.0;0.0;0.0;24.3;122;121;2.6;
Davion Mitchell;21:53;.444;.357;.714;.286;14.6;5.9;10.7;29.6;7.1;0.0;11.3;16.2;123;106;9.2;
Tristan Thompson;17:15;.463;.333;.000;1.000;24.7;37.6;30.5;0.0;3.0;0.0;0.0;20.0;127;107;0.7;
Marvin Bagley III;11:13;.200;.200;.400;.000;28.5;23.1;26.1;14.4;0.0;0.0;16.7;21.4;70;117;-12.0;
Alex Len;Did Not Play;
Terence Davis;Did Not Play;
Maurice Harkless;Did Not Play;
Jahmi'us Ramsey;Did Not Play;
Damian Jones;Did Not Play;
Team Totals;240;.466;.419;.409;.269;44.4;73.0;57.3;55.9;7.6;6.5;13.3;100.0;104.7;115.5;;
Home Basic
Anthony Edwards;39:31;11;24;.458;4;10;.400;0;0;;1;4;5;1;0;1;1;4;26;+10;
Karl-Anthony Towns;36:38;9;12;.750;1;4;.250;3;3;1.000;1;5;6;4;0;2;6;4;22;+22;
D'Angelo Russell;34:26;6;15;.400;1;6;.167;4;4;1.000;1;3;4;7;2;1;2;2;17;+16;
Patrick Beverley;34:22;5;12;.417;0;5;.000;4;4;1.000;2;4;6;7;1;3;3;5;14;+16;
Jarred Vanderbilt;24:55;1;1;1.000;0;0;;2;2;1.000;3;4;7;0;2;1;1;4;4;+11;
Jaden McDaniels;20:01;3;5;.600;1;1;1.000;0;1;.000;1;2;3;0;1;0;2;0;7;+4;
Malik Beasley;18:27;1;5;.200;1;5;.200;1;2;.500;0;2;2;0;1;0;0;2;4;-5;
Taurean Prince;15:27;2;4;.500;1;3;.333;0;0;;0;0;0;0;1;0;1;1;5;-10;
Naz Reid;13:05;3;4;.750;1;2;.500;1;2;.500;1;1;2;0;0;2;0;2;8;-13;
Jordan McLaughlin;2:54;0;0;;0;0;;0;0;;0;0;0;1;0;0;1;0;0;-1;
Nathan Knight;0:14;0;0;;0;0;;0;0;;0;0;0;0;0;0;0;0;0;0;
Jaylen Nowell;Did Not Play;
Jake Layman;Did Not Play;
Team Totals;240;41;82;.500;10;36;.278;15;18;.833;10;25;35;20;8;10;17;24;107;;
Home Advanced
Anthony Edwards;39:31;.542;.542;.417;.000;3.3;10.8;7.4;4.4;0.0;2.2;4.0;28.4;112;111;-1.1;
Karl-Anthony Towns;36:38;.826;.792;.333;.250;3.5;14.6;9.6;17.9;0.0;4.8;31.1;23.7;116;108;3.4;
D'Angelo Russell;34:26;.507;.433;.400;.267;3.8;9.3;6.8;29.9;3.0;2.5;10.7;24.5;116;105;4.0;
Patrick Beverley;34:22;.509;.417;.417;.333;7.5;12.4;10.2;28.7;1.5;7.6;17.9;21.9;111;105;3.6;
Jarred Vanderbilt;24:55;1.064;1.000;.000;2.000;15.6;17.1;16.4;0.0;4.2;3.5;34.7;5.2;158;97;2.4;
Jaden McDaniels;20:01;.643;.700;.200;.200;6.5;10.7;8.8;0.0;2.6;0.0;26.9;16.7;93;106;-1.4;
Malik Beasley;18:27;.340;.300;1.000;.400;0.0;11.6;6.3;0.0;2.8;0.0;0.0;14.3;79;105;-7.3;
Taurean Prince;15:27;.625;.625;.750;.000;0.0;0.0;0.0;0.0;3.4;0.0;20.0;14.5;97;111;-2.2;
Naz Reid;13:05;.820;.875;.500;.500;9.9;8.2;8.9;0.0;0.0;13.3;0.0;16.7;167;110;10.8;
Jordan McLaughlin;2:54;;;;;0.0;0.0;0.0;40.4;0.0;0.0;100.0;15.5;47;119;-14.6;
Nathan Knight;0:14;;;;;0.0;0.0;0.0;0.0;0.0;0.0;;0.0;0;119;-6.6;
Jaylen Nowell;Did Not Play;
Jake Layman;Did Not Play;
Team Totals;240;.595;.561;.439;.220;27.0;55.6;42.7;48.8;8.6;18.2;15.9;100.0;115.5;104.7;;
