202111220BOS-OKC;ATL;OKC;False;7:30 PM, November 22, 2021;TD Garden, Boston, Massachusetts;2:08
101;
113;
Guest Basic
Jalen Green;24:56;2;9;.222;0;4;.000;5;6;.833;0;2;2;0;0;0;1;2;9;-25;
Eric Gordon;24:55;3;8;.375;2;6;.333;1;1;1.000;0;1;1;1;0;0;2;0;9;-27;
Christian Wood;23:54;2;6;.333;0;2;.000;0;0;;0;9;9;3;0;1;1;2;4;-24;
Daniel Theis;21:50;3;9;.333;0;3;.000;1;2;.500;1;4;5;1;0;1;2;4;7;-24;
Jae'Sean Tate;21:44;3;8;.375;0;2;.000;0;0;;0;5;5;2;0;0;1;1;6;-24;
Armoni Brooks;25:11;5;9;.556;5;8;.625;2;3;.667;0;3;3;2;2;1;2;1;17;+8;
Kenyon Martin Jr.;21:41;4;10;.400;1;4;.250;1;4;.250;1;5;6;1;1;1;1;1;10;-9;
Alperen Şengün;20:52;3;6;.500;0;1;.000;2;2;1.000;1;5;6;7;2;0;2;5;8;+9;
Garrison Mathews;18:59;1;6;.167;1;6;.167;0;0;;1;0;1;0;0;0;0;1;3;+3;
D.J. Augustin;17:29;2;4;.500;0;1;.000;0;0;;0;1;1;2;0;0;1;2;4;-2;
Danuel House Jr.;7:17;0;3;.000;0;2;.000;2;2;1.000;0;0;0;0;0;0;0;1;2;+3;
Josh Christopher;5:36;3;4;.750;2;2;1.000;0;0;;0;0;0;0;0;0;1;0;8;+11;
David Nwaba;5:36;0;1;.000;0;1;.000;3;4;.750;0;3;3;0;0;0;0;0;3;+11;
Team Totals;240;31;83;.373;11;42;.262;17;24;.708;4;38;42;19;5;4;14;20;90;;
Guest Advanced
Jalen Green;24:56;.387;.222;.444;.667;0.0;7.9;3.9;0.0;0.0;0.0;7.9;22.6;73;113;-11.6;
Eric Gordon;24:55;.533;.500;.750;.125;0.0;3.9;1.9;7.6;0.0;0.0;19.2;18.7;82;114;-6.0;
Christian Wood;23:54;.333;.333;.333;.000;0.0;36.9;18.1;22.3;0.0;3.5;14.3;13.1;72;101;-2.9;
Daniel Theis;21:50;.354;.333;.333;.222;4.3;17.9;11.0;9.0;0.0;3.9;16.8;24.3;65;107;-11.1;
Jae'Sean Tate;21:44;.375;.375;.250;.000;0.0;22.5;11.0;18.1;0.0;0.0;11.1;18.5;72;108;-6.7;
Armoni Brooks;25:11;.824;.833;.889;.333;0.0;11.7;5.7;17.8;3.8;3.3;16.2;21.8;124;100;15.6;
Kenyon Martin Jr.;21:41;.425;.450;.400;.400;4.3;22.6;13.3;10.0;2.2;3.9;7.8;26.3;80;100;0.0;
Alperen Şengün;20:52;.581;.500;.167;.333;4.5;23.5;13.8;66.8;4.5;0.0;22.5;19.0;116;97;10.1;
Garrison Mathews;18:59;.250;.250;1.000;.000;5.0;0.0;2.5;0.0;0.0;0.0;0.0;14.1;59;115;-10.9;
D.J. Augustin;17:29;.500;.500;.250;.000;0.0;5.6;2.7;21.5;0.0;0.0;20.0;12.8;88;113;-8.6;
Danuel House Jr.;7:17;.258;.000;.667;.667;0.0;0.0;0.0;0.0;0.0;0.0;0.0;23.8;55;115;-16.5;
Josh Christopher;5:36;1.000;1.000;.500;.000;0.0;0.0;0.0;0.0;0.0;0.0;20.0;39.8;117;115;25.3;
David Nwaba;5:36;.543;.000;1.000;4.000;0.0;52.5;25.7;0.0;0.0;0.0;0.0;22.0;118;98;1.9;
Team Totals;240;.481;.440;.506;.289;7.8;77.6;42.0;61.3;4.9;7.0;13.0;100.0;88.6;106.3;;
Home Basic
Jayson Tatum;33:42;10;22;.455;1;9;.111;9;9;1.000;0;6;6;3;1;0;1;3;30;+23;
Marcus Smart;27:43;3;7;.429;1;3;.333;0;0;;0;3;3;5;1;0;2;3;7;+24;
Al Horford;24:05;4;9;.444;3;5;.600;0;0;;3;8;11;4;2;0;0;2;11;+22;
Robert Williams;22:53;1;1;1.000;0;0;;0;0;;3;12;15;1;0;1;1;1;2;+28;
Jaylen Brown;22:47;6;13;.462;3;6;.500;4;4;1.000;0;3;3;0;1;1;2;4;19;+21;
Dennis Schröder;28:18;6;16;.375;1;2;.500;5;5;1.000;0;1;1;0;1;0;3;2;18;+7;
Grant Williams;25:13;1;2;.500;0;1;.000;0;0;;0;5;5;4;0;1;0;2;2;+13;
Romeo Langford;19:46;4;9;.444;2;4;.500;0;0;;2;3;5;1;2;0;0;1;10;-4;
Enes Freedom;11:18;2;4;.500;0;1;.000;0;1;.000;3;3;6;0;0;0;1;3;4;-8;
Aaron Nesmith;6:04;2;5;.400;1;3;.333;0;0;;0;0;0;0;0;0;2;2;5;-6;
Payton Pritchard;6:04;0;3;.000;0;0;;0;0;;0;0;0;1;0;0;2;0;0;-6;
Juancho Hernangómez;5:36;0;0;;0;0;;0;0;;0;1;1;0;1;0;0;0;0;-11;
Sam Hauser;4:17;0;1;.000;0;1;.000;0;0;;0;1;1;0;1;0;0;1;0;-7;
Bruno Fernando;2:14;0;0;;0;0;;0;0;;0;1;1;0;0;0;0;0;0;-6;
Jabari Parker;Did Not Play;
Team Totals;240;39;92;.424;12;35;.343;18;19;.947;11;47;58;19;10;3;14;24;108;;
Home Advanced
Jayson Tatum;33:42;.578;.477;.409;.409;0.0;16.8;8.5;17.3;1.4;0.0;3.7;33.6;122;91;7.4;
Marcus Smart;27:43;.500;.500;.429;.000;0.0;10.2;5.2;25.6;1.7;0.0;22.2;13.6;98;91;-2.8;
Al Horford;24:05;.611;.611;.556;.000;12.2;31.3;21.9;25.7;3.9;0.0;0.0;15.7;147;83;15.6;
Robert Williams;22:53;1.000;1.000;.000;.000;12.8;49.4;31.5;5.7;0.0;5.1;50.0;3.7;141;86;2.0;
Jaylen Brown;22:47;.644;.577;.462;.308;0.0;12.4;6.3;0.0;2.1;5.1;11.9;30.9;113;86;5.7;
Dennis Schröder;28:18;.495;.406;.125;.313;0.0;3.3;1.7;0.0;1.7;0.0;14.2;31.4;88;93;-6.7;
Grant Williams;25:13;.500;.500;.500;.000;0.0;18.7;9.5;20.5;0.0;4.6;0.0;3.3;151;91;3.1;
Romeo Langford;19:46;.556;.556;.444;.000;9.9;14.3;12.1;8.3;4.8;0.0;0.0;19.1;126;84;9.9;
Enes Freedom;11:18;.450;.500;.250;.250;26.0;25.0;25.5;0.0;0.0;0.0;18.4;20.2;96;93;-9.6;
Aaron Nesmith;6:04;.500;.500;.600;.000;0.0;0.0;0.0;0.0;0.0;0.0;28.6;48.4;65;96;-20.9;
Payton Pritchard;6:04;.000;.000;.000;.000;0.0;0.0;0.0;20.3;0.0;0.0;40.0;34.6;12;97;-34.0;
Juancho Hernangómez;5:36;;;;;0.0;16.8;8.6;0.0;8.4;0.0;;0.0;0;76;6.7;
Sam Hauser;4:17;.000;.000;1.000;.000;0.0;22.0;11.2;0.0;11.0;0.0;0.0;9.8;0;68;-4.1;
Bruno Fernando;2:14;;;;;0.0;42.1;21.5;0.0;0.0;0.0;;0.0;0;91;-1.7;
Jabari Parker;Did Not Play;
Team Totals;240;.538;.489;.380;.207;22.4;92.2;58.0;48.7;9.8;7.3;12.2;100.0;106.3;88.6;;
