202110200SAS-IND;CHO;IND;False;8:30 PM, October 20, 2021;AT&T Center, San Antonio, Texas;2:13
122;
123;
Guest Basic
Franz Wagner;32:16;6;9;.667;0;2;.000;0;0;;2;2;4;2;1;2;0;2;12;-4;
Jalen Suggs;30:17;3;14;.214;1;6;.167;3;3;1.000;0;1;1;1;1;0;3;3;10;-13;
Cole Anthony;30:02;3;12;.250;1;7;.143;3;4;.750;1;4;5;4;0;0;3;3;10;-3;
Mo Bamba;27:15;6;8;.750;3;4;.750;3;4;.750;3;1;4;4;1;4;3;5;18;+1;
Wendell Carter Jr.;18:45;5;10;.500;1;1;1.000;2;2;1.000;1;7;8;1;1;0;0;1;13;+3;
Terrence Ross;27:21;5;10;.500;1;1;1.000;4;4;1.000;0;3;3;0;0;0;1;1;15;-32;
R.J. Hampton;26:29;2;8;.250;1;2;.500;1;2;.500;0;7;7;3;1;0;2;1;6;-22;
Ignas Brazdeikis;19:19;1;6;.167;0;3;.000;0;0;;1;2;3;1;1;0;1;0;2;-30;
Moritz Wagner;15:07;2;5;.400;1;3;.333;2;4;.500;2;4;6;1;0;0;1;2;7;-11;
Robin Lopez;13:09;2;4;.500;0;0;;0;0;;3;0;3;0;0;0;2;2;4;-19;
Gary Harris;Did Not Play;
E'Twaun Moore;Did Not Play;
Team Totals;240;35;86;.407;9;29;.310;18;23;.783;13;31;44;17;6;6;16;20;97;;
Guest Advanced
Franz Wagner;32:16;.667;.667;.222;.000;6.9;6.8;6.8;11.4;1.5;4.4;0.0;11.9;149;127;3.4;
Jalen Suggs;30:17;.326;.250;.429;.214;0.0;3.6;1.8;5.2;1.6;0.0;16.4;25.9;65;131;-16.9;
Cole Anthony;30:02;.363;.292;.583;.333;3.7;14.5;9.2;21.2;0.0;0.0;17.9;23.9;80;132;-12.1;
Mo Bamba;27:15;.922;.938;.500;.500;12.3;4.0;8.1;28.8;1.8;10.4;23.5;20.0;146;123;14.8;
Wendell Carter Jr.;18:45;.597;.550;.100;.200;6.0;40.7;23.5;11.5;2.7;0.0;0.0;24.8;135;118;8.6;
Terrence Ross;27:21;.638;.550;.100;.400;0.0;12.0;6.1;0.0;0.0;0.0;7.8;20.0;126;133;-3.1;
R.J. Hampton;26:29;.338;.313;.250;.250;0.0;28.8;14.6;17.3;1.9;0.0;18.4;17.6;73;124;-7.9;
Ignas Brazdeikis;19:19;.167;.167;.500;.000;5.8;11.3;8.6;7.6;2.6;0.0;14.3;15.5;49;127;-12.3;
Moritz Wagner;15:07;.518;.500;.600;.800;14.8;28.9;21.9;11.1;0.0;0.0;12.9;22.0;109;127;-3.6;
Robin Lopez;13:09;.500;.500;.000;.000;25.5;0.0;12.6;0.0;0.0;0.0;33.3;19.5;84;136;-15.1;
Gary Harris;Did Not Play;
E'Twaun Moore;Did Not Play;
Team Totals;240;.505;.459;.337;.267;30.2;70.5;50.6;48.6;6.2;8.8;14.3;100.0;100.8;127.9;;
Home Basic
Dejounte Murray;30:53;6;17;.353;0;4;.000;3;3;1.000;0;6;6;8;4;0;3;3;15;+13;
Derrick White;29:58;6;11;.545;3;4;.750;1;3;.333;0;4;4;4;1;0;0;2;16;+9;
Jakob Poeltl;29:49;6;8;.750;0;0;;0;0;;8;5;13;7;0;0;1;3;12;+11;
Keldon Johnson;27:39;6;12;.500;0;1;.000;3;6;.500;2;2;4;1;0;0;2;2;15;+4;
Doug McDermott;22:27;4;7;.571;2;3;.667;2;2;1.000;0;0;0;0;0;0;0;2;12;+7;
Lonnie Walker IV;25:25;6;17;.353;3;9;.333;2;2;1.000;0;6;6;3;1;1;0;4;17;+26;
Devin Vassell;25:07;8;12;.667;3;4;.750;0;0;;0;2;2;5;2;0;0;2;19;+24;
Drew Eubanks;13:47;1;2;.500;0;0;;0;0;;2;4;6;2;0;1;1;2;2;+15;
Keita Bates-Diop;11:20;3;3;1.000;1;1;1.000;0;0;;0;1;1;0;0;0;1;2;7;+19;
Tre Jones;8:00;2;3;.667;0;0;;0;0;;0;0;0;1;0;0;0;0;4;0;
Bryn Forbes;6:17;0;4;.000;0;3;.000;0;0;;0;0;0;0;0;0;0;0;0;+1;
Joshua Primo;4:54;1;1;1.000;1;1;1.000;0;0;;0;0;0;0;0;0;0;0;3;+1;
Jock Landale;4:24;0;1;.000;0;0;;1;2;.500;1;0;1;1;0;1;0;0;1;0;
Team Totals;240;49;98;.500;13;30;.433;12;18;.667;13;30;43;32;8;3;8;22;123;;
Home Advanced
Dejounte Murray;30:53;.409;.353;.235;.176;0.0;21.7;10.7;31.3;6.5;0.0;14.1;29.1;95;89;-0.4;
Derrick White;29:58;.649;.682;.364;.273;0.0;14.9;7.4;16.3;1.7;0.0;0.0;17.3;141;102;4.9;
Jakob Poeltl;29:49;.750;.750;.000;.000;29.3;18.7;24.1;28.6;0.0;0.0;11.1;12.7;168;104;9.7;
Keldon Johnson;27:39;.512;.500;.083;.500;7.9;8.1;8.0;4.5;0.0;0.0;12.0;25.4;100;109;-8.8;
Doug McDermott;22:27;.761;.714;.429;.286;0.0;0.0;0.0;0.0;0.0;0.0;0.0;14.8;156;112;-0.4;
Lonnie Walker IV;25:25;.475;.441;.529;.118;0.0;26.4;13.0;15.0;2.0;3.3;0.0;29.6;112;95;0.5;
Devin Vassell;25:07;.792;.792;.333;.000;0.0;8.9;4.4;28.3;4.0;0.0;0.0;20.1;167;99;18.1;
Drew Eubanks;13:47;.500;.500;.000;.000;15.8;32.4;24.0;15.3;0.0;6.1;33.3;9.2;116;96;-0.6;
Keita Bates-Diop;11:20;1.167;1.167;.333;.000;0.0;9.8;4.9;0.0;0.0;0.0;25.0;14.9;136;108;2.2;
Tre Jones;8:00;.667;.667;.000;.000;0.0;0.0;0.0;16.2;0.0;0.0;0.0;15.8;145;112;0.4;
Bryn Forbes;6:17;.000;.000;.750;.000;0.0;0.0;0.0;0.0;0.0;0.0;0.0;26.8;0;112;-35.4;
Joshua Primo;4:54;1.500;1.500;1.000;.000;0.0;0.0;0.0;0.0;0.0;0.0;0.0;8.6;300;112;13.7;
Jock Landale;4:24;.266;.000;.000;2.000;24.8;0.0;12.5;22.3;0.0;19.1;0.0;18.0;111;101;6.5;
Team Totals;240;.581;.566;.306;.184;29.5;69.8;49.4;65.3;8.3;5.3;7.0;100.0;127.9;100.8;;
