202111240CLE-BRK;BOS;BRK;False;7:00 PM, November 24, 2021;Rocket Mortgage Fieldhouse, Cleveland, Ohio;2:20
123;
104;
Guest Basic
Devin Booker;38:42;14;21;.667;2;3;.667;5;6;.833;1;3;4;3;1;0;4;2;35;-2;
Mikal Bridges;34:24;5;8;.625;1;2;.500;0;0;;2;4;6;2;0;1;0;5;11;+4;
Chris Paul;32:17;4;8;.500;2;3;.667;7;8;.875;0;2;2;12;0;0;3;3;17;+23;
Jae Crowder;28:37;1;6;.167;0;3;.000;5;5;1.000;0;5;5;3;1;0;0;2;7;+12;
Deandre Ayton;27:18;8;12;.667;0;0;;0;0;;4;6;10;1;1;0;3;5;16;+4;
Cameron Payne;21:50;3;11;.273;0;4;.000;1;2;.500;0;1;1;2;0;0;1;1;7;-12;
Cameron Johnson;20:33;4;9;.444;3;5;.600;3;4;.750;0;4;4;1;0;0;2;1;14;-1;
JaVale McGee;20:21;6;9;.667;0;0;;1;2;.500;3;9;12;2;1;1;1;3;13;0;
Landry Shamet;15:58;0;2;.000;0;2;.000;0;1;.000;0;3;3;0;0;0;1;1;0;-3;
Chandler Hutchison;Did Not Play;
Ish Wainright;Did Not Play;
Jalen Smith;Did Not Play;
Elfrid Payton;Did Not Play;
Abdel Nader;Did Not Play;
Team Totals;240;45;86;.523;8;22;.364;22;28;.786;10;37;47;26;4;2;15;23;120;;
Guest Advanced
Devin Booker;38:42;.740;.714;.143;.286;3.0;7.4;5.5;13.5;1.2;0.0;14.5;30.3;127;115;8.6;
Mikal Bridges;34:24;.688;.688;.250;.000;6.8;11.2;9.2;7.3;0.0;2.4;0.0;9.9;151;115;3.3;
Chris Paul;32:17;.738;.625;.375;1.000;0.0;5.9;3.3;45.7;0.0;0.0;20.7;19.1;140;118;6.9;
Jae Crowder;28:37;.427;.167;.500;.833;0.0;16.8;9.2;11.6;1.6;0.0;0.0;12.1;114;111;1.2;
Deandre Ayton;27:18;.667;.667;.000;.000;17.2;21.1;19.3;5.7;1.7;0.0;20.0;23.3;113;109;0.3;
Cameron Payne;21:50;.295;.273;.364;.182;0.0;4.4;2.4;11.4;0.0;0.0;7.8;25.0;68;119;-13.1;
Cameron Johnson;20:33;.651;.611;.556;.444;0.0;18.7;10.3;6.6;0.0;0.0;15.7;26.3;111;114;3.0;
JaVale McGee;20:21;.658;.667;.000;.222;17.3;42.5;31.1;15.3;2.3;4.1;9.2;22.6;133;98;11.2;
Landry Shamet;15:58;.000;.000;1.000;.500;0.0;18.0;9.9;0.0;0.0;0.0;29.1;9.1;0;114;-12.3;
Chandler Hutchison;Did Not Play;
Ish Wainright;Did Not Play;
Jalen Smith;Did Not Play;
Elfrid Payton;Did Not Play;
Abdel Nader;Did Not Play;
Team Totals;240;.610;.570;.256;.326;24.4;74.0;51.6;57.8;3.9;3.4;13.2;100.0;117.9;113.0;;
Home Basic
Jarrett Allen;38:29;9;10;.900;0;0;;7;9;.778;6;5;11;2;0;0;3;1;25;-2;
Lauri Markkanen;35:48;5;13;.385;2;7;.286;2;2;1.000;2;9;11;0;1;0;1;2;14;-12;
Isaac Okoro;34:13;2;8;.250;1;4;.250;0;1;.000;2;1;3;4;1;0;0;2;5;-8;
Darius Garland;30:03;8;19;.421;0;6;.000;3;5;.600;1;2;3;7;1;0;2;6;19;-10;
Dean Wade;15:57;0;2;.000;0;2;.000;0;0;;0;0;0;0;0;0;0;3;0;-13;
Ricky Rubio;29:10;5;20;.250;2;8;.250;3;6;.500;0;4;4;5;1;0;2;3;15;+5;
Cedi Osman;28:26;9;15;.600;5;7;.714;0;0;;0;4;4;2;1;0;1;3;23;+7;
Kevin Love;22:23;5;9;.556;2;5;.400;2;2;1.000;2;6;8;1;0;0;1;3;14;+11;
Denzel Valentine;5:31;0;1;.000;0;0;;0;0;;0;0;0;1;2;0;0;0;0;-3;
Tacko Fall;Did Not Play;
Ed Davis;Did Not Play;
Kevin Pangos;Did Not Play;
RJ Nembhard Jr.;Did Not Play;
Dylan Windler;Did Not Play;
Team Totals;240;43;97;.443;12;39;.308;17;25;.680;13;31;44;22;7;0;10;23;115;;
Home Advanced
Jarrett Allen;38:29;.895;.900;.000;.900;15.0;15.2;15.1;7.9;0.0;0.0;17.7;17.9;154;121;7.8;
Lauri Markkanen;35:48;.504;.462;.538;.154;5.4;29.4;16.2;0.0;1.3;0.0;6.7;16.9;105;115;-1.1;
Isaac Okoro;34:13;.296;.313;.500;.125;5.6;3.4;4.6;14.0;1.4;0.0;0.0;10.0;98;120;-2.1;
Darius Garland;30:03;.448;.421;.316;.263;3.2;7.8;5.3;37.0;1.6;0.0;8.6;31.4;102;119;-2.0;
Dean Wade;15:57;.000;.000;1.000;.000;0.0;0.0;0.0;0.0;0.0;0.0;0.0;5.1;0;124;-13.2;
Ricky Rubio;29:10;.331;.300;.400;.300;0.0;16.1;7.2;23.7;1.6;0.0;8.1;34.4;78;117;-8.5;
Cedi Osman;28:26;.767;.767;.467;.000;0.0;16.5;7.4;12.1;1.7;0.0;6.3;22.9;143;117;12.6;
Kevin Love;22:23;.709;.667;.556;.222;8.6;31.4;18.9;6.6;0.0;0.0;9.2;19.8;138;118;5.7;
Denzel Valentine;5:31;.000;.000;.000;.000;0.0;0.0;0.0;20.2;17.1;0.0;0.0;7.4;56;87;15.3;
Tacko Fall;Did Not Play;
Ed Davis;Did Not Play;
Kevin Pangos;Did Not Play;
RJ Nembhard Jr.;Did Not Play;
Dylan Windler;Did Not Play;
Team Totals;240;.532;.505;.402;.258;26.0;75.6;48.4;51.2;6.9;0.0;8.5;100.0;113.0;117.9;;
