202111120GSW-MIL;BOS;MIL;False;10:00 PM, November 12, 2021;Chase Center, San Francisco, California;2:12
113;
122;
Guest Basic
Lonzo Ball;36:40;2;11;.182;1;7;.143;0;0;;0;3;3;3;4;1;2;0;5;-18;
DeMar DeRozan;35:47;4;13;.308;1;3;.333;9;10;.900;1;1;2;5;1;0;2;3;18;-13;
Zach LaVine;34:27;10;17;.588;2;4;.500;1;2;.500;0;6;6;0;1;0;7;2;23;-19;
Javonte Green;16:11;1;5;.200;0;3;.000;1;2;.500;0;4;4;0;0;0;1;3;3;-8;
Tony Bradley;13:36;1;3;.333;0;0;;1;2;.500;1;4;5;1;0;0;1;1;3;-13;
Alex Caruso;24:45;2;5;.400;0;3;.000;0;0;;0;3;3;5;1;0;1;4;4;-16;
Alize Johnson;21:11;4;8;.500;0;1;.000;1;2;.500;3;4;7;0;1;0;1;0;9;-8;
Derrick Jones Jr.;20:30;3;3;1.000;1;1;1.000;2;2;1.000;2;4;6;1;1;0;1;1;9;-8;
Ayo Dosunmu;16:17;2;6;.333;2;3;.667;0;0;;0;0;0;1;0;0;2;1;6;-19;
Tyler Cook;12:00;2;3;.667;0;0;;2;2;1.000;0;2;2;2;0;0;1;1;6;-2;
Troy Brown Jr.;4:18;2;2;1.000;1;1;1.000;0;0;;0;0;0;0;0;0;1;0;5;-3;
Matt Thomas;4:18;1;2;.500;0;1;.000;0;0;;0;0;0;0;0;1;0;0;2;-3;
Marko Simonovic;Did Not Play;
Team Totals;240;34;78;.436;8;27;.296;17;22;.773;7;31;38;18;9;2;20;16;93;;
Guest Advanced
Lonzo Ball;36:40;.227;.227;.636;.000;0.0;9.1;4.6;12.5;5.2;2.8;15.4;15.8;52;112;-3.6;
DeMar DeRozan;35:47;.517;.346;.231;.769;3.2;3.1;3.2;23.4;1.3;0.0;10.3;24.2;109;124;-0.5;
Zach LaVine;34:27;.643;.647;.235;.118;0.0;19.4;9.8;0.0;1.4;0.0;28.1;32.2;82;119;-5.0;
Javonte Green;16:11;.255;.200;.600;.400;0.0;27.6;14.0;0.0;0.0;0.0;14.5;19.0;46;120;-16.6;
Tony Bradley;13:36;.387;.333;.000;.667;8.4;32.8;20.8;11.6;0.0;0.0;20.5;16.0;81;118;-5.7;
Alex Caruso;24:45;.400;.400;.600;.000;0.0;13.5;6.8;32.2;1.9;0.0;16.7;10.8;96;119;-3.4;
Alize Johnson;21:11;.507;.500;.125;.250;16.2;21.1;18.7;0.0;2.3;0.0;10.1;20.8;102;117;-0.9;
Derrick Jones Jr.;20:30;1.160;1.167;.333;.667;11.1;21.8;16.5;8.7;2.3;0.0;20.5;10.6;182;116;10.1;
Ayo Dosunmu;16:17;.500;.500;.500;.000;0.0;0.0;0.0;10.5;0.0;0.0;25.0;21.9;76;128;-8.1;
Tyler Cook;12:00;.773;.667;.000;.667;0.0;18.6;9.4;30.8;0.0;0.0;20.5;18.1;133;122;6.4;
Troy Brown Jr.;4:18;1.250;1.250;.500;.000;0.0;0.0;0.0;0.0;0.0;0.0;33.3;31.1;108;128;17.9;
Matt Thomas;4:18;.500;.500;.500;.000;0.0;0.0;0.0;0.0;0.0;23.8;0.0;20.7;97;115;7.3;
Marko Simonovic;Did Not Play;
Team Totals;240;.530;.487;.346;.282;16.7;72.1;44.7;52.9;9.0;4.3;18.6;100.0;93.0;119.0;;
Home Basic
Stephen Curry;34:13;15;24;.625;9;17;.529;1;1;1.000;0;4;4;5;1;1;6;1;40;+31;
Jordan Poole;31:47;5;12;.417;2;9;.222;2;2;1.000;0;1;1;2;3;0;4;2;14;+8;
Andrew Wiggins;29:20;5;15;.333;0;4;.000;5;7;.714;3;4;7;2;2;1;1;1;15;+13;
Draymond Green;28:01;4;6;.667;1;1;1.000;0;0;;1;8;9;7;1;0;2;3;9;+10;
Kevon Looney;20:27;1;5;.200;0;0;;2;2;1.000;3;7;10;1;0;0;0;0;4;+14;
Gary Payton II;20:51;3;6;.500;0;3;.000;2;2;1.000;2;3;5;0;3;0;0;3;8;+16;
Andre Iguodala;18:13;3;4;.750;0;1;.000;2;2;1.000;0;1;1;3;1;1;0;0;8;+19;
Jonathan Kuminga;15:41;4;6;.667;0;1;.000;0;0;;0;1;1;1;0;0;0;3;8;+7;
Nemanja Bjelica;15:33;2;7;.286;2;5;.400;0;0;;1;2;3;4;1;0;2;1;6;+10;
Otto Porter Jr.;15:21;2;5;.400;1;4;.250;0;0;;2;1;3;1;2;0;1;0;5;0;
Moses Moody;6:14;1;2;.500;0;1;.000;0;0;;0;1;1;0;0;0;0;1;2;-1;
Juan Toscano-Anderson;4:18;0;1;.000;0;0;;0;0;;0;2;2;1;1;0;0;0;0;+3;
Team Totals;240;45;93;.484;15;46;.326;14;16;.875;12;35;47;27;15;3;16;15;119;;
Home Advanced
Stephen Curry;34:13;.818;.813;.708;.042;0.0;13.4;6.6;29.3;1.4;2.8;19.7;36.8;125;96;18.3;
Jordan Poole;31:47;.543;.500;.750;.167;0.0;3.6;1.8;8.1;4.5;0.0;23.7;22.0;89;93;-3.6;
Andrew Wiggins;29:20;.415;.333;.267;.467;11.4;15.6;13.5;8.9;3.3;3.2;5.2;26.9;101;91;-1.9;
Draymond Green;28:01;.750;.750;.167;.000;4.0;32.6;18.1;31.4;1.7;0.0;25.0;11.8;138;94;6.8;
Kevon Looney;20:27;.340;.200;.000;.400;16.4;39.1;27.6;5.5;0.0;0.0;0.0;11.9;113;97;-3.5;
Gary Payton II;20:51;.581;.500;.500;.333;10.7;16.4;13.5;0.0;6.9;0.0;0.0;13.6;137;85;4.2;
Andre Iguodala;18:13;.820;.750;.250;.500;0.0;6.3;3.1;21.3;2.6;5.2;0.0;11.1;183;93;12.7;
Jonathan Kuminga;15:41;.667;.667;.167;.000;0.0;7.3;3.6;9.3;0.0;0.0;0.0;15.8;140;102;-1.6;
Nemanja Bjelica;15:33;.429;.429;.714;.000;7.2;14.7;10.9;31.8;3.1;0.0;22.2;23.9;96;94;2.4;
Otto Porter Jr.;15:21;.500;.500;.800;.000;14.5;7.4;11.0;8.1;6.3;0.0;16.7;16.2;107;89;4.1;
Moses Moody;6:14;.500;.500;.500;.000;0.0;18.3;9.1;0.0;0.0;0.0;0.0;13.3;104;100;-7.9;
Juan Toscano-Anderson;4:18;.000;.000;.000;.000;0.0;53.2;26.3;24.8;11.2;0.0;0.0;9.6;64;69;9.1;
Team Totals;240;.595;.565;.495;.172;27.9;83.3;55.3;60.0;15.0;5.9;13.8;100.0;119.0;93.0;;
