202111270DAL-NYK;ATL;NYK;False;8:30 PM, November 27, 2021;American Airlines Center, Dallas, Texas;2:10
99;
90;
Guest Basic
Bradley Beal;37:32;10;14;.714;1;1;1.000;5;6;.833;0;5;5;7;2;0;3;4;26;+15;
Kyle Kuzma;34:31;7;14;.500;3;6;.500;5;5;1.000;0;9;9;4;1;0;4;2;22;+9;
Kentavious Caldwell-Pope;30:56;5;9;.556;0;1;.000;6;6;1.000;1;5;6;1;1;1;2;1;16;+13;
Daniel Gafford;27:26;6;7;.857;0;0;;2;2;1.000;4;6;10;3;0;2;0;2;14;+14;
Aaron Holiday;19:44;3;5;.600;1;2;.500;0;0;;0;2;2;3;0;1;2;3;7;+9;
Raul Neto;24:17;5;8;.625;2;3;.667;1;2;.500;0;5;5;6;0;0;1;1;13;-3;
Montrezl Harrell;20:20;4;6;.667;1;1;1.000;2;4;.500;2;0;2;1;0;0;0;1;11;-6;
Deni Avdija;19:14;3;7;.429;1;4;.250;0;0;;0;1;1;1;0;0;1;3;7;-3;
Dāvis Bertāns;14:32;0;5;.000;0;5;.000;0;0;;0;2;2;1;0;0;0;1;0;-14;
Corey Kispert;11:28;2;3;.667;0;1;.000;0;1;.000;0;1;1;1;0;0;1;0;4;-4;
Anthony Gill;Did Not Play;
Team Totals;240;45;78;.577;9;24;.375;21;26;.808;7;36;43;28;4;4;14;18;120;;
Guest Advanced
Bradley Beal;37:32;.781;.750;.071;.429;0.0;14.2;8.2;27.8;2.7;0.0;15.3;24.3;140;118;6.3;
Kyle Kuzma;34:31;.679;.607;.429;.357;0.0;27.8;16.0;15.8;1.5;0.0;19.8;27.2;114;117;2.0;
Kentavious Caldwell-Pope;30:56;.687;.556;.111;.667;4.7;17.2;11.9;4.2;1.6;3.0;14.7;20.5;125;117;0.4;
Daniel Gafford;27:26;.888;.857;.000;.286;21.2;23.3;22.4;15.2;0.0;6.9;0.0;13.3;192;117;11.5;
Aaron Holiday;19:44;.700;.700;.400;.000;0.0;10.8;6.2;19.4;0.0;4.8;28.6;16.5;108;121;-2.0;
Raul Neto;24:17;.732;.750;.375;.250;0.0;22.0;12.7;33.8;0.0;0.0;10.1;18.9;144;122;5.6;
Montrezl Harrell;20:20;.709;.750;.167;.667;14.3;0.0;6.1;6.6;0.0;0.0;0.0;17.7;152;127;1.3;
Deni Avdija;19:14;.500;.500;.571;.000;0.0;5.5;3.2;6.7;0.0;0.0;12.5;19.3;91;126;-10.3;
Dāvis Bertāns;14:32;.000;.000;1.000;.000;0.0;14.7;8.5;7.3;0.0;0.0;0.0;16.0;17;124;-20.5;
Corey Kispert;11:28;.581;.667;.333;.333;0.0;9.3;5.4;11.4;0.0;0.0;22.5;18.0;91;125;-6.1;
Anthony Gill;Did Not Play;
Team Totals;240;.671;.635;.308;.333;21.2;80.0;55.1;62.2;4.2;7.8;13.5;100.0;126.5;120.2;;
Home Basic
Luka Dončić;36:47;13;25;.520;3;9;.333;4;7;.571;0;4;4;10;0;0;4;3;33;-11;
Tim Hardaway Jr.;35:54;4;12;.333;2;5;.400;0;2;.000;1;1;2;2;3;0;0;3;10;-7;
Kristaps Porziņģis;35:36;4;12;.333;0;3;.000;5;6;.833;0;7;7;3;3;1;0;2;13;-2;
Dorian Finney-Smith;28:33;3;5;.600;2;4;.500;0;0;;1;3;4;2;1;0;0;0;8;-6;
Willie Cauley-Stein;10:16;2;6;.333;0;0;;0;0;;3;0;3;0;0;2;2;3;4;-7;
Maxi Kleber;29:58;6;9;.667;1;3;.333;0;0;;3;3;6;1;0;1;0;4;13;0;
Reggie Bullock;27:55;2;7;.286;2;7;.286;1;1;1.000;0;2;2;0;0;0;0;2;7;-3;
Sterling Brown;13:24;3;5;.600;2;3;.667;0;0;;1;4;5;1;0;0;0;1;8;+13;
Trey Burke;11:13;5;7;.714;2;4;.500;2;2;1.000;0;1;1;4;0;0;1;2;14;+5;
Dwight Powell;10:24;0;1;.000;0;0;;4;4;1.000;0;1;1;0;0;0;0;1;4;-12;
Boban Marjanović;Did Not Play;
Moses Brown;Did Not Play;
Josh Green;Did Not Play;
JaQuori McLaughlin;Did Not Play;
Team Totals;240;42;89;.472;14;38;.368;16;22;.727;9;26;35;23;7;4;7;21;114;;
Home Advanced
Luka Dončić;36:47;.588;.580;.360;.280;0.0;15.8;6.7;52.1;0.0;0.0;12.5;39.6;115;131;4.5;
Tim Hardaway Jr.;35:54;.388;.417;.417;.167;3.0;4.1;3.4;7.3;4.2;0.0;0.0;16.3;91;123;-5.5;
Kristaps Porziņģis;35:36;.444;.333;.250;.500;0.0;28.6;12.1;11.0;4.3;2.5;0.0;18.7;105;118;-1.2;
Dorian Finney-Smith;28:33;.800;.800;.800;.000;3.7;15.3;8.6;9.1;1.8;0.0;0.0;8.0;169;127;2.7;
Willie Cauley-Stein;10:16;.333;.333;.000;.000;31.2;0.0;18.0;0.0;0.0;17.3;25.0;35.4;74;119;-20.0;
Maxi Kleber;29:58;.722;.722;.333;.000;10.7;14.6;12.3;4.9;0.0;3.0;0.0;13.6;155;129;-0.2;
Reggie Bullock;27:55;.470;.429;1.000;.143;0.0;10.4;4.4;0.0;0.0;0.0;0.0;12.1;98;132;-9.4;
Sterling Brown;13:24;.800;.800;.600;.000;8.0;43.4;23.0;11.5;0.0;0.0;0.0;16.9;164;127;9.1;
Trey Burke;11:13;.888;.857;.571;.286;0.0;13.0;5.5;83.1;0.0;0.0;11.3;36.0;165;131;22.1;
Dwight Powell;10:24;.725;.000;.000;4.000;0.0;14.0;5.9;0.0;0.0;0.0;0.0;12.1;164;131;-5.9;
Boban Marjanović;Did Not Play;
Moses Brown;Did Not Play;
Josh Green;Did Not Play;
JaQuori McLaughlin;Did Not Play;
Team Totals;240;.578;.551;.427;.247;20.0;78.8;44.9;54.8;7.4;7.4;6.6;100.0;120.2;126.5;;
