202111170OKC-BOS;ATL;BOS;False;8:00 PM, November 17, 2021;Paycom Center, Oklahoma City, Oklahoma;2:09
99;
110;
Guest Basic
Eric Gordon;38:49;6;13;.462;3;6;.500;0;0;;1;4;5;5;1;1;3;0;15;-7;
Jalen Green;36:01;6;14;.429;3;9;.333;6;6;1.000;0;3;3;2;1;0;1;0;21;-15;
Jae'Sean Tate;34:11;6;13;.462;1;1;1.000;3;4;.750;4;4;8;2;1;0;1;5;16;-16;
Christian Wood;28:55;4;16;.250;0;4;.000;2;6;.333;2;12;14;0;0;1;0;1;10;-15;
Danuel House Jr.;12:27;0;5;.000;0;1;.000;0;0;;0;1;1;1;0;1;2;1;0;-3;
Daniel Theis;24:19;4;8;.500;2;5;.400;0;0;;0;5;5;2;2;0;1;2;10;+4;
Garrison Mathews;21:25;2;6;.333;2;6;.333;1;1;1.000;0;2;2;0;0;1;2;3;7;-2;
D.J. Augustin;14:36;0;1;.000;0;1;.000;0;0;;0;2;2;3;0;0;2;0;0;+2;
Kenyon Martin Jr.;12:25;3;6;.500;0;3;.000;0;0;;0;3;3;1;0;0;1;1;6;+2;
David Nwaba;6:09;0;2;.000;0;2;.000;1;2;.500;0;1;1;0;0;0;0;0;1;-4;
Armoni Brooks;5:41;1;4;.250;1;4;.250;0;0;;0;0;0;0;1;0;0;1;3;-1;
Alperen Şengün;5:02;0;2;.000;0;0;;0;0;;2;0;2;0;0;0;1;0;0;-5;
Josh Christopher;Did Not Play;
Team Totals;240;32;90;.356;12;42;.286;13;19;.684;9;37;46;16;6;4;14;14;89;;
Guest Advanced
Eric Gordon;38:49;.577;.577;.462;.000;2.2;10.8;6.1;25.2;1.2;2.3;18.8;17.6;102;103;2.1;
Jalen Green;36:01;.631;.536;.643;.429;0.0;8.7;3.9;11.1;1.3;0.0;5.7;20.9;124;105;4.9;
Jae'Sean Tate;34:11;.542;.500;.077;.308;10.0;12.2;11.0;11.9;1.4;0.0;6.3;19.7;114;103;0.3;
Christian Wood;28:55;.268;.250;.250;.375;5.9;43.3;22.8;0.0;0.0;3.1;0.0;27.5;62;97;-9.3;
Danuel House Jr.;12:27;.000;.000;.200;.000;0.0;8.4;3.8;12.0;0.0;7.3;28.6;24.0;8;102;-22.6;
Daniel Theis;24:19;.625;.625;.625;.000;0.0;21.5;9.7;16.4;4.0;0.0;11.1;15.8;112;96;5.9;
Garrison Mathews;21:25;.543;.500;1.000;.167;0.0;9.7;4.4;0.0;0.0;4.2;23.7;16.8;79;104;-6.9;
D.J. Augustin;14:36;.000;.000;1.000;.000;0.0;14.3;6.4;30.8;0.0;0.0;66.7;8.8;42;107;-12.6;
Kenyon Martin Jr.;12:25;.500;.500;.500;.000;0.0;25.2;11.4;18.9;0.0;0.0;14.3;24.1;87;103;-3.9;
David Nwaba;6:09;.174;.000;1.000;1.000;0.0;17.0;7.7;0.0;0.0;0.0;0.0;20.0;39;106;-15.4;
Armoni Brooks;5:41;.375;.375;1.000;.000;0.0;0.0;0.0;0.0;8.5;0.0;0.0;30.1;75;90;1.5;
Alperen Şengün;5:02;.000;.000;.000;.000;34.1;0.0;18.7;0.0;0.0;0.0;33.3;25.5;37;110;-25.7;
Josh Christopher;Did Not Play;
Team Totals;240;.452;.422;.467;.211;16.1;80.4;45.1;50.0;6.0;7.5;12.5;100.0;89.3;101.3;;
Home Basic
Luguentz Dort;36:35;14;22;.636;4;11;.364;2;4;.500;3;5;8;2;0;1;1;4;34;+17;
Shai Gilgeous-Alexander;36:35;6;18;.333;1;8;.125;2;2;1.000;2;5;7;9;4;1;3;2;15;+17;
Josh Giddey;33:36;7;14;.500;0;2;.000;0;0;;1;10;11;2;0;1;3;3;14;+1;
Darius Bazley;25:58;3;10;.300;1;3;.333;0;0;;0;8;8;0;0;0;1;1;7;+7;
Jeremiah Robinson-Earl;24:45;3;9;.333;0;5;.000;2;2;1.000;2;7;9;1;2;1;0;3;8;+4;
Kenrich Williams;18:18;0;1;.000;0;0;;0;2;.000;1;1;2;2;0;0;0;0;0;+3;
Derrick Favors;17:32;1;2;.500;0;0;;1;4;.250;0;4;4;0;1;0;0;1;3;-2;
Mike Muscala;14:00;2;3;.667;2;3;.667;0;0;;0;3;3;0;0;1;0;1;6;+13;
Ty Jerome;11:19;2;3;.667;1;1;1.000;0;0;;0;1;1;1;0;0;0;2;5;-3;
Tre Mann;10:52;2;4;.500;1;3;.333;2;2;1.000;0;1;1;0;2;0;0;0;7;+4;
Aleksej Pokusevski;10:05;1;6;.167;0;3;.000;0;0;;0;2;2;1;1;1;2;2;2;-1;
Aaron Wiggins;0:25;0;0;;0;0;;0;0;;0;0;0;0;0;0;0;0;0;0;
Isaiah Roby;Did Not Play;
Gabriel Deck;Did Not Play;
Team Totals;240;41;92;.446;10;39;.256;9;16;.563;9;47;56;18;10;6;10;19;101;;
Home Advanced
Luguentz Dort;36:35;.715;.727;.500;.182;8.6;11.7;10.3;11.6;0.0;2.7;4.0;29.8;140;95;12.0;
Shai Gilgeous-Alexander;36:35;.397;.361;.444;.111;5.7;11.7;9.0;35.6;5.3;2.7;13.7;26.3;93;83;4.1;
Josh Giddey;33:36;.500;.500;.143;.000;3.1;25.5;15.4;9.2;0.0;3.0;17.6;22.3;89;90;-6.2;
Darius Bazley;25:58;.350;.350;.300;.000;0.0;26.4;14.5;0.0;0.0;0.0;9.1;18.6;66;92;-10.4;
Jeremiah Robinson-Earl;24:45;.405;.333;.556;.222;8.4;24.2;17.1;5.5;3.9;4.0;0.0;17.6;100;81;-0.3;
Kenrich Williams;18:18;.000;.000;.000;2.000;5.7;4.7;5.1;12.8;0.0;0.0;0.0;4.5;74;100;-7.5;
Derrick Favors;17:32;.399;.500;.000;2.000;0.0;19.6;10.7;0.0;2.7;0.0;0.0;9.4;82;88;-5.1;
Mike Muscala;14:00;1.000;1.000;1.000;.000;0.0;18.4;10.1;0.0;0.0;7.1;0.0;9.4;191;90;6.4;
Ty Jerome;11:19;.833;.833;.333;.000;0.0;7.6;4.2;13.0;0.0;0.0;0.0;11.7;170;98;0.8;
Tre Mann;10:52;.717;.625;.750;.500;0.0;7.9;4.3;0.0;8.9;0.0;0.0;19.8;148;79;15.2;
Aleksej Pokusevski;10:05;.167;.167;.500;.000;0.0;17.0;9.3;13.1;4.8;9.9;25.0;34.9;33;77;-18.6;
Aaron Wiggins;0:25;;;;;0.0;0.0;0.0;0.0;0.0;0.0;;0.0;0;101;-9.0;
Isaiah Roby;Did Not Play;
Gabriel Deck;Did Not Play;
Team Totals;240;.510;.500;.424;.174;19.6;83.9;54.9;43.9;10.0;12.5;9.2;100.0;101.3;89.3;;
