202111150MEM-ORL;ATL;ORL;False;8:00 PM, November 15, 2021;FedEx Forum, Memphis, Tennessee;2:04
111;
129;
Guest Basic
Jalen Green;27:43;6;13;.462;2;6;.333;1;2;.500;0;2;2;1;1;0;3;3;15;-37;
Christian Wood;25:34;4;9;.444;1;4;.250;2;2;1.000;1;2;3;4;0;0;2;0;11;-28;
Jae'Sean Tate;24:55;6;11;.545;0;1;.000;2;3;.667;5;4;9;0;1;0;1;3;14;-24;
Daniel Theis;21:07;3;5;.600;2;4;.500;2;2;1.000;0;5;5;0;0;0;5;2;10;-14;
Kevin Porter Jr.;20:31;2;11;.182;2;5;.400;1;2;.500;0;2;2;3;2;2;2;1;7;-20;
D.J. Augustin;18:54;0;4;.000;0;3;.000;1;1;1.000;0;0;0;5;0;0;2;0;1;-13;
Alperen Şengün;17:44;3;9;.333;0;2;.000;3;5;.600;3;2;5;1;1;1;0;3;9;-22;
Kenyon Martin Jr.;17:23;3;8;.375;1;1;1.000;2;2;1.000;2;3;5;2;0;1;0;0;9;-2;
Garrison Mathews;14:36;2;4;.500;1;3;.333;2;3;.667;1;0;1;1;0;0;0;1;7;+6;
Danuel House Jr.;13:14;1;5;.200;0;3;.000;0;0;;0;4;4;0;1;1;1;0;2;-8;
David Nwaba;9:51;3;4;.750;1;2;.500;3;4;.750;0;2;2;0;0;0;0;1;10;-2;
Josh Christopher;9:51;1;5;.200;0;0;;0;0;;0;1;1;5;0;0;1;0;2;-2;
Armoni Brooks;9:28;0;4;.000;0;3;.000;0;0;;0;1;1;0;0;0;0;1;0;-6;
Usman Garuba;9:09;2;3;.667;1;1;1.000;0;0;;2;4;6;2;0;0;0;1;5;+2;
Team Totals;240;36;95;.379;11;38;.289;19;26;.731;14;32;46;24;6;5;17;16;102;;
Guest Advanced
Jalen Green;27:43;.540;.538;.462;.154;0.0;8.9;3.6;6.8;1.6;0.0;17.8;23.7;86;130;-7.6;
Christian Wood;25:34;.557;.500;.444;.222;3.4;9.6;5.9;26.4;0.0;0.0;16.8;18.1;107;134;-1.5;
Jae'Sean Tate;24:55;.568;.545;.091;.273;17.2;19.8;18.3;0.0;1.8;0.0;7.5;20.8;116;128;-2.0;
Daniel Theis;21:07;.850;.800;.800;.400;0.0;29.1;12.0;0.0;0.0;0.0;46.0;20.0;76;131;-9.6;
Kevin Porter Jr.;20:31;.295;.273;.455;.182;0.0;12.0;4.9;22.4;4.4;8.5;14.4;26.3;64;116;-3.6;
D.J. Augustin;18:54;.113;.000;.750;.250;0.0;0.0;0.0;35.3;0.0;0.0;31.1;13.2;53;135;-15.2;
Alperen Şengün;17:44;.402;.333;.222;.556;14.5;13.9;14.2;9.7;2.6;4.9;0.0;24.6;101;123;-3.4;
Kenyon Martin Jr.;17:23;.507;.438;.125;.250;9.9;21.2;14.5;19.9;0.0;5.0;0.0;19.9;123;128;4.0;
Garrison Mathews;14:36;.658;.625;.750;.750;5.9;0.0;3.5;11.2;0.0;0.0;0.0;14.2;144;135;-0.2;
Danuel House Jr.;13:14;.200;.200;.600;.000;0.0;37.2;15.3;0.0;3.4;6.6;16.7;17.6;36;117;-10.8;
Josh Christopher;9:51;.200;.200;.000;.000;0.0;12.5;5.1;78.3;0.0;0.0;16.7;23.7;72;133;-7.2;
David Nwaba;9:51;.868;.875;.500;1.000;0.0;25.0;10.3;0.0;0.0;0.0;0.0;22.7;171;131;11.8;
Armoni Brooks;9:28;.000;.000;.750;.000;0.0;13.0;5.3;0.0;0.0;0.0;0.0;16.4;0;133;-25.5;
Usman Garuba;9:09;.833;.833;.333;.000;18.7;53.8;33.1;41.1;0.0;0.0;0.0;12.7;183;128;15.8;
Team Totals;240;.479;.437;.400;.274;25.0;82.1;48.4;66.7;5.7;9.1;13.8;100.0;96.2;128.2;;
Home Basic
Ja Morant;24:37;9;15;.600;4;6;.667;0;0;;1;5;6;6;1;1;1;2;22;+25;
Desmond Bane;24:37;4;9;.444;1;5;.200;3;3;1.000;0;5;5;3;1;0;3;1;12;+25;
Jaren Jackson Jr.;24:05;7;14;.500;2;6;.333;2;2;1.000;0;7;7;0;2;2;0;1;18;+34;
Dillon Brooks;22:37;6;14;.429;1;4;.250;3;4;.750;0;2;2;3;2;0;2;3;16;+31;
Steven Adams;21:09;0;1;.000;0;0;;2;4;.500;2;3;5;4;2;0;1;2;2;+21;
Ziaire Williams;17:59;1;4;.250;1;3;.333;0;0;;0;3;3;1;0;1;0;3;3;+7;
Brandon Clarke;17:53;5;5;1.000;0;0;;2;3;.667;1;2;3;3;1;3;0;2;12;+13;
Kyle Anderson;17:43;6;9;.667;3;5;.600;0;0;;0;5;5;1;1;1;1;3;15;+3;
De'Anthony Melton;16:35;2;5;.400;1;4;.250;0;0;;0;2;2;2;3;0;2;2;5;+3;
Tyus Jones;14:14;4;5;.800;0;1;.000;0;0;;0;1;1;4;1;0;0;0;8;+11;
Sam Merrill;9:09;3;6;.500;2;5;.400;1;1;1.000;1;1;2;0;0;0;0;0;9;-2;
Xavier Tillman Sr.;9:09;1;1;1.000;0;0;;2;2;1.000;1;2;3;2;0;0;0;1;4;-2;
John Konchar;9:09;0;4;.000;0;1;.000;0;0;;0;2;2;2;0;0;0;1;0;-2;
Santi Aldama;6:01;2;2;1.000;0;0;;0;0;;1;1;2;2;0;0;0;0;4;-1;
Jarrett Culver;5:03;2;2;1.000;1;1;1.000;1;1;1.000;0;1;1;0;0;0;0;0;6;+4;
Team Totals;240;52;96;.542;16;41;.390;16;20;.800;7;42;49;33;14;8;10;21;136;;
Home Advanced
Desmond Bane;24:37;.581;.500;.556;.333;0.0;17.4;10.3;13.2;1.8;0.0;22.5;22.6;99;99;-6.0;
Ja Morant;24:37;.733;.733;.400;.000;5.0;17.4;12.3;34.0;1.8;3.4;6.3;27.2;144;97;13.6;
Jaren Jackson Jr.;24:05;.605;.571;.429;.143;0.0;24.9;14.7;0.0;3.8;7.0;0.0;25.8;118;87;3.8;
Dillon Brooks;22:37;.508;.464;.286;.286;0.0;7.6;4.5;16.2;4.0;0.0;11.3;32.8;98;98;-6.7;
Steven Adams;21:09;.362;.000;.000;4.000;11.6;12.2;11.9;17.5;4.3;0.0;26.6;7.4;123;95;0.6;
Ziaire Williams;17:59;.375;.375;.750;.000;0.0;14.3;8.4;5.4;0.0;4.7;0.0;9.3;90;101;-7.7;
Brandon Clarke;17:53;.949;1.000;.000;.600;6.9;9.6;8.5;20.9;2.5;14.1;0.0;14.8;200;92;17.4;
Kyle Anderson;17:43;.833;.833;.556;.000;0.0;24.2;14.3;7.6;2.6;4.8;10.0;23.6;135;91;9.6;
De'Anthony Melton;16:35;.500;.500;.800;.000;0.0;10.3;6.1;12.5;8.2;0.0;28.6;17.6;81;87;-1.7;
Tyus Jones;14:14;.800;.800;.200;.000;0.0;6.0;3.5;35.0;3.2;0.0;0.0;14.7;175;101;8.7;
John Konchar;9:09;.000;.000;.250;.000;0.0;18.7;11.0;20.2;0.0;0.0;0.0;18.3;37;102;-19.3;
Sam Merrill;9:09;.699;.667;.833;.167;13.5;9.4;11.0;0.0;0.0;0.0;0.0;29.4;139;106;5.6;
Xavier Tillman Sr.;9:09;1.064;1.000;.000;2.000;13.5;18.7;16.6;22.4;0.0;0.0;0.0;8.6;228;102;9.4;
Santi Aldama;6:01;1.000;1.000;.000;.000;20.5;14.2;16.8;44.3;0.0;0.0;0.0;13.9;213;104;20.7;
Jarrett Culver;5:03;1.230;1.250;.500;.500;0.0;17.0;10.0;0.0;0.0;0.0;0.0;20.2;250;103;21.2;
Team Totals;240;.649;.625;.427;.208;17.9;75.0;51.6;63.5;13.2;14.0;8.7;100.0;128.2;96.2;;
