202110250BRK-DET;ATL;DET;False;7:30 PM, October 25, 2021;Barclays Center, Brooklyn, New York;2:06
104;
122;
Guest Basic
Bradley Beal;31:45;8;22;.364;3;13;.231;0;0;;0;3;3;4;0;0;5;1;19;-8;
Kyle Kuzma;26:56;3;11;.273;0;5;.000;0;0;;2;10;12;2;0;0;2;2;6;-12;
Spencer Dinwiddie;25:40;3;13;.231;2;6;.333;2;2;1.000;0;5;5;6;0;1;0;1;10;-13;
Kentavious Caldwell-Pope;24:40;5;11;.455;1;4;.250;0;0;;0;3;3;0;1;0;0;1;11;-5;
Daniel Gafford;22:42;4;8;.500;0;0;;5;5;1.000;4;1;5;0;0;1;1;3;13;+8;
Montrezl Harrell;21:19;4;7;.571;0;0;;2;5;.400;1;6;7;1;1;1;1;1;10;-23;
Dﾄ」is Bertﾄ］s;20:48;0;2;.000;0;2;.000;0;0;;1;2;3;0;0;0;1;2;0;-7;
Deni Avdija;19:10;0;6;.000;0;4;.000;2;2;1.000;1;7;8;2;0;1;0;2;2;-6;
Aaron Holiday;18:19;3;7;.429;2;2;1.000;3;4;.750;0;4;4;0;1;0;2;2;11;-5;
Raul Neto;16:11;1;5;.200;0;1;.000;0;0;;0;1;1;1;1;0;0;2;2;-4;
Isaiah Todd;4:30;1;2;.500;1;2;.500;1;2;.500;0;1;1;0;1;0;0;0;4;+2;
Corey Kispert;4:30;1;1;1.000;0;0;;0;0;;1;0;1;0;0;1;0;0;2;+2;
Joel Ayayi;3:30;0;0;;0;0;;0;0;;0;0;0;0;0;0;0;0;0;+1;
Team Totals;240;33;95;.347;9;39;.231;15;20;.750;10;43;53;16;5;5;12;17;90;;
Guest Advanced
Bradley Beal;31:45;.432;.432;.591;.000;0.0;9.1;4.2;28.9;0.0;0.0;18.5;35.2;74;107;-4.3;
Kyle Kuzma;26:56;.273;.273;.455;.000;6.3;35.6;20.0;12.9;0.0;0.0;15.4;20.0;61;102;-8.4;
Spencer Dinwiddie;25:40;.360;.308;.462;.154;0.0;18.7;8.7;41.0;0.0;3.2;0.0;22.4;91;102;3.8;
Kentavious Caldwell-Pope;24:40;.500;.500;.364;.000;0.0;11.7;5.5;0.0;1.9;0.0;0.0;18.5;99;102;0.3;
Daniel Gafford;22:42;.637;.500;.000;.625;14.8;4.2;9.9;0.0;0.0;3.6;8.9;20.5;129;105;1.2;
Montrezl Harrell;21:19;.543;.571;.000;.714;4.0;27.0;14.7;9.4;2.2;3.8;9.8;19.8;102;95;4.3;
Dﾄ」is Bertﾄ］s;20:48;.000;.000;1.000;.000;4.0;9.2;6.5;0.0;0.0;0.0;33.3;6.0;20;107;-12.4;
Deni Avdija;19:10;.145;.000;.667;.333;4.4;35.1;18.7;15.2;0.0;4.2;0.0;14.9;53;98;-5.7;
Aaron Holiday;18:19;.628;.571;.286;.571;0.0;21.0;9.8;0.0;2.6;0.0;18.6;24.3;99;99;2.0;
Raul Neto;16:11;.200;.200;.200;.000;0.0;5.9;2.8;9.9;2.9;0.0;0.0;12.8;51;101;-9.2;
Corey Kispert;4:30;1.000;1.000;.000;.000;18.7;0.0;10.0;0.0;0.0;18.1;0.0;9.2;207;93;19.0;
Isaiah Todd;4:30;.694;.750;1.000;1.000;0.0;21.3;10.0;0.0;10.4;0.0;0.0;26.5;133;81;27.2;
Joel Ayayi;3:30;;;;;0.0;0.0;0.0;0.0;0.0;0.0;;0.0;0;109;-7.6;
Team Totals;240;.434;.395;.411;.211;17.5;86.0;49.5;48.5;4.9;8.5;10.4;100.0;87.8;101.4;;
Home Basic
Kevin Durant;34:44;9;17;.529;1;2;.500;6;9;.667;0;8;8;4;2;0;1;1;25;+6;
James Harden;30:25;5;17;.294;1;8;.125;3;3;1.000;1;5;6;9;1;1;2;1;14;+6;
Joe Harris;30:22;3;12;.250;3;11;.273;2;2;1.000;1;7;8;2;0;0;1;2;11;+13;
Bruce Brown;30:18;6;10;.600;0;2;.000;2;2;1.000;1;2;3;0;0;0;1;2;14;0;
Blake Griffin;18:58;1;7;.143;0;1;.000;0;0;;2;7;9;0;0;0;0;2;2;-2;
Patty Mills;23:00;8;14;.571;5;9;.556;0;0;;0;2;2;3;1;0;2;3;21;+13;
DeAndre' Bembry;18:01;3;5;.600;0;0;;1;1;1.000;1;2;3;1;2;1;1;2;7;+4;
Nic Claxton;16:16;3;4;.750;0;0;;0;0;;1;7;8;1;0;2;0;1;6;+21;
Jevon Carter;13:50;0;2;.000;0;0;;0;0;;0;3;3;1;0;0;0;2;0;-2;
Paul Millsap;9:12;0;1;.000;0;1;.000;0;0;;0;3;3;2;0;0;1;3;0;0;
James Johnson;6:48;1;1;1.000;0;0;;0;0;;0;0;0;0;0;0;0;0;2;+15;
Day'Ron Sharpe;4:03;1;1;1.000;0;0;;0;0;;0;0;0;0;0;0;0;0;2;-2;
Cam Thomas;4:03;0;3;.000;0;1;.000;0;0;;0;1;1;0;0;0;0;0;0;-2;
Team Totals;240;40;94;.426;10;35;.286;14;17;.824;7;47;54;23;6;4;9;19;104;;
Home Advanced
Kevin Durant;34:44;.596;.559;.118;.529;0.0;19.4;10.3;20.1;2.7;0.0;4.6;27.5;118;85;9.7;
James Harden;30:25;.382;.324;.471;.176;3.2;13.8;8.8;44.2;1.5;2.8;9.8;29.0;90;87;3.4;
Joe Harris;30:22;.427;.375;.917;.167;3.2;19.4;11.8;9.0;0.0;0.0;7.2;19.9;89;91;-2.8;
Bruce Brown;30:18;.643;.600;.200;.200;3.2;5.6;4.4;0.0;0.0;0.0;8.4;17.0;117;95;-2.2;
Blake Griffin;18:58;.143;.143;.143;.000;10.1;31.1;21.3;0.0;0.0;0.0;0.0;16.0;50;86;-12.7;
Patty Mills;23:00;.750;.750;.643;.000;0.0;7.3;3.9;26.9;2.0;0.0;12.5;30.2;122;90;13.9;
DeAndre' Bembry;18:01;.643;.600;.000;.200;5.3;9.3;7.5;8.3;5.2;4.8;15.5;15.5;115;79;6.9;
Nic Claxton;16:16;.750;.750;.000;.000;5.9;36.2;22.1;9.5;0.0;10.5;0.0;10.7;156;77;9.5;
Jevon Carter;13:50;.000;.000;.000;.000;0.0;18.3;9.7;8.7;0.0;0.0;0.0;6.3;27;91;-9.9;
Paul Millsap;9:12;.000;.000;1.000;.000;0.0;27.5;14.6;26.1;0.0;0.0;50.0;9.4;45;87;-7.3;
James Johnson;6:48;1.000;1.000;.000;.000;0.0;0.0;0.0;0.0;0.0;0.0;0.0;6.4;200;98;0.0;
Day'Ron Sharpe;4:03;1.000;1.000;.000;.000;0.0;0.0;0.0;0.0;0.0;0.0;0.0;10.7;200;98;4.4;
Cam Thomas;4:03;.000;.000;.333;.000;0.0;20.8;11.1;0.0;0.0;0.0;0.0;32.2;0;90;-30.7;
Team Totals;240;.512;.479;.372;.181;14.0;82.5;50.5;57.5;5.9;7.1;8.1;100.0;101.4;87.8;;
