202110200TOR-IND;CHO;IND;False;7:30 PM, October 20, 2021;Scotiabank Arena, Toronto, Canada;2:15
122;
123;
Guest Basic
Kyle Kuzma;34:38;4;13;.308;2;9;.222;1;2;.500;0;15;15;3;1;1;5;2;11;+22;
Bradley Beal;34:06;7;19;.368;1;6;.167;8;8;1.000;0;3;3;4;4;0;4;2;23;+24;
Kentavious Caldwell-Pope;27:08;2;7;.286;1;5;.200;0;0;;0;2;2;1;1;0;1;0;5;+2;
Spencer Dinwiddie;26:09;4;10;.400;0;0;;5;5;1.000;1;3;4;6;0;0;3;3;13;+1;
Daniel Gafford;22:06;3;3;1.000;0;0;;2;3;.667;1;4;5;0;2;4;1;1;8;+11;
Montrezl Harrell;25:54;9;11;.818;0;0;;4;6;.667;3;6;9;1;0;1;0;2;22;+4;
Raul Neto;22:56;4;8;.500;0;1;.000;0;0;;0;3;3;2;4;0;3;1;8;+14;
Deni Avdija;20:52;3;3;1.000;1;1;1.000;1;2;.500;2;5;7;1;2;2;1;1;8;+13;
Dāvis Bertāns;13:21;0;3;.000;0;3;.000;0;0;;0;0;0;2;0;0;0;3;0;-7;
Aaron Holiday;12:49;0;4;.000;0;2;.000;0;0;;0;3;3;0;0;0;3;2;0;-9;
Isaiah Todd;Did Not Play;
Corey Kispert;Did Not Play;
Anthony Gill;Did Not Play;
Team Totals;240;36;81;.444;5;27;.185;21;26;.808;7;44;51;20;14;8;21;17;98;;
Guest Advanced
Kyle Kuzma;34:38;.396;.385;.692;.154;0.0;33.0;19.8;13.7;1.3;2.2;26.5;23.1;63;71;-4.0;
Bradley Beal;34:06;.511;.395;.316;.421;0.0;6.7;4.0;21.5;5.4;0.0;15.1;32.9;94;80;3.8;
Kentavious Caldwell-Pope;27:08;.357;.357;.714;.000;0.0;5.6;3.4;5.4;1.7;0.0;12.5;12.5;67;89;-4.7;
Spencer Dinwiddie;26:09;.533;.400;.000;.500;4.4;8.7;7.0;38.4;0.0;0.0;19.7;24.6;103;91;-0.8;
Daniel Gafford;22:06;.926;1.000;.000;1.000;5.2;13.8;10.3;0.0;4.2;13.8;18.8;10.2;146;72;10.5;
Montrezl Harrell;25:54;.806;.818;.000;.545;13.2;17.7;15.9;9.6;0.0;2.9;0.0;22.3;164;84;14.7;
Raul Neto;22:56;.500;.500;.125;.000;0.0;10.0;6.0;15.2;8.1;0.0;27.3;20.3;75;72;2.4;
Deni Avdija;20:52;1.031;1.167;.333;.667;11.0;18.3;15.3;7.9;4.4;7.3;20.5;9.9;158;72;15.6;
Dāvis Bertāns;13:21;.000;.000;1.000;.000;0.0;0.0;0.0;20.0;0.0;0.0;0.0;9.5;34;96;-11.0;
Aaron Holiday;12:49;.000;.000;.500;.000;0.0;17.8;10.7;0.0;0.0;0.0;42.9;23.1;0;85;-28.8;
Isaiah Todd;Did Not Play;
Corey Kispert;Did Not Play;
Anthony Gill;Did Not Play;
Team Totals;240;.530;.475;.333;.321;16.7;69.8;48.6;55.6;13.5;12.7;18.5;100.0;94.4;80.0;;
Home Basic
Fred VanVleet;34:43;5;20;.250;1;9;.111;1;1;1.000;1;2;3;4;2;1;3;1;12;-22;
OG Anunoby;33:59;3;17;.176;2;9;.222;3;4;.750;4;6;10;1;2;1;3;1;11;-21;
Scottie Barnes;32:32;5;13;.385;0;1;.000;2;3;.667;3;6;9;1;1;0;6;5;12;-11;
Goran Dragić;21:39;3;7;.429;1;2;.500;2;2;1.000;0;3;3;4;0;0;0;1;9;-16;
Precious Achiuwa;18:30;3;8;.375;0;0;;0;2;.000;3;4;7;2;1;0;1;4;6;-6;
Gary Trent Jr.;26:27;2;9;.222;1;3;.333;1;2;.500;1;1;2;1;3;0;2;1;6;+3;
Khem Birch;26:00;2;4;.500;0;0;;5;6;.833;6;3;9;0;0;0;2;2;9;-8;
Chris Boucher;17:29;3;10;.300;1;6;.167;0;0;;1;3;4;0;0;2;1;1;7;-1;
Svi Mykhailiuk;16:13;1;5;.200;0;3;.000;2;2;1.000;0;3;3;0;0;0;1;4;4;-1;
Dalano Banton;12:25;3;4;.750;1;1;1.000;0;0;;0;4;4;1;1;0;0;1;7;+8;
Justin Champagnie;Did Not Play;
Isaac Bonga;Did Not Play;
Malachi Flynn;Did Not Play;
David Johnson;Did Not Play;
Sam Dekker;Did Not Play;
Team Totals;240;30;97;.309;7;34;.206;16;22;.727;19;35;54;14;10;4;19;21;83;;
Home Advanced
Fred VanVleet;34:43;.294;.275;.450;.050;2.2;6.6;4.0;24.0;2.7;2.6;12.8;25.8;66;94;-2.7;
OG Anunoby;33:59;.293;.235;.529;.235;9.0;20.2;13.5;5.5;2.7;2.6;13.8;24.5;66;91;-2.3;
Scottie Barnes;32:32;.419;.385;.077;.231;7.0;21.1;12.6;6.5;1.4;0.0;29.5;23.9;67;96;-9.0;
Goran Dragić;21:39;.571;.500;.286;.286;0.0;15.8;6.3;38.0;0.0;0.0;0.0;13.9;139;100;6.0;
Precious Achiuwa;18:30;.338;.375;.000;.250;12.4;24.7;17.3;23.4;2.5;0.0;10.1;20.4;80;93;-1.4;
Gary Trent Jr.;26:27;.304;.278;.333;.222;2.9;4.3;3.5;6.9;5.2;0.0;16.8;17.2;62;91;-2.7;
Khem Birch;26:00;.678;.500;.000;1.500;17.6;13.2;15.8;0.0;0.0;0.0;23.1;12.7;121;100;-0.6;
Chris Boucher;17:29;.350;.350;.600;.000;4.4;19.6;10.5;0.0;0.0;10.2;9.1;24.0;73;92;-2.4;
Svi Mykhailiuk;16:13;.340;.200;.600;.400;0.0;21.1;8.5;0.0;0.0;0.0;14.5;16.2;68;99;-12.5;
Dalano Banton;12:25;.875;.875;.250;.000;0.0;36.8;14.7;21.0;3.7;0.0;0.0;12.3;179;88;15.9;
Justin Champagnie;Did Not Play;
Isaac Bonga;Did Not Play;
Malachi Flynn;Did Not Play;
David Johnson;Did Not Play;
Sam Dekker;Did Not Play;
Team Totals;240;.389;.345;.351;.227;30.2;83.3;51.4;46.7;9.6;7.4;15.1;100.0;80.0;94.4;;
