202110260NYK-HOU;DAL;HOU;False;7:30 PM, October 26, 2021;Madison Square Garden (IV), New York, New York;2:16
106;
116;
Guest Basic
Tobias Harris;33:16;10;18;.556;2;6;.333;1;1;1.000;3;6;9;9;0;0;1;2;23;-11;
Joel Embiid;30:25;2;7;.286;0;2;.000;10;11;.909;1;5;6;3;1;1;5;1;14;-8;
Tyrese Maxey;30:12;3;9;.333;0;3;.000;1;1;1.000;0;2;2;3;1;0;2;2;7;-9;
Seth Curry;29:39;2;6;.333;0;4;.000;0;0;;0;2;2;1;0;0;3;1;4;-10;
Danny Green;23:54;4;8;.500;4;8;.500;0;0;;0;2;2;0;2;1;0;0;12;-7;
Furkan Korkmaz;24:58;3;12;.250;2;8;.250;1;2;.500;1;2;3;3;2;0;1;1;9;-12;
Georges Niang;22:03;5;7;.714;3;5;.600;0;0;;1;2;3;1;1;0;0;2;13;+1;
Matisse Thybulle;19:32;3;5;.600;0;1;.000;0;0;;0;3;3;0;1;2;0;1;6;-11;
Andre Drummond;14:23;2;5;.400;0;0;;2;2;1.000;5;4;9;2;1;0;2;3;6;-9;
Isaiah Joe;7:00;1;4;.250;1;4;.250;0;0;;0;0;0;1;0;0;0;0;3;+4;
Paul Reed;3:12;0;0;;0;0;;0;0;;1;0;1;1;0;0;0;1;0;+4;
Charles Bassey;1:26;1;1;1.000;0;0;;0;0;;0;0;0;0;0;0;0;0;2;+3;
Team Totals;240;36;82;.439;12;41;.293;15;17;.882;12;28;40;24;9;4;14;14;99;;
Guest Advanced
Tobias Harris;33:16;.624;.611;.333;.056;9.8;21.1;15.3;60.2;0.0;0.0;5.1;27.1;141;129;12.1;
Joel Embiid;30:25;.591;.286;.286;1.571;3.6;19.2;11.1;14.4;1.8;3.2;29.7;25.7;98;123;-5.2;
Tyrese Maxey;30:12;.371;.333;.333;.111;0.0;7.8;3.7;15.3;1.8;0.0;17.5;17.6;77;129;-12.4;
Seth Curry;29:39;.333;.333;.667;.000;0.0;7.9;3.8;4.9;0.0;0.0;33.3;14.1;50;134;-18.2;
Danny Green;23:54;.750;.750;1.000;.000;0.0;9.8;4.7;0.0;4.5;4.0;0.0;15.5;143;120;10.6;
Furkan Korkmaz;24:58;.349;.333;.667;.167;4.4;9.4;6.8;19.1;4.3;0.0;7.2;25.8;85;123;-5.6;
Georges Niang;22:03;.929;.929;.714;.000;4.9;10.6;7.7;8.7;2.4;0.0;0.0;14.7;180;127;10.7;
Matisse Thybulle;19:32;.600;.600;.200;.000;0.0;18.0;8.7;0.0;2.7;9.8;0.0;11.9;119;118;2.7;
Andre Drummond;14:23;.510;.400;.000;.400;37.9;32.6;35.3;22.8;3.7;0.0;25.4;25.4;113;115;-2.4;
Isaiah Joe;7:00;.375;.375;1.000;.000;0.0;0.0;0.0;23.5;0.0;0.0;0.0;26.5;95;137;-6.8;
Paul Reed;3:12;;;;;34.1;0.0;17.6;41.7;0.0;0.0;;0.0;233;137;4.0;
Charles Bassey;1:26;1.000;1.000;.000;.000;0.0;0.0;0.0;0.0;0.0;0.0;0.0;32.4;200;137;24.3;
Team Totals;240;.553;.512;.500;.207;27.3;68.3;47.1;66.7;10.1;8.0;13.5;100.0;110.8;125.3;;
Home Basic
Julius Randle;36:13;7;18;.389;2;5;.400;0;0;;4;7;11;7;0;0;1;0;16;+8;
Evan Fournier;32:12;6;10;.600;4;6;.667;2;2;1.000;1;1;2;4;0;1;0;2;18;+3;
RJ Barrett;31:21;4;10;.400;2;4;.500;0;0;;0;7;7;1;0;0;4;2;10;-1;
Mitchell Robinson;28:59;3;3;1.000;0;0;;1;2;.500;3;3;6;1;1;0;1;5;7;0;
Kemba Walker;28:10;7;15;.467;5;11;.455;0;0;;0;3;3;5;2;1;1;2;19;+3;
Derrick Rose;19:50;4;7;.571;1;2;.500;4;4;1.000;2;1;3;1;1;1;2;1;13;+10;
Taj Gibson;19:01;2;5;.400;0;2;.000;0;0;;1;2;3;1;0;1;0;5;4;+13;
Alec Burks;17:09;2;7;.286;1;3;.333;3;3;1.000;0;5;5;1;1;0;0;0;8;+11;
Immanuel Quickley;15:18;2;5;.400;1;3;.333;3;3;1.000;0;1;1;1;0;0;2;1;8;+13;
Obi Toppin;11:47;4;7;.571;0;1;.000;1;1;1.000;2;2;4;2;2;1;1;0;9;+5;
Quentin Grimes;Did Not Play;
Kevin Knox;Did Not Play;
Miles McBride;Did Not Play;
Wayne Selden;Did Not Play;
Jericho Sims;Did Not Play;
Team Totals;240;41;87;.471;16;37;.432;14;15;.933;13;32;45;24;7;5;12;18;112;;
Home Advanced
Julius Randle;36:13;.444;.444;.278;.000;12.9;21.1;17.2;29.2;0.0;0.0;5.3;23.8;120;113;2.0;
Evan Fournier;32:12;.827;.800;.600;.200;3.6;3.4;3.5;18.6;0.0;3.6;0.0;15.4;182;118;10.8;
RJ Barrett;31:21;.500;.500;.400;.000;0.0;24.4;12.6;4.4;0.0;0.0;28.6;20.3;74;112;-11.7;
Mitchell Robinson;28:59;.902;1.000;.000;.667;12.1;11.3;11.7;4.6;1.9;0.0;20.5;7.7;155;113;-2.0;
Kemba Walker;28:10;.633;.633;.733;.000;0.0;11.6;6.0;29.3;3.8;4.2;6.3;25.8;136;106;13.1;
Derrick Rose;19:50;.742;.643;.286;.571;11.8;5.5;8.5;7.7;2.7;5.9;18.6;24.7;133;110;8.0;
Taj Gibson;19:01;.400;.400;.400;.000;6.2;11.5;8.9;7.0;0.0;6.2;0.0;12.0;110;114;-8.4;
Alec Burks;17:09;.481;.357;.429;.429;0.0;31.8;16.5;7.9;3.1;0.0;0.0;22.1;119;102;0.7;
Immanuel Quickley;15:18;.633;.500;.600;.600;0.0;7.1;3.7;9.0;0.0;0.0;24.0;24.7;105;118;-7.5;
Obi Toppin;11:47;.605;.571;.143;.143;19.9;18.5;19.2;33.0;9.1;9.9;11.8;32.6;128;88;20.9;
Quentin Grimes;Did Not Play;
Kevin Knox;Did Not Play;
Miles McBride;Did Not Play;
Wayne Selden;Did Not Play;
Jericho Sims;Did Not Play;
Team Totals;240;.598;.563;.425;.172;31.7;72.7;52.9;58.5;7.8;12.2;11.4;100.0;125.3;110.8;;
