202111160UTA-GSW;BRK;GSW;False;10:00 PM, November 16, 2021;Vivint Smart Home Arena, Salt Lake City, Utah;2:10
117;
99;
Guest Basic
Shake Milton;35:17;7;19;.368;0;3;.000;4;5;.800;0;3;3;4;0;0;0;1;18;-26;
Tyrese Maxey;28:53;7;14;.500;2;4;.500;0;0;;0;4;4;2;0;0;1;1;16;-13;
Tobias Harris;27:26;4;9;.444;1;3;.333;3;3;1.000;1;3;4;5;0;2;0;3;12;-12;
Seth Curry;24:56;1;8;.125;1;3;.333;2;2;1.000;0;1;1;2;2;0;1;4;5;-33;
Andre Drummond;12:18;3;6;.500;0;0;;0;1;.000;1;5;6;1;1;1;2;1;6;-22;
Furkan Korkmaz;34:16;2;12;.167;0;6;.000;2;3;.667;0;5;5;3;0;1;0;0;6;-16;
Georges Niang;29:41;3;6;.500;1;2;.500;0;0;;0;3;3;0;2;0;1;1;7;-18;
Isaiah Joe;23:32;3;11;.273;1;8;.125;1;1;1.000;0;8;8;2;0;0;1;4;8;-12;
Paul Reed;14:14;1;3;.333;0;0;;0;0;;1;3;4;0;0;0;2;1;2;-13;
Charles Bassey;9:27;2;2;1.000;0;0;;1;2;.500;3;1;4;0;0;1;0;0;5;-10;
Danny Green;Did Not Play;
Team Totals;240;33;90;.367;6;29;.207;13;17;.765;6;36;42;19;5;5;8;16;85;;
Guest Advanced
Shake Milton;35:17;.425;.368;.158;.263;0.0;9.7;4.2;23.2;0.0;0.0;0.0;27.3;91;127;-3.4;
Tyrese Maxey;28:53;.571;.571;.286;.000;0.0;15.8;6.8;15.6;0.0;0.0;6.7;23.6;102;126;-0.3;
Tobias Harris;27:26;.581;.500;.333;.333;3.1;12.5;7.1;33.6;0.0;6.9;0.0;17.1;129;120;7.0;
Seth Curry;24:56;.282;.188;.375;.250;0.0;4.6;2.0;12.4;3.9;0.0;10.1;18.0;59;118;-10.0;
Andre Drummond;12:18;.466;.500;.000;.167;7.0;46.5;23.9;18.3;4.0;7.7;23.7;31.2;73;106;0.1;
Furkan Korkmaz;34:16;.225;.167;.500;.250;0.0;16.7;7.1;13.9;0.0;2.7;0.0;17.7;56;124;-9.6;
Georges Niang;29:41;.583;.583;.333;.000;0.0;11.6;5.0;0.0;3.3;0.0;14.3;10.7;90;119;-4.3;
Isaiah Joe;23:32;.350;.318;.727;.091;0.0;38.9;16.7;15.2;0.0;0.0;8.0;24.1;69;122;-10.2;
Paul Reed;14:14;.333;.333;.000;.000;6.0;24.1;13.8;0.0;0.0;0.0;40.0;16.0;48;125;-16.6;
Charles Bassey;9:27;.868;1.000;.000;1.000;27.2;12.1;20.7;0.0;0.0;10.0;0.0;13.9;184;118;9.8;
Danny Green;Did Not Play;
Team Totals;240;.436;.400;.322;.189;10.7;85.7;42.9;57.6;5.1;9.8;7.6;100.0;86.2;121.6;;
Home Basic
Rudy Gobert;28:08;6;10;.600;0;0;;3;7;.429;0;17;17;1;0;4;0;3;15;+19;
Bojan Bogdanović;27:19;9;12;.750;5;7;.714;4;4;1.000;0;6;6;2;0;0;1;2;27;+25;
Royce O'Neale;26:58;1;2;.500;1;2;.500;0;0;;0;9;9;1;1;1;2;3;3;+18;
Mike Conley;24:41;5;8;.625;2;4;.500;1;2;.500;1;1;2;7;0;0;1;2;13;+21;
Donovan Mitchell;22:05;5;12;.417;1;3;.333;2;3;.667;0;3;3;3;1;1;0;2;13;+20;
Joe Ingles;26:08;1;6;.167;1;5;.200;0;0;;1;2;3;7;1;0;1;2;3;+9;
Jordan Clarkson;21:39;8;20;.400;4;12;.333;0;0;;3;4;7;1;0;0;1;1;20;+23;
Eric Paschall;18:50;2;3;.667;1;2;.500;2;2;1.000;0;1;1;4;0;0;1;1;7;+12;
Hassan Whiteside;16:35;5;8;.625;0;0;;0;0;;1;4;5;0;0;2;1;2;10;+12;
Trent Forrest;13:30;1;3;.333;0;1;.000;0;0;;0;1;1;0;1;0;1;1;2;+2;
Jared Butler;5:25;1;3;.333;1;2;.500;0;0;;0;0;0;1;1;0;0;1;3;+5;
Miye Oni;5:25;1;1;1.000;0;0;;0;1;.000;0;1;1;0;0;0;0;0;2;+5;
Udoka Azubuike;3:17;1;1;1.000;0;0;;0;0;;0;1;1;0;0;0;0;0;2;+4;
Team Totals;240;46;89;.517;16;38;.421;12;19;.632;6;50;56;27;5;8;9;20;120;;
Home Advanced
Rudy Gobert;28:08;.573;.600;.000;.700;0.0;51.8;29.6;4.8;0.0;11.2;0.0;21.0;116;73;6.2;
Bojan Bogdanović;27:19;.981;.958;.583;.333;0.0;18.8;10.8;11.6;0.0;0.0;6.8;24.4;174;91;18.5;
Royce O'Neale;26:58;.750;.750;1.000;.000;0.0;28.6;16.3;4.0;1.8;2.9;50.0;6.7;74;82;-0.8;
Mike Conley;24:41;.732;.750;.500;.250;4.6;3.5;4.0;37.5;0.0;0.0;10.1;18.1;151;94;7.4;
Donovan Mitchell;22:05;.488;.458;.250;.250;0.0;11.6;6.7;18.6;2.2;3.6;0.0;27.2;108;84;2.6;
Joe Ingles;26:08;.250;.250;.833;.000;4.4;6.6;5.6;29.1;1.9;0.0;14.3;12.1;99;89;-0.8;
Jordan Clarkson;21:39;.500;.500;.600;.000;15.8;15.8;15.8;7.8;0.0;0.0;4.8;43.8;100;92;-0.8;
Eric Paschall;18:50;.902;.833;.667;.667;0.0;4.6;2.6;24.9;0.0;0.0;20.5;11.7;159;94;7.6;
Hassan Whiteside;16:35;.625;.625;.000;.000;6.9;20.7;14.8;0.0;0.0;9.5;11.1;24.5;108;81;0.2;
Trent Forrest;13:30;.333;.333;.333;.000;0.0;6.3;3.6;0.0;3.6;0.0;25.0;13.4;48;86;-9.5;
Jared Butler;5:25;.500;.500;.667;.000;0.0;0.0;0.0;23.9;9.0;0.0;0.0;25.0;113;75;10.8;
Miye Oni;5:25;.694;1.000;.000;1.000;0.0;15.8;9.0;0.0;0.0;0.0;0.0;12.0;121;92;-0.1;
Udoka Azubuike;3:17;1.000;1.000;.000;.000;0.0;26.1;14.9;0.0;0.0;0.0;0.0;13.7;200;89;9.3;
Team Totals;240;.616;.607;.427;.213;14.3;89.3;57.1;58.7;5.1;13.1;8.5;100.0;121.6;86.2;;
