202111090PHI-POR;LAC;POR;False;7:30 PM, November 9, 2021;Wells Fargo Center, Philadelphia, Pennsylvania;2:14
109;
117;
Guest Basic
Giannis Antetokounmpo;36:13;12;26;.462;0;2;.000;7;13;.538;1;15;16;4;0;2;0;1;31;+13;
Bobby Portis;35:23;6;14;.429;4;8;.500;3;3;1.000;4;6;10;3;1;2;3;1;19;-4;
Grayson Allen;32:50;8;13;.615;5;9;.556;4;4;1.000;0;2;2;3;0;0;0;1;25;+18;
George Hill;32:22;3;6;.500;1;3;.333;1;1;1.000;2;2;4;1;0;0;2;2;8;+16;
Jrue Holiday;31:12;4;14;.286;0;3;.000;0;0;;0;7;7;6;2;2;2;3;8;+9;
Pat Connaughton;24:01;3;8;.375;2;6;.333;0;0;;0;3;3;1;1;0;0;1;8;-1;
Semi Ojeleye;22:14;4;4;1.000;3;3;1.000;0;0;;5;3;8;1;1;0;1;1;11;+4;
Jordan Nwora;14:41;4;6;.667;0;2;.000;0;0;;0;1;1;1;0;0;0;0;8;+2;
Justin Robinson;11:04;0;4;.000;0;3;.000;0;0;;0;1;1;1;0;0;0;0;0;-12;
Georgios Kalaitzakis;Did Not Play;
Rodney Hood;Did Not Play;
Thanasis Antetokounmpo;Did Not Play;
Team Totals;240;44;95;.463;15;39;.385;15;21;.714;12;40;52;21;5;6;8;10;118;;
Guest Advanced
Giannis Antetokounmpo;36:13;.489;.462;.077;.500;2.9;37.5;21.6;18.9;0.0;4.4;0.0;37.5;113;104;5.1;
Bobby Portis;35:23;.620;.571;.571;.214;12.1;15.4;13.8;11.3;1.4;4.5;16.4;22.1;122;109;4.0;
Grayson Allen;32:50;.847;.808;.692;.308;0.0;5.5;3.0;13.6;0.0;0.0;0.0;19.2;179;120;10.9;
George Hill;32:22;.621;.583;.500;.167;6.6;5.6;6.1;3.7;0.0;0.0;23.7;11.2;109;120;-7.4;
Jrue Holiday;31:12;.286;.286;.214;.000;0.0;20.3;11.0;24.4;3.1;5.1;12.5;21.9;76;103;-6.8;
Pat Connaughton;24:01;.500;.500;.750;.000;0.0;11.3;6.1;5.3;2.0;0.0;0.0;14.2;113;113;-2.7;
Semi Ojeleye;22:14;1.375;1.375;.750;.000;24.0;12.2;17.6;6.1;2.2;0.0;20.0;9.6;206;112;14.3;
Jordan Nwora;14:41;.667;.667;.333;.000;0.0;6.2;3.3;10.6;0.0;0.0;0.0;17.5;141;119;1.0;
Justin Robinson;11:04;.000;.000;.750;.000;0.0;8.2;4.4;9.9;0.0;0.0;0.0;15.5;20;119;-20.8;
Georgios Kalaitzakis;Did Not Play;
Rodney Hood;Did Not Play;
Thanasis Antetokounmpo;Did Not Play;
Team Totals;240;.566;.542;.411;.221;26.7;75.5;53.1;47.7;5.1;10.0;7.1;100.0;120.6;111.4;;
Home Basic
Furkan Korkmaz;44:58;2;18;.111;1;12;.083;0;0;;1;4;5;5;0;0;0;1;5;-11;
Shake Milton;41:36;7;16;.438;1;4;.250;5;5;1.000;0;4;4;6;0;0;1;3;20;-13;
Tyrese Maxey;39:00;12;24;.500;4;9;.444;3;3;1.000;1;4;5;4;1;1;0;2;31;-8;
Andre Drummond;33:06;8;13;.615;0;0;;1;2;.500;7;13;20;3;1;2;3;3;17;-12;
Paul Reed;23:32;3;7;.429;0;1;.000;0;0;;2;4;6;0;3;2;1;3;6;-7;
Danny Green;28:38;3;9;.333;3;9;.333;0;0;;1;2;3;2;0;0;1;2;9;+7;
Georges Niang;24:24;7;14;.500;5;7;.714;2;2;1.000;1;1;2;1;2;0;1;6;21;-5;
Charles Bassey;4:46;0;2;.000;0;1;.000;0;0;;0;1;1;0;0;2;0;0;0;+4;
Jaden Springer;Did Not Play;
Seth Curry;Did Not Dress;
Aaron Henry;Did Not Play;
Team Totals;240;42;103;.408;14;43;.326;11;12;.917;13;33;46;21;7;7;7;20;109;;
Home Advanced
Furkan Korkmaz;44:58;.139;.139;.667;.000;2.0;9.5;5.4;13.4;0.0;0.0;0.0;16.7;53;128;-14.8;
Shake Milton;41:36;.549;.469;.250;.313;0.0;10.3;4.7;20.4;0.0;0.0;5.2;19.2;122;128;-2.0;
Tyrese Maxey;39:00;.612;.583;.375;.125;2.3;10.9;6.3;18.1;1.3;2.2;0.0;27.0;134;123;9.3;
Andre Drummond;33:06;.612;.615;.000;.154;19.2;41.9;29.6;14.3;1.5;5.2;17.8;21.2;120;111;4.0;
Paul Reed;23:32;.429;.429;.143;.000;7.7;18.1;12.5;0.0;6.3;7.3;12.5;14.2;89;106;-1.8;
Danny Green;28:38;.500;.500;1.000;.000;3.2;7.5;5.1;9.1;0.0;0.0;10.0;14.5;104;129;-5.0;
Georges Niang;24:24;.706;.679;.500;.143;3.7;4.4;4.0;7.0;4.0;0.0;6.3;27.1;135;120;9.5;
Charles Bassey;4:46;.000;.000;.500;.000;0.0;22.4;10.3;0.0;0.0;36.0;0.0;17.5;0;100;-8.2;
Jaden Springer;Did Not Play;
Seth Curry;Did Not Dress;
Aaron Henry;Did Not Play;
Team Totals;240;.503;.476;.417;.117;24.5;73.3;46.9;50.0;7.2;12.5;6.1;100.0;111.4;120.6;;
