202111120OKC-MIL;BOS;MIL;False;8:00 PM, November 12, 2021;Paycom Center, Oklahoma City, Oklahoma;2:08
113;
122;
Guest Basic
De'Aaron Fox;35:27;5;14;.357;2;7;.286;4;5;.800;0;1;1;5;0;0;2;2;16;+2;
Tyrese Haliburton;35:05;3;13;.231;2;6;.333;0;0;;2;6;8;7;0;1;1;1;8;+2;
Harrison Barnes;34:29;8;14;.571;1;2;.500;4;6;.667;0;5;5;0;0;0;1;1;21;-1;
Richaun Holmes;32:16;7;9;.778;0;0;;2;2;1.000;4;11;15;1;2;4;4;3;16;+2;
Chimezie Metu;24:26;4;12;.333;3;8;.375;3;4;.750;1;4;5;0;0;1;1;0;14;+7;
Buddy Hield;25:04;5;12;.417;4;9;.444;0;0;;0;1;1;5;0;0;1;2;14;+1;
Davion Mitchell;20:35;2;6;.333;1;2;.500;0;0;;0;2;2;2;1;0;0;0;5;-15;
Tristan Thompson;15:44;3;7;.429;0;0;;0;0;;4;6;10;0;1;0;2;3;6;-4;
Terence Davis;9:20;1;6;.167;1;5;.200;0;0;;0;1;1;0;1;0;1;0;3;-7;
Maurice Harkless;7:32;0;2;.000;0;2;.000;0;0;;0;1;1;0;0;1;0;0;0;+3;
Damian Jones;Did Not Play;
Alex Len;Did Not Play;
Marvin Bagley III;Did Not Play;
Jahmi'us Ramsey;Did Not Play;
Team Totals;240;38;95;.400;14;41;.341;13;17;.765;11;38;49;20;5;7;13;12;103;;
Guest Advanced
De'Aaron Fox;35:27;.494;.429;.500;.357;0.0;2.5;1.3;21.7;0.0;0.0;11.0;21.3;104;116;-4.2;
Tyrese Haliburton;35:05;.308;.308;.462;.000;5.8;15.2;10.8;28.3;0.0;2.0;7.1;16.6;91;109;-3.9;
Harrison Barnes;34:29;.631;.607;.143;.429;0.0;12.9;6.9;0.0;0.0;0.0;5.7;21.3;120;111;-0.2;
Richaun Holmes;32:16;.810;.778;.000;.222;12.7;30.3;22.1;5.4;3.0;8.6;28.8;17.9;118;90;6.7;
Chimezie Metu;24:26;.509;.458;.667;.333;4.2;14.6;9.7;0.0;0.0;2.8;6.8;25.1;102;109;-0.2;
Buddy Hield;25:04;.583;.583;.750;.000;0.0;3.5;1.9;33.7;0.0;0.0;7.7;21.6;122;115;5.6;
Davion Mitchell;20:35;.417;.417;.333;.000;0.0;8.6;4.6;14.0;2.4;0.0;0.0;12.1;102;108;-1.8;
Tristan Thompson;15:44;.429;.429;.000;.000;26.0;33.9;30.2;0.0;3.1;0.0;22.2;23.8;86;94;-8.4;
Terence Davis;9:20;.250;.250;.833;.000;0.0;9.5;5.1;0.0;5.2;0.0;14.3;31.2;46;101;-13.2;
Maurice Harkless;7:32;.000;.000;1.000;.000;0.0;11.8;6.3;0.0;0.0;9.2;0.0;11.0;0;105;-9.8;
Damian Jones;Did Not Play;
Alex Len;Did Not Play;
Marvin Bagley III;Did Not Play;
Jahmi'us Ramsey;Did Not Play;
Team Totals;240;.503;.474;.432;.179;23.4;70.4;48.5;52.6;5.1;10.1;11.3;100.0;104.3;106.4;;
Home Basic
Shai Gilgeous-Alexander;34:59;9;24;.375;2;8;.250;2;2;1.000;0;2;2;3;2;0;4;5;22;-8;
Darius Bazley;33:15;6;8;.750;2;3;.667;1;2;.500;2;6;8;0;0;2;1;1;15;-1;
Luguentz Dort;32:38;9;18;.500;2;8;.250;2;3;.667;3;2;5;1;2;1;1;3;22;-8;
Jeremiah Robinson-Earl;29:20;1;9;.111;0;1;.000;0;0;;4;10;14;1;2;0;0;0;2;+5;
Josh Giddey;24:36;3;8;.375;1;1;1.000;0;0;;0;5;5;5;0;0;1;1;7;0;
Tre Mann;18:58;5;8;.625;1;1;1.000;1;2;.500;1;1;2;1;1;0;2;4;12;+4;
Kenrich Williams;18:21;3;5;.600;1;2;.500;2;2;1.000;1;4;5;0;1;0;0;2;9;+13;
Aleksej Pokusevski;15:45;0;5;.000;0;2;.000;1;2;.500;3;3;6;2;0;2;1;0;1;-9;
Derrick Favors;13:50;3;6;.500;0;0;;0;0;;1;2;3;0;0;0;0;0;6;+6;
Mike Muscala;12:00;2;4;.500;1;3;.333;2;2;1.000;0;1;1;0;0;1;0;1;7;+7;
Ty Jerome;6:16;1;4;.250;0;1;.000;0;0;;1;0;1;0;0;0;0;1;2;+1;
Théo Maledon;Did Not Play;
Gabriel Deck;Did Not Play;
Vit Krejci;Did Not Play;
Isaiah Roby;Did Not Play;
Team Totals;240;42;99;.424;10;30;.333;11;15;.733;16;36;52;13;8;6;10;18;105;;
Home Advanced
Shai Gilgeous-Alexander;34:59;.442;.417;.333;.083;0.0;5.8;2.7;13.9;2.8;0.0;13.9;34.3;88;107;-6.0;
Darius Bazley;33:15;.845;.875;.375;.250;5.3;18.4;11.4;0.0;0.0;5.3;10.1;12.3;155;106;5.0;
Luguentz Dort;32:38;.569;.556;.444;.167;8.2;6.3;7.3;5.1;3.0;2.7;4.9;25.9;123;105;5.8;
Jeremiah Robinson-Earl;29:20;.111;.111;.111;.000;12.1;34.8;22.7;4.1;3.3;0.0;0.0;12.7;60;96;-6.5;
Josh Giddey;24:36;.438;.438;.125;.000;0.0;20.8;9.7;27.0;0.0;0.0;11.1;15.2;106;108;-2.3;
Tre Mann;18:58;.676;.688;.125;.250;4.7;5.4;5.0;8.6;2.6;0.0;18.4;23.8;116;107;0.2;
Kenrich Williams;18:21;.765;.700;.400;.400;4.8;22.3;12.9;0.0;2.6;0.0;0.0;13.3;168;102;5.2;
Aleksej Pokusevski;15:45;.085;.000;.400;.400;16.9;19.5;18.1;14.5;0.0;11.3;14.5;18.1;57;102;-6.7;
Derrick Favors;13:50;.500;.500;.000;.000;6.4;14.8;10.3;0.0;0.0;0.0;0.0;18.0;115;110;-3.4;
Mike Muscala;12:00;.717;.625;.750;.500;0.0;8.5;4.0;0.0;0.0;7.4;0.0;16.9;158;108;5.3;
Ty Jerome;6:16;.250;.250;.250;.000;14.2;0.0;7.6;0.0;0.0;0.0;0.0;26.5;73;115;-16.2;
Théo Maledon;Did Not Play;
Gabriel Deck;Did Not Play;
Vit Krejci;Did Not Play;
Isaiah Roby;Did Not Play;
Team Totals;240;.497;.475;.303;.152;29.6;76.6;51.5;31.0;8.1;11.1;8.7;100.0;106.4;104.3;;
