202111180MEM-GSW;CLE;GSW;False;8:00 PM, November 18, 2021;FedEx Forum, Memphis, Tennessee;2:00
104;
89;
Guest Basic
Paul George;31:13;9;18;.500;5;9;.556;0;0;;1;4;5;6;0;1;1;1;23;-18;
Reggie Jackson;30:22;7;16;.438;4;8;.500;0;0;;0;2;2;5;1;0;3;1;18;-13;
Amir Coffey;28:58;2;8;.250;2;6;.333;2;2;1.000;1;2;3;1;0;1;3;2;8;+1;
Ivica Zubac;26:53;5;8;.625;0;0;;3;3;1.000;2;5;7;2;0;1;1;3;13;-10;
Eric Bledsoe;24:55;1;2;.500;0;1;.000;2;2;1.000;1;3;4;3;1;0;1;1;4;-2;
Terance Mann;24:29;2;9;.222;1;5;.200;0;0;;1;1;2;1;0;0;0;2;5;-8;
Luke Kennard;24:16;6;8;.750;3;4;.750;0;0;;0;2;2;1;1;0;1;1;15;-15;
Brandon Boston Jr.;20:18;2;9;.222;0;2;.000;0;0;;0;2;2;1;2;1;1;1;4;-3;
Isaiah Hartenstein;20:07;5;6;.833;0;0;;1;1;1.000;1;5;6;4;1;2;1;3;11;+2;
Jay Scrubb;8:29;3;6;.500;1;4;.250;0;0;;0;1;1;0;0;0;1;0;7;+6;
Nicolas Batum;Did Not Play;
Team Totals;240;42;90;.467;16;39;.410;8;8;1.000;7;27;34;24;6;6;13;15;108;;
Guest Advanced
Paul George;31:13;.639;.639;.500;.000;3.7;15.8;9.5;32.8;0.0;2.2;5.3;27.4;130;127;9.9;
Reggie Jackson;30:22;.563;.563;.500;.000;0.0;8.1;3.9;25.5;1.6;0.0;15.8;28.2;102;127;-0.5;
Amir Coffey;28:58;.450;.375;.750;.250;3.9;8.5;6.1;4.3;0.0;2.4;25.3;18.5;76;129;-10.7;
Ivica Zubac;26:53;.697;.625;.000;.375;8.5;22.9;15.4;10.8;0.0;2.6;9.7;17.3;139;125;0.7;
Eric Bledsoe;24:55;.694;.500;.500;1.000;4.6;14.8;9.5;14.4;2.0;0.0;25.8;7.0;138;125;-2.7;
Terance Mann;24:29;.278;.278;.556;.000;4.7;5.0;4.8;5.1;0.0;0.0;0.0;16.6;72;132;-13.6;
Luke Kennard;24:16;.938;.938;.500;.000;0.0;10.1;4.9;6.6;2.1;0.0;11.1;16.7;152;126;7.6;
Brandon Boston Jr.;20:18;.222;.222;.222;.000;0.0;12.1;5.8;6.3;4.9;3.4;10.0;22.2;48;116;-11.1;
Isaiah Hartenstein;20:07;.854;.833;.000;.167;5.7;30.6;17.7;31.7;2.5;6.8;13.4;16.7;160;114;14.1;
Jay Scrubb;8:29;.583;.583;.667;.000;0.0;14.5;7.0;0.0;0.0;0.0;14.3;37.2;88;129;-6.0;
Nicolas Batum;Did Not Play;
Team Totals;240;.577;.556;.433;.089;16.7;69.2;42.0;57.1;6.2;8.6;12.2;100.0;112.2;124.6;;
Home Basic
Ja Morant;31:15;13;21;.619;2;5;.400;0;0;;0;5;5;5;1;0;1;1;28;+3;
Jaren Jackson Jr.;29:26;7;16;.438;3;7;.429;1;1;1.000;2;4;6;1;0;4;1;2;18;+17;
Desmond Bane;28:44;7;11;.636;2;3;.667;0;0;;1;4;5;2;1;1;1;2;16;+2;
Steven Adams;26:48;1;4;.250;0;0;;0;0;;5;5;10;5;0;1;4;3;2;+15;
Dillon Brooks;26:35;7;14;.500;1;3;.333;3;3;1.000;0;1;1;2;1;0;1;3;18;+22;
De'Anthony Melton;22:51;2;5;.400;2;3;.667;0;0;;1;4;5;3;2;0;1;2;6;-4;
Kyle Anderson;21:45;3;6;.500;0;1;.000;0;0;;1;2;3;3;1;1;1;1;6;-12;
Brandon Clarke;14:41;7;9;.778;0;0;;0;0;;1;4;5;1;1;0;0;1;14;+6;
Tyus Jones;14:35;2;2;1.000;1;1;1.000;1;2;.500;0;4;4;6;1;0;0;0;6;+12;
Ziaire Williams;12:30;2;4;.500;0;2;.000;0;0;;1;0;1;0;0;0;1;2;4;+14;
Xavier Tillman Sr.;2:10;1;2;.500;0;0;;0;0;;0;0;0;0;0;0;0;0;2;-3;
Santi Aldama;2:10;0;1;.000;0;0;;0;0;;0;1;1;0;0;0;0;0;0;-3;
John Konchar;2:10;0;0;;0;0;;0;0;;0;0;0;0;0;0;0;0;0;-3;
Sam Merrill;2:10;0;1;.000;0;1;.000;0;0;;0;1;1;0;0;0;0;0;0;-3;
Killian Tillie;2:10;0;0;;0;0;;0;0;;0;0;0;0;0;0;0;0;0;-3;
Team Totals;240;52;96;.542;11;26;.423;5;6;.833;12;35;47;28;8;7;11;17;120;;
Home Advanced
Ja Morant;31:15;.667;.667;.238;.000;0.0;18.3;9.5;24.0;1.6;0.0;4.5;30.8;138;114;9.0;
Jaren Jackson Jr.;29:26;.547;.531;.438;.063;8.4;15.5;12.1;4.0;0.0;12.8;5.7;25.9;118;108;1.6;
Desmond Bane;28:44;.727;.727;.273;.000;4.3;15.9;10.3;8.3;1.7;3.3;8.3;18.3;141;112;5.1;
Steven Adams;26:48;.250;.250;.000;.000;23.0;21.3;22.1;17.8;0.0;3.5;50.0;13.1;87;115;-6.4;
Dillon Brooks;26:35;.587;.536;.214;.214;0.0;4.3;2.2;9.2;1.9;0.0;6.1;26.9;122;116;-2.5;
De'Anthony Melton;22:51;.600;.600;.600;.000;5.4;20.0;13.0;13.2;4.4;0.0;16.7;11.5;126;108;3.5;
Kyle Anderson;21:45;.500;.500;.167;.000;5.7;10.5;8.2;14.6;2.3;4.3;14.3;14.1;113;111;0.7;
Brandon Clarke;14:41;.778;.778;.000;.000;8.4;31.1;20.2;11.2;3.4;0.0;0.0;26.8;161;108;14.9;
Tyus Jones;14:35;1.042;1.250;.500;1.000;0.0;31.3;16.3;43.5;3.4;0.0;0.0;8.6;213;108;18.5;
Ziaire Williams;12:30;.500;.500;.500;.000;9.8;0.0;4.7;0.0;0.0;0.0;20.0;17.5;91;122;-13.4;
Santi Aldama;2:10;.000;.000;.000;.000;0.0;52.7;27.4;0.0;0.0;0.0;0.0;20.2;0;112;-24.5;
John Konchar;2:10;;;;;0.0;0.0;0.0;0.0;0.0;0.0;;0.0;0;122;-7.8;
Sam Merrill;2:10;.000;.000;1.000;.000;0.0;52.7;27.4;0.0;0.0;0.0;0.0;20.2;0;112;-25.5;
Killian Tillie;2:10;;;;;0.0;0.0;0.0;0.0;0.0;0.0;;0.0;0;122;-6.2;
Xavier Tillman Sr.;2:10;.500;.500;.000;.000;0.0;0.0;0.0;0.0;0.0;0.0;0.0;40.4;103;122;-9.6;
Team Totals;240;.608;.599;.271;.063;30.8;83.3;58.0;53.8;8.3;13.7;10.0;100.0;124.6;112.2;;
