202110200MEM-IND;CHO;IND;False;8:00 PM, October 20, 2021;FedEx Forum, Memphis, Tennessee;2:07
122;
123;
Guest Basic
Evan Mobley;38:18;7;13;.538;1;2;.500;2;3;.667;0;9;9;6;1;1;0;2;17;-18;
Darius Garland;31:55;5;15;.333;3;10;.300;0;0;;0;1;1;12;0;0;2;2;13;0;
Lauri Markkanen;31:28;4;14;.286;2;7;.286;0;0;;2;7;9;2;1;0;1;0;10;-4;
Collin Sexton;29:23;7;13;.538;2;6;.333;1;3;.333;1;0;1;1;0;0;1;4;17;-14;
Jarrett Allen;28:54;11;11;1.000;0;0;;3;4;.750;1;3;4;1;3;3;1;1;25;+5;
Ricky Rubio;24:57;4;10;.400;3;7;.429;1;1;1.000;0;4;4;10;1;0;2;3;12;-12;
Isaac Okoro;20:33;3;5;.600;0;1;.000;2;2;1.000;1;2;3;1;0;1;0;4;8;+8;
Kevin Love;17:27;1;6;.167;0;2;.000;2;2;1.000;1;2;3;4;0;0;1;1;4;-3;
Cedi Osman;17:05;5;6;.833;3;3;1.000;2;3;.667;1;1;2;1;0;0;2;0;15;-17;
Tacko Fall;Did Not Play;
RJ Nembhard Jr.;Did Not Play;
Denzel Valentine;Did Not Play;
Lamar Stevens;Did Not Play;
Kevin Pangos;Did Not Play;
Ed Davis;Did Not Play;
Team Totals;240;47;93;.505;14;38;.368;13;18;.722;7;29;36;38;6;5;10;17;121;;
Guest Advanced
Evan Mobley;38:18;.594;.577;.154;.231;0.0;26.9;12.7;19.7;1.2;1.9;0.0;16.2;129;127;3.8;
Darius Garland;31:55;.433;.433;.667;.000;0.0;3.6;1.7;45.7;0.0;0.0;11.8;23.0;103;138;-5.6;
Lauri Markkanen;31:28;.357;.357;.500;.000;6.5;25.4;15.4;7.5;1.5;0.0;6.7;20.6;80;129;-8.5;
Collin Sexton;29:23;.594;.615;.462;.231;3.5;0.0;1.8;4.6;0.0;0.0;6.5;22.6;105;139;-7.4;
Jarrett Allen;28:54;.980;1.000;.000;.364;3.5;11.9;7.5;5.8;4.9;7.4;7.3;20.6;177;119;16.2;
Ricky Rubio;24:57;.575;.550;.700;.100;0.0;18.3;8.6;48.9;1.9;0.0;16.1;21.6;119;130;2.9;
Isaac Okoro;20:33;.680;.600;.200;.400;5.0;11.1;7.9;5.8;0.0;3.5;0.0;12.4;146;133;-3.1;
Kevin Love;17:27;.291;.167;.333;.333;5.9;13.1;9.3;24.9;0.0;0.0;12.7;19.5;86;135;-8.7;
Cedi Osman;17:05;1.025;1.083;.500;.500;6.0;6.7;6.3;8.5;0.0;0.0;21.5;23.6;134;137;9.4;
Tacko Fall;Did Not Play;
RJ Nembhard Jr.;Did Not Play;
Denzel Valentine;Did Not Play;
Lamar Stevens;Did Not Play;
Kevin Pangos;Did Not Play;
Ed Davis;Did Not Play;
Team Totals;240;.599;.581;.409;.194;14.9;69.0;40.4;80.9;5.9;7.5;9.0;100.0;119.7;130.6;;
Home Basic
Ja Morant;33:36;17;29;.586;1;4;.250;2;2;1.000;1;5;6;6;0;2;2;2;37;-6;
Steven Adams;31:45;4;7;.571;0;0;;0;0;;6;8;14;3;1;1;2;0;8;+1;
Jaren Jackson Jr.;30:48;3;12;.250;3;8;.375;4;4;1.000;0;6;6;2;0;4;2;2;13;+16;
De'Anthony Melton;30:39;8;14;.571;4;6;.667;0;0;;2;2;4;3;0;0;0;0;20;+17;
Desmond Bane;29:39;8;16;.500;2;6;.333;4;4;1.000;1;2;3;3;2;0;3;2;22;-7;
Kyle Anderson;21:50;3;7;.429;2;5;.400;2;2;1.000;0;7;7;4;2;0;0;2;10;-10;
John Konchar;18:32;2;3;.667;0;1;.000;0;0;;2;4;6;0;1;0;0;4;4;-1;
Ziaire Williams;17:10;1;2;.500;1;1;1.000;0;0;;0;2;2;1;1;0;1;1;3;+13;
Tyus Jones;14:24;4;7;.571;1;2;.500;0;0;;0;2;2;5;1;0;0;0;9;+17;
Brandon Clarke;11:37;3;3;1.000;0;0;;0;0;;1;2;3;1;0;1;0;2;6;+15;
Jarrett Culver;Did Not Play;
Sam Merrill;Did Not Play;
Santi Aldama;Did Not Play;
Xavier Tillman Sr.;Did Not Play;
Killian Tillie;Did Not Play;
Team Totals;240;53;100;.530;14;33;.424;12;12;1.000;13;40;53;28;8;8;10;15;132;;
Home Advanced
Ja Morant;33:36;.619;.603;.138;.069;3.4;15.2;9.6;29.9;0.0;5.2;6.3;39.5;130;121;6.9;
Steven Adams;31:45;.571;.571;.000;.000;21.6;25.7;23.8;9.7;1.5;2.7;22.2;11.8;129;118;0.2;
Jaren Jackson Jr.;30:48;.472;.375;.667;.333;0.0;19.9;10.5;6.4;0.0;11.3;12.7;21.3;99;115;-3.8;
De'Anthony Melton;30:39;.714;.714;.429;.000;7.5;6.7;7.0;11.6;0.0;0.0;0.0;19.0;159;127;5.4;
Desmond Bane;29:39;.619;.563;.375;.250;3.9;6.9;5.5;12.1;3.2;0.0;14.5;29.2;118;120;-0.4;
Kyle Anderson;21:50;.635;.571;.714;.286;0.0;32.7;17.3;19.0;4.4;0.0;0.0;15.0;155;113;8.9;
John Konchar;18:32;.667;.667;.333;.000;12.3;22.0;17.5;0.0;2.6;0.0;0.0;6.7;160;118;-4.3;
Ziaire Williams;17:10;.750;.750;.500;.000;0.0;11.9;6.3;5.6;2.8;0.0;33.3;7.3;106;120;-2.8;
Tyus Jones;14:24;.643;.643;.286;.000;0.0;14.2;7.5;42.0;3.3;0.0;0.0;20.2;157;119;10.9;
Brandon Clarke;11:37;1.000;1.000;.000;.000;9.8;17.6;13.9;10.2;0.0;7.5;0.0;10.8;207;118;7.0;
Jarrett Culver;Did Not Play;
Sam Merrill;Did Not Play;
Santi Aldama;Did Not Play;
Xavier Tillman Sr.;Did Not Play;
Killian Tillie;Did Not Play;
Team Totals;240;.627;.600;.330;.120;31.0;85.1;59.6;52.8;7.9;14.5;8.7;100.0;130.6;119.7;;
