202111170NYK-BOS;ATL;BOS;False;7:30 PM, November 17, 2021;Madison Square Garden (IV), New York, New York;2:10
99;
110;
Guest Basic
Cole Anthony;36:18;5;21;.238;1;9;.111;4;4;1.000;2;8;10;7;1;0;2;1;15;+4;
Franz Wagner;33:54;6;11;.545;1;2;.500;3;3;1.000;3;6;9;1;0;0;2;4;16;+8;
Mo Bamba;31:49;6;13;.462;0;4;.000;0;0;;6;6;12;2;0;2;1;3;12;+3;
Jalen Suggs;25:49;5;12;.417;3;4;.750;0;0;;0;1;1;4;3;1;2;2;13;+1;
Wendell Carter Jr.;24:56;5;11;.455;1;4;.250;0;2;.000;2;6;8;2;1;0;1;4;11;+7;
Terrence Ross;29:57;6;15;.400;3;8;.375;4;4;1.000;0;2;2;2;2;0;1;0;19;+16;
Gary Harris;19:13;1;5;.200;0;3;.000;0;0;;1;2;3;1;0;0;1;1;2;-9;
Chuma Okeke;18:36;3;4;.750;1;2;.500;2;2;1.000;0;3;3;0;0;0;0;0;9;0;
R.J. Hampton;13:33;0;1;.000;0;0;;1;2;.500;0;1;1;0;0;0;0;2;1;-6;
Moritz Wagner;5:55;2;3;.667;1;2;.500;1;1;1.000;0;2;2;1;0;0;2;2;6;+6;
Robin Lopez;Did Not Play;
Mychal Mulder;Did Not Play;
Ignas Brazdeikis;Did Not Play;
Team Totals;240;39;96;.406;11;38;.289;15;18;.833;14;37;51;20;7;3;12;19;104;;
Guest Advanced
Cole Anthony;36:18;.330;.262;.429;.190;5.5;22.0;13.8;28.6;1.4;0.0;8.1;28.2;87;99;-2.9;
Franz Wagner;33:54;.649;.591;.182;.273;8.8;17.7;13.3;4.6;0.0;0.0;14.0;17.5;123;104;-0.9;
Mo Bamba;31:49;.462;.462;.308;.000;18.9;18.9;18.9;10.1;0.0;7.7;7.1;18.2;112;99;-0.3;
Jalen Suggs;25:49;.542;.542;.333;.000;0.0;3.9;1.9;25.0;5.7;4.8;14.3;22.5;106;92;9.2;
Wendell Carter Jr.;24:56;.463;.500;.364;.182;8.0;24.1;16.0;13.1;2.0;0.0;7.8;21.4;100;97;-0.7;
Terrence Ross;29:57;.567;.500;.533;.267;0.0;6.7;3.3;10.9;3.3;0.0;5.6;24.6;120;100;6.9;
Gary Harris;19:13;.200;.200;.600;.000;5.2;10.4;7.8;6.8;0.0;0.0;16.7;12.9;55;106;-12.5;
Chuma Okeke;18:36;.922;.875;.500;.500;0.0;16.1;8.1;0.0;0.0;0.0;0.0;10.9;190;104;6.2;
R.J. Hampton;13:33;.266;.000;.000;2.000;0.0;7.4;3.7;0.0;0.0;0.0;0.0;5.7;64;107;-11.8;
Moritz Wagner;5:55;.872;.833;.667;.333;0.0;33.8;16.9;35.6;0.0;0.0;36.8;38.1;106;97;6.8;
Robin Lopez;Did Not Play;
Mychal Mulder;Did Not Play;
Ignas Brazdeikis;Did Not Play;
Team Totals;240;.500;.464;.396;.188;29.2;77.1;53.1;51.3;7.2;7.7;10.4;100.0;106.3;100.2;;
Home Basic
RJ Barrett;33:38;7;19;.368;0;7;.000;3;3;1.000;1;8;9;5;0;0;3;0;17;-2;
Julius Randle;32:06;4;11;.364;4;10;.400;1;2;.500;0;5;5;3;1;0;3;5;13;-21;
Mitchell Robinson;30:35;5;6;.833;0;0;;3;5;.600;8;3;11;0;0;1;0;2;13;+8;
Kemba Walker;20:54;2;7;.286;1;3;.333;0;0;;0;1;1;2;1;0;2;1;5;-3;
Evan Fournier;20:36;2;6;.333;1;4;.250;0;0;;0;1;1;1;1;0;0;1;5;-1;
Alec Burks;27:24;5;16;.313;4;12;.333;1;2;.500;0;5;5;4;1;0;0;4;15;-5;
Immanuel Quickley;24:27;2;5;.400;2;4;.500;0;0;;1;3;4;7;0;0;1;3;6;-1;
Derrick Rose;19:01;4;9;.444;2;6;.333;0;0;;0;2;2;1;1;2;5;0;10;-11;
Obi Toppin;17:36;6;9;.667;2;3;.667;0;0;;1;4;5;2;0;1;3;1;14;+11;
Taj Gibson;13:43;0;0;;0;0;;0;0;;0;2;2;0;0;3;1;3;0;-5;
Kevin Knox;Did Not Play;
Wayne Selden;Did Not Play;
Quentin Grimes;Did Not Play;
Jericho Sims;Did Not Play;
Team Totals;240;37;88;.420;16;49;.327;8;12;.667;11;34;45;25;5;7;18;20;98;;
Home Advanced
RJ Barrett;33:38;.418;.368;.368;.158;3.0;23.8;13.4;26.4;0.0;0.0;12.9;29.9;89;107;-5.0;
Julius Randle;32:06;.547;.545;.909;.182;0.0;15.6;7.8;14.5;1.5;0.0;20.2;20.0;92;107;-3.1;
Mitchell Robinson;30:35;.793;.833;.000;.833;26.2;9.8;18.0;0.0;0.0;2.7;0.0;11.6;177;111;3.2;
Kemba Walker;20:54;.357;.357;.429;.000;0.0;4.8;2.4;14.2;2.3;0.0;22.2;18.6;67;110;-9.4;
Evan Fournier;20:36;.417;.417;.667;.000;0.0;4.9;2.4;7.2;2.4;0.0;0.0;12.6;94;110;-4.2;
Alec Burks;27:24;.444;.438;.750;.125;0.0;18.2;9.1;24.8;1.8;0.0;0.0;26.6;103;105;1.5;
Immanuel Quickley;24:27;.600;.600;.800;.000;4.1;12.3;8.2;41.6;0.0;0.0;16.7;10.6;139;112;1.6;
Derrick Rose;19:01;.556;.556;.667;.000;0.0;10.5;5.3;9.4;2.6;8.7;35.7;31.8;66;102;-2.3;
Obi Toppin;17:36;.778;.778;.333;.000;5.7;22.7;14.2;26.4;0.0;4.7;25.0;29.4;107;105;10.0;
Taj Gibson;13:43;;;;;0.0;14.6;7.3;0.0;0.0;18.1;100.0;3.1;0;100;-5.0;
Kevin Knox;Did Not Play;
Wayne Selden;Did Not Play;
Quentin Grimes;Did Not Play;
Jericho Sims;Did Not Play;
Team Totals;240;.525;.511;.557;.136;22.9;70.8;46.9;67.6;5.1;12.1;16.2;100.0;100.2;106.3;;
