202110260UTA-HOU;DAL;HOU;False;10:00 PM, October 26, 2021;Vivint Smart Home Arena, Salt Lake City, Utah;2:28
106;
116;
Guest Basic
Michael Porter Jr.;38:38;5;18;.278;3;11;.273;0;0;;1;8;9;2;2;0;1;3;13;+2;
Will Barton;36:53;9;16;.563;1;3;.333;2;4;.500;0;4;4;3;1;1;4;2;21;+3;
Monte Morris;35:06;8;13;.615;3;3;1.000;0;0;;0;0;0;4;1;0;1;2;19;-3;
Aaron Gordon;34:08;9;13;.692;0;3;.000;2;4;.500;1;6;7;1;1;1;4;5;20;-1;
Nikola Jokić;15:00;8;9;.889;3;3;1.000;5;7;.714;1;5;6;6;0;0;1;1;24;+7;
Jeff Green;20:43;2;5;.400;0;2;.000;4;5;.800;0;2;2;1;0;1;0;3;8;-11;
Facundo Campazzo;18:44;0;1;.000;0;0;;3;4;.750;0;2;2;1;1;0;0;2;3;-17;
JaMychal Green;18:33;0;2;.000;0;2;.000;0;0;;1;2;3;1;3;0;1;2;0;-12;
PJ Dozier;16:33;1;4;.250;0;0;;0;0;;1;1;2;0;0;0;1;3;2;-18;
Austin Rivers;5:42;0;2;.000;0;1;.000;0;0;;0;0;0;0;0;0;0;0;0;-10;
Petr Cornelie;Did Not Play;
Bones Hyland;Did Not Play;
Bol Bol;Did Not Play;
Markus Howard;Did Not Play;
Zeke Nnaji;Did Not Play;
Team Totals;240;42;83;.506;10;28;.357;16;24;.667;5;30;35;19;9;3;13;23;110;;
Guest Advanced
Michael Porter Jr.;38:38;.361;.361;.611;.000;3.3;26.2;14.7;6.9;2.5;0.0;5.3;22.2;78;120;-6.7;
Will Barton;36:53;.591;.594;.188;.250;0.0;13.7;6.8;12.9;1.3;2.8;18.4;26.6;98;123;-2.8;
Monte Morris;35:06;.731;.731;.231;.000;0.0;0.0;0.0;17.6;1.4;0.0;7.1;18.0;138;127;3.4;
Aaron Gordon;34:08;.678;.692;.231;.308;3.7;22.2;13.0;4.8;1.4;3.1;21.3;24.8;105;121;-3.3;
Nikola Jokić;15:00;.993;1.056;.333;.778;8.4;42.1;25.3;100.0;0.0;0.0;7.6;39.3;191;122;48.9;
Jeff Green;20:43;.556;.400;.400;1.000;0.0;12.2;6.1;6.2;0.0;5.0;0.0;15.7;122;124;-3.6;
Facundo Campazzo;18:44;.543;.000;.000;4.000;0.0;13.5;6.7;6.1;2.6;0.0;0.0;6.6;131;121;-4.3;
JaMychal Green;18:33;.000;.000;1.000;.000;6.8;13.6;10.2;6.2;7.8;0.0;33.3;7.3;45;110;-3.9;
PJ Dozier;16:33;.250;.250;.000;.000;7.6;7.6;7.6;0.0;0.0;0.0;20.0;13.6;55;128;-16.3;
Austin Rivers;5:42;.000;.000;.500;.000;0.0;0.0;0.0;0.0;0.0;0.0;0.0;15.8;0;130;-22.0;
Petr Cornelie;Did Not Play;
Bones Hyland;Did Not Play;
Bol Bol;Did Not Play;
Markus Howard;Did Not Play;
Zeke Nnaji;Did Not Play;
Team Totals;240;.588;.566;.337;.289;13.2;78.9;46.1;45.2;9.0;6.5;12.2;100.0;109.9;121.9;;
Home Basic
Donovan Mitchell;34:19;9;20;.450;1;9;.111;3;3;1.000;0;2;2;6;1;0;5;4;22;-4;
Rudy Gobert;33:14;7;8;.875;0;0;;9;16;.563;3;13;16;0;0;1;4;4;23;+10;
Royce O'Neale;30:47;2;5;.400;1;4;.250;0;0;;1;2;3;2;1;1;0;2;5;-4;
Mike Conley;30:20;6;9;.667;3;5;.600;0;0;;0;2;2;5;1;1;2;0;15;+12;
Bojan Bogdanović;28:55;5;14;.357;1;5;.200;4;4;1.000;1;1;2;0;1;0;0;1;15;-4;
Joe Ingles;27:38;4;6;.667;3;5;.600;2;2;1.000;0;5;5;4;1;1;0;3;13;+16;
Jordan Clarkson;23:50;7;15;.467;3;10;.300;2;2;1.000;1;2;3;1;0;0;0;2;19;+19;
Hassan Whiteside;14:46;4;6;.667;0;0;;2;2;1.000;1;3;4;0;0;1;1;4;10;+2;
Eric Paschall;14:21;0;1;.000;0;1;.000;0;0;;1;3;4;2;0;0;1;0;0;+16;
Jared Butler;1:50;0;1;.000;0;0;;0;0;;0;0;0;0;0;1;0;2;0;-3;
Elijah Hughes;Did Not Play;
Trent Forrest;Did Not Play;
Malik Fitts;Did Not Play;
Udoka Azubuike;Did Not Play;
Team Totals;240;44;85;.518;12;39;.308;22;29;.759;8;33;41;20;5;6;13;22;122;;
Home Advanced
Donovan Mitchell;34:19;.516;.475;.450;.150;0.0;7.4;3.7;26.7;1.4;0.0;19.0;33.2;96;112;-5.8;
Rudy Gobert;33:14;.765;.875;.000;2.000;11.4;49.4;30.4;0.0;0.0;2.6;21.0;24.8;124;108;1.4;
Royce O'Neale;30:47;.500;.500;.800;.000;4.1;8.2;6.2;7.6;1.6;2.8;0.0;7.0;128;109;1.8;
Mike Conley;30:20;.833;.833;.556;.000;0.0;8.3;4.2;22.9;1.6;2.9;18.2;15.7;143;110;9.3;
Bojan Bogdanović;28:55;.476;.393;.357;.286;4.4;4.4;4.4;0.0;1.7;0.0;0.0;23.6;106;112;-4.2;
Joe Ingles;27:38;.945;.917;.833;.333;0.0;22.9;11.4;18.8;1.7;3.2;0.0;10.8;198;107;13.7;
Jordan Clarkson;23:50;.598;.567;.667;.133;5.3;10.6;7.9;6.7;0.0;0.0;0.0;28.9;128;115;2.8;
Hassan Whiteside;14:46;.727;.667;.000;.333;8.6;25.7;17.1;0.0;0.0;5.9;12.7;23.1;131;107;-0.4;
Eric Paschall;14:21;.000;.000;1.000;.000;8.8;26.4;17.6;15.2;0.0;0.0;50.0;6.0;79;114;-2.5;
Jared Butler;1:50;.000;.000;.000;.000;0.0;0.0;0.0;0.0;0.0;47.6;0.0;23.6;0;68;-17.6;
Elijah Hughes;Did Not Play;
Trent Forrest;Did Not Play;
Malik Fitts;Did Not Play;
Udoka Azubuike;Did Not Play;
Team Totals;240;.624;.588;.459;.341;21.1;86.8;53.9;45.5;5.0;10.9;11.7;100.0;121.9;109.9;;
