202111140OKC-MIL;ATL;MIL;False;7:00 PM, November 14, 2021;Paycom Center, Oklahoma City, Oklahoma;2:01
100;
120;
Guest Basic
James Harden;36:19;5;13;.385;1;8;.125;5;5;1.000;1;5;6;13;3;0;6;1;16;+19;
Kevin Durant;34:10;9;17;.529;2;6;.333;13;14;.929;0;8;8;4;1;0;1;1;33;+30;
Bruce Brown;28:09;3;5;.600;0;1;.000;0;0;;1;6;7;2;1;0;1;4;6;+3;
Blake Griffin;22:57;3;6;.500;0;2;.000;0;0;;1;2;3;3;0;1;1;2;6;+10;
Joe Harris;13:38;1;2;.500;1;2;.500;0;0;;0;3;3;1;0;0;0;0;3;+13;
Patty Mills;31:26;10;16;.625;9;12;.750;0;0;;0;0;0;1;2;0;1;3;29;+28;
LaMarcus Aldridge;22:20;5;11;.455;3;5;.600;2;2;1.000;2;6;8;2;0;2;1;2;15;+9;
Jevon Carter;21:35;2;6;.333;2;5;.400;0;0;;0;1;1;1;0;0;0;0;6;+1;
DeAndre' Bembry;19:08;1;2;.500;0;0;;0;0;;1;4;5;3;0;0;1;2;2;+2;
James Johnson;7:35;0;0;;0;0;;0;0;;1;1;2;1;0;0;1;0;0;0;
Cam Thomas;2:43;2;4;.500;0;2;.000;0;0;;0;1;1;0;1;0;0;0;4;+5;
Team Totals;240;41;82;.500;18;43;.419;20;21;.952;7;37;44;31;8;3;13;15;120;;
Guest Advanced
James Harden;36:19;.526;.423;.615;.385;3.2;14.1;9.0;50.0;4.1;0.0;28.3;26.9;108;96;1.5;
Kevin Durant;34:10;.712;.588;.353;.824;0.0;23.9;12.8;19.8;1.5;0.0;4.1;32.6;145;99;9.6;
Bruce Brown;28:09;.600;.600;.200;.000;4.2;21.8;13.6;9.5;1.8;0.0;16.7;9.8;116;99;-4.0;
Blake Griffin;22:57;.500;.500;.333;.000;5.1;8.9;7.1;18.1;0.0;4.6;14.3;14.0;110;105;-3.5;
Joe Harris;13:38;.750;.750;1.000;.000;0.0;22.5;12.0;9.4;0.0;0.0;0.0;6.8;153;103;1.2;
Patty Mills;31:26;.906;.906;.750;.000;0.0;0.0;0.0;5.9;3.2;0.0;5.9;24.9;143;103;14.5;
LaMarcus Aldridge;22:20;.631;.591;.455;.182;10.5;27.4;19.5;14.2;0.0;9.6;7.8;26.6;124;96;5.6;
Jevon Carter;21:35;.500;.500;.833;.000;0.0;4.7;2.5;6.1;0.0;0.0;0.0;12.8;103;109;-4.9;
DeAndre' Bembry;19:08;.500;.500;.000;.000;6.1;21.4;14.3;19.6;0.0;0.0;33.3;7.2;120;104;-3.3;
James Johnson;7:35;;;;;15.4;13.5;14.4;15.4;0.0;0.0;100.0;6.1;98;106;-4.6;
Cam Thomas;2:43;.500;.500;.500;.000;0.0;37.6;20.1;0.0;18.4;0.0;0.0;67.8;93;54;8.8;
Team Totals;240;.658;.610;.524;.256;17.1;78.7;50.0;75.6;8.3;6.7;12.5;100.0;125.0;100.0;;
Home Basic
Shai Gilgeous-Alexander;30:25;8;14;.571;3;6;.500;4;4;1.000;0;6;6;2;1;0;3;1;23;-20;
Luguentz Dort;27:17;8;11;.727;3;6;.500;1;1;1.000;0;3;3;0;1;0;1;5;20;-26;
Darius Bazley;25:31;2;13;.154;1;6;.167;0;0;;2;3;5;1;0;0;2;1;5;-21;
Josh Giddey;24:49;2;10;.200;2;7;.286;0;0;;1;4;5;4;1;0;4;1;6;-16;
Jeremiah Robinson-Earl;21:43;1;3;.333;0;2;.000;0;0;;4;4;8;2;1;0;0;3;2;-4;
Kenrich Williams;21:39;3;8;.375;1;4;.250;2;2;1.000;0;3;3;3;2;0;1;5;9;-10;
Aaron Wiggins;21:18;1;4;.250;1;4;.250;0;0;;0;4;4;4;1;1;1;0;3;-4;
Aleksej Pokusevski;19:35;4;12;.333;0;3;.000;0;0;;2;4;6;1;0;1;1;1;8;-1;
Ty Jerome;16:00;4;9;.444;2;5;.400;1;2;.500;1;0;1;1;1;0;0;3;11;+2;
Derrick Favors;13:50;1;4;.250;0;1;.000;0;0;;0;3;3;1;0;0;0;1;2;-10;
Isaiah Roby;12:27;1;1;1.000;0;0;;2;2;1.000;0;0;0;1;1;0;0;1;4;-10;
Tre Mann;5:26;1;1;1.000;1;1;1.000;0;0;;0;0;0;0;0;0;1;0;3;0;
Team Totals;240;36;90;.400;14;45;.311;10;11;.909;10;34;44;20;9;2;14;22;96;;
Home Advanced
Shai Gilgeous-Alexander;30:25;.730;.679;.429;.286;0.0;23.1;10.8;13.5;1.6;0.0;16.0;27.2;121;125;5.3;
Luguentz Dort;27:17;.874;.864;.545;.091;0.0;12.9;6.0;0.0;1.8;0.0;8.0;20.1;148;126;5.7;
Darius Bazley;25:31;.192;.192;.462;.000;8.0;13.8;10.7;5.8;0.0;0.0;13.3;25.9;48;131;-20.2;
Josh Giddey;24:49;.300;.300;.700;.000;4.1;18.9;11.0;24.1;2.0;0.0;28.6;24.9;61;125;-11.6;
Jeremiah Robinson-Earl;21:43;.333;.333;.667;.000;18.8;21.6;20.1;13.1;2.3;0.0;0.0;6.1;135;124;-2.8;
Kenrich Williams;21:39;.507;.438;.500;.250;0.0;16.2;7.6;22.7;4.6;0.0;10.1;20.1;106;119;-1.1;
Aaron Wiggins;21:18;.375;.375;1.000;.000;0.0;22.0;10.2;26.7;2.3;5.8;20.0;10.4;93;120;1.3;
Aleksej Pokusevski;19:35;.333;.333;.250;.000;10.4;23.9;16.7;9.4;0.0;6.3;7.7;29.3;75;125;-10.4;
Ty Jerome;16:00;.557;.556;.556;.222;6.4;0.0;3.4;12.5;3.1;0.0;0.0;27.2;119;126;3.4;
Derrick Favors;13:50;.250;.250;.250;.000;0.0;25.4;11.8;10.7;0.0;0.0;0.0;12.8;67;129;-10.4;
Isaiah Roby;12:27;1.064;1.000;.000;2.000;0.0;0.0;0.0;12.0;4.0;0.0;0.0;6.7;228;123;3.3;
Tre Mann;5:26;1.500;1.500;1.000;.000;0.0;0.0;0.0;0.0;0.0;0.0;50.0;16.2;90;133;0.8;
Team Totals;240;.506;.478;.500;.122;21.3;82.9;50.0;55.6;9.4;5.1;12.9;100.0;100.0;125.0;;
