202111050SAC-BRK;DET;BRK;False;10:00 PM, November 5, 2021;Golden 1 Center, Sacramento, California;2:07
96;
90;
Guest Basic
Miles Bridges;37:06;4;14;.286;1;5;.200;1;5;.200;1;4;5;2;1;0;0;3;10;-30;
Gordon Hayward;34:42;10;17;.588;3;6;.500;2;2;1.000;0;2;2;2;0;0;1;1;25;-20;
Terry Rozier;30:54;3;14;.214;1;7;.143;2;2;1.000;0;1;1;4;0;0;0;0;9;-16;
LaMelo Ball;30:42;9;14;.643;4;8;.500;2;2;1.000;1;2;3;13;0;0;2;1;24;-16;
Mason Plumlee;21:51;2;2;1.000;0;0;;1;5;.200;1;5;6;4;1;1;0;6;5;-13;
Cody Martin;20:04;5;5;1.000;0;0;;2;2;1.000;0;1;1;1;2;2;1;0;12;-14;
Nick Richards;18:42;2;5;.400;0;0;;3;3;1.000;2;0;2;2;3;1;1;3;7;-12;
Jalen McDaniels;14:40;3;5;.600;1;3;.333;0;0;;1;2;3;0;1;0;1;2;7;+2;
Kelly Oubre Jr.;13:49;4;10;.400;1;5;.200;0;0;;1;3;4;0;0;0;1;2;9;-14;
Ish Smith;12:03;1;3;.333;0;0;;0;0;;0;1;1;1;0;1;2;0;2;-11;
James Bouknight;3:31;0;3;.000;0;1;.000;0;0;;0;0;0;0;0;0;0;1;0;-5;
Kai Jones;1:56;0;0;;0;0;;0;0;;0;0;0;0;0;0;1;0;0;-1;
Team Totals;240;43;92;.467;11;35;.314;13;21;.619;7;21;28;29;8;5;10;19;110;;
Guest Advanced
Miles Bridges;37:06;.309;.321;.357;.357;2.6;15.2;7.7;6.8;1.3;0.0;0.0;18.8;71;140;-14.1;
Gordon Hayward;34:42;.699;.676;.353;.118;0.0;8.1;3.3;9.5;0.0;0.0;5.3;23.5;126;145;-0.4;
Terry Rozier;30:54;.302;.250;.500;.143;0.0;4.6;1.8;16.2;0.0;0.0;0.0;20.8;76;146;-14.0;
LaMelo Ball;30:42;.806;.786;.571;.143;3.1;9.2;5.6;70.3;0.0;0.0;11.8;23.7;153;145;15.0;
Mason Plumlee;21:51;.595;1.000;.000;2.500;4.4;32.3;15.7;22.8;2.2;5.1;0.0;8.3;143;131;-0.6;
Cody Martin;20:04;1.020;1.000;.000;.400;0.0;7.0;2.8;7.7;4.7;11.1;14.5;14.8;168;129;11.5;
Nick Richards;18:42;.554;.400;.000;.600;10.3;0.0;6.1;13.6;7.6;6.0;13.7;16.9;118;126;0.5;
Jalen McDaniels;14:40;.700;.700;.600;.000;6.5;19.3;11.7;0.0;3.2;0.0;16.7;17.7;108;134;-4.2;
Kelly Oubre Jr.;13:49;.450;.450;.500;.000;6.9;30.7;16.5;0.0;0.0;0.0;9.1;34.4;80;139;-14.5;
Ish Smith;12:03;.333;.333;.000;.000;0.0;11.7;4.7;10.2;0.0;9.3;40.0;17.9;47;140;-15.4;
James Bouknight;3:31;.000;.000;.333;.000;0.0;0.0;0.0;0.0;0.0;0.0;0.0;36.8;0;147;-49.8;
Kai Jones;1:56;;;;;0.0;0.0;0.0;0.0;0.0;0.0;100.0;22.3;0;147;-36.0;
Team Totals;240;.543;.527;.380;.228;14.0;61.8;33.3;67.4;7.9;11.6;9.0;100.0;108.6;138.3;;
Home Basic
Harrison Barnes;36:31;3;8;.375;2;6;.333;6;7;.857;0;10;10;4;1;0;3;2;14;+23;
Richaun Holmes;33:15;9;12;.750;0;0;;5;7;.714;5;15;20;2;0;0;4;3;23;+22;
Tyrese Haliburton;30:37;6;8;.750;2;3;.667;0;0;;1;2;3;5;1;0;1;1;14;+9;
De'Aaron Fox;29:02;7;15;.467;0;3;.000;7;7;1.000;1;2;3;9;1;0;2;3;21;+21;
Maurice Harkless;21:27;3;6;.500;3;5;.600;1;2;.500;0;4;4;1;0;0;1;1;10;+19;
Buddy Hield;30:03;9;18;.500;8;17;.471;0;0;;0;3;3;4;0;0;2;3;26;+15;
Davion Mitchell;24:50;6;11;.545;4;5;.800;3;3;1.000;2;2;4;4;0;0;1;4;19;+15;
Terence Davis;16:55;3;5;.600;2;4;.500;0;0;;0;2;2;0;1;0;1;1;8;+11;
Tristan Thompson;12:49;1;3;.333;0;0;;0;0;;4;2;6;0;1;1;2;3;2;+7;
Chimezie Metu;2:35;1;1;1.000;1;1;1.000;0;0;;0;0;0;0;0;0;1;0;3;+7;
Damian Jones;1:56;0;0;;0;0;;0;0;;0;1;1;0;0;0;0;0;0;+1;
Marvin Bagley III;Did Not Play;
Alex Len;Did Not Play;
Team Totals;240;48;87;.552;22;44;.500;22;26;.846;13;43;56;29;5;1;18;21;140;;
Home Advanced
Harrison Barnes;36:31;.632;.500;.750;.875;0.0;26.3;15.6;11.9;1.3;0.0;21.3;15.9;123;106;-0.3;
Richaun Holmes;33:15;.763;.750;.000;.583;21.2;43.3;34.4;8.2;0.0;0.0;21.0;23.7;134;106;2.2;
Tyrese Haliburton;30:37;.875;.875;.375;.000;4.6;6.3;5.6;20.3;1.5;0.0;11.1;12.1;174;109;6.4;
De'Aaron Fox;29:02;.581;.467;.200;.467;4.9;6.6;5.9;40.8;1.6;0.0;10.0;28.5;144;109;2.3;
Maurice Harkless;21:27;.727;.750;.833;.333;0.0;17.9;10.7;5.4;0.0;0.0;12.7;15.1;135;111;2.2;
Buddy Hield;30:03;.722;.722;.944;.000;0.0;9.6;5.7;19.0;0.0;0.0;10.0;27.4;144;112;6.6;
Davion Mitchell;24:50;.771;.727;.455;.273;11.4;7.7;9.2;21.2;0.0;0.0;7.5;22.1;168;112;7.3;
Terence Davis;16:55;.800;.800;.800;.000;0.0;11.3;6.8;0.0;2.8;0.0;16.7;14.6;127;106;2.6;
Tristan Thompson;12:49;.333;.333;.000;.000;44.1;15.0;26.8;0.0;3.7;6.6;40.0;16.1;89;96;-9.7;
Chimezie Metu;2:35;1.500;1.500;1.000;.000;0.0;0.0;0.0;0.0;0.0;0.0;50.0;31.9;61;114;13.3;
Damian Jones;1:56;;;;;0.0;49.7;29.6;0.0;0.0;0.0;;0.0;0;106;-1.0;
Marvin Bagley III;Did Not Play;
Alex Len;Did Not Play;
Team Totals;240;.711;.678;.506;.299;38.2;86.0;66.7;60.4;4.9;1.8;15.5;100.0;138.3;108.6;;
