202111150MIN-ORL;ATL;ORL;False;8:00 PM, November 15, 2021;Target Center, Minneapolis, Minnesota;2:23
111;
129;
Guest Basic
Devin Booker;34:26;7;16;.438;2;4;.500;13;15;.867;2;3;5;5;2;0;1;5;29;+8;
Chris Paul;33:36;6;14;.429;2;5;.400;7;7;1.000;0;3;3;8;1;0;3;1;21;-13;
Deandre Ayton;32:54;10;14;.714;0;0;;2;3;.667;7;5;12;1;0;0;2;5;22;-5;
Mikal Bridges;32:49;2;8;.250;0;4;.000;3;4;.750;1;3;4;1;1;0;1;2;7;+1;
Jae Crowder;28:40;0;9;.000;0;5;.000;2;5;.400;1;5;6;1;1;0;3;4;2;-6;
Cameron Johnson;21:43;3;9;.333;1;6;.167;0;0;;0;4;4;1;1;0;2;2;7;+8;
Landry Shamet;17:40;2;6;.333;2;4;.500;0;0;;0;3;3;0;1;0;0;1;6;0;
Cameron Payne;14:24;0;3;.000;0;2;.000;0;0;;0;3;3;2;0;0;0;2;0;+16;
JaVale McGee;11:24;1;3;.333;0;0;;0;0;;2;5;7;1;0;2;2;1;2;+10;
Abdel Nader;8:45;0;1;.000;0;1;.000;0;0;;0;2;2;1;1;0;1;0;0;-3;
Frank Kaminsky;3:39;1;2;.500;0;0;;1;2;.500;1;2;3;0;0;0;0;0;3;-1;
Elfrid Payton;Did Not Play;
Jalen Smith;Did Not Play;
Chandler Hutchison;Did Not Play;
Team Totals;240;32;85;.376;7;31;.226;28;36;.778;14;38;52;21;8;2;15;23;99;;
Guest Advanced
Devin Booker;34:26;.642;.500;.250;.938;5.1;8.2;6.6;31.3;2.8;0.0;4.2;28.4;138;97;17.0;
Chris Paul;33:36;.615;.500;.357;.500;0.0;8.4;4.0;48.8;1.4;0.0;14.9;24.8;119;101;9.3;
Deandre Ayton;32:54;.718;.714;.000;.214;18.6;14.3;16.5;8.4;0.0;0.0;11.5;21.8;133;101;6.9;
Mikal Bridges;32:49;.359;.250;.500;.500;2.7;8.6;5.5;5.0;1.5;0.0;9.3;13.6;79;100;-3.9;
Jae Crowder;28:40;.089;.000;.556;.556;3.0;16.4;9.5;5.2;1.7;0.0;21.1;20.5;24;96;-16.3;
Cameron Johnson;21:43;.389;.389;.667;.000;0.0;17.3;8.3;8.7;2.2;0.0;18.2;21.0;67;95;-4.1;
Landry Shamet;17:40;.500;.500;.667;.000;0.0;16.0;7.7;0.0;2.7;0.0;0.0;14.1;101;94;4.0;
Cameron Payne;14:24;.000;.000;.667;.000;0.0;19.6;9.4;20.8;0.0;0.0;0.0;8.6;34;99;-9.2;
JaVale McGee;11:24;.333;.333;.000;.000;15.3;41.3;27.8;15.2;0.0;20.5;40.0;18.2;64;80;-0.3;
Abdel Nader;8:45;.000;.000;1.000;.000;0.0;21.5;10.4;17.1;5.5;0.0;50.0;9.5;22;85;0.7;
Frank Kaminsky;3:39;.521;.500;.000;1.000;23.9;51.6;37.2;0.0;0.0;0.0;0.0;32.7;118;85;11.8;
Elfrid Payton;Did Not Play;
Jalen Smith;Did Not Play;
Chandler Hutchison;Did Not Play;
Team Totals;240;.491;.418;.365;.424;25.5;74.5;49.1;65.6;8.0;4.9;12.9;100.0;99.5;96.5;;
Home Basic
Karl-Anthony Towns;40:15;10;19;.526;5;9;.556;10;11;.909;2;11;13;2;1;0;7;5;35;-3;
Anthony Edwards;39:11;2;11;.182;1;6;.167;4;6;.667;3;9;12;6;1;3;6;5;9;-5;
D'Angelo Russell;34:54;7;21;.333;1;10;.100;7;7;1.000;0;2;2;4;2;0;0;4;22;0;
Patrick Beverley;33:56;4;8;.500;2;5;.400;0;1;.000;2;5;7;1;0;0;1;4;10;-5;
Jarred Vanderbilt;23:30;2;4;.500;0;0;;0;0;;3;4;7;0;1;0;2;5;4;+3;
Jaden McDaniels;30:05;2;5;.400;0;2;.000;0;0;;3;0;3;2;0;0;0;5;4;+2;
Malik Beasley;23:55;4;14;.286;4;11;.364;0;0;;0;8;8;3;2;0;0;0;12;-4;
Josh Okogie;14:14;0;3;.000;0;1;.000;0;2;.000;0;2;2;0;1;0;2;0;0;-3;
Jordan McLaughlin;Did Not Play;
Taurean Prince;Did Not Play;
Nathan Knight;Did Not Play;
Jake Layman;Did Not Play;
Jaylen Nowell;Did Not Play;
Team Totals;240;31;85;.365;13;44;.295;21;27;.778;13;41;54;18;8;3;18;28;96;;
Home Advanced
Karl-Anthony Towns;40:15;.734;.658;.474;.579;4.7;23.9;14.6;12.5;1.2;0.0;22.7;32.0;115;97;10.1;
Anthony Edwards;39:11;.330;.227;.545;.545;7.2;20.0;13.9;25.7;1.2;6.8;30.5;20.9;69;94;-2.4;
D'Angelo Russell;34:54;.457;.357;.476;.333;0.0;5.0;2.6;25.7;2.8;0.0;0.0;28.8;109;101;4.2;
Patrick Beverley;33:56;.592;.625;.625;.125;5.5;12.9;9.3;5.6;0.0;0.0;10.6;11.6;113;104;-1.0;
Jarred Vanderbilt;23:30;.500;.500;.000;.000;12.0;14.9;13.5;0.0;2.1;0.0;33.3;10.7;82;98;-5.7;
Jaden McDaniels;30:05;.400;.400;.400;.000;9.4;0.0;4.5;11.5;0.0;0.0;0.0;6.9;120;109;-2.9;
Malik Beasley;23:55;.429;.429;.786;.000;0.0;29.2;15.1;26.2;4.0;0.0;0.0;24.5;101;89;10.9;
Josh Okogie;14:14;.000;.000;.333;.667;0.0;12.3;6.4;0.0;3.4;0.0;34.0;17.3;0;97;-15.0;
Jordan McLaughlin;Did Not Play;
Taurean Prince;Did Not Play;
Nathan Knight;Did Not Play;
Jake Layman;Did Not Play;
Jaylen Nowell;Did Not Play;
Team Totals;240;.495;.441;.518;.318;25.5;74.5;50.9;58.1;8.0;5.6;15.7;100.0;96.5;99.5;;
