202111050POR-BRK;DET;BRK;False;10:00 PM, November 5, 2021;Moda Center, Portland, Oregon;2:04
96;
90;
Guest Basic
Domantas Sabonis;35:34;7;12;.583;0;4;.000;1;4;.250;1;11;12;4;0;0;6;4;15;-5;
Caris LeVert;33:52;6;21;.286;0;8;.000;0;0;;1;3;4;6;1;0;0;3;12;-5;
T.J. McConnell;32:58;8;13;.615;3;4;.750;0;0;;1;6;7;2;2;1;2;2;19;-5;
Myles Turner;30:43;5;10;.500;3;7;.429;3;4;.750;0;6;6;2;0;1;1;2;16;-8;
Chris Duarte;26:11;4;7;.571;1;3;.333;0;0;;1;2;3;4;1;0;1;1;9;-1;
Justin Holiday;30:12;4;9;.444;4;7;.571;0;0;;2;2;4;3;1;0;0;2;12;-2;
Brad Wanamaker;17:06;2;5;.400;1;3;.333;0;0;;0;1;1;6;0;0;1;2;5;-4;
Torrey Craig;16:58;3;4;.750;0;1;.000;0;0;;1;1;2;0;2;0;0;1;6;+4;
Kelan Martin;12:47;3;5;.600;2;4;.500;0;0;;0;0;0;1;1;0;0;0;8;+5;
Goga Bitadze;3:39;1;2;.500;0;1;.000;2;2;1.000;0;1;1;0;0;0;0;1;4;+1;
Oshae Brissett;Did Not Play;
Jeremy Lamb;Did Not Play;
Team Totals;240;43;88;.489;14;42;.333;6;10;.600;7;33;40;28;8;2;11;18;106;;
Guest Advanced
Domantas Sabonis;35:34;.545;.583;.333;.333;3.1;38.1;19.7;16.1;0.0;0.0;30.4;25.8;81;118;-10.7;
Caris LeVert;33:52;.286;.286;.381;.000;3.3;10.9;6.9;24.7;1.5;0.0;0.0;28.8;79;119;-13.0;
T.J. McConnell;32:58;.731;.731;.308;.000;3.4;22.4;12.4;9.3;3.1;3.4;13.3;21.1;121;110;4.9;
Myles Turner;30:43;.680;.650;.700;.400;0.0;24.0;11.4;8.9;0.0;3.6;7.8;19.3;125;117;1.8;
Chris Duarte;26:11;.643;.643;.429;.000;4.3;9.4;6.7;20.6;1.9;0.0;12.5;14.2;128;118;0.9;
Justin Holiday;30:12;.667;.667;.778;.000;7.4;8.2;7.8;13.0;1.7;0.0;0.0;13.8;143;119;3.5;
Brad Wanamaker;17:06;.500;.500;.600;.000;0.0;7.2;3.4;45.0;0.0;0.0;16.7;16.3;118;123;-1.1;
Torrey Craig;16:58;.750;.750;.250;.000;6.6;7.3;6.9;0.0;6.0;0.0;0.0;10.9;151;108;2.8;
Kelan Martin;12:47;.800;.800;.800;.000;0.0;0.0;0.0;11.8;4.0;0.0;0.0;18.2;151;115;11.6;
Goga Bitadze;3:39;.694;.500;.500;1.000;0.0;33.7;16.0;0.0;0.0;0.0;0.0;36.6;145;119;2.0;
Oshae Brissett;Did Not Play;
Jeremy Lamb;Did Not Play;
Team Totals;240;.574;.568;.477;.114;16.3;84.6;48.8;65.1;8.5;4.7;10.6;100.0;112.0;116.2;;
Home Basic
CJ McCollum;40:55;11;19;.579;5;9;.556;0;0;;0;5;5;6;0;0;4;1;27;+7;
Damian Lillard;37:56;2;13;.154;0;6;.000;0;0;;0;4;4;11;1;1;2;1;4;-4;
Robert Covington;33:34;7;12;.583;5;10;.500;0;0;;0;5;5;0;1;0;2;2;19;+6;
Norman Powell;32:16;8;14;.571;3;4;.750;6;6;1.000;0;2;2;2;2;1;1;0;25;+1;
Jusuf Nurkić;23:04;4;8;.500;0;1;.000;2;2;1.000;2;7;9;3;2;0;1;4;10;+5;
Anfernee Simons;21:16;6;10;.600;4;6;.667;0;0;;0;1;1;1;0;1;1;1;16;-1;
Larry Nance Jr.;17:43;0;1;.000;0;0;;2;4;.500;1;4;5;3;1;1;0;1;2;+3;
Nassir Little;15:44;2;3;.667;0;1;.000;3;3;1.000;1;3;4;0;0;0;1;3;7;+3;
Cody Zeller;10:54;0;0;;0;0;;0;0;;2;4;6;1;0;0;1;1;0;-9;
Tony Snell;6:38;0;2;.000;0;2;.000;0;0;;0;1;1;0;0;0;0;1;0;+9;
CJ Elleby;Did Not Play;
Ben McLemore;Did Not Play;
Greg Brown III;Did Not Play;
Dennis Smith Jr.;Did Not Play;
Team Totals;240;40;82;.488;17;39;.436;13;15;.867;6;36;42;27;7;4;13;15;110;;
Home Advanced
CJ McCollum;40:55;.711;.711;.474;.000;0.0;13.6;7.2;26.0;0.0;0.0;17.4;26.6;117;117;1.5;
Damian Lillard;37:56;.154;.154;.462;.000;0.0;11.8;6.2;37.1;1.3;2.8;13.3;18.7;74;113;-11.1;
Robert Covington;33:34;.792;.792;.833;.000;0.0;16.6;8.7;0.0;1.5;0.0;14.3;19.7;115;113;1.6;
Norman Powell;32:16;.751;.679;.286;.429;0.0;6.9;3.6;10.6;3.1;3.2;5.7;25.8;141;109;9.8;
Jusuf Nurkić;23:04;.563;.500;.125;.250;10.7;33.9;22.8;19.7;4.4;0.0;10.1;20.2;123;103;1.5;
Anfernee Simons;21:16;.800;.800;.600;.000;0.0;5.2;2.8;8.5;0.0;4.9;9.1;24.4;128;115;7.0;
Larry Nance Jr.;17:43;.362;.000;.000;4.000;6.9;25.2;16.5;20.3;2.9;5.9;0.0;7.4;135;104;4.0;
Nassir Little;15:44;.810;.667;.333;1.000;7.8;21.3;14.9;0.0;0.0;0.0;18.8;16.0;138;115;-6.1;
Cody Zeller;10:54;;;;;22.6;41.0;32.2;11.0;0.0;0.0;100.0;4.3;122;112;-5.6;
Tony Snell;6:38;.000;.000;1.000;.000;0.0;16.8;8.8;0.0;0.0;0.0;0.0;14.2;0;116;-23.7;
CJ Elleby;Did Not Play;
Ben McLemore;Did Not Play;
Greg Brown III;Did Not Play;
Dennis Smith Jr.;Did Not Play;
Team Totals;240;.621;.591;.476;.183;15.4;83.7;51.2;67.5;7.4;8.7;12.8;100.0;116.2;112.0;;
