202111220WAS-OKC;ATL;OKC;False;7:00 PM, November 22, 2021;Capital One Arena, Washington, District of Columbia;2:18
101;
113;
Guest Basic
Miles Bridges;41:23;3;13;.231;0;4;.000;0;0;;1;4;5;2;1;0;2;1;6;+13;
LaMelo Ball;38:16;10;24;.417;3;9;.333;5;7;.714;1;12;13;7;3;1;6;1;28;+12;
Terry Rozier;35:03;11;19;.579;8;11;.727;2;2;1.000;0;2;2;4;2;0;1;3;32;+5;
Gordon Hayward;34:32;5;13;.385;2;2;1.000;4;4;1.000;1;4;5;2;1;1;0;4;16;+6;
Mason Plumlee;22:00;4;6;.667;0;0;;1;5;.200;0;4;4;3;1;2;0;6;9;+3;
Cody Martin;28:26;1;3;.333;1;1;1.000;0;2;.000;1;1;2;2;2;0;0;1;3;+5;
Kelly Oubre Jr.;22:24;3;7;.429;1;4;.250;0;0;;0;2;2;1;1;0;1;4;7;-10;
Nick Richards;9:21;3;4;.750;0;0;;1;2;.500;2;1;3;0;0;0;0;0;7;+1;
Jalen McDaniels;8:35;0;2;.000;0;0;;1;2;.500;0;0;0;0;0;0;0;2;1;-5;
Ish Smith;Did Not Play;
Kai Jones;Did Not Play;
James Bouknight;Did Not Play;
Team Totals;240;40;91;.440;15;31;.484;14;24;.583;6;30;36;21;11;4;10;22;109;;
Guest Advanced
Miles Bridges;41:23;.231;.231;.308;.000;2.3;9.3;5.7;6.4;1.1;0.0;13.3;15.6;52;108;-12.3;
LaMelo Ball;38:16;.517;.479;.375;.292;2.5;30.1;16.1;32.0;3.7;2.2;18.1;37.2;94;89;5.7;
Terry Rozier;35:03;.805;.789;.579;.105;0.0;5.5;2.7;22.0;2.7;0.0;4.8;25.6;148;106;17.5;
Gordon Hayward;34:32;.542;.462;.154;.308;2.7;11.1;6.9;8.4;1.4;2.4;0.0;18.4;117;105;0.8;
Mason Plumlee;22:00;.549;.667;.000;.833;0.0;17.5;8.6;20.9;2.2;7.7;0.0;16.0;119;98;3.9;
Cody Martin;28:26;.387;.500;.333;.667;3.3;3.4;3.3;8.8;3.3;0.0;0.0;5.9;106;106;-0.9;
Kelly Oubre Jr.;22:24;.500;.500;.571;.000;0.0;8.6;4.2;6.4;2.1;0.0;12.5;15.4;88;106;-6.0;
Nick Richards;9:21;.717;.750;.000;.500;20.1;10.3;15.2;0.0;0.0;0.0;0.0;22.5;151;110;6.5;
Jalen McDaniels;8:35;.174;.000;.000;1.000;0.0;0.0;0.0;0.0;0.0;0.0;0.0;14.4;38;116;-19.4;
Ish Smith;Did Not Play;
Kai Jones;Did Not Play;
James Bouknight;Did Not Play;
Team Totals;240;.537;.522;.341;.264;11.8;60.0;35.6;52.5;10.9;7.0;9.0;100.0;107.8;101.9;;
Home Basic
Bradley Beal;39:23;5;18;.278;2;7;.286;6;6;1.000;3;4;7;9;1;1;4;2;18;-5;
Kyle Kuzma;30:49;5;12;.417;1;4;.250;0;0;;3;10;13;5;0;1;4;3;11;-14;
Spencer Dinwiddie;29:52;2;12;.167;2;8;.250;2;2;1.000;0;4;4;3;0;0;0;2;8;-6;
Kentavious Caldwell-Pope;28:16;4;10;.400;2;6;.333;7;8;.875;2;1;3;1;4;0;0;2;17;-17;
Daniel Gafford;21:12;3;7;.429;0;0;;2;4;.500;3;7;10;0;0;2;2;5;8;-14;
Montrezl Harrell;26:48;10;13;.769;0;0;;4;5;.800;7;11;18;0;0;0;2;1;24;+8;
Deni Avdija;18:58;2;5;.400;1;3;.333;1;2;.500;0;4;4;1;0;2;1;2;6;+7;
Aaron Holiday;16:49;2;7;.286;1;4;.250;0;0;;1;2;3;3;1;0;2;1;5;+10;
Corey Kispert;16:28;1;5;.200;0;3;.000;0;0;;1;0;1;0;0;0;0;1;2;+5;
Raul Neto;11:25;2;5;.400;0;2;.000;0;0;;0;2;2;1;0;0;3;1;4;-4;
Isaiah Todd;Did Not Play;
Cassius Winston;Did Not Play;
Joel Ayayi;Did Not Play;
Anthony Gill;Did Not Play;
Team Totals;240;36;94;.383;9;37;.243;22;27;.815;20;45;65;23;6;6;18;20;103;;
Home Advanced
Bradley Beal;39:23;.436;.333;.389;.333;7.3;9.6;8.4;36.7;1.2;2.0;16.2;24.2;104;109;1.4;
Kyle Kuzma;30:49;.458;.458;.333;.000;9.3;30.5;20.0;27.6;0.0;2.6;25.0;20.1;91;107;-1.1;
Spencer Dinwiddie;29:52;.311;.250;.667;.167;0.0;12.6;6.4;14.7;0.0;0.0;0.0;16.7;95;113;-7.5;
Kentavious Caldwell-Pope;28:16;.629;.500;.600;.800;6.8;3.3;5.0;5.8;6.7;0.0;0.0;18.5;153;99;12.2;
Daniel Gafford;21:12;.457;.429;.000;.571;13.6;31.1;22.4;0.0;0.0;7.5;18.6;19.7;89;101;-7.5;
Montrezl Harrell;26:48;.789;.769;.000;.385;25.1;38.6;31.9;0.0;0.0;0.0;11.6;24.9;145;109;12.6;
Deni Avdija;18:58;.510;.500;.600;.400;0.0;19.8;10.0;8.2;0.0;8.4;14.5;14.1;100;103;0.0;
Aaron Holiday;16:49;.357;.357;.571;.000;5.7;11.2;8.5;28.3;2.8;0.0;22.2;20.7;81;107;-3.8;
Corey Kispert;16:28;.200;.200;.600;.000;5.8;0.0;2.9;0.0;0.0;0.0;0.0;11.8;64;115;-12.7;
Raul Neto;11:25;.400;.400;.400;.000;0.0;16.5;8.3;15.2;0.0;0.0;37.5;27.2;56;112;-18.8;
Isaiah Todd;Did Not Play;
Cassius Winston;Did Not Play;
Joel Ayayi;Did Not Play;
Anthony Gill;Did Not Play;
Team Totals;240;.486;.431;.394;.287;40.0;88.2;64.4;63.9;5.9;10.0;14.5;100.0;101.9;107.8;;
