202111240SAC-BRK;BOS;BRK;False;10:00 PM, November 24, 2021;Golden 1 Center, Sacramento, California;2:28
123;
104;
Guest Basic
Damian Lillard;39:49;7;18;.389;3;12;.250;15;16;.938;2;4;6;10;0;0;2;3;32;-1;
CJ McCollum;36:21;6;20;.300;1;6;.167;0;0;;4;1;5;6;1;0;4;5;13;-17;
Norman Powell;35:10;8;16;.500;5;10;.500;1;2;.500;0;2;2;0;2;0;1;3;22;-6;
Jusuf Nurkić;31:54;12;17;.706;0;2;.000;4;5;.800;3;14;17;5;1;0;2;6;28;-1;
Robert Covington;15:16;0;1;.000;0;0;;0;0;;0;0;0;0;0;0;1;0;0;-2;
Nassir Little;27:16;7;10;.700;2;3;.667;0;0;;2;1;3;1;1;1;1;3;16;-2;
Dennis Smith Jr.;19:51;1;5;.200;0;1;.000;1;2;.500;0;2;2;4;2;0;2;1;3;+10;
Larry Nance Jr.;19:34;2;5;.400;1;4;.250;0;0;;1;3;4;0;1;0;0;1;5;+8;
Cody Zeller;10:04;1;2;.500;0;0;;0;0;;1;3;4;1;1;0;0;4;2;-5;
Tony Snell;4:45;0;0;;0;0;;0;0;;0;0;0;0;0;0;0;0;0;-4;
Greg Brown III;Did Not Play;
Ben McLemore;Did Not Play;
Trendon Watford;Did Not Play;
CJ Elleby;Did Not Play;
Team Totals;240;44;94;.468;12;38;.316;21;25;.840;13;30;43;27;9;1;13;26;121;;
Guest Advanced
Damian Lillard;39:49;.639;.472;.667;.889;5.7;11.0;8.4;33.9;0.0;0.0;7.4;27.6;145;130;6.0;
CJ McCollum;36:21;.325;.325;.300;.000;12.6;3.0;7.7;22.0;1.3;0.0;16.7;26.9;82;129;-14.0;
Norman Powell;35:10;.652;.656;.625;.125;0.0;6.2;3.2;0.0;2.7;0.0;5.6;20.7;123;125;0.3;
Jusuf Nurkić;31:54;.729;.706;.118;.294;10.7;47.9;29.7;29.0;1.5;0.0;9.4;27.0;144;115;10.5;
Robert Covington;15:16;.000;.000;.000;.000;0.0;0.0;0.0;0.0;0.0;0.0;50.0;5.3;0;133;-14.2;
Nassir Little;27:16;.800;.800;.300;.000;8.4;4.0;6.1;5.6;1.8;3.3;9.1;16.4;147;126;4.1;
Dennis Smith Jr.;19:51;.255;.200;.200;.400;0.0;11.0;5.6;23.3;4.8;0.0;25.4;16.1;68;119;-9.2;
Larry Nance Jr.;19:34;.500;.500;.800;.000;5.8;16.7;11.4;0.0;2.5;0.0;0.0;10.4;117;123;-4.5;
Cody Zeller;10:04;.500;.500;.000;.000;11.4;32.5;22.2;12.2;4.8;0.0;0.0;8.1;141;111;-3.4;
Tony Snell;4:45;;;;;0.0;0.0;0.0;0.0;0.0;0.0;;0.0;0;133;-7.9;
Greg Brown III;Did Not Play;
Ben McLemore;Did Not Play;
Trendon Watford;Did Not Play;
CJ Elleby;Did Not Play;
Team Totals;240;.576;.532;.404;.266;31.0;68.2;50.0;61.4;9.0;1.9;11.0;100.0;121.0;124.9;;
Home Basic
Tyrese Haliburton;32:46;2;9;.222;1;6;.167;1;2;.500;1;3;4;6;3;1;2;0;6;+5;
Harrison Barnes;28:54;4;7;.571;1;3;.333;4;7;.571;0;3;3;1;0;0;1;0;13;+5;
De'Aaron Fox;27:29;8;13;.615;1;3;.333;4;4;1.000;0;2;2;6;1;0;5;3;21;+5;
Maurice Harkless;24:17;5;9;.556;1;4;.250;1;2;.500;1;3;4;0;0;1;1;1;12;+8;
Alex Len;17:14;5;6;.833;1;2;.500;1;1;1.000;0;3;3;2;0;1;0;4;12;+14;
Davion Mitchell;30:08;6;11;.545;0;1;.000;4;6;.667;2;0;2;3;0;0;0;4;16;-8;
Buddy Hield;29:45;6;15;.400;5;11;.455;5;6;.833;0;4;4;0;0;1;3;0;22;+2;
Marvin Bagley III;18:41;4;6;.667;2;3;.667;0;1;.000;3;5;8;0;0;0;2;3;10;-1;
Damian Jones;18:22;3;5;.600;0;0;;3;5;.600;3;2;5;2;0;0;0;4;9;+6;
Tristan Thompson;12:24;2;5;.400;0;0;;0;0;;4;4;8;1;0;0;0;2;4;-16;
Louis King;Did Not Play;
Chimezie Metu;Did Not Play;
Terence Davis;Did Not Play;
Team Totals;240;45;86;.523;12;33;.364;23;34;.676;14;29;43;21;4;4;14;21;125;;
Home Advanced
Tyrese Haliburton;32:46;.304;.278;.667;.222;3.3;10.5;6.8;20.9;4.4;2.6;16.8;15.1;89;114;-2.0;
Harrison Barnes;28:54;.645;.643;.429;1.000;0.0;11.9;5.8;4.3;0.0;0.0;9.0;16.0;125;125;-2.6;
De'Aaron Fox;27:29;.711;.654;.231;.308;0.0;8.3;4.1;33.8;1.7;0.0;25.3;30.0;118;122;1.0;
Maurice Harkless;24:17;.607;.611;.444;.222;4.5;14.1;9.2;0.0;0.0;3.5;9.2;18.7;117;122;-2.0;
Alex Len;17:14;.932;.917;.333;.167;0.0;19.9;9.7;17.9;0.0;5.0;0.0;15.6;194;119;11.8;
Davion Mitchell;30:08;.587;.545;.091;.545;7.2;0.0;3.7;13.5;0.0;0.0;0.0;18.9;141;128;-2.7;
Buddy Hield;29:45;.624;.567;.733;.400;0.0;15.4;7.5;0.0;0.0;2.9;14.5;29.0;112;122;-1.0;
Marvin Bagley III;18:41;.776;.833;.500;.167;17.5;30.6;23.9;0.0;0.0;0.0;23.7;18.9;122;119;-1.3;
Damian Jones;18:22;.625;.600;.000;1.000;17.8;12.4;15.2;14.1;0.0;0.0;0.0;16.4;154;124;0.1;
Tristan Thompson;12:24;.400;.400;.000;.000;35.2;36.9;36.0;10.4;0.0;0.0;0.0;16.8;132;117;-3.9;
Louis King;Did Not Play;
Chimezie Metu;Did Not Play;
Terence Davis;Did Not Play;
Team Totals;240;.619;.593;.384;.395;31.8;69.0;50.0;46.7;4.0;7.1;12.2;100.0;124.9;121.0;;
