202111060DAL-PHI;CHI;PHI;False;8:30 PM, November 6, 2021;American Airlines Center, Dallas, Texas;2:07
114;
105;
Guest Basic
Dennis Schröder;38:46;9;22;.409;1;6;.167;1;1;1.000;1;3;4;6;0;0;1;1;20;0;
Jayson Tatum;38:27;12;19;.632;6;8;.750;2;2;1.000;1;10;11;2;2;1;4;4;32;+5;
Marcus Smart;36:20;2;5;.400;1;3;.333;2;4;.500;0;2;2;6;1;0;2;2;7;-2;
Robert Williams;33:23;7;8;.875;0;0;;2;5;.400;4;4;8;0;1;0;1;1;16;+2;
Al Horford;26:03;5;11;.455;0;4;.000;4;4;1.000;1;3;4;3;0;0;0;3;14;-4;
Josh Richardson;30:35;6;12;.500;1;3;.333;0;0;;0;2;2;3;0;1;0;0;13;-8;
Aaron Nesmith;20:48;0;5;.000;0;4;.000;0;0;;0;3;3;0;2;0;2;2;0;-12;
Payton Pritchard;10:45;1;3;.333;0;2;.000;0;0;;0;0;0;0;0;0;0;1;2;+2;
Grant Williams;4:53;0;1;.000;0;1;.000;0;0;;1;1;2;0;0;0;1;0;0;+2;
Juancho Hernangómez;Did Not Play;
Jabari Parker;Did Not Play;
Romeo Langford;Did Not Play;
Enes Freedom;Did Not Play;
Bruno Fernando;Did Not Play;
Team Totals;240;42;86;.488;9;31;.290;11;16;.688;8;28;36;20;6;2;11;14;104;;
Guest Advanced
Dennis Schröder;38:46;.446;.432;.273;.045;3.0;10.6;6.5;24.1;0.0;0.0;4.3;27.9;102;121;-1.8;
Jayson Tatum;38:27;.805;.789;.421;.105;3.0;35.7;18.1;9.2;2.7;3.2;16.8;28.7;130;108;15.2;
Marcus Smart;36:20;.518;.500;.600;.800;0.0;7.5;3.5;20.1;1.4;0.0;22.8;11.1;104;118;-2.4;
Robert Williams;33:23;.784;.875;.000;.625;14.0;16.4;15.1;0.0;1.6;0.0;8.9;15.5;148;116;4.4;
Al Horford;26:03;.549;.455;.364;.364;4.5;15.8;9.7;16.9;0.0;0.0;0.0;22.6;127;120;2.6;
Josh Richardson;30:35;.542;.542;.250;.000;0.0;9.0;4.1;14.5;0.0;4.0;0.0;18.1;119;119;3.5;
Aaron Nesmith;20:48;.000;.000;.800;.000;0.0;19.8;9.1;0.0;5.0;0.0;28.6;15.5;0;108;-14.7;
Payton Pritchard;10:45;.333;.333;.667;.000;0.0;0.0;0.0;0.0;0.0;0.0;0.0;12.9;70;123;-11.8;
Grant Williams;4:53;.000;.000;1.000;.000;24.0;28.1;25.9;0.0;0.0;0.0;50.0;18.9;36;118;-18.8;
Juancho Hernangómez;Did Not Play;
Jabari Parker;Did Not Play;
Romeo Langford;Did Not Play;
Enes Freedom;Did Not Play;
Bruno Fernando;Did Not Play;
Team Totals;240;.559;.541;.360;.186;19.5;80.0;47.4;47.6;6.5;5.1;10.6;100.0;112.5;115.7;;
Home Basic
Luka Dončić;35:04;12;21;.571;5;10;.500;4;4;1.000;1;8;9;5;0;1;6;4;33;+10;
Tim Hardaway Jr.;34:49;3;8;.375;0;4;.000;1;2;.500;0;2;2;3;0;0;1;1;7;0;
Dorian Finney-Smith;30:06;3;6;.500;3;5;.600;0;0;;2;2;4;2;0;1;1;2;9;+5;
Kristaps Porziņģis;27:53;7;13;.538;0;3;.000;7;8;.875;4;3;7;2;2;1;1;2;21;-4;
Dwight Powell;22:37;2;2;1.000;0;0;;0;0;;0;6;6;0;1;3;1;2;4;+1;
Jalen Brunson;34:36;6;12;.500;1;6;.167;0;0;;0;5;5;5;1;0;2;4;13;+1;
Reggie Bullock;26:05;5;11;.455;3;8;.375;0;0;;0;3;3;1;1;0;2;1;13;+2;
Frank Ntilikina;12:56;2;3;.667;1;2;.500;0;0;;0;2;2;1;0;0;1;2;5;-7;
Willie Cauley-Stein;8:30;0;0;;0;0;;0;0;;0;0;0;0;1;0;0;0;0;+7;
Sterling Brown;7:24;1;2;.500;0;1;.000;0;0;;0;2;2;0;1;0;0;0;2;0;
Moses Brown;Did Not Play;
Boban Marjanović;Did Not Play;
Eugene Omoruyi;Did Not Play;
Josh Green;Did Not Play;
Trey Burke;Did Not Play;
Team Totals;240;41;78;.526;13;39;.333;12;14;.857;7;33;40;19;7;6;15;18;107;;
Home Advanced
Luka Dončić;35:04;.725;.690;.476;.190;3.9;26.7;16.2;27.9;0.0;2.5;20.9;39.7;120;113;8.1;
Tim Hardaway Jr.;34:49;.394;.375;.500;.250;0.0;6.7;3.6;11.2;0.0;0.0;10.1;13.7;90;119;-7.2;
Dorian Finney-Smith;30:06;.750;.750;.833;.000;9.1;7.8;8.4;8.8;0.0;2.9;14.3;11.3;143;117;4.1;
Kristaps Porziņģis;27:53;.636;.538;.231;.615;19.7;12.6;15.9;11.9;3.7;3.1;5.7;30.4;138;107;8.3;
Dwight Powell;22:37;1.000;1.000;.000;.000;0.0;31.1;16.8;0.0;2.3;11.6;33.3;6.4;117;100;4.3;
Jalen Brunson;34:36;.542;.542;.500;.000;0.0;16.9;9.1;21.2;1.5;0.0;14.3;19.6;109;114;-3.0;
Reggie Bullock;26:05;.591;.591;.727;.000;0.0;13.5;7.3;5.8;2.0;0.0;15.4;24.1;100;114;-0.7;
Frank Ntilikina;12:56;.833;.833;.667;.000;0.0;18.1;9.8;11.1;0.0;0.0;25.0;15.0;124;117;-0.9;
Willie Cauley-Stein;8:30;;;;;0.0;0.0;0.0;0.0;6.1;0.0;;0.0;0;108;3.0;
Sterling Brown;7:24;.500;.500;.500;.000;0.0;31.6;17.1;0.0;7.0;0.0;0.0;13.1;102;100;4.5;
Moses Brown;Did Not Play;
Boban Marjanović;Did Not Play;
Eugene Omoruyi;Did Not Play;
Josh Green;Did Not Play;
Trey Burke;Did Not Play;
Team Totals;240;.636;.609;.500;.179;20.0;80.5;52.6;46.3;7.6;10.9;15.1;100.0;115.7;112.5;;
