202111260CHO-MIN;CHO;MIN;False;7:00 PM, November 26, 2021;Spectrum Center, Charlotte, North Carolina;2:04
115;
133;
Guest Basic
Karl-Anthony Towns;30:57;9;18;.500;1;3;.333;6;7;.857;2;5;7;6;1;0;3;3;25;-12;
D'Angelo Russell;28:28;8;15;.533;1;4;.250;1;2;.500;1;5;6;5;0;0;2;2;18;-7;
Anthony Edwards;27:31;4;9;.444;1;4;.250;2;3;.667;1;4;5;2;1;0;2;2;11;-15;
Jarred Vanderbilt;24:04;2;5;.400;0;0;;1;2;.500;1;7;8;0;2;1;1;2;5;+5;
Jaden McDaniels;21:32;2;7;.286;0;4;.000;0;0;;3;3;6;0;0;1;2;3;4;-19;
Malik Beasley;27:03;6;14;.429;5;11;.455;1;1;1.000;0;0;0;1;0;0;1;2;18;-14;
Taurean Prince;19:31;3;6;.500;2;4;.500;0;0;;2;1;3;1;2;2;0;1;8;-14;
Jordan McLaughlin;15:07;1;3;.333;0;1;.000;0;0;;0;0;0;4;1;0;0;0;2;-13;
Naz Reid;13:39;1;6;.167;0;0;;3;4;.750;2;4;6;1;1;1;0;2;5;-14;
Josh Okogie;12:28;2;3;.667;0;1;.000;0;0;;0;0;0;1;0;0;0;1;4;-4;
Jaylen Nowell;6:53;4;9;.444;1;2;.500;0;0;;0;0;0;1;0;0;0;0;9;+4;
Jake Layman;6:53;1;1;1.000;0;0;;0;0;;1;1;2;0;0;1;1;0;2;+4;
Leandro Bolmaro;3:55;1;3;.333;0;1;.000;0;0;;2;0;2;2;0;0;0;2;2;+4;
Nathan Knight;1:54;1;1;1.000;0;0;;0;0;;0;0;0;0;0;0;0;0;2;+5;
Team Totals;240;45;100;.450;11;35;.314;14;19;.737;15;30;45;24;8;6;12;20;115;;
Guest Advanced
Karl-Anthony Towns;30:57;.593;.528;.167;.389;6.0;21.0;12.2;30.0;1.5;0.0;12.5;31.0;120;132;5.3;
D'Angelo Russell;28:28;.567;.567;.267;.133;3.2;22.8;11.4;26.8;0.0;0.0;11.2;25.0;115;136;-2.5;
Anthony Edwards;27:31;.533;.500;.444;.333;3.4;18.9;9.8;9.2;1.7;0.0;16.2;17.9;101;132;-6.4;
Jarred Vanderbilt;24:04;.425;.400;.000;.400;3.8;37.7;17.9;0.0;3.9;4.2;14.5;11.4;83;121;-5.7;
Jaden McDaniels;21:32;.286;.286;.571;.000;12.9;18.1;15.0;0.0;0.0;4.6;22.2;16.7;66;133;-16.0;
Malik Beasley;27:03;.623;.607;.786;.071;0.0;0.0;0.0;5.2;0.0;0.0;6.5;22.8;122;139;-1.5;
Taurean Prince;19:31;.667;.667;.667;.000;9.5;6.6;8.3;6.5;4.8;10.2;0.0;12.3;151;118;10.6;
Jordan McLaughlin;15:07;.333;.333;.333;.000;0.0;0.0;0.0;30.4;3.1;0.0;0.0;7.9;121;131;-2.7;
Naz Reid;13:39;.322;.167;.000;.667;13.5;38.0;23.7;8.5;3.5;7.3;0.0;22.7;95;119;-5.3;
Josh Okogie;12:28;.667;.667;.333;.000;0.0;0.0;0.0;10.3;0.0;0.0;0.0;9.6;145;139;-4.4;
Jake Layman;6:53;1.000;1.000;.000;.000;13.4;18.8;15.7;0.0;0.0;14.5;50.0;11.6;99;125;0.4;
Jaylen Nowell;6:53;.500;.500;.222;.000;0.0;0.0;0.0;40.8;0.0;0.0;0.0;52.1;105;139;5.0;
Leandro Bolmaro;3:55;.333;.333;.333;.000;47.1;0.0;27.5;74.9;0.0;0.0;0.0;30.5;124;138;1.9;
Nathan Knight;1:54;1.000;1.000;.000;.000;0.0;0.0;0.0;0.0;0.0;0.0;0.0;21.0;200;139;12.9;
Team Totals;240;.531;.505;.350;.190;28.8;81.1;50.6;53.3;7.9;12.5;10.0;100.0;112.9;130.6;;
Home Basic
LaMelo Ball;29:07;4;10;.400;0;3;.000;2;3;.667;1;5;6;13;1;0;4;2;10;+9;
Terry Rozier;28:51;6;9;.667;3;3;1.000;0;0;;0;3;3;2;2;1;1;0;15;+7;
Gordon Hayward;27:14;7;13;.538;2;5;.400;2;3;.667;2;4;6;6;0;3;5;2;18;+13;
Miles Bridges;25:53;5;9;.556;3;4;.750;5;6;.833;2;5;7;1;1;1;1;5;18;+9;
P.J. Washington;24:15;6;12;.500;5;7;.714;0;0;;0;6;6;1;0;0;2;5;17;+9;
Cody Martin;27:31;3;5;.600;0;1;.000;0;0;;0;3;3;6;1;1;0;0;6;+19;
Kelly Oubre Jr.;26:53;10;17;.588;7;13;.538;0;0;;0;1;1;0;0;0;0;2;27;+21;
Jalen McDaniels;23:06;5;7;.714;3;4;.750;1;1;1.000;2;6;8;1;0;0;0;1;14;+14;
Nick Richards;14:30;1;2;.500;0;0;;0;0;;0;3;3;0;0;1;1;4;2;0;
Ish Smith;5:37;1;2;.500;0;0;;0;0;;0;0;0;0;0;0;1;0;2;-3;
James Bouknight;3:55;0;1;.000;0;0;;2;2;1.000;0;0;0;2;0;0;0;0;2;-4;
Kai Jones;3:05;1;1;1.000;0;0;;0;0;;0;1;1;0;0;0;0;0;2;-4;
Team Totals;240;49;88;.557;23;40;.575;12;15;.800;7;37;44;32;5;7;15;21;133;;
Home Advanced
LaMelo Ball;29:07;.442;.400;.300;.300;4.5;15.9;11.1;50.5;1.6;0.0;26.1;23.0;115;112;-1.9;
Terry Rozier;28:51;.833;.833;.333;.000;0.0;9.6;5.6;8.5;3.3;2.6;10.0;15.2;144;110;7.0;
Gordon Hayward;27:14;.628;.615;.385;.231;9.5;13.6;11.9;28.8;0.0;8.1;25.9;31.1;111;111;1.4;
Miles Bridges;25:53;.773;.722;.444;.667;10.0;17.8;14.6;4.7;1.8;2.9;7.9;21.4;149;109;3.9;
P.J. Washington;24:15;.708;.708;.583;.000;0.0;22.8;13.3;5.3;0.0;0.0;14.3;25.3;111;113;-3.0;
Cody Martin;27:31;.600;.600;.200;.000;0.0;10.1;5.9;23.9;1.7;2.7;0.0;8.0;163;113;5.5;
Kelly Oubre Jr.;26:53;.794;.794;.765;.000;0.0;3.4;2.0;0.0;0.0;0.0;0.0;27.7;143;120;6.2;
Jalen McDaniels;23:06;.941;.929;.571;.143;11.2;24.0;18.7;5.4;0.0;0.0;0.0;14.1;189;113;8.5;
Nick Richards;14:30;.500;.500;.000;.000;0.0;19.1;11.2;0.0;0.0;5.1;33.3;9.1;60;111;-12.0;
Ish Smith;5:37;.500;.500;.000;.000;0.0;0.0;0.0;0.0;0.0;0.0;33.3;23.4;60;122;-18.7;
James Bouknight;3:55;.532;.000;.000;2.000;0.0;0.0;0.0;50.0;0.0;0.0;0.0;21.0;159;122;9.1;
Kai Jones;3:05;1.000;1.000;.000;.000;0.0;29.9;17.5;0.0;0.0;0.0;0.0;14.2;200;111;6.1;
Team Totals;240;.703;.688;.455;.170;18.9;71.2;49.4;65.3;4.9;10.8;13.7;100.0;130.6;112.9;;
