202111200POR-CHO;ATL;CHO;False;10:00 PM, November 20, 2021;Moda Center, Portland, Oregon;2:16
105;
115;
Guest Basic
Tobias Harris;36:12;11;21;.524;2;4;.500;4;5;.800;0;8;8;3;0;0;5;1;28;+3;
Tyrese Maxey;35:11;9;17;.529;1;4;.250;9;9;1.000;0;3;3;9;2;0;0;3;28;-4;
Georges Niang;34:49;6;11;.545;3;6;.500;0;0;;0;4;4;2;0;1;0;5;15;-3;
Seth Curry;32:38;3;10;.300;2;6;.333;2;3;.667;1;1;2;3;1;0;3;5;10;-6;
Andre Drummond;22:51;3;3;1.000;0;0;;0;0;;0;4;4;3;1;1;0;4;6;-8;
Furkan Korkmaz;21:19;0;4;.000;0;4;.000;0;0;;0;1;1;1;2;0;1;1;0;-4;
Matisse Thybulle;21:07;3;5;.600;1;2;.500;2;2;1.000;1;0;1;0;1;1;1;3;9;-6;
Shake Milton;16:03;3;7;.429;0;1;.000;0;0;;1;2;3;2;0;0;1;0;6;-6;
Charles Bassey;14:25;2;2;1.000;0;0;;2;2;1.000;0;6;6;0;0;1;0;2;6;-6;
Isaiah Joe;5:25;1;1;1.000;1;1;1.000;0;0;;0;0;0;1;0;0;0;0;3;+5;
Paul Reed;Did Not Play;
Team Totals;240;41;81;.506;10;28;.357;19;21;.905;3;29;32;24;7;4;11;24;111;;
Guest Advanced
Tobias Harris;36:12;.603;.571;.190;.238;0.0;31.2;15.2;15.1;0.0;0.0;17.7;36.9;97;127;-5.0;
Tyrese Maxey;35:11;.668;.559;.235;.529;0.0;12.0;5.8;42.8;2.8;0.0;0.0;28.2;146;122;10.6;
Georges Niang;34:49;.682;.682;.545;.000;0.0;16.2;7.9;8.4;0.0;3.0;0.0;15.0;131;126;-1.0;
Seth Curry;32:38;.442;.400;.600;.300;4.1;4.3;4.2;12.1;1.5;0.0;20.9;20.8;81;127;-12.1;
Andre Drummond;22:51;1.000;1.000;.000;.000;0.0;24.7;12.0;18.2;2.2;4.6;0.0;6.2;207;119;5.3;
Furkan Korkmaz;21:19;.000;.000;1.000;.000;0.0;6.6;3.2;5.5;4.7;0.0;20.0;11.1;13;119;-12.6;
Matisse Thybulle;21:07;.765;.700;.400;.400;6.3;0.0;3.2;0.0;2.4;4.9;14.5;15.4;130;121;-0.2;
Shake Milton;16:03;.429;.429;.143;.000;8.3;17.6;12.8;18.7;0.0;0.0;12.5;23.6;90;129;-8.9;
Charles Bassey;14:25;1.042;1.000;.000;1.000;0.0;58.8;28.5;0.0;0.0;7.2;0.0;9.5;219;117;3.6;
Isaiah Joe;5:25;1.500;1.500;1.000;.000;0.0;0.0;0.0;27.6;0.0;0.0;0.0;8.8;276;131;17.4;
Paul Reed;Did Not Play;
Team Totals;240;.615;.568;.346;.259;8.3;85.3;45.7;58.5;7.3;8.7;10.9;100.0;115.8;123.1;;
Home Basic
Damian Lillard;37:01;10;21;.476;5;13;.385;14;14;1.000;0;0;0;7;0;3;4;1;39;+9;
CJ McCollum;36:51;7;17;.412;4;9;.444;0;0;;0;6;6;5;1;0;3;2;18;-3;
Norman Powell;29:26;6;11;.545;1;1;1.000;4;4;1.000;0;1;1;2;0;0;1;2;17;+10;
Robert Covington;28:59;2;4;.500;2;3;.667;0;0;;0;6;6;3;0;3;0;4;6;+10;
Jusuf Nurkić;23:01;5;6;.833;1;1;1.000;0;0;;1;10;11;3;2;1;1;4;11;+7;
Larry Nance Jr.;22:21;3;5;.600;0;0;;1;1;1.000;2;3;5;0;2;0;0;3;7;-3;
Anfernee Simons;22:16;2;7;.286;1;4;.250;4;4;1.000;0;2;2;3;0;0;1;0;9;+8;
Nassir Little;21:37;5;7;.714;1;2;.500;0;0;;2;2;4;0;0;0;2;3;11;-6;
Tony Snell;10:18;0;1;.000;0;1;.000;0;0;;0;1;1;0;0;0;0;2;0;-5;
Cody Zeller;8:10;0;1;.000;0;0;;0;0;;0;2;2;0;1;0;0;0;0;+8;
Dennis Smith Jr.;Did Not Play;
Greg Brown III;Did Not Play;
CJ Elleby;Did Not Play;
Ben McLemore;Did Not Play;
Team Totals;240;40;80;.500;15;34;.441;23;23;1.000;5;33;38;23;6;7;12;21;118;;
Home Advanced
Damian Lillard;37:01;.718;.595;.619;.667;0.0;0.0;0.0;33.6;0.0;7.3;12.8;39.6;134;115;11.0;
CJ McCollum;36:51;.529;.529;.529;.000;0.0;21.7;11.2;21.1;1.4;0.0;15.0;25.5;98;118;-4.9;
Norman Powell;29:26;.666;.591;.091;.364;0.0;4.5;2.3;10.8;0.0;0.0;7.3;22.0;128;122;-4.0;
Robert Covington;28:59;.750;.750;.750;.000;0.0;27.6;14.2;13.5;0.0;9.4;0.0;6.5;162;111;4.9;
Jusuf Nurkić;23:01;.917;.917;.167;.000;6.1;57.9;32.8;21.2;4.4;3.9;14.3;14.3;162;105;11.7;
Larry Nance Jr.;22:21;.643;.600;.000;.200;12.6;17.9;15.3;0.0;4.5;0.0;0.0;11.4;145;111;-1.1;
Anfernee Simons;22:16;.514;.357;.571;.571;0.0;12.0;6.2;18.1;0.0;0.0;10.2;20.6;110;122;-6.9;
Nassir Little;21:37;.786;.786;.286;.000;13.1;12.3;12.7;0.0;0.0;0.0;22.2;19.6;120;122;-5.7;
Tony Snell;10:18;.000;.000;1.000;.000;0.0;12.9;6.7;0.0;0.0;0.0;0.0;4.6;0;122;-14.1;
Cody Zeller;8:10;.000;.000;.000;.000;0.0;32.7;16.8;0.0;6.1;0.0;0.0;5.8;0;107;-5.8;
Dennis Smith Jr.;Did Not Play;
Greg Brown III;Did Not Play;
CJ Elleby;Did Not Play;
Ben McLemore;Did Not Play;
Team Totals;240;.655;.594;.425;.288;14.7;91.7;54.3;57.5;6.3;13.2;11.8;100.0;123.1;115.8;;
