202111120HOU-MIL;BOS;MIL;False;8:00 PM, November 12, 2021;Toyota Center, Houston, Texas;2:13
113;
122;
Guest Basic
CJ McCollum;39:01;7;21;.333;1;4;.250;2;2;1.000;1;7;8;5;2;0;0;3;17;+4;
Damian Lillard;38:09;6;16;.375;4;9;.444;4;5;.800;0;6;6;7;0;1;2;1;20;0;
Jusuf Nurkić;29:12;1;3;.333;0;0;;10;10;1.000;3;6;9;2;3;1;3;3;12;+4;
Norman Powell;24:47;3;9;.333;0;2;.000;1;2;.500;0;3;3;1;1;0;1;3;7;-3;
Robert Covington;22:17;2;8;.250;2;7;.286;0;0;;1;3;4;0;1;1;0;3;6;-3;
Nassir Little;27:46;6;10;.600;1;4;.250;0;1;.000;1;13;14;2;2;1;1;3;13;+15;
Larry Nance Jr.;20:04;3;7;.429;0;2;.000;3;5;.600;2;2;4;2;1;0;1;2;9;+9;
Anfernee Simons;18:50;3;9;.333;2;6;.333;0;0;;2;0;2;1;0;0;4;2;8;+20;
Tony Snell;11:24;1;2;.500;1;2;.500;0;0;;1;1;2;1;0;0;0;5;3;+13;
Cody Zeller;8:29;2;2;1.000;0;0;;5;6;.833;0;0;0;0;0;0;1;2;9;+1;
Ben McLemore;Did Not Play;
Greg Brown III;Did Not Play;
CJ Elleby;Did Not Play;
Dennis Smith Jr.;Did Not Play;
Team Totals;240;34;87;.391;11;36;.306;25;31;.806;11;41;52;21;10;4;13;27;104;;
Guest Advanced
CJ McCollum;39:01;.388;.357;.190;.095;2.4;17.2;9.7;24.2;2.5;0.0;0.0;23.7;95;93;-0.9;
Damian Lillard;38:09;.549;.500;.563;.313;0.0;15.1;7.5;33.3;0.0;2.4;9.9;22.4;112;97;3.9;
Jusuf Nurkić;29:12;.811;.333;.000;3.333;9.7;19.7;14.6;10.2;5.0;3.1;28.8;15.0;134;84;5.4;
Norman Powell;24:47;.354;.333;.222;.222;0.0;11.6;5.8;6.9;1.9;0.0;9.2;18.5;71;95;-9.6;
Robert Covington;22:17;.375;.375;.875;.000;4.2;12.9;8.5;0.0;2.2;4.1;0.0;15.2;84;91;-3.1;
Nassir Little;27:46;.623;.650;.400;.100;3.4;44.9;24.0;14.6;3.5;3.3;8.7;17.4;116;81;8.6;
Larry Nance Jr.;20:04;.489;.429;.286;.714;9.4;9.6;9.5;17.8;2.4;0.0;9.8;21.5;106;95;0.2;
Anfernee Simons;18:50;.444;.444;.667;.000;10.0;0.0;5.0;9.7;0.0;0.0;30.8;29.2;69;102;-12.7;
Tony Snell;11:24;.750;.750;1.000;.000;8.3;8.4;8.3;14.1;0.0;0.0;0.0;7.4;166;98;-1.9;
Cody Zeller;8:29;.970;1.000;.000;3.000;0.0;0.0;0.0;0.0;0.0;0.0;17.7;28.1;157;102;7.7;
Ben McLemore;Did Not Play;
Greg Brown III;Did Not Play;
CJ Elleby;Did Not Play;
Dennis Smith Jr.;Did Not Play;
Team Totals;240;.517;.454;.414;.356;21.6;82.0;51.5;61.8;10.0;7.5;11.4;100.0;104.4;92.4;;
Home Basic
Christian Wood;36:47;4;15;.267;0;6;.000;0;1;.000;2;13;15;1;0;1;0;1;8;-9;
Jalen Green;30:59;3;9;.333;1;2;.500;2;2;1.000;0;6;6;2;0;0;6;1;9;-18;
Kevin Porter Jr.;29:16;7;14;.500;1;4;.250;3;7;.429;2;3;5;5;0;0;1;5;18;+9;
Daniel Theis;28:54;4;9;.444;1;5;.200;0;0;;2;3;5;1;1;1;1;5;9;+6;
Jae'Sean Tate;24:35;5;10;.500;1;4;.250;3;4;.750;1;5;6;1;1;0;2;5;14;-1;
Eric Gordon;32:35;4;12;.333;1;7;.143;2;4;.500;1;2;3;1;2;3;1;3;11;-9;
Alperen Şengün;18:40;4;6;.667;1;1;1.000;3;4;.750;1;3;4;0;0;1;1;2;12;-18;
Danuel House Jr.;15:33;1;5;.200;0;1;.000;3;4;.750;0;3;3;1;1;0;1;1;5;-7;
Kenyon Martin Jr.;14:59;2;4;.500;1;1;1.000;1;1;1.000;0;1;1;1;1;0;0;0;6;-10;
D.J. Augustin;5:12;0;1;.000;0;1;.000;0;0;;0;0;0;0;0;0;0;0;0;+1;
Josh Christopher;2:29;0;0;;0;0;;0;0;;0;1;1;0;0;0;0;0;0;-4;
David Nwaba;Did Not Play;
Armoni Brooks;Did Not Play;
Usman Garuba;Did Not Play;
Team Totals;240;34;85;.400;7;32;.219;17;27;.630;9;40;49;13;6;6;13;23;92;;
Home Advanced
Christian Wood;36:47;.259;.267;.400;.067;5.2;33.3;19.4;4.5;0.0;2.6;0.0;18.3;65;101;-7.7;
Jalen Green;30:59;.455;.389;.222;.222;0.0;18.2;9.2;10.6;0.0;0.0;37.8;22.4;61;108;-12.5;
Kevin Porter Jr.;29:16;.527;.536;.286;.500;6.6;9.6;8.1;36.4;0.0;0.0;5.5;27.0;114;111;2.2;
Daniel Theis;28:54;.500;.500;.556;.000;6.6;9.8;8.2;6.1;1.7;3.3;10.0;15.1;101;105;-2.7;
Jae'Sean Tate;24:35;.595;.550;.400;.400;3.9;19.1;11.6;8.1;2.0;0.0;14.5;24.5;107;103;-0.6;
Eric Gordon;32:35;.400;.375;.583;.333;2.9;5.8;4.4;5.2;3.0;8.7;6.8;19.8;83;100;0.2;
Alperen Şengün;18:40;.773;.750;.167;.667;5.1;15.1;10.2;0.0;0.0;5.0;11.4;20.5;138;106;5.5;
Danuel House Jr.;15:33;.370;.200;.200;.800;0.0;18.2;9.2;10.0;3.1;0.0;12.9;21.8;74;101;-5.2;
Kenyon Martin Jr.;14:59;.676;.625;.250;.250;0.0;6.3;3.2;11.6;3.2;0.0;0.0;12.9;144;105;6.9;
D.J. Augustin;5:12;.000;.000;1.000;.000;0.0;0.0;0.0;0.0;0.0;0.0;0.0;8.4;0;114;-16.0;
Josh Christopher;2:29;;;;;0.0;37.9;19.1;0.0;0.0;0.0;;0.0;0;101;-6.9;
David Nwaba;Did Not Play;
Armoni Brooks;Did Not Play;
Usman Garuba;Did Not Play;
Team Totals;240;.475;.441;.376;.318;18.0;78.4;48.5;38.2;6.0;11.8;11.8;100.0;92.4;104.4;;
