202111080DAL-BRK;CHI;BRK;False;8:30 PM, November 8, 2021;American Airlines Center, Dallas, Texas;2:05
95;
118;
Guest Basic
Nickeil Alexander-Walker;38:13;8;20;.400;2;11;.182;0;0;;0;1;1;4;1;0;2;1;18;-1;
Josh Hart;37:30;8;13;.615;1;2;.500;5;6;.833;1;5;6;5;1;0;3;3;22;+5;
Garrett Temple;34:35;5;9;.556;2;4;.500;0;0;;1;5;6;3;3;0;1;4;12;+2;
Jonas Valančiūnas;33:48;10;16;.625;2;3;.667;0;0;;1;10;11;3;1;0;3;4;22;-6;
Devonte' Graham;32:52;2;8;.250;2;7;.286;2;2;1.000;0;0;0;10;1;0;1;0;8;+10;
Tomáš Satoranský;18:17;0;4;.000;0;0;;0;0;;1;4;5;2;0;0;0;0;0;-21;
Jaxson Hayes;14:12;4;7;.571;0;0;;2;3;.667;2;1;3;0;0;0;0;3;10;-10;
Naji Marshall;13:19;0;5;.000;0;2;.000;0;0;;2;3;5;0;0;0;2;0;0;-25;
Trey Murphy III;10:36;0;2;.000;0;2;.000;0;0;;0;1;1;0;0;0;1;1;0;-14;
Kira Lewis Jr.;6:38;0;3;.000;0;3;.000;0;0;;1;0;1;0;0;0;0;0;0;-20;
Didi Louzada;Did Not Play;
Jose Alvarado;Did Not Play;
Willy Hernangómez;Did Not Play;
Brandon Ingram;Did Not Dress;
Herbert Jones;Did Not Dress;
Team Totals;240;37;87;.425;9;34;.265;9;11;.818;9;30;39;27;7;0;13;16;92;;
Guest Advanced
Nickeil Alexander-Walker;38:13;.450;.450;.550;.000;0.0;3.2;1.5;18.6;1.4;0.0;9.1;26.4;86;120;-4.3;
Josh Hart;37:30;.703;.654;.154;.462;2.8;16.4;9.0;23.9;1.4;0.0;16.1;22.8;123;117;4.8;
Garrett Temple;34:35;.667;.667;.444;.000;3.0;17.8;9.8;13.9;4.5;0.0;10.0;13.2;122;109;4.7;
Jonas Valančiūnas;33:48;.688;.688;.188;.000;3.1;36.4;18.4;18.7;1.5;0.0;15.8;25.7;110;112;5.7;
Devonte' Graham;32:52;.450;.375;.875;.250;0.0;0.0;0.0;42.9;1.6;0.0;10.1;13.8;115;120;1.9;
Tomáš Satoranský;18:17;.000;.000;.000;.000;5.7;26.9;15.4;14.2;0.0;0.0;0.0;10.0;43;118;-11.0;
Jaxson Hayes;14:12;.601;.571;.000;.429;14.7;8.7;11.9;0.0;0.0;0.0;0.0;26.8;127;121;-1.5;
Naji Marshall;13:19;.000;.000;.400;.000;15.7;27.7;21.2;0.0;0.0;0.0;28.6;24.1;20;118;-26.2;
Trey Murphy III;10:36;.000;.000;1.000;.000;0.0;11.6;5.3;0.0;0.0;0.0;33.3;13.0;0;121;-22.1;
Kira Lewis Jr.;6:38;.000;.000;1.000;.000;15.7;0.0;8.5;0.0;0.0;0.0;0.0;20.7;24;124;-22.7;
Didi Louzada;Did Not Play;
Jose Alvarado;Did Not Play;
Willy Hernangómez;Did Not Play;
Brandon Ingram;Did Not Dress;
Herbert Jones;Did Not Dress;
Team Totals;240;.501;.477;.391;.126;19.6;76.9;45.9;73.0;7.5;0.0;12.4;100.0;99.1;116.3;;
Home Basic
Tim Hardaway Jr.;33:23;6;9;.667;4;5;.800;1;2;.500;0;6;6;4;0;0;0;0;17;+11;
Luka Dončić;33:16;10;21;.476;2;5;.400;3;5;.600;2;3;5;5;1;1;5;3;25;-2;
Dorian Finney-Smith;29:51;2;4;.500;2;4;.500;0;2;.000;1;1;2;2;2;0;2;2;6;+3;
Kristaps Porziņģis;26:02;4;13;.308;3;8;.375;1;1;1.000;0;8;8;3;0;1;2;4;12;+7;
Dwight Powell;22:00;3;7;.429;0;3;.000;0;0;;5;3;8;3;1;0;1;2;6;-1;
Jalen Brunson;30:43;7;12;.583;0;2;.000;3;3;1.000;0;4;4;6;1;0;2;1;17;+26;
Reggie Bullock;21:27;5;7;.714;2;3;.667;0;0;;1;3;4;1;0;1;0;0;12;+13;
Frank Ntilikina;17:42;4;6;.667;1;2;.500;0;0;;0;3;3;2;2;0;0;1;9;+24;
Sterling Brown;11:12;0;3;.000;0;3;.000;0;0;;0;4;4;0;0;0;0;1;0;+1;
Boban Marjanović;8:03;2;3;.667;0;0;;0;0;;0;0;0;1;0;0;0;1;4;+3;
Willie Cauley-Stein;4:51;0;0;;0;0;;0;0;;0;2;2;0;0;0;0;0;0;-5;
Moses Brown;0:45;0;0;;0;0;;0;0;;0;0;0;0;0;0;0;0;0;0;
Josh Green;0:45;0;0;;0;0;;0;0;;0;0;0;0;0;0;0;0;0;0;
Trey Burke;Did Not Play;
Team Totals;240;43;85;.506;14;35;.400;8;13;.615;9;37;46;27;7;3;12;15;108;;
Home Advanced
Tim Hardaway Jr.;33:23;.860;.889;.556;.222;0.0;18.8;10.1;16.7;0.0;0.0;0.0;13.8;174;103;9.5;
Luka Dončić;33:16;.539;.524;.238;.238;7.4;9.4;8.5;25.3;1.6;2.7;17.7;39.6;99;100;-0.7;
Dorian Finney-Smith;29:51;.615;.750;1.000;.500;4.1;3.5;3.8;8.1;3.5;0.0;29.1;10.8;95;99;-1.6;
Kristaps Porziņģis;26:02;.446;.423;.615;.077;0.0;32.1;17.4;15.5;0.0;3.5;13.0;27.7;89;96;-4.3;
Dwight Powell;22:00;.429;.429;.429;.000;28.0;14.2;20.5;18.0;2.3;0.0;12.5;17.0;120;99;-0.7;
Jalen Brunson;30:43;.638;.583;.167;.250;0.0;13.6;7.4;29.2;1.7;0.0;13.1;23.3;126;100;2.6;
Reggie Bullock;21:27;.857;.857;.429;.000;5.7;14.6;10.5;7.0;0.0;4.2;0.0;15.2;171;101;11.0;
Frank Ntilikina;17:42;.750;.750;.333;.000;0.0;17.7;9.6;16.9;5.8;0.0;0.0;15.8;156;90;12.0;
Sterling Brown;11:12;.000;.000;1.000;.000;0.0;37.3;20.2;0.0;0.0;0.0;0.0;12.5;0;98;-17.9;
Boban Marjanović;8:03;.667;.667;.000;.000;0.0;0.0;0.0;19.2;0.0;0.0;0.0;17.4;143;108;1.6;
Willie Cauley-Stein;4:51;;;;;0.0;43.0;23.3;0.0;0.0;0.0;;0.0;0;96;-2.9;
Moses Brown;0:45;;;;;0.0;0.0;0.0;0.0;0.0;0.0;;0.0;0;108;-7.4;
Josh Green;0:45;;;;;0.0;0.0;0.0;0.0;0.0;0.0;;0.0;0;108;-7.9;
Trey Burke;Did Not Play;
Team Totals;240;.595;.588;.412;.153;23.1;80.4;54.1;62.8;7.5;5.7;11.7;100.0;116.3;99.1;;
