202111200WAS-CHO;ATL;CHO;False;7:00 PM, November 20, 2021;Capital One Arena, Washington, District of Columbia;2:21
105;
115;
Guest Basic
Jimmy Butler;38:28;11;19;.579;0;2;.000;7;9;.778;0;5;5;4;2;0;1;1;29;+1;
Kyle Lowry;36:02;3;12;.250;1;7;.143;0;0;;0;3;3;7;0;1;3;5;7;+2;
P.J. Tucker;34:12;5;6;.833;2;3;.667;2;2;1.000;2;3;5;3;1;1;1;4;14;+1;
Bam Adebayo;29:26;5;12;.417;0;1;.000;5;6;.833;4;2;6;3;0;0;3;5;15;-6;
Duncan Robinson;19:30;3;7;.429;1;5;.200;0;0;;2;3;5;1;1;0;1;4;7;+8;
Tyler Herro;30:29;8;16;.500;3;6;.500;1;1;1.000;1;4;5;3;2;0;3;1;20;-14;
Max Strus;24:47;1;4;.250;0;3;.000;0;0;;0;4;4;0;0;0;0;3;2;-2;
Caleb Martin;17:52;1;3;.333;0;0;;2;2;1.000;1;3;4;0;1;1;0;1;4;-1;
Dewayne Dedmon;9:14;1;2;.500;0;0;;0;0;;0;0;0;0;0;0;0;2;2;-4;
KZ Okpala;Did Not Play;
Omer Yurtseven;Did Not Play;
Gabe Vincent;Did Not Play;
Udonis Haslem;Did Not Play;
Team Totals;240;38;81;.469;7;27;.259;17;20;.850;10;27;37;21;7;3;12;26;100;;
Guest Advanced
Jimmy Butler;38:28;.632;.579;.105;.474;0.0;17.3;8.7;20.6;2.8;0.0;4.2;29.4;132;112;9.6;
Kyle Lowry;36:02;.292;.292;.583;.000;0.0;11.1;5.6;27.4;0.0;3.0;20.0;19.6;73;117;-10.3;
P.J. Tucker;34:12;1.017;1.000;.500;.333;7.8;11.7;9.7;13.6;1.6;3.2;12.7;10.9;180;114;10.5;
Bam Adebayo;29:26;.512;.417;.083;.500;18.1;9.1;13.6;16.4;0.0;0.0;17.0;28.3;106;120;-5.2;
Duncan Robinson;19:30;.500;.500;.714;.000;13.7;20.5;17.1;8.0;2.7;0.0;12.5;19.3;105;111;-2.1;
Tyler Herro;30:29;.608;.594;.375;.063;4.4;17.5;10.9;18.6;3.5;0.0;15.4;30.1;110;110;7.0;
Max Strus;24:47;.250;.250;.750;.000;0.0;21.5;10.8;0.0;0.0;0.0;0.0;7.6;58;117;-11.0;
Caleb Martin;17:52;.515;.333;.000;.667;7.5;22.4;14.9;0.0;3.0;6.1;0.0;10.2;128;106;2.2;
Dewayne Dedmon;9:14;.500;.500;.000;.000;0.0;0.0;0.0;0.0;0.0;0.0;0.0;10.2;105;122;-10.0;
KZ Okpala;Did Not Play;
Omer Yurtseven;Did Not Play;
Gabe Vincent;Did Not Play;
Udonis Haslem;Did Not Play;
Team Totals;240;.557;.512;.333;.247;27.8;75.0;51.4;55.3;7.8;6.8;11.8;100.0;111.0;114.3;;
Home Basic
Bradley Beal;36:55;8;17;.471;1;7;.143;4;4;1.000;1;3;4;9;0;0;6;5;21;+1;
Spencer Dinwiddie;30:20;6;11;.545;4;7;.571;0;0;;0;1;1;4;0;0;1;1;16;+3;
Kyle Kuzma;30:08;1;5;.200;0;1;.000;4;6;.667;4;7;11;1;0;1;1;2;6;-4;
Kentavious Caldwell-Pope;27:27;5;10;.500;5;8;.625;1;1;1.000;0;3;3;1;1;0;2;0;16;-4;
Daniel Gafford;14:51;3;3;1.000;0;0;;0;0;;0;1;1;0;0;1;4;4;6;-11;
Deni Avdija;26:54;3;7;.429;0;1;.000;2;2;1.000;1;4;5;4;1;0;0;3;8;+4;
Montrezl Harrell;25:29;5;7;.714;0;0;;3;3;1.000;3;4;7;3;2;0;3;3;13;+17;
Raul Neto;18:58;2;5;.400;0;0;;4;5;.800;0;0;0;0;1;0;0;1;8;+5;
Corey Kispert;17:43;1;3;.333;1;3;.333;2;2;1.000;0;2;2;0;0;0;1;0;5;+5;
Aaron Holiday;11:15;2;6;.333;0;3;.000;0;0;;0;1;1;0;1;0;1;0;4;-1;
Joel Ayayi;Did Not Play;
Isaiah Todd;Did Not Play;
Cassius Winston;Did Not Play;
Anthony Gill;Did Not Play;
Team Totals;240;36;74;.486;11;30;.367;20;23;.870;9;26;35;22;6;2;19;19;103;;
Home Advanced
Bradley Beal;36:55;.560;.500;.412;.235;3.6;10.8;7.2;45.7;0.0;0.0;24.2;31.2;104;116;-2.8;
Spencer Dinwiddie;30:20;.727;.727;.636;.000;0.0;4.4;2.2;23.9;0.0;0.0;8.3;18.4;139;118;7.6;
Kyle Kuzma;30:08;.393;.200;.200;1.200;17.7;31.0;24.3;4.6;0.0;2.9;11.6;13.3;105;109;-3.2;
Kentavious Caldwell-Pope;27:27;.766;.750;.800;.100;0.0;14.6;7.3;6.4;1.9;0.0;16.1;21.1;122;111;8.9;
Daniel Gafford;14:51;1.000;1.000;.000;.000;0.0;9.0;4.5;0.0;0.0;6.0;57.1;21.9;60;113;-11.8;
Deni Avdija;26:54;.508;.429;.143;.286;5.0;19.8;12.4;23.3;2.0;0.0;0.0;13.6;133;110;4.5;
Montrezl Harrell;25:29;.781;.714;.000;.429;15.7;20.9;18.3;21.3;4.2;0.0;26.5;20.7;129;104;8.1;
Raul Neto;18:58;.556;.400;.000;1.000;0.0;0.0;0.0;0.0;2.8;0.0;0.0;17.7;123;113;-1.0;
Corey Kispert;17:43;.644;.500;1.000;.667;0.0;15.1;7.5;0.0;0.0;0.0;20.5;12.8;106;115;-2.3;
Aaron Holiday;11:15;.333;.333;.500;.000;0.0;11.9;5.9;0.0;4.7;0.0;14.3;29.0;59;106;-11.5;
Joel Ayayi;Did Not Play;
Isaiah Todd;Did Not Play;
Cassius Winston;Did Not Play;
Anthony Gill;Did Not Play;
Team Totals;240;.612;.561;.405;.311;25.0;72.2;48.6;61.1;6.7;3.7;18.4;100.0;114.3;111.0;;
