202111280TOR-MIL;IND;MIL;False;6:00 PM, November 28, 2021;Scotiabank Arena, Toronto, Canada;2:11
118;
100;
Guest Basic
Jayson Tatum;37:43;2;16;.125;1;5;.200;3;4;.750;0;7;7;10;1;0;4;2;8;+13;
Marcus Smart;36:06;7;16;.438;4;10;.400;3;3;1.000;1;7;8;6;0;0;4;5;21;-1;
Grant Williams;27:46;4;7;.571;3;4;.750;4;4;1.000;0;5;5;1;1;1;2;2;15;-10;
Jaylen Brown;27:26;6;11;.545;1;2;.500;3;4;.750;2;1;3;3;1;0;2;1;16;-6;
Al Horford;26:11;5;9;.556;1;4;.250;6;6;1.000;3;8;11;2;0;0;2;3;17;-3;
Josh Richardson;27:02;6;11;.545;1;4;.250;5;5;1.000;0;1;1;2;1;1;0;3;18;+23;
Romeo Langford;25:49;1;5;.200;1;3;.333;2;2;1.000;3;5;8;0;0;0;2;2;5;+18;
Enes Freedom;21:40;3;4;.750;0;0;;3;3;1.000;3;7;10;0;1;1;0;1;9;+15;
Payton Pritchard;10:13;0;3;.000;0;2;.000;0;0;;0;0;0;0;0;0;1;0;0;+11;
Juancho Hernangómez;Did Not Play;
Jabari Parker;Did Not Play;
Bruno Fernando;Did Not Play;
Aaron Nesmith;Did Not Play;
Team Totals;240;34;82;.415;12;34;.353;29;31;.935;12;41;53;24;5;3;17;19;109;;
Guest Advanced
Jayson Tatum;37:43;.225;.156;.313;.250;0.0;16.2;9.2;40.5;1.3;0.0;18.4;24.6;69;102;-7.1;
Marcus Smart;36:06;.606;.563;.625;.188;3.2;16.9;11.0;32.3;0.0;0.0;18.8;25.2;111;105;0.9;
Grant Williams;27:46;.856;.786;.571;.571;0.0;15.7;8.9;6.4;1.8;3.4;18.6;16.5;135;99;9.7;
Jaylen Brown;27:26;.627;.591;.182;.364;8.3;3.2;5.4;22.3;1.8;0.0;13.6;22.9;120;107;5.6;
Al Horford;26:11;.730;.611;.444;.667;13.1;26.7;20.8;14.8;0.0;0.0;14.7;22.2;138;100;7.4;
Josh Richardson;27:02;.682;.591;.364;.455;0.0;3.2;1.8;15.2;1.9;3.5;0.0;20.8;149;105;9.6;
Romeo Langford;25:49;.425;.300;.600;.400;13.3;16.9;15.3;0.0;0.0;0.0;25.4;13.0;87;105;-5.7;
Enes Freedom;21:40;.846;.750;.000;.750;15.8;28.2;22.8;0.0;2.3;4.3;0.0;10.5;188;91;10.9;
Payton Pritchard;10:13;.000;.000;.667;.000;0.0;0.0;0.0;0.0;0.0;0.0;25.0;16.7;0;113;-22.8;
Juancho Hernangómez;Did Not Play;
Jabari Parker;Did Not Play;
Bruno Fernando;Did Not Play;
Aaron Nesmith;Did Not Play;
Team Totals;240;.570;.488;.415;.378;28.6;74.5;54.6;70.6;5.3;5.9;15.1;100.0;114.5;101.9;;
Home Basic
Fred VanVleet;39:48;8;16;.500;5;10;.500;6;7;.857;1;5;6;3;2;0;3;3;27;-2;
Pascal Siakam;37:55;8;19;.421;0;4;.000;2;2;1.000;1;6;7;5;0;0;1;5;18;-2;
Svi Mykhailiuk;37:51;5;14;.357;2;7;.286;0;0;;1;7;8;2;2;1;0;2;12;-10;
Scottie Barnes;37:17;7;16;.438;4;9;.444;3;4;.750;5;2;7;3;2;1;3;3;21;-22;
Precious Achiuwa;36:28;3;11;.273;0;3;.000;0;0;;3;6;9;1;0;0;2;3;6;-11;
Malachi Flynn;15:21;3;8;.375;1;3;.333;1;1;1.000;1;2;3;3;0;1;1;2;8;-10;
Yuta Watanabe;13:32;1;6;.167;1;4;.250;0;0;;1;1;2;1;0;0;0;2;3;+15;
Isaac Bonga;11:19;0;2;.000;0;1;.000;0;0;;0;0;0;0;0;1;0;2;0;-6;
Justin Champagnie;7:27;0;1;.000;0;1;.000;2;2;1.000;1;0;1;0;0;1;0;1;2;-10;
Dalano Banton;2:59;0;0;;0;0;;0;0;;0;1;1;1;0;0;0;1;0;-2;
Chris Boucher;Did Not Play;
Team Totals;240;35;93;.376;13;42;.310;14;16;.875;14;30;44;19;6;5;10;24;97;;
Home Advanced
Fred VanVleet;39:48;.708;.656;.625;.438;2.2;14.4;7.5;14.3;2.5;0.0;13.6;24.2;127;113;8.0;
Pascal Siakam;37:55;.453;.421;.211;.105;2.3;18.1;9.1;25.4;0.0;0.0;4.8;24.0;103;117;-2.8;
Svi Mykhailiuk;37:51;.429;.429;.500;.000;2.3;21.1;10.5;8.8;2.7;2.6;0.0;16.1;100;109;0.7;
Scottie Barnes;37:17;.591;.563;.563;.250;11.7;6.1;9.3;14.9;2.7;2.7;14.5;24.3;115;114;6.5;
Precious Achiuwa;36:28;.273;.273;.273;.000;7.2;18.8;12.2;4.2;0.0;0.0;15.4;15.6;65;117;-12.3;
Malachi Flynn;15:21;.474;.438;.375;.125;5.7;14.9;9.7;36.6;0.0;6.5;10.6;26.8;105;115;3.2;
Yuta Watanabe;13:32;.250;.250;.667;.000;6.4;8.4;7.3;11.3;0.0;0.0;0.0;19.3;74;121;-10.6;
Isaac Bonga;11:19;.000;.000;.500;.000;0.0;0.0;0.0;0.0;0.0;8.8;0.0;7.7;0;119;-12.6;
Justin Champagnie;7:27;.532;.000;1.000;2.000;11.7;0.0;6.6;0.0;0.0;13.4;0.0;11.0;141;117;-0.3;
Dalano Banton;2:59;;;;;0.0;38.3;16.6;46.0;0.0;0.0;;0.0;237;110;-1.1;
Chris Boucher;Did Not Play;
Team Totals;240;.485;.446;.452;.172;25.5;71.4;45.4;54.3;6.3;10.4;9.1;100.0;101.9;114.5;;
