202110260SAS-HOU;DAL;HOU;False;8:30 PM, October 26, 2021;AT&T Center, San Antonio, Texas;2:26
106;
116;
Guest Basic
Anthony Davis;42:23;15;31;.484;0;4;.000;5;6;.833;7;10;17;4;0;4;2;2;35;+3;
Russell Westbrook;39:37;15;27;.556;1;4;.250;2;4;.500;0;10;10;8;3;0;3;5;33;+1;
Malik Monk;38:48;6;15;.400;4;10;.400;1;2;.500;0;1;1;3;1;0;0;1;17;+31;
Kent Bazemore;31:01;2;6;.333;1;3;.333;0;0;;0;3;3;1;2;1;1;3;5;+6;
DeAndre Jordan;15:35;3;4;.750;0;0;;1;2;.500;2;7;9;0;0;2;0;2;7;+4;
Austin Reaves;30:13;3;5;.600;2;4;.500;2;2;1.000;0;2;2;1;0;0;2;3;10;-13;
Carmelo Anthony;30:04;1;7;.143;0;4;.000;2;2;1.000;0;4;4;0;0;1;3;3;4;-9;
Rajon Rondo;19:32;4;9;.444;0;1;.000;0;0;;0;2;2;3;1;0;2;1;8;-15;
Dwight Howard;17:47;1;1;1.000;0;0;;4;4;1.000;0;8;8;0;1;2;0;1;6;+12;
LeBron James;Did Not Dress;
Avery Bradley;Did Not Play;
Wayne Ellington;Did Not Play;
Team Totals;265;50;105;.476;8;30;.267;17;22;.773;9;47;56;20;8;10;13;21;125;;
Guest Advanced
Anthony Davis;42:23;.520;.484;.129;.194;16.8;19.8;18.5;16.0;0.0;6.9;5.6;34.9;113;103;5.5;
Russell Westbrook;39:37;.574;.574;.148;.148;0.0;21.2;11.6;35.8;3.5;0.0;9.4;33.3;113;99;7.6;
Malik Monk;38:48;.535;.533;.667;.133;0.0;2.2;1.2;9.8;1.2;0.0;0.0;17.0;115;111;0.0;
Kent Bazemore;31:01;.417;.417;.500;.000;0.0;8.1;4.5;3.7;2.9;2.4;14.3;9.4;78;103;-2.9;
DeAndre Jordan;15:35;.717;.750;.000;.500;13.1;37.8;26.6;0.0;0.0;9.4;0.0;13.0;154;94;5.8;
Austin Reaves;30:13;.850;.800;.800;.400;0.0;5.6;3.1;3.9;0.0;0.0;25.4;10.8;124;112;-3.4;
Carmelo Anthony;30:04;.254;.143;.571;.286;0.0;11.2;6.1;0.0;0.0;2.4;27.6;15.0;39;108;-15.5;
Rajon Rondo;19:32;.444;.444;.111;.000;0.0;8.6;4.7;20.8;2.3;0.0;18.2;23.4;83;106;-5.7;
Dwight Howard;17:47;1.087;1.000;.000;4.000;0.0;37.8;20.7;0.0;2.6;8.3;0.0;6.4;234;89;9.1;
LeBron James;Did Not Dress;
Avery Bradley;Did Not Play;
Wayne Ellington;Did Not Play;
Team Totals;265;.545;.514;.286;.210;17.3;74.6;48.7;40.0;6.9;13.9;10.2;100.0;107.7;104.3;;
Home Basic
Dejounte Murray;40:10;9;24;.375;2;4;.500;1;4;.250;2;10;12;15;2;2;2;3;21;+9;
Jakob Poeltl;37:36;13;17;.765;0;0;;1;5;.200;7;7;14;0;1;3;2;3;27;-14;
Derrick White;31:45;3;10;.300;1;6;.167;0;0;;0;5;5;6;1;1;3;2;7;-22;
Keldon Johnson;23:26;2;10;.200;0;3;.000;7;8;.875;2;4;6;1;0;0;2;4;11;-20;
Doug McDermott;17:18;2;8;.250;0;4;.000;0;0;;1;0;1;0;0;0;0;1;4;-14;
Devin Vassell;35:17;7;16;.438;5;9;.556;0;2;.000;2;5;7;2;2;0;0;3;19;+10;
Lonnie Walker IV;31:23;7;10;.700;5;7;.714;2;2;1.000;0;2;2;6;0;0;2;1;21;+11;
Keita Bates-Diop;29:27;3;7;.429;0;1;.000;0;0;;0;7;7;0;2;0;2;2;6;+16;
Drew Eubanks;12:08;2;4;.500;0;1;.000;1;1;1.000;1;3;4;2;2;0;1;1;5;+17;
Thaddeus Young;3:16;0;0;;0;0;;0;0;;1;0;1;1;0;0;0;2;0;-7;
Bryn Forbes;3:14;0;2;.000;0;1;.000;0;0;;0;0;0;0;0;0;1;0;0;-6;
Joshua Primo;Did Not Play;
Tre Jones;Did Not Play;
Team Totals;265;48;108;.444;13;36;.361;12;22;.545;16;43;59;33;10;6;15;22;121;;
Home Advanced
Dejounte Murray;40:10;.408;.417;.167;.167;4.2;25.4;13.8;54.8;2.3;3.5;7.2;27.6;104;103;6.9;
Jakob Poeltl;37:36;.703;.765;.000;.294;15.7;19.0;17.2;0.0;1.2;5.6;9.4;22.5;127;105;4.5;
Derrick White;31:45;.350;.350;.600;.000;0.0;16.1;7.3;23.3;1.4;2.2;23.1;16.4;75;108;-7.0;
Keldon Johnson;23:26;.407;.200;.300;.800;7.2;17.4;11.8;5.2;0.0;0.0;12.9;26.5;88;113;-12.9;
Doug McDermott;17:18;.250;.250;.500;.000;4.9;0.0;2.7;0.0;0.0;0.0;0.0;18.5;62;116;-16.1;
Devin Vassell;35:17;.563;.594;.563;.125;4.8;14.4;9.1;8.0;2.6;0.0;0.0;19.1;118;108;3.6;
Lonnie Walker IV;31:23;.965;.950;.700;.200;0.0;6.5;2.9;28.0;0.0;0.0;15.5;16.4;157;115;10.8;
Keita Bates-Diop;29:27;.429;.429;.143;.000;0.0;24.2;11.0;0.0;3.1;0.0;22.2;12.2;64;105;-8.3;
Drew Eubanks;12:08;.563;.500;.250;.250;6.9;25.2;15.2;22.3;7.5;0.0;18.4;17.9;111;95;7.2;
Thaddeus Young;3:16;;;;;25.8;0.0;14.1;33.8;0.0;0.0;;0.0;223;115;-4.6;
Bryn Forbes;3:14;.000;.000;.500;.000;0.0;0.0;0.0;0.0;0.0;0.0;33.3;37.1;0;116;-44.3;
Joshua Primo;Did Not Play;
Tre Jones;Did Not Play;
Team Totals;265;.514;.505;.333;.204;25.4;82.7;51.3;68.8;8.6;8.0;11.3;100.0;104.3;107.7;;
