202111010NYK-WAS;ATL;WAS;False;7:30 PM, November 1, 2021;Madison Square Garden (IV), New York, New York;2:05
111;
118;
Guest Basic
Gary Trent Jr.;42:56;10;22;.455;4;11;.364;2;2;1.000;0;2;2;2;4;0;1;3;26;+15;
OG Anunoby;41:01;13;27;.481;4;12;.333;6;7;.857;3;3;6;2;1;0;1;3;36;+15;
Fred VanVleet;37:09;7;16;.438;3;8;.375;0;0;;0;9;9;8;2;0;1;1;17;0;
Svi Mykhailiuk;34:48;5;7;.714;2;4;.500;3;3;1.000;0;5;5;5;2;0;0;4;15;+8;
Precious Achiuwa;16:48;1;9;.111;0;1;.000;0;0;;2;7;9;1;1;0;2;1;2;-11;
Khem Birch;31:12;3;6;.500;0;1;.000;0;0;;4;4;8;3;2;1;2;2;6;+20;
Malachi Flynn;10:56;1;3;.333;1;2;.500;0;0;;0;0;0;2;0;0;0;2;3;+4;
Chris Boucher;9:51;1;4;.250;0;3;.000;0;0;;1;0;1;0;0;1;1;1;2;-4;
Dalano Banton;8:31;2;3;.667;0;0;;0;0;;0;3;3;0;0;2;0;1;4;-7;
Justin Champagnie;6:48;0;2;.000;0;0;;2;2;1.000;3;2;5;1;0;0;0;2;2;+5;
Sam Dekker;Did Not Play;
Isaac Bonga;Did Not Play;
Goran Dragić;Did Not Play;
Team Totals;240;43;99;.434;14;42;.333;13;14;.929;13;35;48;24;12;4;8;20;113;;
Guest Advanced
Gary Trent Jr.;42:56;.568;.545;.500;.091;0.0;5.3;2.5;7.0;4.7;0.0;4.2;23.6;117;108;2.9;
OG Anunoby;41:01;.598;.556;.444;.259;7.5;8.4;7.9;8.4;1.2;0.0;3.2;32.1;128;115;5.0;
Fred VanVleet;37:09;.531;.531;.500;.000;0.0;27.7;13.1;30.4;2.7;0.0;5.9;19.4;122;108;4.2;
Svi Mykhailiuk;34:48;.901;.857;.571;.429;0.0;16.4;7.7;19.1;2.9;0.0;0.0;10.1;194;110;8.8;
Precious Achiuwa;16:48;.111;.111;.111;.000;12.2;47.6;28.9;7.1;3.0;0.0;18.2;27.8;40;103;-21.1;
Khem Birch;31:12;.500;.500;.167;.000;13.1;14.7;13.8;12.0;3.2;4.0;25.0;10.9;109;107;-0.3;
Malachi Flynn;10:56;.500;.500;.667;.000;0.0;0.0;0.0;22.7;0.0;0.0;0.0;11.6;131;120;-4.6;
Chris Boucher;9:51;.250;.250;.750;.000;10.4;0.0;5.5;0.0;0.0;12.8;20.0;21.5;56;112;-18.8;
Dalano Banton;8:31;.667;.667;.000;.000;0.0;40.3;19.0;0.0;0.0;29.7;0.0;14.9;133;93;10.1;
Justin Champagnie;6:48;.347;.000;.000;1.000;45.1;33.6;39.7;16.4;0.0;0.0;0.0;18.0;136;113;-3.0;
Sam Dekker;Did Not Play;
Isaac Bonga;Did Not Play;
Goran Dragić;Did Not Play;
Team Totals;240;.537;.505;.424;.141;27.7;83.3;53.9;55.8;12.6;10.5;7.1;100.0;118.8;109.3;;
Home Basic
RJ Barrett;38:45;9;13;.692;5;8;.625;4;6;.667;0;6;6;0;1;0;4;2;27;-13;
Julius Randle;36:48;7;14;.500;4;7;.571;4;4;1.000;0;9;9;5;0;1;3;3;22;-15;
Kemba Walker;28:24;5;10;.500;3;6;.500;2;2;1.000;0;3;3;3;0;1;2;1;15;-16;
Mitchell Robinson;27:39;2;4;.500;0;0;;2;2;1.000;5;7;12;3;0;1;1;1;6;-10;
Evan Fournier;25:10;5;13;.385;2;7;.286;0;2;.000;2;1;3;2;0;0;2;1;12;-11;
Derrick Rose;19:36;2;8;.250;0;2;.000;0;0;;0;1;1;1;1;0;2;1;4;+7;
Immanuel Quickley;19:20;1;7;.143;1;6;.167;4;4;1.000;0;2;2;5;0;0;0;1;7;+7;
Alec Burks;16:01;2;3;.667;1;1;1.000;0;0;;0;1;1;0;1;0;0;1;5;0;
Obi Toppin;12:48;2;4;.500;0;1;.000;2;4;.500;0;3;3;0;0;1;1;1;6;-2;
Taj Gibson;10:04;0;0;;0;0;;0;0;;0;0;0;1;0;0;0;0;0;+7;
Jericho Sims;5:25;0;0;;0;0;;0;0;;0;1;1;0;0;0;1;1;0;+1;
Miles McBride;Did Not Play;
Wayne Selden;Did Not Play;
Quentin Grimes;Did Not Play;
Kevin Knox;Did Not Play;
Team Totals;240;35;76;.461;16;38;.421;18;24;.750;7;34;41;20;3;4;16;13;104;;
Home Advanced
RJ Barrett;38:45;.863;.885;.615;.462;0.0;15.8;8.4;0.0;1.3;0.0;20.4;23.7;122;118;4.3;
Julius Randle;36:48;.698;.643;.500;.286;0.0;25.0;13.2;25.2;0.0;2.3;16.0;23.9;124;116;5.4;
Kemba Walker;28:24;.689;.650;.600;.200;0.0;10.8;5.7;19.1;0.0;3.0;15.5;21.2;120;121;2.3;
Mitchell Robinson;27:39;.615;.500;.000;.500;20.7;25.9;23.4;16.5;0.0;3.0;17.0;10.0;149;115;3.1;
Evan Fournier;25:10;.432;.462;.538;.154;9.1;4.1;6.4;15.0;0.0;0.0;12.6;29.5;87;126;-9.1;
Derrick Rose;19:36;.250;.250;.250;.000;0.0;5.2;2.8;8.1;2.6;0.0;20.0;23.9;47;119;-17.8;
Immanuel Quickley;19:20;.400;.214;.857;.571;0.0;10.6;5.6;38.2;0.0;0.0;0.0;21.2;114;123;-2.7;
Alec Burks;16:01;.833;.833;.333;.000;0.0;6.4;3.4;0.0;3.1;0.0;0.0;8.8;156;118;1.7;
Obi Toppin;12:48;.521;.500;.250;1.000;0.0;23.9;12.6;0.0;0.0;6.6;14.8;24.7;87;114;-6.6;
Taj Gibson;10:04;;;;;0.0;0.0;0.0;13.6;0.0;0.0;;0.0;246;127;-1.1;
Jericho Sims;5:25;;;;;0.0;18.9;10.0;0.0;0.0;0.0;100.0;8.6;0;120;-16.6;
Miles McBride;Did Not Play;
Wayne Selden;Did Not Play;
Quentin Grimes;Did Not Play;
Kevin Knox;Did Not Play;
Team Totals;240;.601;.566;.500;.316;16.7;72.3;46.1;57.1;3.2;7.0;15.6;100.0;109.3;118.8;;
