202111300SAC-NYK;BRK;NYK;False;10:00 PM, November 30, 2021;Golden 1 Center, Sacramento, California;2:11
110;
112;
Guest Basic
Anthony Davis;34:55;12;22;.545;0;2;.000;1;2;.500;2;5;7;3;2;2;1;2;25;+10;
Russell Westbrook;34:42;9;21;.429;1;5;.200;4;7;.571;0;5;5;6;1;0;4;2;23;+12;
Wayne Ellington;33:26;3;6;.500;3;6;.500;0;0;;0;1;1;2;3;1;0;4;9;+13;
Talen Horton-Tucker;16:15;1;3;.333;0;1;.000;0;0;;0;2;2;2;1;1;3;4;2;-10;
DeAndre Jordan;4:22;0;1;.000;0;0;;0;0;;0;2;2;0;0;0;0;0;0;-4;
Dwight Howard;35:04;5;7;.714;0;0;;2;3;.667;5;8;13;0;2;2;3;4;12;+27;
Malik Monk;32:35;8;16;.500;6;10;.600;0;0;;0;4;4;4;0;0;2;2;22;+33;
Carmelo Anthony;19:10;4;9;.444;0;2;.000;6;6;1.000;0;1;1;1;1;0;0;1;14;+11;
Austin Reaves;18:13;1;2;.500;0;0;;1;2;.500;2;3;5;1;0;0;0;0;3;+8;
Rajon Rondo;8:49;2;3;.667;0;1;.000;0;0;;1;5;6;1;0;0;1;1;4;+19;
Kent Bazemore;2:29;1;2;.500;1;1;1.000;0;0;;0;1;1;1;0;0;0;0;3;+6;
Avery Bradley;Did Not Play;
Team Totals;240;46;92;.500;11;28;.393;14;20;.700;10;37;47;21;10;6;14;20;117;;
Guest Advanced
Anthony Davis;34:55;.546;.545;.091;.091;6.7;14.9;11.1;14.0;2.8;5.5;4.2;28.6;117;89;5.8;
Russell Westbrook;34:42;.478;.452;.238;.333;0.0;15.0;7.9;24.7;1.4;0.0;14.2;33.8;96;96;-3.2;
Wayne Ellington;33:26;.750;.750;1.000;.000;0.0;3.1;1.7;6.9;4.3;2.9;0.0;7.5;160;90;6.5;
Talen Horton-Tucker;16:15;.333;.333;.333;.000;0.0;12.8;6.8;13.7;3.0;5.9;50.0;15.4;50;88;-9.7;
DeAndre Jordan;4:22;.000;.000;.000;.000;0.0;47.8;25.3;0.0;0.0;0.0;0.0;9.6;0;91;-11.3;
Dwight Howard;35:04;.721;.714;.000;.429;16.7;23.8;20.5;0.0;2.7;5.5;26.5;13.5;119;87;0.2;
Malik Monk;32:35;.688;.688;.625;.000;0.0;12.8;6.8;17.2;0.0;0.0;11.1;23.1;129;99;6.1;
Carmelo Anthony;19:10;.601;.444;.222;.667;0.0;5.4;2.9;7.0;2.5;0.0;0.0;25.4;135;95;3.9;
Austin Reaves;18:13;.521;.500;.000;1.000;12.9;17.2;15.1;6.1;0.0;0.0;0.0;6.6;143;98;-0.5;
Rajon Rondo;8:49;.667;.667;.333;.000;13.3;59.2;37.5;15.5;0.0;0.0;25.0;19.0;115;88;0.7;
Kent Bazemore;2:29;.750;.750;.500;.000;0.0;42.0;22.2;72.5;0.0;0.0;0.0;33.7;173;93;35.3;
Avery Bradley;Did Not Play;
Team Totals;240;.580;.560;.304;.217;24.4;80.4;54.0;45.7;10.0;12.0;12.2;100.0;117.2;92.2;;
Home Basic
De'Aaron Fox;36:00;4;9;.444;1;2;.500;8;9;.889;0;5;5;5;2;0;7;4;17;-21;
Chimezie Metu;35:47;7;10;.700;0;1;.000;0;0;;3;8;11;0;3;0;0;1;14;-21;
Richaun Holmes;33:21;12;12;1.000;0;0;;3;5;.600;4;4;8;2;0;2;2;2;27;-11;
Tyrese Haliburton;32:17;2;10;.200;1;2;.500;1;2;.500;1;4;5;6;2;0;3;0;6;-1;
Terence Davis;14:31;4;9;.444;0;4;.000;0;1;.000;0;6;6;1;1;2;2;2;8;-3;
Buddy Hield;32:12;1;7;.143;1;6;.167;2;3;.667;0;2;2;5;0;0;1;2;5;-21;
Davion Mitchell;24:01;3;14;.214;2;8;.250;0;0;;0;1;1;2;2;0;3;2;8;-17;
Louis King;14:42;1;6;.167;0;4;.000;2;2;1.000;0;1;1;0;0;0;0;4;4;-10;
Alex Len;12:10;1;1;1.000;1;1;1.000;0;0;;1;0;1;1;1;0;1;4;3;-8;
Damian Jones;2:29;0;0;;0;0;;0;0;;0;0;0;0;0;0;0;0;0;-6;
Jahmi'us Ramsey;2:29;0;1;.000;0;1;.000;0;0;;0;0;0;0;0;0;0;0;0;-6;
Tristan Thompson;Did Not Play;
Team Totals;240;35;79;.443;6;29;.207;16;22;.727;9;31;40;22;11;4;19;21;92;;
Home Advanced
De'Aaron Fox;36:00;.656;.500;.222;1.000;0.0;16.3;7.7;22.5;2.7;0.0;35.1;24.7;92;117;-5.7;
Chimezie Metu;35:47;.700;.700;.100;.000;8.7;26.2;17.0;0.0;4.0;0.0;0.0;12.5;143;112;3.8;
Richaun Holmes;33:21;.951;1.000;.000;.417;12.5;14.0;13.2;16.2;0.0;4.5;12.3;21.7;162;120;12.1;
Tyrese Haliburton;32:17;.276;.250;.200;.200;3.2;14.5;8.5;27.9;3.0;0.0;21.6;19.2;67;117;-8.2;
Terence Davis;14:31;.424;.444;.444;.111;0.0;48.4;22.8;15.2;3.3;10.3;17.5;35.1;69;100;-2.0;
Buddy Hield;32:12;.300;.214;.857;.429;0.0;7.3;3.4;22.2;0.0;0.0;10.7;12.9;79;125;-8.2;
Davion Mitchell;24:01;.286;.286;.571;.000;0.0;4.9;2.3;13.8;4.0;0.0;17.6;31.6;53;116;-14.3;
Louis King;14:42;.291;.167;.667;.333;0.0;8.0;3.8;0.0;0.0;0.0;0.0;20.9;65;124;-19.1;
Alex Len;12:10;1.500;1.500;1.000;.000;8.6;0.0;4.5;12.7;4.0;0.0;50.0;7.3;130;117;-1.4;
Damian Jones;2:29;;;;;0.0;0.0;0.0;0.0;0.0;0.0;;0.0;0;126;-10.7;
Jahmi'us Ramsey;2:29;.000;.000;1.000;.000;0.0;0.0;0.0;0.0;0.0;0.0;0.0;18.0;0;126;-23.6;
Tristan Thompson;Did Not Play;
Team Totals;240;.519;.481;.367;.278;19.6;75.6;46.0;62.9;11.0;6.3;17.6;100.0;92.2;117.2;;
