202111170DET-BOS;ATL;BOS;False;7:00 PM, November 17, 2021;Little Caesars Arena, Detroit, Michigan;2:16
99;
110;
Guest Basic
Malcolm Brogdon;35:07;8;17;.471;3;9;.333;1;2;.500;0;5;5;4;0;0;5;3;20;+11;
Domantas Sabonis;34:59;4;7;.571;0;1;.000;7;10;.700;3;8;11;1;0;1;5;0;15;+2;
Myles Turner;30:51;2;8;.250;1;5;.200;1;2;.500;1;3;4;0;1;1;4;2;6;0;
Caris LeVert;30:31;7;18;.389;3;10;.300;1;1;1.000;0;3;3;1;1;0;1;2;18;-8;
Kelan Martin;27:29;1;7;.143;0;3;.000;0;0;;2;2;4;2;1;2;1;5;2;-9;
T.J. McConnell;26:34;2;6;.333;0;0;;2;2;1.000;0;4;4;4;2;1;0;2;6;-11;
Justin Holiday;21:27;3;7;.429;1;5;.200;0;0;;1;4;5;1;0;0;2;3;7;-16;
Torrey Craig;19:05;5;7;.714;0;2;.000;0;0;;0;5;5;0;0;0;0;3;10;-4;
Jeremy Lamb;9:30;1;2;.500;1;2;.500;2;2;1.000;0;1;1;1;0;0;0;0;5;-1;
Goga Bitadze;4:27;0;0;;0;0;;0;0;;0;1;1;0;0;0;0;2;0;-4;
Brad Wanamaker;Did Not Play;
Oshae Brissett;Did Not Play;
Team Totals;240;33;79;.418;9;37;.243;14;19;.737;7;36;43;14;5;5;18;22;89;;
Guest Advanced
Malcolm Brogdon;35:07;.559;.559;.529;.118;0.0;15.5;8.0;24.8;0.0;0.0;21.9;29.7;92;106;-1.7;
Domantas Sabonis;34:59;.658;.571;.143;1.429;10.0;24.9;17.8;5.0;0.0;2.6;30.5;21.4;100;102;-1.4;
Myles Turner;30:51;.338;.313;.625;.250;3.8;10.6;7.3;0.0;1.6;3.0;31.1;19.0;51;102;-10.7;
Caris LeVert;30:31;.488;.472;.556;.056;0.0;10.7;5.6;7.2;1.7;0.0;5.1;29.0;95;104;0.9;
Kelan Martin;27:29;.143;.143;.429;.000;8.5;7.9;8.2;11.2;1.8;6.7;12.5;13.3;54;99;-5.6;
T.J. McConnell;26:34;.436;.333;.000;.333;0.0;16.4;8.5;24.6;3.8;3.5;0.0;11.8;113;95;5.0;
Justin Holiday;21:27;.500;.500;.714;.000;5.5;20.3;13.2;8.5;0.0;0.0;22.2;19.1;85;105;-5.7;
Torrey Craig;19:05;.714;.714;.286;.000;0.0;28.6;14.8;0.0;0.0;0.0;0.0;16.7;139;103;3.0;
Jeremy Lamb;9:30;.868;.750;1.000;1.000;0.0;11.5;5.9;18.1;0.0;0.0;0.0;13.8;186;107;12.9;
Goga Bitadze;4:27;;;;;0.0;24.5;12.7;0.0;0.0;0.0;;0.0;0;103;-12.9;
Brad Wanamaker;Did Not Play;
Oshae Brissett;Did Not Play;
Team Totals;240;.509;.475;.468;.241;17.1;81.8;50.6;42.4;5.3;9.6;17.1;100.0;93.5;101.9;;
Home Basic
Jerami Grant;34:01;5;14;.357;0;5;.000;9;12;.750;1;2;3;0;2;0;2;1;19;+2;
Cade Cunningham;33:32;6;18;.333;1;8;.125;3;4;.750;0;8;8;6;2;1;1;2;16;+3;
Saddiq Bey;33:21;5;14;.357;3;4;.750;2;4;.500;2;4;6;0;2;0;3;2;15;-1;
Isaiah Stewart;31:40;2;5;.400;0;0;;3;3;1.000;3;8;11;2;0;2;1;5;7;+2;
Killian Hayes;19:45;2;2;1.000;0;0;;0;0;;1;3;4;4;3;1;3;4;4;-2;
Cory Joseph;30:45;7;11;.636;1;3;.333;3;4;.750;0;5;5;2;1;0;1;2;18;+14;
Frank Jackson;26:09;4;7;.571;3;5;.600;0;0;;0;1;1;2;1;0;0;2;11;+11;
Trey Lyles;16:19;2;8;.250;0;3;.000;1;1;1.000;1;1;2;0;2;0;1;1;5;+6;
Hamidou Diallo;14:28;1;1;1.000;0;0;;0;0;;0;2;2;0;0;1;0;1;2;+5;
Rodney McGruder;Did Not Play;
Josh Jackson;Did Not Play;
Luka Garza;Did Not Play;
Team Totals;240;34;80;.425;8;28;.286;21;28;.750;8;34;42;16;13;5;12;20;97;;
Home Advanced
Jerami Grant;34:01;.493;.357;.357;.857;3.2;6.9;5.0;0.0;3.0;0.0;9.4;28.8;96;97;-3.6;
Cade Cunningham;33:32;.405;.361;.444;.222;0.0;27.9;13.5;33.8;3.0;3.4;4.8;28.5;93;90;2.6;
Saddiq Bey;33:21;.476;.464;.286;.286;6.5;14.0;10.2;0.0;3.0;0.0;16.0;25.9;85;95;-4.2;
Isaiah Stewart;31:40;.554;.400;.000;.600;10.3;29.6;19.6;9.8;0.0;7.2;13.7;10.6;122;94;-1.2;
Killian Hayes;19:45;1.000;1.000;.000;.000;5.5;17.8;11.4;33.4;7.7;5.8;60.0;11.6;101;80;7.1;
Cory Joseph;30:45;.705;.682;.273;.364;0.0;19.0;9.2;13.5;1.6;0.0;7.3;20.6;133;97;4.5;
Frank Jackson;26:09;.786;.786;.714;.000;0.0;4.5;2.2;13.8;1.9;0.0;0.0;12.3;158;99;6.3;
Trey Lyles;16:19;.296;.250;.375;.125;6.7;7.2;6.9;0.0;6.2;0.0;10.6;26.6;62;90;-10.2;
Hamidou Diallo;14:28;1.000;1.000;.000;.000;0.0;16.2;7.8;0.0;0.0;7.9;0.0;3.2;200;96;-1.8;
Rodney McGruder;Did Not Play;
Josh Jackson;Did Not Play;
Luka Garza;Did Not Play;
Team Totals;240;.525;.475;.350;.350;18.2;82.9;49.4;47.1;13.7;11.9;11.5;100.0;101.9;93.5;;
