202112030LAL-PHI;ATL;PHI;False;10:00 PM, December 3, 2021;Crypto.com Arena, Los Angeles, California;2:13
98;
96;
Guest Basic
Paul George;39:28;7;20;.350;0;7;.000;5;6;.833;1;7;8;9;2;0;3;1;19;+10;
Reggie Jackson;35:40;6;16;.375;2;7;.286;2;2;1.000;1;1;2;8;1;1;2;2;16;+13;
Marcus Morris;32:53;7;12;.583;6;9;.667;1;1;1.000;0;2;2;1;0;0;1;2;21;+8;
Serge Ibaka;28:57;3;4;.750;3;3;1.000;0;0;;3;3;6;3;0;0;0;3;9;+10;
Ivica Zubac;22:20;3;4;.750;0;0;;6;6;1.000;0;5;5;1;1;1;1;2;12;+13;
Luke Kennard;23:30;7;10;.700;5;8;.625;0;0;;0;4;4;0;1;0;0;0;19;-6;
Eric Bledsoe;17:45;2;3;.667;0;0;;4;4;1.000;0;1;1;4;0;0;1;2;8;-6;
Terance Mann;16:24;1;4;.250;0;1;.000;0;0;;1;5;6;1;0;0;0;3;2;-9;
Isaiah Hartenstein;16:06;5;7;.714;0;0;;1;3;.333;0;0;0;1;0;1;0;3;11;-9;
Brandon Boston Jr.;6:57;0;1;.000;0;0;;2;2;1.000;0;0;0;0;0;0;1;1;2;-4;
Amir Coffey;Did Not Play;
Justise Winslow;Did Not Play;
Team Totals;240;41;81;.506;16;35;.457;21;24;.875;6;28;34;28;5;3;9;19;119;;
Guest Advanced
Paul George;39:28;.420;.350;.350;.300;3.4;20.8;12.6;33.7;2.6;0.0;11.7;31.0;99;119;-5.5;
Reggie Jackson;35:40;.474;.438;.438;.125;3.7;3.3;3.5;32.7;1.4;2.4;10.6;25.3;109;125;-2.2;
Marcus Morris;32:53;.844;.833;.750;.083;0.0;7.1;3.8;4.7;0.0;0.0;7.4;19.5;140;128;4.3;
Serge Ibaka;28:57;1.125;1.125;.750;.000;13.8;12.1;12.9;13.8;0.0;0.0;0.0;6.6;218;127;6.5;
Ivica Zubac;22:20;.904;.750;.000;1.500;0.0;26.2;14.0;6.2;2.3;3.8;13.1;16.3;163;115;5.4;
Luke Kennard;23:30;.950;.950;.800;.000;0.0;19.9;10.6;0.0;2.2;0.0;0.0;20.3;165;120;14.8;
Eric Bledsoe;17:45;.840;.667;.000;1.333;0.0;6.6;3.5;30.4;0.0;0.0;17.4;15.5;160;128;0.7;
Terance Mann;16:24;.250;.250;.250;.000;8.1;35.7;22.8;7.7;0.0;0.0;0.0;11.6;85;119;-12.0;
Isaiah Hartenstein;16:06;.661;.714;.000;.429;0.0;0.0;0.0;11.4;0.0;5.2;0.0;24.7;128;127;-0.9;
Brandon Boston Jr.;6:57;.532;.000;.000;2.000;0.0;0.0;0.0;0.0;0.0;0.0;34.7;19.8;74;130;-18.1;
Amir Coffey;Did Not Play;
Justise Winslow;Did Not Play;
Team Totals;240;.650;.605;.432;.296;16.7;68.3;44.2;68.3;5.4;5.3;8.9;100.0;127.5;123.3;;
Home Basic
Anthony Davis;36:18;10;15;.667;0;2;.000;7;11;.636;5;5;10;4;0;1;2;2;27;-9;
LeBron James;36:15;9;23;.391;2;8;.250;3;5;.600;3;8;11;6;2;0;3;2;23;-5;
Russell Westbrook;36:15;4;8;.500;2;2;1.000;0;0;;1;1;2;9;1;0;2;4;10;-6;
Talen Horton-Tucker;27:43;4;9;.444;0;4;.000;0;0;;1;4;5;3;1;1;1;4;8;-7;
Dwight Howard;20:48;3;6;.500;0;0;;0;0;;1;4;5;2;1;1;1;2;6;-11;
Malik Monk;29:04;8;15;.533;4;8;.500;0;0;;2;2;4;2;2;0;1;3;20;0;
Carmelo Anthony;24:41;4;6;.667;2;2;1.000;3;4;.750;0;5;5;1;0;0;1;0;13;+8;
Wayne Ellington;19:57;2;5;.400;2;5;.400;0;0;;0;0;0;0;1;0;0;0;6;+15;
Austin Reaves;8:59;1;3;.333;0;2;.000;0;1;.000;0;1;1;1;0;0;0;2;2;-5;
Avery Bradley;Did Not Play;
Chaundee Brown Jr.;Did Not Play;
Kent Bazemore;Did Not Play;
DeAndre Jordan;Did Not Play;
Rajon Rondo;Did Not Play;
Team Totals;240;45;90;.500;12;33;.364;13;21;.619;13;30;43;28;8;3;11;19;115;;
Home Advanced
Anthony Davis;36:18;.680;.667;.133;.733;16.1;18.4;17.2;16.6;0.0;2.9;9.2;26.2;139;131;5.0;
LeBron James;36:15;.456;.435;.348;.217;9.7;29.4;18.9;24.0;2.8;0.0;10.6;33.9;103;125;-1.1;
Russell Westbrook;36:15;.625;.625;.250;.000;3.2;3.7;3.4;30.0;1.4;0.0;20.0;12.0;132;132;-0.8;
Talen Horton-Tucker;27:43;.444;.444;.444;.000;4.2;19.2;11.2;13.6;1.9;3.8;10.0;15.7;103;125;-5.9;
Dwight Howard;20:48;.500;.500;.000;.000;5.6;25.6;15.0;12.1;2.5;5.0;14.3;14.7;107;122;-2.6;
Malik Monk;29:04;.667;.667;.533;.000;8.1;9.2;8.6;10.4;3.5;0.0;6.3;24.0;134;126;6.0;
Carmelo Anthony;24:41;.838;.833;.333;.667;0.0;27.0;12.6;5.2;0.0;0.0;11.4;15.5;148;132;2.5;
Wayne Ellington;19:57;.600;.600;1.000;.000;0.0;0.0;0.0;0.0;2.6;0.0;0.0;10.9;127;130;-2.5;
Austin Reaves;8:59;.291;.333;.667;.333;0.0;14.8;6.9;13.5;0.0;0.0;0.0;16.7;80;133;-15.9;
Avery Bradley;Did Not Play;
Chaundee Brown Jr.;Did Not Play;
Kent Bazemore;Did Not Play;
DeAndre Jordan;Did Not Play;
Rajon Rondo;Did Not Play;
Team Totals;240;.579;.567;.367;.233;31.7;83.3;55.8;62.2;8.6;6.5;10.0;100.0;123.3;127.5;;
