202111070LAC-HOU;GSW;HOU;False;9:00 PM, November 7, 2021;Crypto.com Arena, Los Angeles, California;2:25
107;
120;
Guest Basic
Miles Bridges;36:41;7;19;.368;2;6;.333;5;6;.833;1;3;4;6;2;1;0;4;21;-10;
Gordon Hayward;35:47;5;14;.357;2;4;.500;3;4;.750;1;6;7;0;0;0;0;2;15;-17;
Terry Rozier;32:42;8;22;.364;1;9;.111;0;0;;3;5;8;2;2;0;1;1;17;-10;
LaMelo Ball;31:35;8;19;.421;2;5;.400;3;3;1.000;3;4;7;3;3;0;2;5;21;-14;
Mason Plumlee;24:37;1;2;.500;0;0;;0;0;;1;5;6;4;2;0;4;0;2;0;
Cody Martin;30:16;2;7;.286;2;3;.667;2;2;1.000;0;3;3;2;2;0;0;2;8;-2;
Kelly Oubre Jr.;28:14;7;14;.500;1;6;.167;1;3;.333;0;4;4;2;1;1;2;4;16;-13;
Nick Richards;13:21;3;3;1.000;0;0;;0;0;;2;0;2;0;0;0;2;3;6;+3;
Ish Smith;4:42;0;0;;0;0;;0;0;;0;2;2;1;1;0;2;0;0;-7;
James Bouknight;0:41;0;1;.000;0;0;;0;0;;1;0;1;0;0;0;0;0;0;0;
Kai Jones;0:41;0;0;;0;0;;0;0;;0;0;0;0;0;0;0;0;0;0;
Jalen McDaniels;0:41;0;0;;0;0;;0;0;;0;0;0;0;0;0;0;0;0;0;
Team Totals;240;41;101;.406;10;33;.303;14;18;.778;12;32;44;20;13;2;13;21;106;;
Guest Advanced
Miles Bridges;36:41;.485;.421;.316;.316;2.4;10.1;5.6;24.7;2.5;3.4;0.0;23.2;115;113;5.0;
Gordon Hayward;35:47;.476;.429;.286;.286;2.4;20.6;10.0;0.0;0.0;0.0;0.0;17.3;104;119;-5.5;
Terry Rozier;32:42;.386;.386;.409;.000;8.0;18.8;12.5;10.0;2.8;0.0;4.3;27.7;87;113;-3.0;
LaMelo Ball;31:35;.517;.474;.263;.158;8.3;15.6;11.3;15.8;4.3;0.0;9.0;27.8;106;109;3.7;
Mason Plumlee;24:37;.500;.500;.000;.000;3.5;25.0;12.4;20.0;3.7;0.0;66.7;9.6;62;109;-3.1;
Cody Martin;30:16;.508;.429;.429;.286;0.0;12.2;5.1;8.4;3.0;0.0;0.0;10.3;117;113;-0.7;
Kelly Oubre Jr.;28:14;.522;.536;.429;.214;0.0;17.4;7.2;11.7;1.6;4.5;11.5;24.2;95;113;-2.0;
Nick Richards;13:21;1.000;1.000;.000;.000;13.1;0.0;7.7;0.0;0.0;0.0;40.0;14.7;113;123;-8.0;
Ish Smith;4:42;;;;;0.0;52.4;21.7;24.9;9.6;0.0;100.0;16.8;21;90;-7.3;
James Bouknight;0:41;.000;.000;.000;.000;100.0;0.0;74.7;0.0;0.0;0.0;0.0;57.6;59;123;-28.8;
Kai Jones;0:41;;;;;0.0;0.0;0.0;0.0;0.0;0.0;;0.0;0;123;-9.2;
Jalen McDaniels;0:41;;;;;0.0;0.0;0.0;0.0;0.0;0.0;;0.0;0;123;-9.3;
Team Totals;240;.487;.455;.327;.178;21.8;82.1;46.8;48.8;12.2;5.3;10.7;100.0;99.6;112.7;;
Home Basic
Paul George;37:40;9;22;.409;2;10;.200;0;0;;1;8;9;8;0;1;8;1;20;+13;
Reggie Jackson;35:31;7;18;.389;3;11;.273;2;2;1.000;0;2;2;6;1;0;3;0;19;+14;
Nicolas Batum;28:07;6;11;.545;4;9;.444;0;0;;0;6;6;1;3;1;1;0;16;-14;
Ivica Zubac;27:54;3;3;1.000;0;0;;8;8;1.000;3;8;11;0;0;2;0;4;14;+7;
Eric Bledsoe;24:10;2;5;.400;1;2;.500;2;2;1.000;0;5;5;2;2;0;5;2;7;-10;
Terance Mann;34:15;5;8;.625;2;4;.500;5;5;1.000;1;9;10;3;0;0;1;1;17;+24;
Luke Kennard;27:49;6;12;.500;6;11;.545;0;0;;0;2;2;3;1;0;0;1;18;+25;
Isaiah Hartenstein;11:06;3;4;.750;0;0;;3;4;.750;2;1;3;0;1;0;1;2;9;+8;
Serge Ibaka;8:19;0;3;.000;0;1;.000;0;0;;0;1;1;1;0;1;1;5;0;-2;
Justise Winslow;3:46;0;0;;0;0;;0;0;;0;1;1;0;0;0;0;0;0;+5;
Brandon Boston Jr.;0:41;0;0;;0;0;;0;0;;0;0;0;0;0;0;0;0;0;0;
Keon Johnson;0:41;0;0;;0;0;;0;0;;0;0;0;0;0;0;0;0;0;0;
Team Totals;240;41;86;.477;18;48;.375;20;21;.952;7;43;50;24;8;5;20;16;120;;
Home Advanced
Paul George;37:40;.455;.455;.455;.000;3.3;18.5;12.2;34.5;0.0;1.9;26.7;33.2;83;102;-7.5;
Reggie Jackson;35:31;.503;.472;.611;.111;0.0;4.9;2.9;25.7;1.3;0.0;13.7;25.7;101;105;-1.7;
Nicolas Batum;28:07;.727;.727;.818;.000;0.0;18.6;10.9;5.6;4.8;2.5;8.3;17.8;126;91;11.9;
Ivica Zubac;27:54;1.074;1.000;.000;2.667;13.2;25.0;20.1;0.0;0.0;5.1;0.0;9.7;233;97;7.6;
Eric Bledsoe;24:10;.595;.500;.400;.400;0.0;18.1;10.6;10.7;3.7;0.0;46.0;18.8;71;95;-6.1;
Terance Mann;34:15;.833;.750;.500;.625;3.6;22.9;14.9;12.4;0.0;0.0;8.9;13.6;162;102;6.6;
Luke Kennard;27:49;.750;.750;.917;.000;0.0;6.3;3.7;16.9;1.6;0.0;0.0;18.0;150;104;11.1;
Isaiah Hartenstein;11:06;.781;.750;.000;1.000;22.2;7.9;13.8;0.0;4.1;0.0;14.8;25.4;141;98;5.0;
Serge Ibaka;8:19;.000;.000;.333;.000;0.0;10.5;6.1;14.1;0.0;8.5;25.0;20.0;19;98;-24.6;
Justise Winslow;3:46;;;;;0.0;23.2;13.6;0.0;0.0;0.0;;0.0;0;102;-2.5;
Brandon Boston Jr.;0:41;;;;;0.0;0.0;0.0;0.0;0.0;0.0;;0.0;0;110;-4.2;
Keon Johnson;0:41;;;;;0.0;0.0;0.0;0.0;0.0;0.0;;0.0;0;110;-4.2;
Team Totals;240;.630;.581;.558;.244;17.9;78.2;53.2;58.5;7.5;7.4;17.4;100.0;112.7;99.6;;
