202110270BRK-WAS;BOS;WAS;False;7:30 PM, October 27, 2021;Barclays Center, Brooklyn, New York;2:13
116;
107;
Guest Basic
Jimmy Butler;37:11;6;18;.333;0;0;;5;6;.833;4;10;14;7;4;1;3;3;17;+12;
Kyle Lowry;34:09;3;8;.375;1;5;.200;2;2;1.000;0;6;6;9;0;0;3;2;9;+7;
P.J. Tucker;31:57;5;10;.500;3;5;.600;2;3;.667;4;3;7;2;0;0;0;3;15;+24;
Duncan Robinson;31:36;2;7;.286;2;7;.286;0;0;;0;5;5;1;0;1;1;3;6;+13;
Bam Adebayo;30:09;8;17;.471;0;0;;8;9;.889;1;8;9;0;0;0;2;3;24;+1;
Tyler Herro;27:24;5;17;.294;1;6;.167;3;4;.750;2;6;8;2;0;0;3;0;14;+1;
Dewayne Dedmon;17:00;6;9;.667;0;0;;2;2;1.000;6;3;9;0;1;0;1;1;14;+12;
Markieff Morris;14:18;1;3;.333;0;1;.000;0;0;;0;3;3;0;0;0;1;3;2;-6;
Max Strus;12:52;1;6;.167;1;5;.200;0;0;;0;1;1;0;1;0;0;1;3;+1;
Caleb Martin;0:51;1;1;1.000;0;0;;0;0;;0;0;0;0;0;0;0;0;2;0;
KZ Okpala;0:51;0;0;;0;0;;0;0;;0;0;0;0;0;0;0;0;0;0;
Gabe Vincent;0:51;0;0;;0;0;;0;0;;0;0;0;0;0;0;0;0;0;0;
Omer Yurtseven;0:51;0;0;;0;0;;0;0;;0;0;0;0;0;0;0;0;0;0;
Udonis Haslem;Did Not Play;
Team Totals;240;38;96;.396;8;29;.276;22;26;.846;17;45;62;21;6;2;14;19;106;;
Guest Advanced
Jimmy Butler;37:11;.412;.333;.000;.333;9.4;26.3;17.4;29.9;5.1;3.1;12.7;25.1;97;80;9.3;
Kyle Lowry;34:09;.507;.438;.625;.250;0.0;17.2;8.1;37.4;0.0;0.0;25.3;13.8;103;96;0.8;
P.J. Tucker;31:57;.663;.650;.500;.300;10.9;9.2;10.1;9.9;0.0;0.0;0.0;14.0;152;97;8.8;
Duncan Robinson;31:36;.429;.429;1.000;.000;0.0;15.5;7.3;4.3;0.0;3.6;12.5;10.0;85;93;-2.0;
Bam Adebayo;30:09;.573;.471;.000;.529;2.9;26.0;13.8;0.0;0.0;0.0;8.7;30.1;114;95;3.6;
Tyler Herro;27:24;.373;.324;.353;.235;6.4;21.5;13.5;12.0;0.0;0.0;13.8;31.4;79;95;-4.4;
Dewayne Dedmon;17:00;.709;.667;.000;.222;30.8;17.3;24.4;0.0;2.8;0.0;9.2;25.3;141;89;13.8;
Markieff Morris;14:18;.333;.333;.333;.000;0.0;20.6;9.7;0.0;0.0;0.0;25.0;11.1;52;95;-10.8;
Max Strus;12:52;.250;.250;.833;.000;0.0;7.6;3.6;0.0;3.7;0.0;0.0;18.4;60;88;-5.2;
Caleb Martin;0:51;1.000;1.000;.000;.000;0.0;0.0;0.0;0.0;0.0;0.0;0.0;46.5;200;98;52.8;
KZ Okpala;0:51;;;;;0.0;0.0;0.0;0.0;0.0;0.0;;0.0;0;98;-3.3;
Gabe Vincent;0:51;;;;;0.0;0.0;0.0;0.0;0.0;0.0;;0.0;0;98;-5.5;
Omer Yurtseven;0:51;;;;;0.0;0.0;0.0;0.0;0.0;0.0;;0.0;0;98;-4.0;
Udonis Haslem;Did Not Play;
Team Totals;240;.493;.438;.302;.271;30.9;91.8;59.6;55.3;5.9;4.8;11.5;100.0;104.8;92.0;;
Home Basic
Kevin Durant;37:14;9;18;.500;2;4;.500;5;6;.833;0;11;11;2;1;2;5;1;25;-14;
James Harden;35:36;4;12;.333;3;8;.375;3;3;1.000;0;7;7;7;1;1;4;3;14;-12;
Bruce Brown;34:40;5;8;.625;2;3;.667;0;0;;1;4;5;1;3;0;1;4;12;-3;
Joe Harris;33:31;5;15;.333;5;11;.455;0;0;;0;3;3;0;1;1;1;5;15;-22;
Blake Griffin;18:34;2;6;.333;1;4;.250;1;1;1.000;0;4;4;2;0;0;0;2;6;+3;
Patty Mills;31:08;1;9;.111;0;6;.000;2;2;1.000;2;1;3;5;0;0;1;1;4;-9;
Paul Millsap;15:24;2;5;.400;1;3;.333;2;2;1.000;0;4;4;2;0;0;1;3;7;-6;
DeAndre' Bembry;13:09;2;5;.400;0;1;.000;0;0;;0;1;1;1;1;2;1;3;4;+1;
LaMarcus Aldridge;11:42;3;5;.600;0;1;.000;0;0;;1;2;3;0;0;1;1;2;6;-8;
Jevon Carter;5:53;0;2;.000;0;2;.000;0;0;;0;1;1;1;0;0;0;0;0;+1;
Day'Ron Sharpe;1:34;0;0;;0;0;;0;0;;0;0;0;0;0;0;0;0;0;+2;
Cam Thomas;1:34;0;0;;0;0;;0;0;;0;0;0;0;0;0;0;0;0;+2;
James Johnson;Did Not Play;
Team Totals;240;33;85;.388;14;43;.326;13;14;.929;4;38;42;21;7;7;15;24;93;;
Home Advanced
Kevin Durant;37:14;.606;.556;.222;.333;0.0;25.8;13.6;12.0;1.3;3.8;19.5;31.1;94;98;4.0;
James Harden;35:36;.526;.458;.667;.250;0.0;17.2;9.1;34.2;1.3;2.0;23.1;22.0;93;103;0.6;
Bruce Brown;34:40;.750;.750;.375;.000;2.8;10.1;6.7;5.3;4.1;0.0;11.1;11.7;125;102;4.0;
Joe Harris;33:31;.500;.500;.733;.000;0.0;7.8;4.1;0.0;1.4;2.1;6.3;21.6;84;108;-1.6;
Blake Griffin;18:34;.466;.417;.667;.167;0.0;18.8;9.9;18.6;0.0;0.0;0.0;15.7;102;107;-0.7;
Patty Mills;31:08;.202;.111;.667;.222;6.3;2.8;4.4;24.5;0.0;0.0;9.2;15.8;70;115;-8.2;
Paul Millsap;15:24;.595;.500;.600;.400;0.0;22.7;12.0;23.3;0.0;0.0;14.5;20.2;108;105;2.0;
DeAndre' Bembry;13:09;.400;.400;.200;.000;0.0;6.6;3.5;14.2;3.6;10.9;16.7;20.6;69;98;0.0;
LaMarcus Aldridge;11:42;.600;.600;.200;.000;8.4;14.9;11.8;0.0;0.0;6.1;16.7;23.2;94;105;-2.5;
Jevon Carter;5:53;.000;.000;1.000;.000;0.0;14.8;7.8;24.7;0.0;0.0;0.0;15.4;27;109;-11.4;
Day'Ron Sharpe;1:34;;;;;0.0;0.0;0.0;0.0;0.0;0.0;;0.0;0;116;-7.4;
Cam Thomas;1:34;;;;;0.0;0.0;0.0;0.0;0.0;0.0;;0.0;0;116;-7.1;
James Johnson;Did Not Play;
Team Totals;240;.510;.471;.506;.165;8.2;69.1;40.4;63.6;6.9;10.4;14.1;100.0;92.0;104.8;;
