202111270UTA-NYK;ATL;NYK;False;9:00 PM, November 27, 2021;Vivint Smart Home Arena, Salt Lake City, Utah;2:10
99;
90;
Guest Basic
Herbert Jones;26:18;1;4;.250;0;1;.000;1;2;.500;1;2;3;2;4;0;0;0;3;-23;
Brandon Ingram;26:07;4;14;.286;0;4;.000;3;3;1.000;1;3;4;3;0;1;4;0;11;-22;
Josh Hart;24:25;3;6;.500;0;2;.000;0;0;;1;4;5;2;0;0;0;4;6;-29;
Devonte' Graham;22:24;2;9;.222;0;5;.000;2;2;1.000;0;1;1;2;1;0;1;1;6;-21;
Jonas Valančiūnas;22:02;6;11;.545;0;4;.000;0;0;;2;10;12;2;0;1;2;2;12;-8;
Nickeil Alexander-Walker;22:44;2;12;.167;2;8;.250;4;4;1.000;2;0;2;3;1;1;1;1;10;-17;
Willy Hernangómez;18:05;5;7;.714;0;0;;0;0;;3;5;8;3;0;0;4;3;10;-32;
Tomáš Satoranský;17:49;3;6;.500;0;0;;0;0;;0;1;1;3;0;0;1;2;6;-1;
Trey Murphy III;16:16;2;4;.500;2;4;.500;0;0;;1;1;2;0;0;0;0;3;6;+9;
Garrett Temple;12:06;2;4;.500;0;1;.000;2;2;1.000;0;0;0;0;1;0;0;3;6;-11;
Kira Lewis Jr.;9:22;2;5;.400;0;2;.000;0;0;;0;0;0;1;0;0;0;0;4;-5;
Naji Marshall;8:17;3;5;.600;1;1;1.000;3;5;.600;2;0;2;0;0;0;0;0;10;+16;
Jaxson Hayes;7:48;5;6;.833;3;3;1.000;2;3;.667;1;3;4;1;1;0;0;1;15;+18;
Jose Alvarado;6:17;0;0;;0;0;;0;0;;0;1;1;5;0;0;0;0;0;+16;
Team Totals;240;40;93;.430;8;35;.229;17;21;.810;14;31;45;27;8;3;13;20;105;;
Guest Advanced
Herbert Jones;26:18;.307;.250;.250;.500;3.8;9.6;6.4;9.6;7.4;0.0;0.0;7.7;96;116;0.6;
Brandon Ingram;26:07;.359;.286;.286;.214;3.8;14.5;8.5;16.9;0.0;4.1;20.7;30.8;71;130;-13.0;
Josh Hart;24:25;.500;.500;.333;.000;4.1;20.7;11.4;11.5;0.0;0.0;0.0;10.2;121;132;-7.6;
Devonte' Graham;22:24;.304;.222;.556;.222;0.0;5.6;2.5;12.0;2.2;0.0;9.2;20.2;72;129;-13.0;
Jonas Valančiūnas;22:02;.545;.545;.364;.000;9.1;57.3;30.4;16.2;0.0;4.8;15.4;24.6;101;124;-0.8;
Nickeil Alexander-Walker;22:44;.363;.250;.667;.333;8.8;0.0;4.9;17.7;2.1;4.7;6.8;27.0;93;127;-3.5;
Willy Hernangómez;18:05;.714;.714;.000;.000;16.6;34.9;24.7;29.8;0.0;0.0;36.4;25.3;98;130;-2.8;
Tomáš Satoranský;17:49;.500;.500;.000;.000;0.0;7.1;3.1;25.3;0.0;0.0;14.3;16.4;101;134;-7.5;
Trey Murphy III;16:16;.750;.750;1.000;.000;6.1;7.8;6.9;0.0;0.0;0.0;0.0;10.2;152;134;-3.3;
Garrett Temple;12:06;.615;.500;.250;.500;0.0;0.0;0.0;0.0;4.0;0.0;0.0;16.8;133;125;-3.8;
Kira Lewis Jr.;9:22;.400;.400;.400;.000;0.0;0.0;0.0;17.2;0.0;0.0;0.0;22.2;94;135;-9.0;
Naji Marshall;8:17;.694;.700;.200;1.000;24.1;0.0;13.5;0.0;0.0;0.0;0.0;36.2;146;135;15.7;
Jaxson Hayes;7:48;1.025;1.083;.500;.500;12.8;48.6;28.6;66.7;6.2;0.0;0.0;39.1;192;114;59.1;
Jose Alvarado;6:17;;;;;0.0;20.1;8.9;95.5;0.0;0.0;;0.0;220;132;10.3;
Team Totals;240;.513;.473;.376;.226;29.2;81.6;52.3;67.5;8.1;6.7;11.3;100.0;106.2;128.4;;
Home Basic
Donovan Mitchell;27:28;9;17;.529;3;6;.500;0;0;;1;6;7;7;2;1;4;2;21;+25;
Bojan Bogdanović;27:28;2;7;.286;0;3;.000;7;7;1.000;0;1;1;4;0;0;2;3;11;+25;
Rudy Gobert;27:10;2;4;.500;0;0;;2;4;.500;1;7;8;1;1;2;4;1;6;+20;
Joe Ingles;26:41;4;5;.800;4;5;.800;3;3;1.000;1;4;5;1;0;0;1;2;15;+18;
Mike Conley;23:32;8;12;.667;4;7;.571;0;0;;0;1;1;2;1;0;0;3;20;+13;
Jordan Clarkson;25:46;8;13;.615;4;6;.667;0;1;.000;1;2;3;1;1;0;0;1;20;+35;
Rudy Gay;23:26;4;7;.571;4;4;1.000;1;2;.500;1;6;7;5;1;0;2;1;13;+32;
Hassan Whiteside;17:39;4;6;.667;0;0;;2;3;.667;1;4;5;0;1;1;1;6;10;+14;
Trent Forrest;13:06;1;2;.500;0;1;.000;2;2;1.000;0;2;2;1;1;0;2;1;4;-9;
Eric Paschall;8:17;1;2;.500;0;0;;0;0;;1;0;1;1;0;0;1;2;2;-16;
Miye Oni;8:17;0;1;.000;0;1;.000;0;0;;0;1;1;1;0;0;1;1;0;-16;
Jared Butler;7:48;2;4;.500;1;2;.500;0;0;;0;0;0;0;1;0;0;2;5;-18;
Elijah Hughes;3:22;0;0;;0;0;;0;0;;0;0;0;0;0;0;0;0;0;-13;
Team Totals;240;45;80;.563;20;35;.571;17;22;.773;7;34;41;24;9;4;18;25;127;;
Home Advanced
Bojan Bogdanović;27:28;.546;.286;.429;1.000;0.0;3.6;2.0;16.8;0.0;0.0;16.6;19.6;115;116;-6.1;
Donovan Mitchell;27:28;.618;.618;.353;.000;4.6;21.8;14.2;41.8;3.5;3.0;19.0;34.1;117;99;7.1;
Rudy Gobert;27:10;.521;.500;.000;1.000;4.6;25.8;16.4;4.3;1.8;6.1;41.0;16.0;73;100;-5.4;
Joe Ingles;26:41;1.187;1.200;1.000;.600;4.7;15.0;10.5;4.8;0.0;0.0;13.7;12.2;195;111;9.2;
Mike Conley;23:32;.833;.833;.583;.000;0.0;4.2;2.4;14.2;2.1;0.0;0.0;22.7;164;111;10.7;
Jordan Clarkson;25:46;.744;.769;.462;.077;4.9;7.8;6.5;6.2;1.9;0.0;0.0;23.3;147;110;8.3;
Rudy Gay;23:26;.825;.857;.571;.286;5.4;25.6;16.7;27.8;2.1;0.0;20.2;18.8;146;103;14.8;
Hassan Whiteside;17:39;.683;.667;.000;.500;7.2;22.7;15.8;0.0;2.8;4.7;12.0;21.0;123;99;-3.6;
Trent Forrest;13:06;.694;.500;.500;1.000;0.0;15.3;8.5;8.9;3.7;0.0;41.0;16.6;92;103;-3.8;
Miye Oni;8:17;.000;.000;1.000;.000;0.0;12.1;6.7;12.9;0.0;0.0;50.0;10.8;38;112;-12.2;
Eric Paschall;8:17;.500;.500;.000;.000;15.2;0.0;6.7;14.8;0.0;0.0;33.3;16.1;102;117;-9.6;
Jared Butler;7:48;.625;.625;.500;.000;0.0;0.0;0.0;0.0;6.2;0.0;0.0;22.9;120;103;1.4;
Elijah Hughes;3:22;;;;;0.0;0.0;0.0;0.0;0.0;0.0;;0.0;0;117;-3.9;
Team Totals;240;.708;.688;.438;.275;18.4;70.8;47.7;53.3;9.1;6.9;16.7;100.0;128.4;106.2;;
