202110290BRK-IND;BRK;IND;False;7:30 PM, October 29, 2021;Barclays Center, Brooklyn, New York;2:25
98;
105;
Guest Basic
Domantas Sabonis;34:32;7;14;.500;1;4;.250;1;2;.500;2;5;7;6;3;1;3;3;16;-23;
Chris Duarte;33:45;9;19;.474;1;4;.250;0;1;.000;1;3;4;2;1;1;4;5;19;-23;
T.J. McConnell;33:01;4;14;.286;0;2;.000;0;1;.000;0;4;4;4;2;0;1;4;8;-13;
Justin Holiday;32:58;2;8;.250;2;5;.400;0;0;;0;3;3;1;1;1;2;3;6;+10;
Myles Turner;31:50;2;7;.286;0;3;.000;5;7;.714;1;8;9;2;1;2;0;3;9;+11;
Torrey Craig;34:11;9;16;.563;4;7;.571;6;8;.750;5;6;11;3;0;0;2;4;28;0;
Jeremy Lamb;19:04;4;10;.400;0;3;.000;4;4;1.000;1;4;5;0;1;0;0;2;12;+2;
Brad Wanamaker;14:08;0;5;.000;0;1;.000;0;0;;1;2;3;2;0;2;2;3;0;+4;
Oshae Brissett;3:58;0;0;;0;0;;0;0;;0;0;0;0;0;0;0;0;0;-9;
Goga Bitadze;0:51;0;0;;0;0;;0;0;;0;0;0;0;0;0;0;0;0;+2;
DeJon Jarreau;0:51;0;0;;0;0;;0;0;;0;0;0;0;0;0;0;0;0;+2;
Duane Washington Jr.;0:51;0;0;;0;0;;0;0;;0;0;0;0;0;0;0;0;0;+2;
Team Totals;240;37;93;.398;8;29;.276;16;23;.696;11;35;46;20;9;7;14;27;98;;
Guest Advanced
Domantas Sabonis;34:32;.538;.536;.286;.143;5.5;15.4;10.1;30.6;4.1;2.8;16.8;21.2;103;98;6.9;
Chris Duarte;33:45;.489;.500;.211;.053;2.8;9.5;5.9;11.8;1.4;2.8;17.1;28.5;83;105;-4.3;
T.J. McConnell;33:01;.277;.286;.143;.071;0.0;12.9;6.1;18.6;2.9;0.0;6.5;19.2;66;103;-8.2;
Justin Holiday;32:58;.375;.375;.625;.000;0.0;9.7;4.6;4.3;1.4;2.9;20.0;12.4;64;105;-6.7;
Myles Turner;31:50;.446;.286;.429;1.000;3.0;26.8;14.1;8.9;1.5;6.0;0.0;13.0;108;99;0.8;
Torrey Craig;34:11;.717;.688;.438;.500;13.8;18.7;16.1;17.3;0.0;0.0;9.3;25.8;138;108;11.9;
Jeremy Lamb;19:04;.510;.400;.300;.400;4.9;22.4;13.1;0.0;2.5;0.0;0.0;25.3;112;102;1.7;
Brad Wanamaker;14:08;.000;.000;.200;.000;6.7;15.1;10.6;18.4;0.0;13.6;28.6;20.3;24;100;-14.8;
Oshae Brissett;3:58;;;;;0.0;0.0;0.0;0.0;0.0;0.0;;0.0;0;113;-7.4;
Goga Bitadze;0:51;;;;;0.0;0.0;0.0;0.0;0.0;0.0;;0.0;0;113;-8.9;
DeJon Jarreau;0:51;;;;;0.0;0.0;0.0;0.0;0.0;0.0;;0.0;0;113;-8.0;
Duane Washington Jr.;0:51;;;;;0.0;0.0;0.0;0.0;0.0;0.0;;0.0;0;113;-8.9;
Team Totals;240;.475;.441;.312;.247;21.6;77.8;47.9;54.1;8.8;14.0;12.0;100.0;96.2;103.1;;
Home Basic
Kevin Durant;37:22;7;10;.700;1;3;.333;7;8;.875;0;11;11;7;1;0;7;2;22;+10;
James Harden;35:02;5;11;.455;3;6;.500;16;19;.842;1;7;8;8;1;2;4;3;29;+17;
Joe Harris;30:45;3;9;.333;1;6;.167;2;2;1.000;0;2;2;1;0;0;3;1;9;-7;
Bruce Brown;24:34;4;7;.571;0;0;;0;0;;2;4;6;0;0;1;0;3;8;-6;
Blake Griffin;19:56;1;7;.143;0;4;.000;1;1;1.000;1;2;3;0;1;0;1;1;3;+2;
LaMarcus Aldridge;28:04;10;16;.625;0;1;.000;1;3;.333;4;4;8;0;1;1;1;4;21;+5;
Patty Mills;19:46;2;5;.400;1;2;.500;0;1;.000;1;2;3;2;1;1;0;1;5;-7;
Jevon Carter;18:03;0;4;.000;0;3;.000;0;0;;0;2;2;2;2;1;1;2;0;+18;
Paul Millsap;13:30;2;4;.500;0;1;.000;4;7;.571;1;3;4;0;0;0;0;2;8;+13;
DeAndre' Bembry;12:58;0;3;.000;0;0;;0;0;;0;3;3;0;2;0;1;2;0;-10;
James Johnson;Did Not Play;
Day'Ron Sharpe;Did Not Play;
Cam Thomas;Did Not Play;
Team Totals;240;34;76;.447;6;26;.231;31;41;.756;10;40;50;20;9;6;18;21;105;;
Home Advanced
Kevin Durant;37:22;.814;.750;.300;.800;0.0;27.7;14.7;36.0;1.3;0.0;34.1;23.5;112;95;5.0;
James Harden;35:02;.749;.591;.545;1.727;3.0;18.8;11.4;40.4;1.3;4.3;17.1;28.6;137;95;16.0;
Joe Harris;30:45;.455;.389;.667;.222;0.0;6.1;3.3;5.3;0.0;0.0;23.3;17.9;74;105;-8.4;
Bruce Brown;24:34;.571;.571;.000;.000;8.7;15.3;12.2;0.0;0.0;3.1;0.0;12.2;124;99;-0.8;
Blake Griffin;19:56;.202;.143;.571;.143;5.4;9.4;7.5;0.0;2.4;0.0;11.8;18.1;48;99;-12.5;
LaMarcus Aldridge;28:04;.606;.625;.063;.188;15.2;13.4;14.3;0.0;1.7;2.7;5.5;28.0;118;96;3.1;
Patty Mills;19:46;.460;.500;.400;.200;5.4;9.5;7.6;16.7;2.4;3.8;0.0;11.8;112;96;4.9;
Jevon Carter;18:03;.000;.000;.750;.000;0.0;10.4;5.5;15.6;5.2;4.2;20.0;11.9;23;89;-4.0;
Paul Millsap;13:30;.565;.500;.250;1.750;7.9;20.9;14.8;0.0;0.0;0.0;0.0;22.5;124;100;-1.3;
DeAndre' Bembry;12:58;.000;.000;.000;.000;0.0;21.8;11.6;0.0;7.3;0.0;25.0;13.2;0;84;-10.0;
James Johnson;Did Not Play;
Day'Ron Sharpe;Did Not Play;
Cam Thomas;Did Not Play;
Team Totals;240;.558;.487;.342;.539;22.2;78.4;52.1;58.8;8.8;9.4;16.1;100.0;103.1;96.2;;
