202111300PHO-NYK;BRK;NYK;False;10:00 PM, November 30, 2021;Phoenix Suns Arena, Phoenix, Arizona;2:14
110;
112;
Guest Basic
Stephen Curry;35:58;4;21;.190;3;14;.214;1;1;1.000;1;2;3;2;1;1;2;0;12;-17;
Jordan Poole;34:59;9;15;.600;6;12;.500;4;5;.800;0;5;5;3;2;1;4;2;28;-9;
Andrew Wiggins;33:17;4;12;.333;0;1;.000;2;3;.667;1;2;3;2;1;1;1;2;10;-7;
Draymond Green;32:25;4;8;.500;0;0;;0;0;;3;8;11;5;0;1;5;3;8;-7;
Kevon Looney;17:23;2;6;.333;0;0;;1;2;.500;4;2;6;1;0;1;2;1;5;-17;
Otto Porter Jr.;30:01;6;11;.545;4;8;.500;0;0;;1;5;6;3;1;0;1;1;16;+10;
Nemanja Bjelica;15:34;1;4;.250;0;2;.000;2;3;.667;1;5;6;2;0;0;1;2;4;-3;
Gary Payton II;15:32;4;6;.667;0;2;.000;0;0;;1;6;7;1;1;0;0;1;8;+17;
Juan Toscano-Anderson;12:42;1;2;.500;0;0;;0;0;;1;0;1;2;1;0;5;0;2;-2;
Chris Chiozza;12:02;1;1;1.000;1;1;1.000;0;0;;2;1;3;4;0;0;1;1;3;-5;
Jonathan Kuminga;0:07;0;0;;0;0;;0;0;;0;0;0;0;0;0;0;0;0;0;
Moses Moody;Did Not Play;
Team Totals;240;36;86;.419;14;40;.350;10;14;.714;15;36;51;25;7;5;22;13;96;;
Guest Advanced
Stephen Curry;35:58;.280;.262;.667;.048;3.2;6.1;4.7;8.7;1.4;2.3;8.5;27.4;70;112;-9.0;
Jordan Poole;34:59;.814;.800;.800;.333;0.0;15.6;8.0;17.4;2.9;2.4;18.9;25.5;130;106;15.3;
Andrew Wiggins;33:17;.375;.333;.083;.250;3.4;6.6;5.0;9.5;1.5;2.5;7.0;18.1;91;111;-4.6;
Draymond Green;32:25;.500;.500;.000;.000;10.6;26.9;18.9;24.6;0.0;2.6;38.5;16.9;85;110;-4.0;
Kevon Looney;17:23;.363;.333;.000;.333;26.3;12.6;19.3;9.1;0.0;4.8;22.5;21.5;83;111;-7.6;
Otto Porter Jr.;30:01;.727;.727;.727;.000;3.8;18.2;11.2;18.2;1.7;0.0;8.3;16.8;143;111;11.3;
Nemanja Bjelica;15:34;.376;.250;.500;.750;7.3;35.0;21.5;18.7;0.0;0.0;15.8;17.1;94;110;-4.9;
Gary Payton II;15:32;.667;.667;.333;.000;7.4;42.1;25.2;13.1;3.3;0.0;0.0;16.2;146;102;10.4;
Juan Toscano-Anderson;12:42;.500;.500;.000;.000;9.0;0.0;4.4;23.5;4.0;0.0;71.4;23.2;44;109;-12.7;
Chris Chiozza;12:02;1.500;1.500;1.000;.000;19.0;9.1;13.9;49.8;0.0;0.0;50.0;7.0;170;116;12.5;
Jonathan Kuminga;0:07;;;;;0.0;0.0;0.0;0.0;0.0;0.0;;0.0;0;118;-7.5;
Moses Moody;Did Not Play;
Team Totals;240;.521;.500;.465;.163;35.7;81.8;59.3;69.4;7.4;8.8;19.3;100.0;101.4;109.9;;
Home Basic
Mikal Bridges;41:24;1;4;.250;0;0;;0;0;;0;2;2;3;4;1;2;1;2;+21;
Chris Paul;39:25;7;13;.538;1;3;.333;0;0;;0;6;6;11;5;0;2;3;15;+21;
Deandre Ayton;34:18;11;19;.579;0;0;;2;4;.500;6;5;11;2;1;2;1;0;24;+16;
Jae Crowder;28:12;5;11;.455;4;9;.444;0;2;.000;0;6;6;1;1;0;0;3;14;+19;
Devin Booker;15:27;4;9;.444;0;2;.000;2;2;1.000;1;1;2;1;0;0;1;1;10;-5;
Cameron Johnson;29:22;5;10;.500;3;7;.429;1;2;.500;0;4;4;2;1;1;1;0;14;-1;
Landry Shamet;23:46;3;9;.333;2;7;.286;1;1;1.000;0;1;1;3;0;0;0;2;9;-9;
Cameron Payne;15:32;2;5;.400;2;2;1.000;0;0;;0;1;1;4;0;0;2;1;6;-12;
JaVale McGee;8:17;4;4;1.000;0;0;;0;0;;1;1;2;0;0;0;2;1;8;-7;
Elfrid Payton;4:17;1;3;.333;0;0;;0;0;;0;0;0;1;0;0;1;0;2;-3;
Ish Wainright;Did Not Play;
Jalen Smith;Did Not Play;
Abdel Nader;Did Not Dress;
Chandler Hutchison;Did Not Play;
Team Totals;240;43;87;.494;12;30;.400;6;11;.545;8;27;35;28;12;4;12;12;104;;
Home Advanced
Mikal Bridges;41:24;.250;.250;.000;.000;0.0;5.5;2.7;8.3;4.9;2.5;33.3;6.7;59;100;-1.2;
Chris Paul;39:25;.577;.577;.231;.000;0.0;17.4;8.5;38.9;6.4;0.0;13.3;17.6;123;92;8.7;
Deandre Ayton;34:18;.578;.579;.000;.211;19.1;16.7;17.9;10.1;1.5;6.1;4.6;29.3;122;102;7.1;
Jae Crowder;28:12;.589;.636;.818;.182;0.0;24.3;11.9;4.9;1.8;0.0;0.0;19.5;112;99;3.7;
Devin Booker;15:27;.506;.444;.222;.222;7.1;7.4;7.2;10.2;0.0;0.0;9.2;32.6;100;111;-4.4;
Cameron Johnson;29:22;.643;.650;.700;.200;0.0;15.6;7.6;9.4;1.7;3.6;8.4;18.7;116;102;6.6;
Landry Shamet;23:46;.477;.444;.778;.111;0.0;4.8;2.3;16.4;0.0;0.0;0.0;18.4;109;112;-1.6;
Cameron Payne;15:32;.600;.600;.400;.000;0.0;7.4;3.6;33.6;0.0;0.0;28.6;20.8;101;111;0.4;
JaVale McGee;8:17;1.000;1.000;.000;.000;13.2;13.8;13.5;0.0;0.0;0.0;33.3;33.5;109;108;3.5;
Elfrid Payton;4:17;.333;.333;.000;.000;0.0;0.0;0.0;35.2;0.0;0.0;25.0;43.2;62;115;-19.0;
Ish Wainright;Did Not Play;
Jalen Smith;Did Not Play;
Abdel Nader;Did Not Dress;
Chandler Hutchison;Did Not Play;
Team Totals;240;.566;.563;.345;.126;18.2;64.3;40.7;65.1;12.7;8.7;11.6;100.0;109.9;101.4;;
