202111240GSW-BRK;BOS;BRK;False;10:00 PM, November 24, 2021;Chase Center, San Francisco, California;2:30
123;
104;
Guest Basic
Seth Curry;33:21;8;16;.500;0;5;.000;8;8;1.000;0;1;1;0;2;0;1;4;24;-9;
Matisse Thybulle;33:15;3;5;.600;1;3;.333;0;0;;0;5;5;2;3;2;3;2;7;-11;
Tyrese Maxey;33:07;5;15;.333;0;1;.000;9;10;.900;0;3;3;5;0;1;2;2;19;-9;
Andre Drummond;27:12;0;5;.000;0;0;;1;2;.500;3;9;12;2;0;0;5;4;1;-12;
Georges Niang;25:33;4;11;.364;1;3;.333;0;0;;1;3;4;2;0;0;3;6;9;-10;
Shake Milton;23:38;3;7;.429;1;3;.333;2;2;1.000;1;3;4;4;1;2;1;0;9;-16;
Furkan Korkmaz;22:20;4;9;.444;1;5;.200;0;0;;1;4;5;1;0;0;0;3;9;-17;
Danny Green;17:00;4;5;.800;2;3;.667;0;0;;0;2;2;1;4;1;2;1;10;+10;
Isaiah Joe;14:50;3;6;.500;2;5;.400;0;0;;2;1;3;0;0;0;1;0;8;-17;
Charles Bassey;7:34;0;0;;0;0;;0;0;;0;1;1;0;0;0;1;0;0;-5;
Paul Reed;2:10;0;1;.000;0;0;;0;0;;0;1;1;0;0;1;0;0;0;-4;
Team Totals;240;34;80;.425;8;28;.286;20;22;.909;8;33;41;17;10;7;19;22;96;;
Guest Advanced
Seth Curry;33:21;.615;.500;.313;.500;0.0;3.9;1.8;0.0;2.9;0.0;4.9;27.2;120;117;0.2;
Matisse Thybulle;33:15;.700;.700;.600;.000;0.0;19.5;8.8;9.7;4.3;6.9;37.5;10.6;87;108;2.6;
Tyrese Maxey;33:07;.490;.333;.067;.667;0.0;11.8;5.3;27.1;0.0;3.5;9.3;28.5;103;121;-2.7;
Andre Drummond;27:12;.085;.000;.000;.400;11.8;42.9;25.8;10.4;0.0;0.0;46.0;17.7;36;120;-18.3;
Georges Niang;25:33;.409;.409;.273;.000;4.2;15.2;9.2;14.2;0.0;0.0;21.4;24.2;73;122;-13.7;
Shake Milton;23:38;.571;.500;.429;.286;4.5;16.5;9.9;29.1;2.0;9.7;11.3;16.6;120;111;8.5;
Furkan Korkmaz;22:20;.500;.500;.556;.000;4.8;23.2;13.1;8.5;0.0;0.0;0.0;17.8;108;122;-4.2;
Danny Green;17:00;1.000;1.000;.600;.000;0.0;15.3;6.9;12.4;11.3;6.7;28.6;18.2;125;92;21.0;
Isaiah Joe;14:50;.667;.667;.833;.000;14.4;8.7;11.8;0.0;0.0;0.0;14.3;20.8;116;124;2.0;
Charles Bassey;7:34;;;;;0.0;17.1;7.7;0.0;0.0;0.0;100.0;5.8;0;123;-13.4;
Paul Reed;2:10;.000;.000;.000;.000;0.0;59.9;27.0;0.0;0.0;52.7;0.0;20.4;0;80;-3.2;
Team Totals;240;.535;.475;.350;.275;17.8;89.2;50.0;50.0;10.0;16.7;17.5;100.0;95.9;115.9;;
Home Basic
Stephen Curry;34:55;9;16;.563;6;11;.545;1;2;.500;0;4;4;10;1;0;4;1;25;+29;
Andrew Wiggins;33:46;7;13;.538;2;6;.333;3;7;.429;0;6;6;1;1;1;1;0;19;+25;
Jordan Poole;33:10;5;13;.385;2;7;.286;5;6;.833;0;5;5;6;0;0;2;4;17;+16;
Draymond Green;28:23;3;5;.600;0;1;.000;4;4;1.000;0;9;9;7;1;0;4;4;10;+11;
Kevon Looney;22:37;3;6;.500;0;0;;0;0;;1;4;5;0;1;2;0;3;6;+10;
Juan Toscano-Anderson;25:07;6;6;1.000;0;0;;1;1;1.000;1;5;6;6;1;2;1;4;13;+21;
Otto Porter Jr.;19:33;4;5;.800;4;5;.800;0;0;;1;2;3;0;1;0;1;1;12;+2;
Gary Payton II;17:34;3;5;.600;0;2;.000;0;0;;1;0;1;1;0;0;0;2;6;+8;
Damion Lee;14:35;2;8;.250;1;5;.200;0;0;;0;1;1;0;1;0;2;2;5;-9;
Nemanja Bjelica;6:05;0;2;.000;0;1;.000;2;2;1.000;0;0;0;1;0;0;1;0;2;-8;
Jonathan Kuminga;4:15;0;1;.000;0;0;;1;2;.500;0;1;1;0;0;0;0;0;1;-5;
Moses Moody;Did Not Play;
Team Totals;240;42;80;.525;15;38;.395;17;24;.708;4;37;41;32;7;5;16;21;116;;
Home Advanced
Stephen Curry;34:55;.741;.750;.688;.125;0.0;12.2;6.7;46.4;1.4;0.0;19.2;26.9;123;99;11.3;
Andrew Wiggins;33:46;.591;.615;.462;.538;0.0;19.0;10.4;4.4;1.4;2.7;5.9;22.8;104;95;1.8;
Jordan Poole;33:10;.543;.462;.538;.462;0.0;16.1;8.8;25.0;0.0;0.0;11.3;24.0;110;101;-2.4;
Draymond Green;28:23;.740;.600;.200;.800;0.0;33.8;18.6;32.1;1.7;0.0;37.2;17.1;115;93;2.6;
Kevon Looney;22:37;.500;.500;.000;.000;5.7;18.9;12.9;0.0;2.1;8.2;0.0;12.0;103;89;-1.2;
Juan Toscano-Anderson;25:07;1.009;1.000;.000;.167;5.2;21.2;14.0;37.6;1.9;7.4;13.4;13.3;187;90;17.3;
Otto Porter Jr.;19:33;1.200;1.200;1.000;.000;6.6;10.9;9.0;0.0;2.5;0.0;16.7;13.8;151;96;13.8;
Gary Payton II;17:34;.600;.600;.400;.000;7.4;0.0;3.3;8.1;0.0;0.0;0.0;12.8;129;104;-2.7;
Damion Lee;14:35;.313;.313;.625;.000;0.0;7.3;4.0;0.0;3.3;0.0;20.0;30.9;46;95;-18.8;
Nemanja Bjelica;6:05;.347;.000;.500;1.000;0.0;0.0;0.0;18.8;0.0;0.0;25.8;28.7;69;105;-13.6;
Jonathan Kuminga;4:15;.266;.000;.000;2.000;0.0;25.1;13.8;0.0;0.0;0.0;0.0;19.9;58;99;-13.6;
Moses Moody;Did Not Play;
Team Totals;240;.640;.619;.475;.300;10.8;82.2;50.0;76.2;7.0;9.6;15.0;100.0;115.9;95.9;;
