202110200NOP-IND;CHO;IND;False;8:00 PM, October 20, 2021;Smoothie King Center, New Orleans, Louisiana;2:04
122;
123;
Guest Basic
Tyrese Maxey;33:40;8;14;.571;2;3;.667;2;2;1.000;0;7;7;5;0;0;1;2;20;+23;
Tobias Harris;27:44;8;16;.500;0;2;.000;4;5;.800;2;10;12;2;1;0;0;0;20;+8;
Seth Curry;27:31;4;5;.800;2;3;.667;0;0;;0;2;2;2;0;0;2;0;10;+8;
Joel Embiid;25:42;8;17;.471;2;3;.667;4;6;.667;1;5;6;5;1;1;1;3;22;+4;
Danny Green;18:35;0;1;.000;0;1;.000;0;0;;0;0;0;0;0;0;0;3;0;+11;
Matisse Thybulle;27:21;1;3;.333;0;1;.000;0;0;;0;1;1;0;4;1;1;0;2;+15;
Furkan Korkmaz;20:08;7;11;.636;4;4;1.000;4;4;1.000;0;0;0;5;1;0;1;0;22;+22;
Andre Drummond;19:03;2;4;.500;0;0;;2;3;.667;2;15;17;3;2;2;4;2;6;+22;
Georges Niang;18:12;4;5;.800;3;4;.750;0;0;;0;0;0;1;0;1;0;1;11;+18;
Isaiah Joe;12:37;0;3;.000;0;2;.000;0;0;;0;0;0;0;0;0;2;0;0;-7;
Paul Reed;3:15;1;3;.333;0;0;;0;0;;0;0;0;1;0;0;0;0;2;-6;
Charles Bassey;2:04;1;2;.500;0;1;.000;0;0;;1;1;2;0;0;0;0;0;2;-6;
Aaron Henry;2:04;0;1;.000;0;1;.000;0;0;;0;0;0;0;0;0;0;0;0;-6;
Jaden Springer;2:04;0;0;;0;0;;0;0;;0;0;0;0;0;0;0;0;0;-6;
Team Totals;240;44;85;.518;13;25;.520;16;20;.800;6;41;47;24;9;5;12;11;117;;
Guest Advanced
Tyrese Maxey;33:40;.672;.643;.214;.143;0.0;19.6;11.0;21.9;0.0;0.0;6.3;21.4;134;103;2.0;
Tobias Harris;27:44;.549;.500;.125;.313;8.7;33.9;22.8;11.5;1.8;0.0;0.0;29.8;121;95;2.6;
Seth Curry;27:31;1.000;1.000;.600;.000;0.0;6.8;3.8;9.4;0.0;0.0;28.6;11.5;132;107;-0.8;
Joel Embiid;25:42;.560;.529;.176;.353;4.7;18.3;12.3;32.1;1.9;3.0;4.8;36.4;119;97;8.5;
Danny Green;18:35;.000;.000;1.000;.000;0.0;0.0;0.0;0.0;0.0;0.0;0.0;2.4;0;109;-12.1;
Matisse Thybulle;27:21;.333;.333;.333;.000;0.0;3.4;1.9;0.0;7.1;2.8;25.0;6.6;48;90;0.5;
Furkan Korkmaz;20:08;.862;.818;.364;.364;0.0;0.0;0.0;43.6;2.4;0.0;7.3;31.0;164;104;23.1;
Andre Drummond;19:03;.564;.500;.000;.750;12.6;74.1;47.1;19.4;5.1;8.0;42.9;22.2;89;68;5.9;
Georges Niang;18:12;1.100;1.100;.800;.000;0.0;0.0;0.0;7.9;0.0;4.2;0.0;12.5;207;106;12.4;
Isaiah Joe;12:37;.000;.000;.667;.000;0.0;0.0;0.0;0.0;0.0;0.0;40.0;18.0;0;109;-25.5;
Paul Reed;3:15;.333;.333;.000;.000;0.0;0.0;0.0;50.5;0.0;0.0;0.0;41.9;86;109;-9.0;
Charles Bassey;2:04;.500;.500;.500;.000;58.1;45.5;51.0;0.0;0.0;0.0;0.0;43.9;120;96;-1.0;
Aaron Henry;2:04;.000;.000;1.000;.000;0.0;0.0;0.0;0.0;0.0;0.0;0.0;22.0;0;109;-29.1;
Jaden Springer;2:04;;;;;0.0;0.0;0.0;0.0;0.0;0.0;;0.0;0;109;-7.5;
Team Totals;240;.624;.594;.294;.235;15.0;80.4;51.6;54.5;9.2;7.9;11.3;100.0;119.0;98.6;;
Home Basic
Brandon Ingram;36:37;12;26;.462;1;3;.333;0;0;;0;7;7;6;0;1;4;1;25;-29;
Nickeil Alexander-Walker;34:00;9;16;.563;4;8;.500;1;2;.500;0;5;5;1;1;1;1;2;23;-19;
Jonas Valančiūnas;29:35;3;19;.158;1;3;.333;2;2;1.000;5;7;12;3;0;1;1;4;9;-21;
Devonte' Graham;29:09;6;9;.667;4;6;.667;2;3;.667;0;1;1;5;1;1;3;0;18;-19;
Josh Hart;10:10;2;2;1.000;0;0;;1;2;.500;0;2;2;1;0;0;0;1;5;-2;
Naji Marshall;20:10;1;2;.500;0;1;.000;0;0;;0;4;4;2;0;2;1;3;2;+12;
Jaxson Hayes;18:25;2;4;.500;0;0;;0;0;;4;2;6;0;1;0;1;1;4;+1;
Trey Murphy III;18:09;2;7;.286;2;5;.400;0;0;;0;0;0;2;0;0;0;1;6;-4;
Kira Lewis Jr.;16:44;2;6;.333;1;2;.500;0;0;;1;3;4;5;1;0;1;1;5;+1;
Garrett Temple;15:06;0;1;.000;0;1;.000;0;0;;0;1;1;1;0;0;0;1;0;-17;
Tomáš Satoranský;8:40;0;1;.000;0;1;.000;0;0;;0;2;2;2;1;0;1;1;0;-9;
Herbert Jones;3:15;0;0;;0;0;;0;0;;0;0;0;0;0;0;0;0;0;+6;
Didi Louzada;Did Not Play;
Willy Hernangómez;Did Not Play;
Jose Alvarado;Did Not Play;
Team Totals;240;39;93;.419;13;30;.433;6;9;.667;10;34;44;28;5;6;13;16;97;;
Home Advanced
Brandon Ingram;36:37;.481;.481;.115;.000;0.0;22.9;10.1;33.8;0.0;2.2;13.3;35.8;89;120;-2.4;
Nickeil Alexander-Walker;34:00;.681;.688;.500;.125;0.0;17.6;7.8;5.4;1.4;2.4;5.6;23.0;119;118;4.9;
Jonas Valančiūnas;29:35;.226;.184;.158;.105;15.9;28.4;21.4;14.3;0.0;2.7;4.8;30.8;68;119;-14.7;
Devonte' Graham;29:09;.872;.889;.667;.333;0.0;4.1;1.8;28.3;1.7;2.7;22.5;19.9;128;119;9.0;
Josh Hart;10:10;.868;1.000;.000;1.000;0.0;23.6;10.4;16.0;0.0;0.0;0.0;12.4;176;122;2.6;
Naji Marshall;20:10;.500;.500;.500;.000;0.0;23.8;10.5;13.0;0.0;7.9;33.3;6.5;87;114;-5.3;
Jaxson Hayes;18:25;.500;.500;.000;.000;20.4;13.0;17.2;0.0;2.7;0.0;20.0;11.9;107;118;-7.7;
Trey Murphy III;18:09;.429;.429;.714;.000;0.0;0.0;0.0;15.7;0.0;0.0;0.0;16.8;97;126;-5.1;
Kira Lewis Jr.;16:44;.417;.417;.333;.000;5.6;21.5;12.6;43.1;2.9;0.0;14.3;18.3;103;116;1.5;
Garrett Temple;15:06;.000;.000;1.000;.000;0.0;7.9;3.5;8.2;0.0;0.0;0.0;2.9;53;124;-11.1;
Tomáš Satoranský;8:40;.000;.000;1.000;.000;0.0;27.7;12.2;28.4;5.6;0.0;50.0;10.1;48;109;-6.4;
Herbert Jones;3:15;;;;;0.0;0.0;0.0;0.0;0.0;0.0;;0.0;0;126;-11.3;
Didi Louzada;Did Not Play;
Willy Hernangómez;Did Not Play;
Jose Alvarado;Did Not Play;
Team Totals;240;.500;.489;.323;.097;19.6;85.0;48.4;71.8;5.1;10.0;11.8;100.0;98.6;119.0;;
