202111260NYK-MIN;CHO;MIN;False;7:00 PM, November 26, 2021;Madison Square Garden (IV), New York, New York;2:07
115;
133;
Guest Basic
Mikal Bridges;38:35;4;7;.571;0;2;.000;2;2;1.000;0;2;2;3;3;0;1;2;10;+18;
Devin Booker;35:27;14;27;.519;4;9;.444;0;0;;0;1;1;3;1;1;3;0;32;+15;
Deandre Ayton;32:08;7;9;.778;0;0;;0;0;;0;13;13;0;0;0;2;2;14;+8;
Chris Paul;30:14;3;6;.500;1;1;1.000;7;9;.778;0;4;4;10;1;0;2;1;14;+7;
Jae Crowder;20:27;4;5;.800;3;4;.750;0;0;;0;0;0;1;3;0;1;5;11;+7;
Cameron Johnson;27:33;3;6;.500;2;4;.500;2;2;1.000;0;3;3;2;0;0;0;3;10;+14;
Landry Shamet;19:58;2;4;.500;2;4;.500;2;3;.667;0;1;1;2;0;0;1;2;8;+6;
Cameron Payne;17:46;5;11;.455;1;4;.250;2;2;1.000;0;2;2;6;1;0;1;4;13;+14;
JaVale McGee;13:52;2;3;.667;0;0;;2;3;.667;1;7;8;1;1;1;0;0;6;+10;
Jalen Smith;2:00;0;1;.000;0;0;;0;0;;0;1;1;0;0;0;0;0;0;+3;
Ish Wainright;2:00;0;0;;0;0;;0;0;;0;0;0;0;0;0;0;0;0;+3;
Chandler Hutchison;Did Not Play;
Abdel Nader;Did Not Dress;
Elfrid Payton;Did Not Play;
Team Totals;240;44;79;.557;13;28;.464;17;21;.810;1;34;35;28;10;2;11;19;118;;
Guest Advanced
Mikal Bridges;38:35;.635;.571;.286;.286;0.0;4.9;2.9;9.6;3.9;0.0;11.3;11.1;120;103;2.1;
Devin Booker;35:27;.593;.593;.333;.000;0.0;2.7;1.6;16.2;1.4;2.6;10.0;40.9;99;109;2.3;
Deandre Ayton;32:08;.778;.778;.000;.000;0.0;38.1;22.6;0.0;0.0;0.0;18.2;16.6;111;93;-0.8;
Chris Paul;30:14;.703;.583;.167;1.500;0.0;12.5;7.4;40.5;1.6;0.0;16.7;19.1;142;104;6.3;
Jae Crowder;20:27;1.100;1.100;.800;.000;0.0;0.0;0.0;6.8;7.3;0.0;16.7;14.2;155;97;13.3;
Cameron Johnson;27:33;.727;.667;.667;.333;0.0;10.2;6.1;9.0;0.0;0.0;0.0;12.1;144;109;1.6;
Landry Shamet;19:58;.752;.750;1.000;.750;0.0;4.7;2.8;12.3;0.0;0.0;15.8;15.3;127;112;1.1;
Cameron Payne;17:46;.547;.500;.364;.182;0.0;10.6;6.3;53.2;2.8;0.0;7.8;35.1;116;102;4.1;
JaVale McGee;13:52;.694;.667;.000;1.000;9.9;47.5;32.2;9.3;3.6;6.5;0.0;15.1;154;77;13.2;
Jalen Smith;2:00;.000;.000;.000;.000;0.0;47.1;27.9;0.0;0.0;0.0;0.0;24.2;0;88;-24.9;
Ish Wainright;2:00;;;;;0.0;0.0;0.0;0.0;0.0;0.0;;0.0;0;115;-3.0;
Chandler Hutchison;Did Not Play;
Abdel Nader;Did Not Dress;
Elfrid Payton;Did Not Play;
Team Totals;240;.669;.639;.354;.266;2.9;66.7;40.7;63.6;10.4;3.8;11.1;100.0;122.6;100.8;;
Home Basic
Julius Randle;31:37;3;8;.375;0;2;.000;3;4;.750;2;4;6;4;2;1;4;0;9;-7;
RJ Barrett;31:27;3;10;.300;1;3;.333;3;4;.750;0;3;3;0;1;0;1;2;10;-13;
Evan Fournier;25:43;4;15;.267;3;7;.429;0;0;;1;4;5;1;0;0;2;2;11;-14;
Kemba Walker;23:01;5;11;.455;3;6;.500;4;4;1.000;0;3;3;2;1;0;2;1;17;-13;
Mitchell Robinson;21:09;3;4;.750;0;0;;1;3;.333;5;3;8;0;1;0;0;0;7;-10;
Alec Burks;22:57;3;5;.600;1;1;1.000;2;2;1.000;0;6;6;1;1;0;0;3;9;-9;
Immanuel Quickley;19:40;6;9;.667;3;6;.500;1;1;1.000;0;2;2;4;0;0;2;3;16;-4;
Nerlens Noel;18:20;2;5;.400;0;1;.000;2;2;1.000;2;4;6;0;0;0;1;3;6;-11;
Quentin Grimes;17:01;1;6;.167;1;5;.200;0;0;;2;2;4;0;0;0;2;3;3;-6;
Obi Toppin;13:46;2;10;.200;0;3;.000;1;2;.500;3;2;5;0;0;0;1;1;5;-9;
Kevin Knox;7:39;1;4;.250;0;2;.000;0;0;;0;0;0;0;0;0;0;0;2;-1;
Miles McBride;4:04;1;5;.200;0;3;.000;0;0;;1;0;1;1;1;0;0;1;2;-5;
Jericho Sims;3:36;0;0;;0;0;;0;0;;1;1;2;0;0;0;0;1;0;-3;
Wayne Selden;Did Not Play;
Team Totals;240;34;92;.370;12;39;.308;17;22;.773;17;34;51;13;7;1;15;20;97;;
Home Advanced
Julius Randle;31:37;.461;.375;.250;.500;6.0;17.4;10.6;20.6;3.2;3.0;29.1;17.9;87;116;0.7;
RJ Barrett;31:27;.425;.350;.300;.400;0.0;13.1;5.3;0.0;1.6;0.0;7.8;16.7;91;123;-5.6;
Evan Fournier;25:43;.367;.367;.467;.000;3.7;21.3;10.9;7.0;0.0;0.0;11.8;27.2;80;126;-7.9;
Kemba Walker;23:01;.666;.591;.545;.364;0.0;17.9;7.3;17.7;2.2;0.0;13.6;26.4;129;121;10.0;
Mitchell Robinson;21:09;.658;.750;.000;.750;22.3;19.5;21.1;0.0;2.4;0.0;0.0;10.3;153;121;4.7;
Alec Burks;22:57;.765;.700;.200;.400;0.0;35.9;14.6;7.5;2.2;0.0;0.0;10.5;171;121;5.2;
Immanuel Quickley;19:40;.847;.833;.667;.111;0.0;13.9;5.7;50.4;0.0;0.0;17.5;23.9;151;126;14.1;
Nerlens Noel;18:20;.510;.400;.200;.400;10.3;29.9;18.3;0.0;0.0;0.0;14.5;15.4;106;126;-5.5;
Quentin Grimes;17:01;.250;.250;.833;.000;11.1;16.1;13.1;0.0;0.0;0.0;25.0;19.3;54;126;-15.6;
Obi Toppin;13:46;.230;.200;.300;.200;20.5;19.9;20.3;0.0;0.0;0.0;8.4;35.5;63;126;-17.1;
Kevin Knox;7:39;.250;.250;.500;.000;0.0;0.0;0.0;0.0;0.0;0.0;0.0;21.5;62;127;-13.2;
Miles McBride;4:04;.200;.200;.600;.000;23.1;0.0;13.7;53.2;12.3;0.0;0.0;50.6;71;99;-2.4;
Jericho Sims;3:36;;;;;26.1;38.1;31.0;0.0;0.0;0.0;;0.0;229;125;-5.8;
Wayne Selden;Did Not Play;
Team Totals;240;.477;.435;.424;.239;33.3;97.1;59.3;38.2;7.3;2.0;12.9;100.0;100.8;122.6;;
