202111220SAS-OKC;ATL;OKC;False;8:30 PM, November 22, 2021;AT&T Center, San Antonio, Texas;2:11
101;
113;
Guest Basic
Mikal Bridges;35:58;2;4;.500;0;0;;1;1;1.000;1;5;6;3;2;0;1;4;5;0;
Devin Booker;34:15;7;17;.412;4;7;.571;5;6;.833;1;2;3;4;0;0;4;3;23;+1;
Deandre Ayton;32:46;10;16;.625;0;0;;1;2;.500;5;9;14;3;1;0;2;2;21;-6;
Chris Paul;30:36;6;12;.500;0;2;.000;0;0;;0;2;2;4;1;0;3;1;12;-14;
Jae Crowder;25:10;2;5;.400;2;5;.400;0;0;;0;3;3;1;2;0;0;3;6;-14;
Landry Shamet;23:11;4;7;.571;3;5;.600;0;0;;0;2;2;5;1;0;0;1;11;+10;
Cameron Johnson;22:58;1;6;.167;1;3;.333;0;0;;1;2;3;2;1;0;1;0;3;+18;
Cameron Payne;20:01;6;12;.500;2;5;.400;6;7;.857;0;3;3;3;1;0;0;0;20;+14;
JaVale McGee;15:05;7;9;.778;0;0;;0;0;;3;5;8;0;1;0;4;4;14;+11;
Chandler Hutchison;Did Not Play;
Jalen Smith;Did Not Play;
Ish Wainright;Did Not Play;
Elfrid Payton;Did Not Play;
Abdel Nader;Did Not Dress;
Team Totals;240;45;88;.511;12;27;.444;13;16;.813;11;33;44;25;10;0;15;18;115;;
Guest Advanced
Mikal Bridges;35:58;.563;.500;.000;.250;3.0;15.2;9.1;9.5;2.7;0.0;18.4;6.6;121;108;-0.5;
Devin Booker;34:15;.586;.529;.412;.353;3.2;6.4;4.8;15.9;0.0;0.0;16.9;30.1;108;116;-1.5;
Deandre Ayton;32:46;.622;.625;.000;.125;16.6;30.0;23.3;14.5;1.5;0.0;10.6;25.1;126;108;5.0;
Chris Paul;30:36;.500;.500;.167;.000;0.0;7.1;3.6;17.6;1.6;0.0;20.0;21.4;91;113;-6.6;
Jae Crowder;25:10;.600;.600;1.000;.000;0.0;13.0;6.5;4.6;3.8;0.0;0.0;8.7;130;107;2.8;
Landry Shamet;23:11;.786;.786;.714;.000;0.0;9.4;4.7;28.2;2.1;0.0;0.0;13.2;172;111;13.8;
Cameron Johnson;22:58;.250;.250;.500;.000;4.7;9.5;7.1;9.7;2.1;0.0;14.3;13.3;72;112;-5.2;
Cameron Payne;20:01;.663;.583;.417;.583;0.0;16.4;8.2;23.5;2.4;0.0;0.0;32.9;146;110;15.0;
JaVale McGee;15:05;.778;.778;.000;.000;21.7;36.2;28.9;0.0;3.2;0.0;30.8;37.6;101;102;-1.4;
Chandler Hutchison;Did Not Play;
Jalen Smith;Did Not Play;
Ish Wainright;Did Not Play;
Elfrid Payton;Did Not Play;
Abdel Nader;Did Not Dress;
Team Totals;240;.605;.580;.307;.182;25.0;75.0;50.0;55.6;10.0;0.0;13.6;100.0;114.7;110.7;;
Home Basic
Derrick White;39:33;8;17;.471;1;5;.200;2;2;1.000;1;3;4;4;2;2;0;2;19;+9;
Dejounte Murray;37:21;9;22;.409;0;3;.000;0;1;.000;0;10;10;11;3;1;1;2;18;+2;
Jakob Poeltl;31:15;7;9;.778;0;0;;1;6;.167;5;4;9;2;0;0;2;4;15;+10;
Keldon Johnson;26:48;4;7;.571;0;0;;0;2;.000;1;4;5;1;0;0;2;0;8;+3;
Keita Bates-Diop;19:28;3;3;1.000;0;0;;0;0;;2;4;6;0;1;1;3;1;6;+6;
Devin Vassell;30:02;7;12;.583;3;6;.500;0;0;;1;2;3;1;2;0;1;0;17;-15;
Lonnie Walker IV;22:10;5;13;.385;1;4;.250;0;0;;0;4;4;2;0;0;2;2;11;-6;
Drew Eubanks;11:38;1;2;.500;0;1;.000;4;4;1.000;0;1;1;1;1;0;2;3;6;-8;
Tre Jones;9:21;3;3;1.000;0;0;;1;1;1.000;0;1;1;1;0;0;1;1;7;-6;
Bryn Forbes;7:28;0;1;.000;0;1;.000;0;0;;0;0;0;0;0;0;1;1;0;-10;
Thaddeus Young;4:56;2;4;.500;0;0;;0;0;;1;0;1;0;0;0;0;0;4;-5;
Team Totals;240;49;93;.527;5;20;.250;8;16;.500;11;33;44;23;9;4;15;16;111;;
Home Advanced
Derrick White;39:33;.531;.500;.294;.118;2.8;8.3;5.5;12.4;2.4;4.0;0.0;18.9;123;113;5.4;
Dejounte Murray;37:21;.401;.409;.136;.045;0.0;29.2;14.6;37.8;3.8;2.1;4.3;26.2;102;106;6.1;
Jakob Poeltl;31:15;.644;.778;.000;.667;17.5;14.0;15.7;8.0;0.0;0.0;14.7;18.2;121;120;-0.8;
Keldon Johnson;26:48;.508;.571;.000;.286;4.1;16.3;10.2;4.3;0.0;0.0;20.2;15.4;87;120;-5.9;
Keita Bates-Diop;19:28;1.000;1.000;.000;.000;11.2;22.4;16.8;0.0;2.5;4.0;50.0;12.9;96;110;0.8;
Devin Vassell;30:02;.708;.708;.500;.000;3.6;7.3;5.4;4.2;3.2;0.0;7.7;18.1;133;115;8.1;
Lonnie Walker IV;22:10;.423;.423;.308;.000;0.0;19.7;9.8;11.3;0.0;0.0;13.3;28.2;82;119;-9.2;
Drew Eubanks;11:38;.798;.500;.500;2.000;0.0;9.4;4.7;9.2;4.1;0.0;34.7;20.7;112;112;-0.9;
Tre Jones;9:21;1.017;1.000;.000;.333;0.0;11.7;5.8;15.3;0.0;0.0;22.5;19.8;151;121;6.5;
Bryn Forbes;7:28;.000;.000;1.000;.000;0.0;0.0;0.0;0.0;0.0;0.0;50.0;11.2;0;124;-20.7;
Thaddeus Young;4:56;.500;.500;.000;.000;22.1;0.0;11.1;0.0;0.0;0.0;0.0;33.8;112;124;0.4;
Team Totals;240;.555;.554;.215;.172;25.0;75.0;50.0;46.9;9.0;6.6;13.0;100.0;110.7;114.7;;
