202110300MIN-UTA;CHI;UTA;False;9:00 PM, October 30, 2021;Target Center, Minneapolis, Minnesota;2:02
99;
107;
Guest Basic
Nikola Jokić;36:40;10;23;.435;3;8;.375;3;4;.750;5;14;19;7;1;2;7;2;26;+17;
Michael Porter Jr.;34:35;3;14;.214;0;6;.000;1;2;.500;3;9;12;3;1;0;1;2;7;+10;
Aaron Gordon;31:12;4;10;.400;0;2;.000;4;4;1.000;2;2;4;2;2;2;0;0;12;+26;
Will Barton;30:34;3;10;.300;1;5;.200;3;4;.750;1;1;2;1;3;2;4;0;10;+8;
Monte Morris;30:28;7;14;.500;1;6;.167;1;2;.500;2;2;4;5;1;0;1;3;16;+17;
Bones Hyland;17:37;3;7;.429;2;5;.400;0;0;;0;0;0;3;1;1;0;1;8;+10;
Facundo Campazzo;16:37;1;2;.500;1;2;.500;0;0;;1;1;2;1;0;1;1;2;3;-24;
PJ Dozier;14:09;1;3;.333;0;1;.000;0;0;;0;4;4;1;1;1;0;1;2;-15;
JaMychal Green;11:19;3;3;1.000;0;0;;0;0;;0;1;1;0;1;1;3;3;6;-15;
Austin Rivers;11:11;1;1;1.000;1;1;1.000;0;0;;0;0;0;1;0;0;1;0;3;-9;
Jeff Green;5:37;0;1;.000;0;1;.000;0;0;;0;0;0;0;0;0;0;1;0;-15;
Bol Bol;Did Not Play;
Zeke Nnaji;Did Not Play;
Markus Howard;Did Not Play;
Team Totals;240;36;88;.409;9;37;.243;12;16;.750;14;34;48;24;11;10;18;15;93;;
Guest Advanced
Nikola Jokić;36:40;.525;.500;.348;.174;14.5;37.4;26.5;40.0;1.4;5.5;22.0;36.8;97;86;8.6;
Michael Porter Jr.;34:35;.235;.214;.429;.143;9.3;25.5;17.7;13.1;1.5;0.0;6.3;19.5;70;95;-8.7;
Aaron Gordon;31:12;.510;.400;.200;.400;6.8;6.3;6.5;10.3;3.2;6.4;0.0;16.0;126;97;5.3;
Will Barton;30:34;.425;.350;.500;.400;3.5;3.2;3.3;5.0;5.0;6.5;25.4;21.9;72;94;-2.7;
Monte Morris;30:28;.538;.536;.429;.143;7.0;6.4;6.7;31.5;1.7;0.0;6.3;22.1;119;103;3.1;
Bones Hyland;17:37;.571;.571;.714;.000;0.0;0.0;0.0;29.4;2.9;5.7;0.0;16.9;135;101;10.4;
Facundo Campazzo;16:37;.750;.750;1.000;.000;6.4;5.9;6.1;8.7;0.0;6.0;33.3;7.7;109;105;-3.0;
PJ Dozier;14:09;.333;.333;.333;.000;0.0;27.7;14.4;10.4;3.6;7.1;0.0;9.0;90;85;1.6;
JaMychal Green;11:19;1.000;1.000;.000;.000;0.0;8.7;4.5;0.0;4.5;8.8;50.0;22.5;66;91;-4.1;
Austin Rivers;11:11;1.500;1.500;1.000;.000;0.0;0.0;0.0;13.5;0.0;0.0;50.0;7.6;113;111;0.1;
Jeff Green;5:37;.000;.000;1.000;.000;0.0;0.0;0.0;0.0;0.0;0.0;0.0;7.6;0;111;-19.0;
Bol Bol;Did Not Play;
Zeke Nnaji;Did Not Play;
Markus Howard;Did Not Play;
Team Totals;240;.489;.460;.420;.182;31.1;69.4;51.1;66.7;11.6;20.8;15.9;100.0;97.9;95.8;;
Home Basic
Anthony Edwards;34:08;6;19;.316;0;6;.000;2;2;1.000;4;7;11;1;0;0;3;1;14;-14;
Karl-Anthony Towns;33:32;4;11;.364;2;5;.400;4;4;1.000;3;5;8;3;1;0;5;4;14;-23;
D'Angelo Russell;31:24;6;15;.400;2;6;.333;0;0;;0;1;1;6;2;1;3;3;14;+10;
Jaden McDaniels;24:30;1;6;.167;0;4;.000;0;0;;1;3;4;1;0;0;1;4;2;-11;
Jarred Vanderbilt;16:10;3;5;.600;0;0;;0;1;.000;2;4;6;0;0;1;1;4;6;-9;
Malik Beasley;27:17;6;14;.429;6;10;.600;0;0;;1;1;2;2;1;0;1;1;18;+2;
Patrick Beverley;22:42;3;5;.600;1;2;.500;0;0;;1;2;3;5;1;2;2;5;7;+10;
Josh Okogie;19:23;1;4;.250;0;1;.000;2;2;1.000;2;3;5;2;2;0;1;0;4;+18;
Naz Reid;18:30;5;8;.625;2;5;.400;0;0;;1;3;4;1;0;2;1;1;12;+15;
Taurean Prince;8:20;0;2;.000;0;2;.000;0;0;;0;0;0;0;0;0;2;0;0;-3;
Jordan McLaughlin;4:02;0;0;;0;0;;0;0;;0;2;2;0;1;0;0;0;0;-5;
Jake Layman;Did Not Play;
Leandro Bolmaro;Did Not Play;
Nathan Knight;Did Not Play;
Jaylen Nowell;Did Not Play;
Team Totals;240;35;89;.393;13;41;.317;8;9;.889;15;31;46;21;8;6;20;23;91;;
Home Advanced
Anthony Edwards;34:08;.352;.316;.316;.105;11.5;21.9;16.5;5.3;0.0;0.0;13.1;28.5;77;100;-8.4;
Karl-Anthony Towns;33:32;.549;.455;.455;.364;8.8;15.9;12.2;14.7;1.5;0.0;28.2;22.5;94;99;-2.2;
D'Angelo Russell;31:24;.467;.467;.400;.000;0.0;3.4;1.6;35.5;3.2;3.0;16.7;24.4;96;99;2.8;
Jaden McDaniels;24:30;.167;.167;.667;.000;4.0;13.1;8.3;5.9;0.0;0.0;14.3;12.1;48;104;-12.5;
Jarred Vanderbilt;16:10;.551;.600;.000;.200;12.1;26.4;19.0;0.0;0.0;5.8;15.5;16.9;98;95;-3.4;
Malik Beasley;27:17;.643;.643;.714;.000;3.6;3.9;3.7;14.4;1.9;0.0;6.7;23.4;128;104;12.2;
Patrick Beverley;22:42;.700;.700;.400;.000;4.3;9.4;6.7;36.9;2.2;8.3;28.6;13.1;122;96;8.3;
Josh Okogie;19:23;.410;.250;.250;.500;10.1;16.5;13.2;15.2;5.2;0.0;17.0;12.9;101;91;5.5;
Naz Reid;18:30;.750;.750;.625;.000;5.3;17.3;11.0;11.8;0.0;10.2;11.1;20.7;132;97;14.0;
Taurean Prince;8:20;.000;.000;1.000;.000;0.0;0.0;0.0;0.0;0.0;0.0;50.0;20.4;0;109;-26.5;
Jordan McLaughlin;4:02;;;;;0.0;52.9;25.3;0.0;12.5;0.0;;0.0;0;60;11.6;
Jake Layman;Did Not Play;
Leandro Bolmaro;Did Not Play;
Nathan Knight;Did Not Play;
Jaylen Nowell;Did Not Play;
Team Totals;240;.489;.466;.461;.101;30.6;68.9;48.9;60.0;8.4;11.8;17.7;100.0;95.8;97.9;;
