202111230LAC-MIA;DET;MIA;False;10:30 PM, November 23, 2021;Crypto.com Arena, Los Angeles, California;2:42
100;
92;
Guest Basic
Dorian Finney-Smith;48:50;7;14;.500;2;8;.250;1;2;.500;2;1;3;1;3;1;1;1;17;+5;
Luka Dončić;41:09;9;21;.429;4;11;.364;4;4;1.000;1;8;9;9;1;2;6;4;26;+7;
Tim Hardaway Jr.;41:00;5;17;.294;2;10;.200;1;2;.500;0;5;5;2;1;0;0;5;13;+6;
Kristaps Porziņģis;40:26;9;16;.563;2;5;.400;10;10;1.000;4;3;7;1;1;1;5;2;30;+6;
Willie Cauley-Stein;17:03;1;4;.250;0;0;;0;0;;1;1;2;1;1;0;0;3;2;0;
Maxi Kleber;35:49;2;6;.333;1;3;.333;3;4;.750;1;8;9;6;2;1;0;4;8;+10;
Jalen Brunson;11:21;2;3;.667;0;0;;0;0;;1;0;1;2;2;0;2;0;4;-2;
Sterling Brown;10:24;3;5;.600;1;1;1.000;0;0;;2;2;4;0;0;0;0;0;7;+6;
Trey Burke;10:02;1;3;.333;0;1;.000;3;3;1.000;0;1;1;0;0;0;0;2;5;+3;
Dwight Powell;8:55;0;0;;0;0;;0;2;.000;0;1;1;0;0;0;0;2;0;+2;
Boban Marjanović;0:01;0;0;;0;0;;0;0;;0;0;0;0;0;0;0;0;0;-3;
Moses Brown;Did Not Play;
Josh Green;Did Not Play;
Team Totals;265;39;89;.438;12;39;.308;22;27;.815;12;30;42;22;11;5;14;23;112;;
Guest Advanced
Dorian Finney-Smith;48:50;.571;.571;.571;.143;4.6;2.6;3.7;3.5;3.3;2.0;6.3;15.0;115;107;2.2;
Luka Dončić;41:09;.571;.524;.524;.190;2.7;24.5;13.0;42.3;1.3;4.9;20.9;32.2;105;102;6.5;
Tim Hardaway Jr.;41:00;.364;.353;.588;.118;0.0;15.4;7.3;7.9;1.3;0.0;0.0;20.1;85;108;-8.4;
Kristaps Porziņģis;40:26;.735;.625;.313;.625;11.2;9.4;10.3;4.8;1.3;2.5;19.7;29.0;125;109;4.5;
Willie Cauley-Stein;17:03;.250;.250;.000;.000;6.6;7.4;7.0;8.7;3.1;0.0;0.0;10.8;83;106;-6.8;
Maxi Kleber;35:49;.515;.417;.500;.667;3.1;28.2;15.0;24.6;3.0;2.8;0.0;10.0;140;98;8.3;
Jalen Brunson;11:21;.667;.667;.000;.000;9.9;0.0;5.2;31.5;9.4;0.0;40.0;20.3;97;95;8.0;
Sterling Brown;10:24;.700;.700;.200;.000;21.7;24.3;22.9;0.0;0.0;0.0;0.0;22.2;147;108;10.1;
Trey Burke;10:02;.579;.333;.333;1.000;0.0;12.6;5.9;0.0;0.0;0.0;0.0;19.9;131;112;-6.5;
Dwight Powell;8:55;.000;;;;0.0;14.2;6.7;0.0;0.0;0.0;0.0;4.6;0;111;-15.6;
Boban Marjanović;0:01;;;;;0.0;0.0;0.0;0.0;0.0;0.0;;0.0;0;116;-8.5;
Moses Brown;Did Not Play;
Josh Green;Did Not Play;
Team Totals;265;.555;.506;.438;.303;25.5;71.4;47.2;56.4;11.0;9.4;12.2;100.0;112.3;104.3;;
Home Basic
Paul George;48:25;7;23;.304;1;6;.167;11;12;.917;0;9;9;6;0;1;3;4;26;-2;
Reggie Jackson;42:11;12;23;.522;3;8;.375;4;6;.667;2;8;10;2;3;0;4;1;31;-9;
Marcus Morris;30:44;4;12;.333;2;7;.286;0;1;.000;0;5;5;0;0;2;4;2;10;-8;
Ivica Zubac;25:58;3;5;.600;0;0;;4;4;1.000;2;5;7;2;0;0;1;1;10;+5;
Eric Bledsoe;24:32;1;2;.500;0;1;.000;0;0;;2;2;4;1;1;0;2;4;2;-3;
Luke Kennard;31:35;2;5;.400;2;4;.500;0;0;;1;0;1;1;0;0;1;4;6;-5;
Amir Coffey;24:02;2;5;.400;1;4;.250;2;2;1.000;0;2;2;2;0;0;0;1;7;-5;
Terance Mann;19:06;2;5;.400;1;2;.500;2;2;1.000;0;2;2;2;1;0;3;6;7;0;
Isaiah Hartenstein;10:37;2;4;.500;0;0;;0;0;;4;1;5;1;0;0;0;1;4;-7;
Serge Ibaka;6:28;0;1;.000;0;0;;1;2;.500;1;1;2;0;0;0;0;0;1;-6;
Justise Winslow;1:22;0;0;;0;0;;0;0;;0;0;0;0;0;0;0;0;0;0;
Brandon Boston Jr.;Did Not Play;
Team Totals;265;35;85;.412;10;32;.313;24;29;.828;12;35;47;17;5;3;18;24;104;;
Home Advanced
Paul George;48:25;.460;.326;.261;.522;0.0;21.0;11.1;24.0;0.0;2.2;9.6;29.6;103;112;-0.9;
Reggie Jackson;42:11;.605;.587;.348;.261;6.0;21.4;14.1;12.6;3.8;0.0;13.5;32.2;112;105;9.3;
Marcus Morris;30:44;.402;.417;.583;.083;0.0;18.3;9.7;0.0;0.0;6.9;24.3;24.5;62;110;-8.4;
Ivica Zubac;25:58;.740;.600;.000;.800;9.7;21.7;16.1;14.1;0.0;0.0;12.9;13.7;148;113;5.7;
Eric Bledsoe;24:32;.500;.500;.500;.000;10.3;9.2;9.7;6.6;2.2;0.0;50.0;7.5;77;112;-6.5;
Luke Kennard;31:35;.600;.600;.800;.000;4.0;0.0;1.9;5.3;0.0;0.0;16.7;8.7;113;120;-4.4;
Amir Coffey;24:02;.595;.500;.800;.400;0.0;9.4;5.0;14.4;0.0;0.0;0.0;11.2;142;117;1.9;
Terance Mann;19:06;.595;.500;.400;.400;0.0;11.8;6.2;18.8;2.8;0.0;33.8;21.3;89;110;-5.3;
Isaiah Hartenstein;10:37;.500;.500;.000;.000;47.5;10.6;28.0;20.0;0.0;0.0;0.0;17.3;142;117;5.2;
Serge Ibaka;6:28;.266;.000;.000;2.000;19.5;17.4;18.4;0.0;0.0;0.0;0.0;13.3;88;115;-6.8;
Justise Winslow;1:22;;;;;0.0;0.0;0.0;0.0;0.0;0.0;;0.0;0;120;-4.9;
Brandon Boston Jr.;Did Not Play;
Team Totals;265;.532;.471;.376;.341;28.6;74.5;52.8;48.6;5.0;6.0;15.5;100.0;104.3;112.3;;
