202111130LAC-BOS;CLE;BOS;False;10:30 PM, November 13, 2021;Crypto.com Arena, Los Angeles, California;1:56
89;
91;
Guest Basic
Anthony Edwards;34:00;9;22;.409;2;6;.333;1;2;.500;3;8;11;3;0;0;4;1;21;-18;
Karl-Anthony Towns;31:28;3;11;.273;0;5;.000;2;3;.667;1;7;8;4;2;1;0;1;8;-11;
D'Angelo Russell;30:01;6;16;.375;3;7;.429;0;0;;0;2;2;8;1;1;0;0;15;-16;
Patrick Beverley;23:13;2;6;.333;1;4;.250;0;0;;0;1;1;2;1;0;1;2;5;-6;
Jarred Vanderbilt;14:21;3;5;.600;0;0;;0;0;;2;2;4;1;1;1;2;3;6;-1;
Jaden McDaniels;32:23;5;14;.357;1;3;.333;4;6;.667;4;2;6;2;2;0;1;3;15;-17;
Malik Beasley;23:38;3;9;.333;1;5;.200;1;2;.500;0;4;4;1;0;0;0;0;8;-20;
Naz Reid;14:15;2;5;.400;1;1;1.000;2;2;1.000;0;0;0;0;0;2;0;4;7;-28;
Josh Okogie;13:17;2;4;.500;1;2;.500;0;0;;1;0;1;1;0;1;1;0;5;-7;
Taurean Prince;7:15;1;1;1.000;0;0;;0;0;;0;1;1;0;0;0;0;0;2;-11;
Jaylen Nowell;5:23;2;4;.500;0;1;.000;0;0;;1;0;1;3;1;0;0;0;4;0;
Leandro Bolmaro;5:23;1;2;.500;0;1;.000;1;1;1.000;0;1;1;0;0;0;1;0;3;0;
Jake Layman;5:23;1;3;.333;1;1;1.000;0;0;;0;1;1;0;0;0;0;1;3;0;
Jordan McLaughlin;Did Not Play;
Team Totals;240;40;102;.392;11;36;.306;11;16;.688;12;29;41;25;8;6;10;15;102;;
Guest Advanced
Anthony Edwards;34:00;.459;.455;.273;.091;7.3;28.2;15.8;15.5;0.0;0.0;14.9;31.9;85;127;-5.7;
Karl-Anthony Towns;31:28;.325;.273;.455;.273;2.6;26.7;12.5;17.2;2.9;2.6;0.0;15.8;87;119;-2.9;
D'Angelo Russell;30:01;.469;.469;.438;.000;0.0;8.0;3.3;42.1;1.5;2.7;0.0;21.5;112;126;5.0;
Patrick Beverley;23:13;.417;.417;.667;.000;0.0;5.2;2.1;11.5;2.0;0.0;14.3;12.2;81;127;-8.9;
Jarred Vanderbilt;14:21;.600;.600;.000;.000;11.5;16.7;13.7;11.2;3.2;5.7;28.6;19.7;93;118;-3.6;
Jaden McDaniels;32:23;.451;.393;.214;.429;10.2;7.4;9.1;9.1;2.9;0.0;5.7;22.0;101;125;-3.1;
Malik Beasley;23:38;.405;.389;.556;.222;0.0;20.3;8.3;6.0;0.0;0.0;0.0;16.9;87;129;-7.8;
Naz Reid;14:15;.595;.500;.200;.400;0.0;0.0;0.0;0.0;0.0;11.4;0.0;16.6;123;125;-3.4;
Josh Okogie;13:17;.625;.625;.500;.000;6.2;0.0;3.7;11.0;0.0;6.1;20.0;15.2;105;129;0.4;
Taurean Prince;7:15;1.000;1.000;.000;.000;0.0;16.6;6.8;0.0;0.0;0.0;0.0;5.6;200;129;-4.1;
Leandro Bolmaro;5:23;.615;.500;.500;.500;0.0;22.3;9.1;0.0;0.0;0.0;29.1;25.8;83;128;-10.1;
Jake Layman;5:23;.500;.500;.333;.000;0.0;22.3;9.1;0.0;0.0;0.0;0.0;22.5;97;128;-5.0;
Jaylen Nowell;5:23;.500;.500;.250;.000;15.4;0.0;9.1;100.0;8.6;0.0;0.0;30.0;133;113;29.0;
Jordan McLaughlin;Did Not Play;
Team Totals;240;.468;.446;.353;.157;20.7;72.5;41.8;62.5;7.7;10.2;8.4;100.0;98.2;124.2;;
Home Basic
Reggie Jackson;27:12;9;16;.563;3;8;.375;0;0;;0;2;2;4;0;0;1;2;21;+10;
Paul George;26:52;10;17;.588;3;5;.600;0;0;;1;8;9;4;0;0;4;2;23;+17;
Eric Bledsoe;25:31;6;12;.500;2;6;.333;0;0;;0;5;5;9;1;1;2;1;14;+16;
Ivica Zubac;22:42;5;8;.625;0;0;;0;0;;4;8;12;0;0;1;1;2;10;+5;
Nicolas Batum;18:52;2;5;.400;1;4;.250;0;0;;0;3;3;1;1;1;0;1;5;-4;
Terance Mann;30:17;7;10;.700;2;5;.400;0;0;;0;3;3;4;0;0;0;3;16;+30;
Luke Kennard;25:39;3;8;.375;2;6;.333;1;1;1.000;0;2;2;3;0;0;0;0;9;+32;
Isaiah Hartenstein;25:18;4;9;.444;1;1;1.000;3;4;.750;3;8;11;4;1;3;3;2;12;+22;
Justise Winslow;20:51;3;9;.333;1;3;.333;0;0;;2;6;8;4;2;1;2;2;7;+12;
Jay Scrubb;9:07;4;5;.800;1;2;.500;0;0;;0;1;1;2;0;1;0;0;9;-1;
Amir Coffey;7:38;0;0;;0;0;;3;4;.750;1;0;1;0;1;0;1;2;3;-4;
Team Totals;240;53;99;.535;16;40;.400;7;9;.778;11;46;57;35;6;8;14;17;129;;
Home Advanced
Reggie Jackson;27:12;.656;.656;.500;.000;0.0;6.1;3.6;19.0;0.0;0.0;5.9;25.6;131;106;2.8;
Paul George;26:52;.676;.676;.294;.000;4.5;24.6;16.4;20.3;0.0;0.0;19.0;32.1;112;100;2.1;
Eric Bledsoe;25:31;.583;.583;.500;.000;0.0;16.2;9.6;40.6;1.8;2.9;14.3;22.5;126;97;8.0;
Ivica Zubac;22:42;.625;.625;.000;.000;21.1;29.2;25.9;0.0;0.0;3.2;11.1;16.3;127;95;-2.1;
Nicolas Batum;18:52;.500;.500;.800;.000;0.0;13.2;7.8;5.3;2.4;3.9;0.0;10.9;114;95;1.0;
Terance Mann;30:17;.800;.800;.500;.000;0.0;8.2;4.9;15.1;0.0;0.0;0.0;13.6;168;105;5.2;
Luke Kennard;25:39;.533;.500;.750;.125;0.0;6.5;3.8;11.8;0.0;0.0;0.0;13.5;129;106;-1.5;
Isaiah Hartenstein;25:18;.558;.500;.111;.444;14.2;26.2;21.3;16.7;1.8;8.6;21.8;22.3;112;88;4.8;
Justise Winslow;20:51;.389;.389;.333;.000;11.5;23.8;18.8;20.0;4.4;3.5;18.2;21.7;95;87;1.7;
Jay Scrubb;9:07;.900;.900;.400;.000;0.0;9.1;5.4;33.0;0.0;8.0;0.0;22.5;183;99;24.9;
Amir Coffey;7:38;.852;;;;15.7;0.0;6.4;0.0;6.1;0.0;36.2;14.8;126;94;-1.5;
Team Totals;240;.626;.616;.404;.091;27.5;79.3;58.2;66.0;5.8;12.1;12.0;100.0;124.2;98.2;;
