202111170MIL-BOS;ATL;BOS;False;7:30 PM, November 17, 2021;Fiserv Forum, Milwaukee, Wisconsin;2:12
99;
110;
Guest Basic
Talen Horton-Tucker;38:58;9;18;.500;3;6;.500;4;4;1.000;4;8;12;3;2;1;3;5;25;+3;
Anthony Davis;37:00;9;15;.600;0;1;.000;0;0;;2;7;9;4;0;2;1;4;18;+5;
Russell Westbrook;35:38;7;16;.438;2;5;.400;3;4;.750;1;3;4;15;1;0;3;3;19;+3;
Carmelo Anthony;31:38;4;10;.400;2;8;.250;0;0;;0;6;6;1;1;0;2;2;10;+1;
Avery Bradley;16:48;2;6;.333;1;3;.333;0;0;;0;1;1;0;1;0;1;1;5;-6;
Malik Monk;23:30;4;10;.400;1;7;.143;2;2;1.000;0;2;2;1;1;0;1;1;11;-9;
Wayne Ellington;19:55;1;7;.143;1;7;.143;0;0;;0;3;3;0;0;0;0;0;3;-1;
Rajon Rondo;12:22;3;5;.600;2;3;.667;0;0;;1;1;2;0;0;0;1;2;8;-10;
Kent Bazemore;10:52;0;5;.000;0;3;.000;0;0;;1;2;3;0;1;0;1;0;0;-5;
Dwight Howard;8:17;1;2;.500;0;0;;1;2;.500;0;2;2;0;1;1;0;1;3;-11;
DeAndre Jordan;5:01;0;2;.000;0;0;;0;0;;2;2;4;0;0;0;0;0;0;-5;
Austin Reaves;Did Not Dress;
Team Totals;240;40;96;.417;12;43;.279;10;12;.833;11;37;48;24;8;4;13;19;102;;
Guest Advanced
Talen Horton-Tucker;38:58;.633;.583;.333;.222;9.1;21.4;14.8;12.8;2.4;2.5;13.2;24.5;118;103;6.4;
Anthony Davis;37:00;.600;.600;.067;.000;4.8;19.7;11.7;18.3;0.0;5.2;6.3;18.2;122;107;3.0;
Russell Westbrook;35:38;.535;.500;.313;.250;2.5;8.8;5.4;66.1;1.3;0.0;14.5;24.5;118;110;9.3;
Carmelo Anthony;31:38;.500;.500;.800;.000;0.0;19.8;9.1;4.5;1.5;0.0;16.7;15.9;83;108;-5.0;
Avery Bradley;16:48;.417;.417;.500;.000;0.0;6.2;2.9;0.0;2.8;0.0;14.3;17.5;70;108;-7.2;
Malik Monk;23:30;.506;.450;.700;.200;0.0;8.9;4.1;6.4;2.0;0.0;8.4;21.2;97;109;-3.0;
Wayne Ellington;19:55;.214;.214;1.000;.000;0.0;15.7;7.2;0.0;0.0;0.0;0.0;14.8;47;112;-12.5;
Rajon Rondo;12:22;.800;.800;.600;.000;7.2;8.4;7.8;0.0;0.0;0.0;16.7;20.4;120;113;2.3;
Kent Bazemore;10:52;.000;.000;.600;.000;8.2;19.2;13.3;0.0;4.3;0.0;16.7;23.2;12;102;-19.8;
Dwight Howard;8:17;.521;.500;.000;1.000;0.0;25.2;11.6;0.0;5.7;11.6;0.0;14.6;107;89;4.0;
DeAndre Jordan;5:01;.000;.000;.000;.000;35.4;41.6;38.3;0.0;0.0;0.0;0.0;16.7;60;106;-15.2;
Austin Reaves;Did Not Dress;
Team Totals;240;.504;.479;.448;.125;20.4;80.4;48.0;60.0;7.9;8.0;11.4;100.0;100.3;107.2;;
Home Basic
Jrue Holiday;38:48;3;13;.231;1;6;.167;1;2;.500;0;6;6;8;4;0;5;3;8;-4;
Giannis Antetokounmpo;36:17;18;23;.783;3;4;.750;8;11;.727;2;7;9;3;1;1;4;1;47;+1;
Grayson Allen;30:40;2;6;.333;1;5;.200;0;0;;1;7;8;1;0;0;0;1;5;-13;
Khris Middleton;30:05;4;12;.333;2;6;.333;6;7;.857;0;5;5;6;0;1;0;2;16;+13;
Bobby Portis;28:31;8;14;.571;1;5;.200;0;1;.000;3;2;5;2;1;1;3;1;17;+7;
Pat Connaughton;31:38;5;10;.500;4;8;.500;2;3;.667;1;3;4;0;1;1;0;0;16;+4;
George Hill;22:14;0;1;.000;0;1;.000;0;0;;0;9;9;2;0;0;2;1;0;+23;
Semi Ojeleye;14:12;0;7;.000;0;2;.000;0;0;;2;2;4;0;0;0;0;1;0;-1;
Jordan Nwora;7:34;0;1;.000;0;0;;0;0;;0;2;2;0;2;0;1;0;0;+5;
Rodney Hood;Did Not Play;
Georgios Kalaitzakis;Did Not Play;
Thanasis Antetokounmpo;Did Not Play;
Team Totals;240;40;87;.460;12;37;.324;17;24;.708;9;43;52;22;9;4;15;10;109;;
Home Advanced
Jrue Holiday;38:48;.288;.269;.462;.154;0.0;13.7;7.4;27.3;4.9;0.0;26.5;20.8;66;95;-7.3;
Giannis Antetokounmpo;36:17;.844;.848;.174;.478;5.8;17.1;11.9;24.5;1.3;2.5;12.6;37.4;144;100;22.5;
Grayson Allen;30:40;.417;.417;.833;.000;3.4;20.3;12.5;4.2;0.0;0.0;0.0;8.3;101;104;-4.6;
Khris Middleton;30:05;.531;.417;.500;.583;0.0;14.8;8.0;28.5;0.0;3.0;0.0;21.4;127;104;4.6;
Bobby Portis;28:31;.589;.607;.357;.071;11.0;6.2;8.4;12.7;1.7;3.2;17.2;26.1;104;103;1.1;
Pat Connaughton;31:38;.707;.700;.800;.300;3.3;8.4;6.1;0.0;1.5;2.9;0.0;15.3;141;103;6.9;
George Hill;22:14;.000;.000;1.000;.000;0.0;36.0;19.4;10.8;0.0;0.0;66.7;5.8;35;99;-8.2;
Semi Ojeleye;14:12;.000;.000;.286;.000;14.7;12.5;13.5;0.0;0.0;0.0;0.0;21.0;24;107;-23.6;
Jordan Nwora;7:34;.000;.000;.000;.000;0.0;23.5;12.7;0.0;12.5;0.0;50.0;11.3;0;75;-1.0;
Rodney Hood;Did Not Play;
Georgios Kalaitzakis;Did Not Play;
Thanasis Antetokounmpo;Did Not Play;
Team Totals;240;.559;.529;.425;.276;19.6;79.6;52.0;55.0;8.9;7.5;13.3;100.0;107.2;100.3;;
