202112030BRK-PHI;ATL;PHI;False;7:30 PM, December 3, 2021;Barclays Center, Brooklyn, New York;2:27
98;
96;
Guest Basic
Anthony Edwards;36:50;7;16;.438;1;7;.143;4;4;1.000;0;2;2;4;3;0;8;1;19;-12;
Naz Reid;34:29;7;14;.500;3;6;.500;2;2;1.000;2;5;7;1;0;0;0;2;19;-10;
D'Angelo Russell;34:17;6;22;.273;3;10;.300;6;6;1.000;0;3;3;11;1;0;4;3;21;-16;
Jarred Vanderbilt;29:51;5;8;.625;0;0;;0;0;;6;9;15;3;1;1;1;4;10;+3;
Taurean Prince;19:33;3;6;.500;2;4;.500;3;4;.750;0;0;0;0;0;1;1;3;11;-4;
Malik Beasley;28:27;6;19;.316;4;14;.286;2;2;1.000;0;4;4;1;0;1;0;4;18;-1;
Leandro Bolmaro;24:53;1;3;.333;0;0;;2;2;1.000;3;2;5;2;0;0;0;2;4;+19;
Josh Okogie;18:09;0;2;.000;0;1;.000;0;2;.000;2;1;3;0;0;0;0;3;0;-9;
Nathan Knight;13:31;1;3;.333;0;0;;1;2;.500;3;2;5;0;0;1;1;3;3;+5;
Jordan McLaughlin;Did Not Play;
Jaylen Nowell;Did Not Play;
Karl-Anthony Towns;Did Not Play;
Jake Layman;Did Not Play;
Team Totals;240;36;93;.387;13;42;.310;20;24;.833;16;28;44;22;5;4;15;25;105;;
Guest Advanced
Anthony Edwards;36:50;.535;.469;.438;.250;0.0;7.4;3.1;19.4;3.9;0.0;31.1;28.3;81;107;-3.9;
Naz Reid;34:29;.638;.607;.429;.143;5.6;19.9;11.5;5.3;0.0;0.0;0.0;17.5;142;113;4.5;
D'Angelo Russell;34:17;.426;.341;.455;.273;0.0;12.0;4.9;55.8;1.4;0.0;14.0;33.8;100;112;0.3;
Jarred Vanderbilt;29:51;.625;.625;.000;.000;19.3;41.3;28.4;17.3;1.6;3.0;11.1;12.2;139;104;6.3;
Taurean Prince;19:33;.709;.667;.667;.667;0.0;0.0;0.0;0.0;0.0;4.6;11.4;18.1;127;113;1.7;
Malik Beasley;28:27;.453;.421;.737;.105;0.0;19.3;7.9;6.5;0.0;3.2;0.0;28.3;105;111;-1.2;
Leandro Bolmaro;24:53;.515;.333;.000;.667;11.6;11.0;11.3;11.3;0.0;0.0;0.0;6.3;152;115;-0.3;
Josh Okogie;18:09;.000;.000;.500;1.000;10.6;7.6;9.3;0.0;0.0;0.0;0.0;6.4;40;115;-12.2;
Nathan Knight;13:31;.387;.333;.000;.667;21.3;20.3;20.9;0.0;0.0;6.7;20.5;14.6;90;108;-9.4;
Jordan McLaughlin;Did Not Play;
Jaylen Nowell;Did Not Play;
Karl-Anthony Towns;Did Not Play;
Jake Layman;Did Not Play;
Team Totals;240;.507;.457;.452;.258;32.0;80.0;51.8;61.1;5.0;7.5;12.7;100.0;105.6;110.6;;
Home Basic
Kevin Durant;37:47;9;18;.500;0;1;.000;12;13;.923;1;9;10;6;0;0;5;4;30;0;
James Harden;35:43;4;11;.364;0;5;.000;12;15;.800;0;7;7;9;2;0;6;4;20;+10;
Patty Mills;34:24;8;15;.533;4;9;.444;3;3;1.000;0;0;0;3;1;0;1;1;23;+15;
LaMarcus Aldridge;34:22;5;10;.500;1;2;.500;2;2;1.000;1;4;5;2;0;1;1;4;13;+8;
DeAndre' Bembry;27:09;3;5;.600;0;1;.000;0;0;;0;4;4;1;0;0;2;2;6;0;
James Johnson;25:22;5;6;.833;0;0;;1;2;.500;2;4;6;1;0;1;0;5;11;-3;
Cam Thomas;18:19;1;3;.333;1;3;.333;0;2;.000;0;2;2;0;0;0;1;1;3;0;
Paul Millsap;10:23;1;3;.333;0;1;.000;2;4;.500;1;3;4;2;0;1;0;2;4;+2;
Bruce Brown;9:58;0;4;.000;0;0;;0;0;;2;0;2;1;1;1;0;5;0;-12;
Jevon Carter;3:18;0;1;.000;0;1;.000;0;0;;0;1;1;1;0;0;0;0;0;+10;
Nic Claxton;3:15;0;0;;0;0;;0;0;;0;0;0;0;0;0;1;3;0;-5;
Blake Griffin;Did Not Play;
Team Totals;240;36;76;.474;6;23;.261;32;41;.780;7;34;41;26;4;4;17;31;110;;
Home Advanced
Kevin Durant;37:47;.632;.500;.056;.722;3.6;22.9;14.9;31.0;0.0;0.0;17.4;32.9;114;105;3.7;
James Harden;35:43;.568;.364;.455;1.364;0.0;18.8;11.1;39.5;2.7;0.0;25.4;28.6;102;100;1.3;
Patty Mills;34:24;.705;.667;.600;.200;0.0;0.0;0.0;16.9;1.4;0.0;5.8;21.8;132;113;8.4;
LaMarcus Aldridge;34:22;.597;.550;.200;.200;4.0;11.2;8.2;9.6;0.0;2.7;8.4;14.9;116;109;0.2;
DeAndre' Bembry;27:09;.600;.600;.200;.000;0.0;14.1;8.3;5.8;0.0;0.0;28.6;11.1;81;109;-4.9;
James Johnson;25:22;.799;.833;.000;.333;10.8;15.1;13.4;7.1;0.0;3.7;0.0;11.7;164;107;5.0;
Cam Thomas;18:19;.387;.500;1.000;.667;0.0;10.5;6.2;0.0;0.0;0.0;20.5;11.5;55;111;-8.2;
Paul Millsap;10:23;.420;.333;.333;1.333;13.2;27.7;21.8;29.5;0.0;9.1;0.0;19.8;113;98;5.7;
Bruce Brown;9:58;.000;.000;.000;.000;27.5;0.0;11.3;13.4;4.8;9.4;0.0;17.3;51;100;-11.8;
Jevon Carter;3:18;.000;.000;1.000;.000;0.0;29.1;17.1;40.4;0.0;0.0;0.0;13.1;52;101;-3.7;
Nic Claxton;3:15;;;;;0.0;0.0;0.0;0.0;0.0;0.0;100.0;13.3;0;115;-35.6;
Blake Griffin;Did Not Play;
Team Totals;240;.585;.513;.303;.539;20.0;68.0;48.2;72.2;4.0;7.8;15.3;100.0;110.6;105.6;;
