202110230TOR-DET;CHI;DET;False;7:30 PM, October 23, 2021;Scotiabank Arena, Toronto, Canada;2:13
82;
97;
Guest Basic
Luka Dončić;38:53;11;24;.458;2;10;.200;3;5;.600;0;9;9;12;0;1;5;3;27;+1;
Tim Hardaway Jr.;38:53;9;16;.563;7;11;.636;0;0;;1;2;3;2;1;0;0;2;25;+9;
Dorian Finney-Smith;35:54;5;9;.556;1;3;.333;0;0;;4;4;8;2;1;0;1;3;11;+15;
Kristaps Porziņģis;29:12;7;20;.350;2;9;.222;2;3;.667;2;8;10;1;1;4;0;3;18;-3;
Dwight Powell;24:37;3;3;1.000;0;0;;5;6;.833;2;0;2;2;1;1;0;4;11;+3;
Jalen Brunson;22:42;2;9;.222;1;2;.500;0;0;;2;4;6;4;1;0;1;3;5;+7;
Maxi Kleber;20:10;1;4;.250;1;3;.333;2;2;1.000;0;5;5;0;1;0;1;1;5;+8;
Reggie Bullock;17:03;0;3;.000;0;2;.000;1;2;.500;0;3;3;0;0;0;0;1;1;-1;
Sterling Brown;9:07;0;3;.000;0;2;.000;0;0;;2;1;3;1;0;0;1;2;0;-1;
Willie Cauley-Stein;3:29;0;0;;0;0;;0;0;;0;1;1;0;0;0;0;0;0;+2;
Frank Ntilikina;Did Not Play;
Josh Green;Did Not Play;
Trey Burke;Did Not Play;
Moses Brown;Did Not Play;
Boban Marjanović;Did Not Play;
Team Totals;240;38;91;.418;14;42;.333;13;18;.722;13;37;50;24;6;6;9;22;103;;
Guest Advanced
Luka Dončić;38:53;.515;.500;.417;.208;0.0;23.1;11.2;60.7;0.0;2.6;16.0;35.7;104;102;6.5;
Tim Hardaway Jr.;38:53;.781;.781;.688;.000;2.4;5.1;3.7;9.2;1.3;0.0;0.0;18.3;155;107;11.6;
Dorian Finney-Smith;35:54;.611;.611;.333;.000;10.5;11.1;10.8;8.5;1.4;0.0;10.0;12.4;128;105;0.7;
Kristaps Porziņģis;29:12;.422;.400;.450;.150;6.4;27.4;16.6;6.2;1.8;13.7;0.0;32.5;96;90;3.4;
Dwight Powell;24:37;.975;1.000;.000;2.000;7.6;0.0;3.9;12.1;2.1;4.1;0.0;10.2;210;104;8.4;
Jalen Brunson;22:42;.278;.278;.222;.000;8.3;17.6;12.8;25.0;2.3;0.0;10.0;19.6;84;100;-5.7;
Maxi Kleber;20:10;.512;.375;.750;.500;0.0;24.8;12.0;0.0;2.6;0.0;17.0;13.0;90;98;-3.4;
Reggie Bullock;17:03;.129;.000;.667;.667;0.0;17.6;8.5;0.0;0.0;0.0;0.0;10.1;31;106;-13.7;
Sterling Brown;9:07;.000;.000;.667;.000;20.6;11.0;16.0;13.9;0.0;0.0;25.0;19.5;47;107;-20.3;
Willie Cauley-Stein;3:29;;;;;0.0;28.7;13.9;0.0;0.0;0.0;;0.0;0;102;-4.3;
Frank Ntilikina;Did Not Play;
Josh Green;Did Not Play;
Trey Burke;Did Not Play;
Moses Brown;Did Not Play;
Boban Marjanović;Did Not Play;
Team Totals;240;.521;.495;.462;.198;25.5;77.1;50.5;63.2;6.4;12.5;8.3;100.0;110.5;101.9;;
Home Basic
Fred VanVleet;38:53;8;17;.471;2;9;.222;2;5;.400;0;5;5;5;1;0;3;4;20;+5;
Gary Trent Jr.;35:40;3;14;.214;2;6;.333;4;4;1.000;1;3;4;0;1;1;1;1;12;-2;
Precious Achiuwa;33:21;4;9;.444;0;1;.000;2;3;.667;3;9;12;3;0;0;1;3;10;+3;
OG Anunoby;31:53;9;15;.600;5;9;.556;0;0;;0;4;4;0;2;2;2;5;23;-1;
Scottie Barnes;29:34;6;12;.500;0;2;.000;5;7;.714;4;4;8;2;0;0;0;5;17;+7;
Svi Mykhailiuk;18:43;2;5;.400;2;5;.400;1;2;.500;1;5;6;3;1;0;1;1;7;-11;
Khem Birch;17:39;1;2;.500;0;1;.000;2;2;1.000;2;1;3;2;0;0;1;1;4;-14;
Goran Dragić;14:28;1;3;.333;0;0;;0;0;;0;2;2;1;0;1;1;2;2;-16;
Dalano Banton;8:20;0;3;.000;0;1;.000;0;0;;0;2;2;0;0;0;1;0;0;-5;
Chris Boucher;8:01;0;5;.000;0;3;.000;0;0;;0;2;2;1;1;2;1;0;0;-8;
Isaac Bonga;3:28;0;0;;0;0;;0;0;;0;1;1;0;1;0;0;1;0;+2;
Malachi Flynn;Did Not Play;
Sam Dekker;Did Not Play;
Justin Champagnie;Did Not Play;
David Johnson;Did Not Play;
Team Totals;240;34;85;.400;11;37;.297;16;23;.696;11;38;49;17;7;6;12;23;95;;
Home Advanced
Fred VanVleet;38:53;.521;.529;.529;.294;0.0;12.1;6.2;25.6;1.3;0.0;13.5;25.6;99;114;-1.7;
Gary Trent Jr.;35:40;.381;.286;.429;.286;2.8;7.9;5.4;0.0;1.4;2.7;6.0;21.1;82;114;-5.5;
Precious Achiuwa;33:21;.484;.444;.111;.333;9.0;25.4;17.4;15.3;0.0;0.0;8.8;15.2;111;111;-0.8;
OG Anunoby;31:53;.767;.767;.600;.000;0.0;11.8;6.1;0.0;3.2;6.1;11.8;23.9;125;106;12.1;
Scottie Barnes;29:34;.564;.500;.167;.583;13.5;12.7;13.1;13.4;0.0;0.0;0.0;22.9;132;116;2.4;
Svi Mykhailiuk;18:43;.595;.600;1.000;.400;5.3;25.1;15.5;26.6;2.8;0.0;14.5;16.5;121;105;8.4;
Khem Birch;17:39;.694;.500;.500;1.000;11.3;5.3;8.2;17.4;0.0;0.0;25.8;9.9;134;120;0.4;
Goran Dragić;14:28;.333;.333;.000;.000;0.0;13.0;6.7;10.8;0.0;6.8;25.0;12.4;62;112;-8.5;
Dalano Banton;8:20;.000;.000;.333;.000;0.0;22.6;11.6;0.0;0.0;0.0;25.0;21.5;0;113;-25.7;
Chris Boucher;8:01;.000;.000;.600;.000;0.0;23.5;12.1;17.6;6.4;24.4;16.7;33.5;11;83;-12.4;
Isaac Bonga;3:28;;;;;0.0;27.1;14.0;0.0;14.9;0.0;;0.0;0;76;8.4;
Malachi Flynn;Did Not Play;
Sam Dekker;Did Not Play;
Justin Champagnie;Did Not Play;
David Johnson;Did Not Play;
Team Totals;240;.499;.465;.435;.271;22.9;74.5;49.5;50.0;7.5;12.2;11.2;100.0;101.9;110.5;;
