202111070OKC-HOU;GSW;HOU;False;7:00 PM, November 7, 2021;Paycom Center, Oklahoma City, Oklahoma;2:02
107;
120;
Guest Basic
Keldon Johnson;37:46;9;16;.563;0;1;.000;4;4;1.000;0;6;6;1;2;1;1;0;22;-10;
Dejounte Murray;35:28;5;19;.263;0;4;.000;0;0;;1;7;8;9;3;1;3;2;10;-11;
Derrick White;26:33;0;10;.000;0;4;.000;0;0;;1;2;3;5;1;1;0;2;0;-14;
Drew Eubanks;22:12;7;8;.875;0;0;;0;0;;2;9;11;2;0;3;2;3;14;-1;
Doug McDermott;18:56;4;10;.400;2;5;.400;0;2;.000;1;0;1;0;0;0;0;2;10;-9;
Lonnie Walker IV;27:08;5;14;.357;3;10;.300;2;2;1.000;0;2;2;2;1;0;1;2;15;+10;
Thaddeus Young;25:26;5;5;1.000;0;0;;0;1;.000;4;4;8;3;1;1;2;0;10;-2;
Devin Vassell;24:47;3;12;.250;0;5;.000;0;0;;1;3;4;3;0;1;0;4;6;+1;
Tre Jones;8:00;1;3;.333;0;0;;0;0;;0;1;1;2;1;0;0;1;2;+7;
Bryn Forbes;6:57;1;2;.500;1;1;1.000;0;0;;0;0;0;1;0;0;0;0;3;+6;
Keita Bates-Diop;6:47;1;1;1.000;0;0;;0;0;;1;1;2;1;0;2;0;0;2;-2;
Joshua Primo;Did Not Play;
Jakob Poeltl;Did Not Play;
Devontae Cacok;Did Not Play;
Jock Landale;Did Not Play;
Zach Collins;Did Not Dress;
Joe Wieskamp;Did Not Play;
Team Totals;240;41;100;.410;6;30;.200;6;9;.667;11;35;46;29;9;10;9;16;94;;
Guest Advanced
Keldon Johnson;37:46;.619;.563;.063;.250;0.0;15.3;7.4;4.3;2.6;2.4;5.3;21.1;117;101;3.5;
Dejounte Murray;35:28;.263;.263;.211;.000;2.6;18.9;10.5;35.6;4.2;2.6;13.6;26.4;66;95;-4.3;
Derrick White;26:33;.000;.000;.400;.000;3.4;7.2;5.3;22.0;1.8;3.5;0.0;16.0;33;106;-13.4;
Drew Eubanks;22:12;.875;.875;.000;.000;8.2;38.9;23.1;16.7;0.0;12.5;20.0;19.1;130;90;10.5;
Doug McDermott;18:56;.460;.500;.500;.200;4.8;0.0;2.5;0.0;0.0;0.0;0.0;24.4;91;116;-6.2;
Lonnie Walker IV;27:08;.504;.464;.714;.143;0.0;7.1;3.4;11.0;1.8;0.0;6.3;24.9;97;108;-1.2;
Thaddeus Young;25:26;.919;1.000;.000;.200;14.2;15.1;14.7;17.9;1.9;3.6;26.9;12.4;135;102;6.7;
Devin Vassell;24:47;.250;.250;.417;.000;3.7;11.6;7.5;16.5;0.0;3.7;0.0;20.6;68;108;-11.1;
Tre Jones;8:00;.333;.333;.000;.000;0.0;12.0;5.8;34.3;6.1;0.0;0.0;15.9;92;95;0.7;
Bryn Forbes;6:57;.750;.750;.500;.000;0.0;0.0;0.0;20.3;0.0;0.0;0.0;12.2;150;116;4.8;
Keita Bates-Diop;6:47;1.000;1.000;.000;.000;13.4;14.2;13.7;20.9;0.0;27.2;0.0;6.3;206;95;19.0;
Joshua Primo;Did Not Play;
Jakob Poeltl;Did Not Play;
Devontae Cacok;Did Not Play;
Jock Landale;Did Not Play;
Zach Collins;Did Not Dress;
Joe Wieskamp;Did Not Play;
Team Totals;240;.452;.440;.300;.090;20.8;70.0;44.7;70.7;9.2;19.2;8.0;100.0;96.1;101.2;;
Home Basic
Shai Gilgeous-Alexander;35:52;5;16;.313;1;6;.167;3;3;1.000;0;8;8;9;1;1;3;0;14;+16;
Luguentz Dort;34:35;5;14;.357;1;7;.143;2;2;1.000;1;6;7;0;0;0;1;4;13;+12;
Darius Bazley;32:15;4;9;.444;1;1;1.000;2;2;1.000;3;8;11;4;1;1;2;1;11;+12;
Josh Giddey;27:12;3;10;.300;1;6;.167;0;0;;2;5;7;4;0;0;4;1;7;-14;
Jeremiah Robinson-Earl;23:36;5;9;.556;3;5;.600;0;0;;1;3;4;1;0;2;1;1;13;+14;
Kenrich Williams;20:28;2;7;.286;0;2;.000;3;4;.750;1;3;4;1;1;1;0;0;7;-1;
Aleksej Pokusevski;18:25;1;3;.333;1;2;.500;0;0;;2;3;5;0;0;0;2;2;3;+3;
Mike Muscala;14:11;5;6;.833;3;4;.750;7;9;.778;1;3;4;0;0;2;0;2;20;+8;
Ty Jerome;13:52;4;9;.444;1;5;.200;0;0;;0;1;1;0;0;0;0;2;9;-8;
Derrick Favors;12:26;1;6;.167;0;0;;0;0;;4;1;5;1;2;0;0;1;2;-17;
Théo Maledon;7:03;0;5;.000;0;4;.000;0;0;;0;0;0;1;0;0;0;0;0;0;
Vit Krejci;0:05;0;0;;0;0;;0;0;;0;1;1;0;0;0;0;0;0;0;
Tre Mann;Did Not Play;
Isaiah Roby;Did Not Play;
Gabriel Deck;Did Not Play;
Team Totals;240;35;94;.372;12;42;.286;17;20;.850;15;42;57;21;5;7;13;14;99;;
Home Advanced
Shai Gilgeous-Alexander;35:52;.404;.344;.375;.188;0.0;20.2;10.4;42.5;1.4;1.9;14.8;23.5;94;94;1.5;
Luguentz Dort;34:35;.437;.393;.500;.143;2.8;15.7;9.4;0.0;0.0;0.0;6.3;19.0;92;100;-7.9;
Darius Bazley;32:15;.557;.500;.111;.222;8.9;22.5;15.9;20.5;1.5;2.1;16.8;15.3;115;93;5.2;
Josh Giddey;27:12;.350;.350;.600;.000;7.1;16.6;12.0;23.8;0.0;0.0;28.6;21.3;70;100;-9.0;
Jeremiah Robinson-Earl;23:36;.722;.722;.556;.000;4.1;11.5;7.9;8.2;0.0;5.8;10.0;17.6;131;97;9.4;
Kenrich Williams;20:28;.400;.286;.286;.571;4.7;13.3;9.1;7.7;2.4;3.4;0.0;17.7;102;93;1.2;
Aleksej Pokusevski;18:25;.500;.500;.667;.000;10.4;14.8;12.7;0.0;0.0;0.0;40.0;11.3;73;100;-10.2;
Mike Muscala;14:11;1.004;1.083;.667;1.500;6.8;19.2;13.1;0.0;0.0;9.7;0.0;29.1;199;91;38.5;
Ty Jerome;13:52;.500;.500;.556;.000;0.0;6.5;3.4;0.0;0.0;0.0;0.0;26.9;103;103;-3.3;
Derrick Favors;12:26;.167;.167;.000;.000;30.9;7.3;18.7;12.4;7.9;0.0;0.0;20.0;80;86;-2.1;
Théo Maledon;7:03;.000;.000;.800;.000;0.0;0.0;0.0;19.5;0.0;0.0;0.0;29.4;14;105;-26.7;
Vit Krejci;0:05;;;;;0.0;100.0;100.0;0.0;0.0;0.0;;0.0;0;-232;75.7;
Tre Mann;Did Not Play;
Isaiah Roby;Did Not Play;
Gabriel Deck;Did Not Play;
Team Totals;240;.482;.436;.447;.213;30.0;79.2;55.3;60.0;5.1;10.0;11.2;100.0;101.2;96.1;;
