202110220CLE-TOR;BOS;TOR;False;7:00 PM, October 22, 2021;Rocket Mortgage Fieldhouse, Cleveland, Ohio;2:05
115;
83;
Guest Basic
Miles Bridges;34:47;13;24;.542;4;9;.444;0;0;;3;4;7;0;3;0;1;1;30;+8;
Gordon Hayward;34:35;6;12;.500;4;7;.571;2;2;1.000;1;0;1;9;0;1;4;3;18;+21;
LaMelo Ball;28:53;8;12;.667;1;3;.333;0;0;;0;3;3;6;5;0;3;3;17;+3;
Terry Rozier;22:49;1;5;.200;0;2;.000;4;4;1.000;0;2;2;2;1;0;3;2;6;-1;
Mason Plumlee;22:09;3;4;.750;0;0;;1;2;.500;2;12;14;1;1;0;3;2;7;+5;
Kelly Oubre Jr.;27:05;9;13;.692;4;7;.571;3;3;1.000;0;3;3;1;1;0;0;2;25;+6;
P.J. Washington;24:18;3;8;.375;0;2;.000;2;2;1.000;2;3;5;3;0;0;1;1;8;+11;
Cody Martin;21:37;4;8;.500;0;2;.000;2;2;1.000;2;6;8;2;2;0;1;2;10;+14;
Ish Smith;17:57;1;5;.200;0;0;;0;2;.000;1;1;2;8;0;0;0;0;2;+13;
James Bouknight;1:10;0;0;;0;0;;0;0;;0;1;1;0;0;0;0;0;0;-5;
Kai Jones;1:10;0;0;;0;0;;0;0;;0;0;0;0;0;0;2;0;0;-5;
Jalen McDaniels;1:10;0;0;;0;0;;0;0;;0;0;0;0;0;0;0;0;0;-5;
Nick Richards;1:10;0;0;;0;0;;0;0;;0;0;0;0;0;0;0;0;0;-5;
JT Thor;1:10;0;0;;0;0;;0;0;;0;0;0;0;0;0;0;0;0;-5;
Vernon Carey Jr.;Did Not Play;
Team Totals;240;48;91;.527;13;32;.406;14;17;.824;11;35;46;32;13;1;18;16;123;;
Guest Advanced
Miles Bridges;34:47;.625;.625;.375;.000;10.3;13.1;11.8;0.0;4.0;0.0;4.0;29.6;123;106;5.0;
Gordon Hayward;34:35;.699;.667;.583;.167;3.5;0.0;1.7;31.5;0.0;2.6;23.7;20.1;124;115;3.4;
LaMelo Ball;28:53;.708;.708;.250;.000;0.0;11.9;6.1;28.7;8.1;0.0;20.0;21.4;121;97;9.0;
Terry Rozier;22:49;.444;.200;.400;.800;0.0;10.0;5.1;9.2;2.0;0.0;30.7;17.6;78;111;-12.3;
Mason Plumlee;22:09;.717;.750;.000;.500;10.8;61.9;37.0;5.2;2.1;0.0;38.1;14.7;96;103;-2.6;
Kelly Oubre Jr.;27:05;.873;.846;.538;.231;0.0;12.7;6.5;5.5;1.7;0.0;0.0;21.8;173;111;12.3;
P.J. Washington;24:18;.450;.375;.250;.250;9.9;14.1;12.0;14.1;0.0;0.0;10.1;16.8;111;115;-5.5;
Cody Martin;21:37;.563;.500;.250;.250;11.1;31.7;21.7;11.4;4.3;0.0;10.1;18.8;122;103;1.8;
Ish Smith;17:57;.170;.200;.000;.400;6.7;6.4;6.5;47.2;0.0;0.0;0.0;13.5;109;116;-2.4;
James Bouknight;1:10;;;;;0.0;98.0;50.2;0.0;0.0;0.0;;0.0;0;103;-1.0;
Kai Jones;1:10;;;;;0.0;0.0;0.0;0.0;0.0;0.0;100.0;70.6;0;117;-84.4;
Jalen McDaniels;1:10;;;;;0.0;0.0;0.0;0.0;0.0;0.0;;0.0;0;117;-7.5;
Nick Richards;1:10;;;;;0.0;0.0;0.0;0.0;0.0;0.0;;0.0;0;117;-7.8;
JT Thor;1:10;;;;;0.0;0.0;0.0;0.0;0.0;0.0;;0.0;0;117;-6.6;
Vernon Carey Jr.;Did Not Play;
Team Totals;240;.624;.599;.352;.187;27.5;83.3;56.1;66.7;12.6;1.9;15.5;100.0;119.5;108.8;;
Home Basic
Collin Sexton;34:33;13;21;.619;2;7;.286;5;5;1.000;1;3;4;1;2;0;3;3;33;-5;
Lauri Markkanen;34:24;5;11;.455;2;5;.400;1;2;.500;1;4;5;2;0;0;0;1;13;-9;
Evan Mobley;32:27;4;7;.571;0;0;;5;6;.833;1;4;5;2;2;2;4;2;13;-7;
Ricky Rubio;28:04;5;12;.417;3;6;.500;2;2;1.000;1;1;2;10;2;0;6;1;15;-9;
Jarrett Allen;26:37;5;6;.833;0;0;;1;1;1.000;0;4;4;2;0;0;2;4;11;-6;
Isaac Okoro;25:23;3;5;.600;0;2;.000;1;2;.500;1;1;2;1;0;0;1;2;7;-21;
Kevin Love;23:40;2;8;.250;0;3;.000;2;2;1.000;1;10;11;4;1;1;1;1;6;-10;
Cedi Osman;17:00;4;8;.500;1;4;.250;0;0;;0;0;0;3;0;0;0;0;9;+4;
Kevin Pangos;5:24;0;0;;0;0;;0;0;;0;0;0;0;0;0;0;1;0;-5;
Dean Wade;5:00;1;3;.333;1;3;.333;0;0;;0;1;1;0;1;0;0;0;3;+1;
RJ Nembhard Jr.;1:52;1;1;1.000;0;0;;0;0;;0;0;0;1;0;0;0;0;2;+3;
Tacko Fall;1:52;0;1;.000;0;0;;0;0;;1;1;2;0;0;0;1;0;0;+3;
Lamar Stevens;1:52;0;1;.000;0;1;.000;0;0;;0;0;0;0;0;0;0;0;0;+3;
Denzel Valentine;1:52;0;0;;0;0;;0;0;;0;0;0;0;1;0;0;0;0;+3;
Ed Davis;Did Not Play;
Team Totals;240;43;84;.512;9;31;.290;17;20;.850;7;29;36;26;9;3;18;15;112;;
Home Advanced
Collin Sexton;34:33;.711;.667;.333;.238;3.3;10.4;6.8;5.6;2.7;0.0;11.5;32.9;122;119;3.8;
Lauri Markkanen;34:24;.547;.545;.455;.182;3.3;14.0;8.5;7.7;0.0;0.0;0.0;15.0;117;124;-2.8;
Evan Mobley;32:27;.674;.571;.000;.857;3.5;14.8;9.0;8.0;2.9;5.0;29.3;18.2;102;114;-1.3;
Ricky Rubio;28:04;.582;.542;.500;.167;4.1;4.3;4.2;49.6;3.3;0.0;31.8;29.1;99;119;1.1;
Jarrett Allen;26:37;.854;.833;.000;.167;0.0;18.0;8.8;10.6;0.0;0.0;23.7;13.7;126;123;-3.1;
Isaac Okoro;25:23;.595;.600;.400;.400;4.5;4.7;4.6;5.1;0.0;0.0;14.5;11.7;109;126;-6.9;
Kevin Love;23:40;.338;.250;.375;.250;4.8;50.7;27.2;20.8;2.0;3.4;10.1;18.1;88;109;-1.2;
Cedi Osman;17:00;.563;.563;.500;.000;0.0;0.0;0.0;26.7;0.0;0.0;0.0;20.4;123;128;0.4;
Kevin Pangos;5:24;;;;;0.0;0.0;0.0;0.0;0.0;0.0;;0.0;0;127;-11.7;
Dean Wade;5:00;.500;.500;1.000;.000;0.0;24.0;11.7;0.0;9.3;0.0;0.0;26.0;95;101;7.5;
Tacko Fall;1:52;.000;.000;.000;.000;61.2;64.3;62.7;0.0;0.0;0.0;50.0;46.4;38;113;-44.9;
RJ Nembhard Jr.;1:52;1.000;1.000;.000;.000;0.0;0.0;0.0;100.0;0.0;0.0;0.0;23.2;205;128;29.2;
Lamar Stevens;1:52;.000;.000;1.000;.000;0.0;0.0;0.0;0.0;0.0;0.0;0.0;23.2;0;128;-29.9;
Denzel Valentine;1:52;;;;;0.0;0.0;0.0;0.0;25.0;0.0;;0.0;0;71;23.1;
Ed Davis;Did Not Play;
Team Totals;240;.603;.565;.369;.238;16.7;72.5;43.9;60.5;8.7;5.1;16.2;100.0;108.8;119.5;;
