202111020DET-MIA;DAL;MIA;False;7:00 PM, November 2, 2021;Little Caesars Arena, Detroit, Michigan;2:11
125;
110;
Guest Basic
Giannis Antetokounmpo;26:48;9;16;.563;3;7;.429;7;7;1.000;0;8;8;9;0;4;3;2;28;+22;
Pat Connaughton;25:28;6;8;.750;4;5;.800;0;0;;0;3;3;2;2;0;1;1;16;+27;
Thanasis Antetokounmpo;23:27;4;4;1.000;0;0;;1;2;.500;1;7;8;1;2;0;2;2;9;+20;
George Hill;21:38;1;4;.250;0;0;;2;2;1.000;1;4;5;7;1;0;2;1;4;+25;
Grayson Allen;21:15;2;8;.250;2;6;.333;2;2;1.000;0;3;3;0;0;2;0;1;8;+15;
Justin Robinson;24:22;4;7;.571;3;6;.500;0;0;;1;2;3;4;0;0;0;1;11;+6;
Jordan Nwora;24:08;7;13;.538;2;5;.400;0;0;;0;5;5;3;0;0;2;2;16;+12;
Bobby Portis;22:29;5;13;.385;1;2;.500;1;2;.500;4;4;8;0;1;1;2;4;12;+11;
Semi Ojeleye;19:59;1;3;.333;0;1;.000;2;2;1.000;1;4;5;0;0;0;2;4;4;+3;
Rodney Hood;16:57;1;4;.250;1;3;.333;1;1;1.000;1;3;4;2;0;0;0;2;4;+14;
Georgios Kalaitzakis;7:54;0;2;.000;0;1;.000;0;2;.000;0;0;0;0;1;1;0;2;0;-9;
Sandro Mamukelashvili;5:35;2;2;1.000;1;1;1.000;0;1;.000;0;0;0;0;0;0;1;1;5;-6;
Team Totals;240;42;84;.500;17;37;.459;16;21;.762;9;43;52;28;7;8;15;23;117;;
Guest Advanced
Giannis Antetokounmpo;26:48;.734;.656;.438;.438;0.0;25.1;15.1;62.3;0.0;15.6;13.6;36.5;143;82;25.0;
Pat Connaughton;25:28;1.000;1.000;.625;.000;0.0;9.9;6.0;12.3;3.8;0.0;11.1;15.7;163;89;13.5;
Thanasis Antetokounmpo;23:27;.922;1.000;.000;.500;5.4;25.1;17.2;6.1;4.1;0.0;29.1;13.0;124;80;3.5;
George Hill;21:38;.410;.250;.000;.500;5.8;15.6;11.7;39.0;2.2;0.0;29.1;14.1;113;89;1.0;
Grayson Allen;21:15;.450;.375;.750;.250;0.0;11.9;7.1;0.0;0.0;9.8;0.0;18.5;98;92;-3.7;
Justin Robinson;24:22;.786;.786;.857;.000;5.2;6.9;6.2;23.1;0.0;0.0;0.0;12.7;172;98;6.4;
Jordan Nwora;24:08;.615;.615;.385;.000;0.0;17.4;10.5;21.3;0.0;0.0;13.3;27.6;110;93;-1.0;
Bobby Portis;22:29;.432;.423;.154;.154;22.5;15.0;18.0;0.0;2.1;4.6;12.6;31.3;91;87;-12.2;
Semi Ojeleye;19:59;.515;.333;.333;.667;6.3;16.9;12.6;0.0;0.0;0.0;34.0;13.0;80;93;-12.4;
Rodney Hood;16:57;.450;.375;.750;.250;7.5;14.9;11.9;14.5;0.0;0.0;0.0;11.6;128;94;-2.8;
Georgios Kalaitzakis;7:54;.000;.000;.500;1.000;0.0;0.0;0.0;0.0;6.1;13.2;0.0;16.2;0;82;-15.0;
Sandro Mamukelashvili;5:35;1.025;1.250;.500;.500;0.0;0.0;0.0;0.0;0.0;0.0;29.1;27.3;86;101;2.2;
Team Totals;240;.627;.601;.440;.250;23.7;75.4;54.7;66.7;7.0;17.4;13.9;100.0;117.5;89.4;;
Home Basic
Saddiq Bey;31:15;2;13;.154;0;4;.000;0;1;.000;6;1;7;3;0;0;0;1;4;-25;
Cade Cunningham;29:14;2;14;.143;0;9;.000;2;2;1.000;0;2;2;3;0;0;2;2;6;-22;
Killian Hayes;26:19;3;7;.429;2;4;.500;0;0;;0;3;3;4;1;0;3;5;8;-14;
Isaiah Stewart;24:26;2;6;.333;0;0;;1;2;.500;4;4;8;0;0;2;2;3;5;-13;
Jerami Grant;23:55;8;13;.615;4;8;.500;1;2;.500;0;2;2;1;1;1;1;0;21;-18;
Trey Lyles;18:30;3;9;.333;2;8;.250;5;7;.714;2;5;7;1;0;0;1;2;13;-16;
Kelly Olynyk;16:28;2;5;.400;0;2;.000;1;1;1.000;1;3;4;3;0;1;2;3;5;-11;
Josh Jackson;15:45;0;4;.000;0;3;.000;2;2;1.000;0;3;3;1;0;1;1;2;2;-13;
Frank Jackson;15:31;2;7;.286;0;5;.000;4;7;.571;0;2;2;1;0;0;0;0;8;-8;
Cory Joseph;14:35;2;6;.333;0;1;.000;3;3;1.000;0;2;2;3;0;0;0;1;7;-9;
Luka Garza;7:06;1;3;.333;0;0;;1;1;1.000;1;0;1;0;1;0;1;2;3;-4;
Rodney McGruder;6:47;0;1;.000;0;1;.000;0;0;;0;0;0;1;0;0;0;1;0;+3;
Hamidou Diallo;5:35;2;3;.667;0;1;.000;0;0;;0;2;2;0;1;0;1;0;4;+6;
Saben Lee;4:34;1;2;.500;0;1;.000;1;2;.500;0;0;0;0;1;0;0;0;3;+4;
Team Totals;240;30;93;.323;8;47;.170;21;30;.700;14;29;43;21;5;5;14;22;89;;
Home Advanced
Saddiq Bey;31:15;.149;.154;.308;.077;16.2;4.0;11.3;17.1;0.0;0.0;0.0;17.2;62;125;-10.5;
Cade Cunningham;29:14;.202;.143;.643;.143;0.0;8.6;3.5;18.4;0.0;0.0;11.8;23.1;48;124;-17.0;
Killian Hayes;26:19;.571;.571;.571;.000;0.0;14.4;5.8;29.7;1.8;0.0;30.0;15.2;85;118;-5.7;
Isaiah Stewart;24:26;.363;.333;.000;.333;13.8;20.7;16.5;0.0;0.0;8.4;22.5;14.5;73;116;-10.3;
Jerami Grant;23:55;.756;.769;.615;.154;0.0;10.6;4.2;14.4;2.0;4.3;6.7;24.8;129;116;17.6;
Trey Lyles;18:30;.538;.444;.889;.778;9.1;34.1;19.1;11.7;0.0;0.0;7.6;28.2;110;118;4.3;
Kelly Olynyk;16:28;.460;.400;.400;.200;5.1;23.0;12.3;36.2;0.0;6.2;26.9;18.0;84;116;-4.4;
Josh Jackson;15:45;.205;.000;.750;.500;0.0;24.1;9.6;10.2;0.0;6.5;17.0;14.9;46;116;-12.3;
Frank Jackson;15:31;.397;.286;.714;1.000;0.0;16.3;6.5;13.0;0.0;0.0;0.0;25.9;91;122;-4.5;
Cory Joseph;14:35;.478;.333;.167;.500;0.0;17.3;6.9;42.2;0.0;0.0;0.0;20.0;117;122;1.2;
Luka Garza;7:06;.436;.333;.000;.333;11.9;0.0;7.1;0.0;6.8;0.0;22.5;25.0;77;109;-9.4;
Rodney McGruder;6:47;.000;.000;1.000;.000;0.0;0.0;0.0;23.6;0.0;0.0;0.0;5.9;43;125;-12.2;
Hamidou Diallo;5:35;.667;.667;.333;.000;0.0;45.2;18.1;0.0;8.6;0.0;25.0;28.6;84;95;8.4;
Saben Lee;4:34;.521;.500;.500;1.000;0.0;0.0;0.0;0.0;10.6;0.0;0.0;25.2;106;100;12.6;
Team Totals;240;.419;.366;.505;.323;24.6;76.3;45.3;70.0;5.0;10.6;11.6;100.0;89.4;117.5;;
