202111010CHO-WAS;ATL;WAS;False;7:00 PM, November 1, 2021;Spectrum Center, Charlotte, North Carolina;2:15
111;
118;
Guest Basic
Evan Mobley;40:03;7;15;.467;0;2;.000;1;2;.500;4;6;10;3;2;1;4;4;15;-2;
Collin Sexton;35:33;5;17;.294;1;5;.200;6;8;.750;4;3;7;2;2;0;2;0;17;0;
Darius Garland;35:07;5;13;.385;1;6;.167;5;7;.714;0;3;3;4;3;0;3;1;16;-9;
Lauri Markkanen;35:03;7;19;.368;2;8;.250;5;6;.833;3;5;8;0;2;2;2;2;21;+1;
Jarrett Allen;34:55;9;13;.692;0;0;;6;9;.667;6;10;16;2;1;3;1;2;24;+12;
Ricky Rubio;24:48;1;7;.143;1;2;.500;2;4;.500;0;1;1;8;2;1;3;1;5;+23;
Cedi Osman;20:59;4;5;.800;4;5;.800;1;2;.500;0;0;0;2;0;0;0;3;13;-2;
Dean Wade;13:30;1;1;1.000;0;0;;0;0;;0;4;4;0;0;0;1;1;2;-8;
Lamar Stevens;Did Not Play;
Denzel Valentine;Did Not Play;
Dylan Windler;Did Not Play;
Ed Davis;Did Not Play;
Team Totals;240;39;90;.433;9;28;.321;26;38;.684;17;32;49;21;12;7;16;14;113;;
Guest Advanced
Evan Mobley;40:03;.472;.467;.133;.133;11.1;13.8;12.6;11.7;2.4;1.9;20.1;19.4;95;110;-4.0;
Collin Sexton;35:33;.414;.324;.294;.471;12.6;7.8;9.9;8.4;2.7;0.0;8.9;24.8;102;114;-3.1;
Darius Garland;35:07;.498;.423;.462;.538;0.0;7.9;4.3;17.0;4.1;0.0;15.7;21.3;103;111;-1.8;
Lauri Markkanen;35:03;.485;.421;.421;.316;9.6;13.2;11.5;0.0;2.7;4.4;8.5;26.4;108;109;-0.1;
Jarrett Allen;34:55;.708;.692;.000;.692;19.2;26.4;23.2;10.3;1.4;6.7;5.6;20.1;151;103;11.4;
Ricky Rubio;24:48;.285;.214;.286;.571;0.0;3.7;2.0;41.8;3.9;3.1;25.5;18.5;81;112;-2.1;
Cedi Osman;20:59;1.105;1.200;1.000;.400;0.0;0.0;0.0;15.3;0.0;0.0;0.0;11.0;219;124;10.9;
Dean Wade;13:30;1.000;1.000;.000;.000;0.0;27.4;15.0;0.0;0.0;0.0;50.0;5.8;79;109;-6.6;
Lamar Stevens;Did Not Play;
Denzel Valentine;Did Not Play;
Dylan Windler;Did Not Play;
Ed Davis;Did Not Play;
Team Totals;240;.529;.483;.311;.422;39.5;61.5;51.6;53.8;12.0;11.3;13.0;100.0;113.4;110.4;;
Home Basic
Miles Bridges;35:57;4;18;.222;1;7;.143;4;4;1.000;2;7;9;8;3;2;3;2;13;+5;
LaMelo Ball;34:09;12;22;.545;5;8;.625;1;1;1.000;4;3;7;6;2;2;3;6;30;+14;
Terry Rozier;33:59;9;22;.409;4;11;.364;1;2;.500;0;6;6;2;2;1;2;0;23;+2;
Gordon Hayward;28:52;2;7;.286;2;6;.333;0;0;;0;3;3;2;2;1;2;1;6;-4;
Mason Plumlee;26:26;1;2;.500;0;0;;0;0;;4;3;7;3;0;3;2;3;2;+13;
Cody Martin;27:05;4;9;.444;1;1;1.000;1;2;.500;5;1;6;4;1;0;1;3;10;+2;
Kelly Oubre Jr.;20:47;1;8;.125;0;3;.000;0;0;;3;1;4;1;1;1;1;5;2;-14;
P.J. Washington;17:05;6;8;.750;2;3;.667;4;6;.667;2;1;3;0;1;2;2;1;18;-19;
Ish Smith;11:23;2;4;.500;0;0;;0;0;;0;1;1;1;0;0;0;1;4;-16;
Nick Richards;4:15;1;1;1.000;0;0;;0;0;;0;0;0;0;0;0;1;1;2;+2;
Kai Jones;Did Not Play;
Vernon Carey Jr.;Did Not Play;
JT Thor;Did Not Play;
James Bouknight;Did Not Play;
Jalen McDaniels;Did Not Play;
Team Totals;240;42;101;.416;15;39;.385;11;15;.733;20;26;46;27;12;12;17;23;110;;
Home Advanced
Miles Bridges;35:57;.329;.250;.389;.222;5.1;21.7;12.6;29.1;4.0;4.3;13.2;24.4;92;107;-1.2;
LaMelo Ball;34:09;.668;.659;.364;.045;10.8;9.8;10.4;33.6;2.8;4.5;11.8;28.7;134;113;14.2;
Terry Rozier;33:59;.503;.500;.500;.091;0.0;19.7;8.9;9.6;2.8;2.3;8.0;28.2;105;111;1.0;
Gordon Hayward;28:52;.429;.429;.857;.000;0.0;11.6;5.3;8.6;3.3;2.7;22.2;12.0;83;113;-5.3;
Mason Plumlee;26:26;.500;.500;.000;.000;14.0;12.7;13.4;13.6;0.0;8.8;50.0;5.8;103;117;-4.3;
Cody Martin;27:05;.506;.500;.111;.222;17.0;4.1;11.2;20.3;1.8;0.0;9.2;15.5;127;120;-0.2;
Kelly Oubre Jr.;20:47;.125;.125;.375;.000;13.3;5.4;9.7;5.8;2.3;3.7;11.1;16.7;54;116;-17.3;
P.J. Washington;17:05;.846;.875;.375;.750;10.8;6.5;8.9;0.0;2.8;9.1;15.8;28.5;135;114;17.0;
Ish Smith;11:23;.500;.500;.000;.000;0.0;9.8;4.4;12.6;0.0;0.0;0.0;13.5;122;122;-7.9;
Nick Richards;4:15;1.000;1.000;.000;.000;0.0;0.0;0.0;0.0;0.0;0.0;50.0;18.1;69;125;-15.3;
Kai Jones;Did Not Play;
Vernon Carey Jr.;Did Not Play;
JT Thor;Did Not Play;
James Bouknight;Did Not Play;
Jalen McDaniels;Did Not Play;
Team Totals;240;.511;.490;.386;.149;38.5;60.5;48.4;64.3;12.0;19.4;13.6;100.0;110.4;113.4;;
