202111180MIN-GSW;CLE;GSW;False;8:00 PM, November 18, 2021;Target Center, Minneapolis, Minnesota;2:02
104;
89;
Guest Basic
Dejounte Murray;32:01;2;12;.167;0;4;.000;3;4;.750;2;6;8;4;0;1;3;3;7;-22;
Keldon Johnson;27:19;2;5;.400;2;3;.667;6;7;.857;0;4;4;3;0;0;1;0;12;-9;
Doug McDermott;24:38;5;10;.500;1;5;.200;0;0;;2;2;4;0;0;0;1;1;11;-12;
Derrick White;22:54;1;4;.250;0;2;.000;2;2;1.000;1;1;2;4;1;0;0;2;4;-7;
Drew Eubanks;21:20;3;5;.600;0;0;;0;0;;3;4;7;2;1;1;1;0;6;-18;
Devin Vassell;24:25;8;14;.571;2;7;.286;0;0;;0;4;4;1;1;1;0;2;18;-7;
Lonnie Walker IV;23:14;5;17;.294;1;10;.100;1;2;.500;0;2;2;3;1;2;3;1;12;-15;
Bryn Forbes;20:12;3;6;.500;0;1;.000;2;2;1.000;0;2;2;2;1;0;0;0;8;-7;
Jakob Poeltl;15:19;1;2;.500;0;0;;0;2;.000;1;1;2;1;0;1;0;2;2;-14;
Tre Jones;15:11;4;6;.667;0;0;;0;0;;0;3;3;3;1;0;3;1;8;-7;
Keita Bates-Diop;9:22;1;2;.500;0;0;;0;0;;2;2;4;1;0;0;0;0;2;-10;
Thaddeus Young;4:03;0;1;.000;0;0;;0;0;;0;0;0;2;1;0;0;0;0;+3;
Team Totals;240;35;84;.417;6;32;.188;14;19;.737;11;31;42;26;7;6;12;12;90;;
Guest Advanced
Dejounte Murray;32:01;.254;.167;.333;.333;6.5;20.9;13.5;18.7;0.0;4.1;17.9;24.1;63;128;-15.4;
Keldon Johnson;27:19;.743;.600;.600;1.400;0.0;16.3;7.9;16.7;0.0;0.0;11.0;15.3;142;132;2.8;
Doug McDermott;24:38;.550;.550;.500;.000;8.5;9.1;8.8;0.0;0.0;0.0;9.1;20.5;101;134;-6.0;
Derrick White;22:54;.410;.250;.500;.500;4.6;4.9;4.7;25.5;2.3;0.0;0.0;9.8;121;130;-3.9;
Drew Eubanks;21:20;.600;.600;.000;.000;14.7;20.9;17.7;15.9;2.5;6.1;16.7;12.9;119;121;2.4;
Devin Vassell;24:25;.643;.643;.500;.000;0.0;18.3;8.8;10.2;2.2;5.3;0.0;26.4;123;123;8.8;
Lonnie Walker IV;23:14;.336;.324;.588;.118;0.0;9.6;4.6;25.1;2.3;11.2;14.4;41.3;65;123;-9.3;
Bryn Forbes;20:12;.581;.500;.167;.333;0.0;11.1;5.3;17.1;2.6;0.0;0.0;15.7;129;127;1.2;
Jakob Poeltl;15:19;.347;.500;.000;1.000;6.8;7.3;7.0;9.8;0.0;8.5;0.0;8.6;92;130;-8.7;
Tre Jones;15:11;.667;.667;.000;.000;0.0;22.1;10.7;42.4;3.5;0.0;33.3;27.3;88;121;-1.7;
Keita Bates-Diop;9:22;.500;.500;.000;.000;22.3;23.8;23.0;17.2;0.0;0.0;0.0;9.8;139;129;0.8;
Thaddeus Young;4:03;.000;.000;.000;.000;0.0;0.0;0.0;67.7;13.1;0.0;0.0;11.4;79;105;15.2;
Team Totals;240;.487;.452;.381;.226;23.9;72.1;47.2;74.3;7.7;16.2;11.5;100.0;99.1;126.6;;
Home Basic
Karl-Anthony Towns;38:08;9;16;.563;3;4;.750;4;6;.667;0;12;12;5;0;1;2;1;25;+21;
Anthony Edwards;33:00;5;11;.455;3;8;.375;0;0;;2;3;5;6;2;2;4;4;13;+12;
D'Angelo Russell;31:06;6;19;.316;4;12;.333;6;7;.857;1;2;3;5;1;1;3;1;22;+29;
Patrick Beverley;28:24;3;8;.375;2;7;.286;0;0;;0;3;3;7;1;2;1;3;8;+20;
Jarred Vanderbilt;28:22;3;4;.750;0;0;;0;0;;4;8;12;2;0;2;0;2;6;+28;
Jaden McDaniels;31:23;6;8;.750;1;2;.500;0;0;;3;3;6;1;1;1;0;1;13;+4;
Malik Beasley;28:08;5;13;.385;5;11;.455;0;0;;0;2;2;1;0;0;1;3;15;+12;
Taurean Prince;14:53;4;6;.667;3;5;.600;2;2;1.000;1;2;3;0;0;0;0;1;13;0;
Jordan McLaughlin;5:25;0;1;.000;0;0;;0;0;;1;0;1;3;0;0;1;1;0;-1;
Nathan Knight;0:35;0;0;;0;0;;0;0;;0;0;0;0;0;0;0;0;0;0;
Jaylen Nowell;0:35;0;0;;0;0;;0;0;;0;0;0;0;0;0;0;0;0;0;
Leandro Bolmaro;Did Not Play;
Jake Layman;Did Not Play;
Naz Reid;Did Not Dress;
Team Totals;240;41;86;.477;21;49;.429;12;15;.800;12;35;47;30;5;9;12;17;115;;
Home Advanced
Karl-Anthony Towns;38:08;.671;.656;.250;.375;0.0;32.8;17.0;21.2;0.0;2.4;9.7;24.8;130;97;7.3;
Anthony Edwards;33:00;.591;.591;.727;.000;6.8;9.5;8.2;25.9;3.2;5.6;26.7;20.9;108;95;3.2;
D'Angelo Russell;31:06;.498;.421;.632;.368;3.6;6.7;5.2;24.3;1.7;3.0;12.0;37.0;106;101;-1.2;
Patrick Beverley;28:24;.500;.500;.875;.000;0.0;11.0;5.7;32.9;1.9;6.5;11.1;14.5;127;97;4.9;
Jarred Vanderbilt;28:22;.750;.750;.000;.000;15.7;29.4;22.8;9.4;0.0;6.5;0.0;6.5;188;95;4.9;
Jaden McDaniels;31:23;.813;.813;.250;.000;10.7;10.0;10.3;4.8;1.7;2.9;0.0;11.7;174;100;6.5;
Malik Beasley;28:08;.577;.577;.846;.000;0.0;7.4;3.8;5.3;0.0;0.0;7.1;22.8;108;106;-4.5;
Taurean Prince;14:53;.945;.917;.833;.333;7.5;14.0;10.9;0.0;0.0;0.0;0.0;21.2;184;104;14.7;
Jordan McLaughlin;5:25;.000;.000;.000;.000;20.6;0.0;10.0;64.8;0.0;0.0;50.0;16.9;100;108;-8.4;
Nathan Knight;0:35;;;;;0.0;0.0;0.0;0.0;0.0;0.0;;0.0;0;109;-8.8;
Jaylen Nowell;0:35;;;;;0.0;0.0;0.0;0.0;0.0;0.0;;0.0;0;109;-10.0;
Leandro Bolmaro;Did Not Play;
Jake Layman;Did Not Play;
Naz Reid;Did Not Dress;
Team Totals;240;.621;.599;.570;.174;27.9;76.1;52.8;73.2;5.5;17.3;11.5;100.0;126.6;99.1;;
