202111280LAL-MIL;IND;MIL;False;9:30 PM, November 28, 2021;Crypto.com Arena, Los Angeles, California;2:17
118;
100;
Guest Basic
Cade Cunningham;33:47;6;16;.375;3;9;.333;0;0;;1;10;11;2;0;1;5;1;15;0;
Saddiq Bey;32:58;2;9;.222;0;3;.000;2;2;1.000;4;7;11;2;3;0;2;3;6;-6;
Jerami Grant;32:53;11;20;.550;4;6;.667;6;6;1.000;2;4;6;4;0;1;4;4;32;-3;
Killian Hayes;28:36;2;4;.500;0;2;.000;2;2;1.000;0;3;3;8;0;0;1;4;6;-3;
Isaiah Stewart;26:55;2;7;.286;0;0;;1;2;.500;2;4;6;1;0;1;3;0;5;-16;
Frank Jackson;27:53;5;13;.385;3;8;.375;4;5;.800;0;2;2;5;1;0;1;0;17;+9;
Cory Joseph;19:24;1;5;.200;0;0;;0;0;;0;2;2;3;0;0;0;2;2;-1;
Trey Lyles;17:10;5;7;.714;3;4;.750;0;0;;3;4;7;2;0;1;0;4;13;+5;
Hamidou Diallo;13:42;4;7;.571;0;1;.000;2;2;1.000;0;2;2;0;0;0;1;1;10;-2;
Josh Jackson;6:42;0;1;.000;0;0;;0;0;;0;3;3;2;1;0;0;1;0;-3;
Luka Garza;Did Not Play;
Saben Lee;Did Not Play;
Rodney McGruder;Did Not Play;
Team Totals;240;38;89;.427;13;33;.394;17;19;.895;12;41;53;29;5;4;17;20;106;;
Guest Advanced
Cade Cunningham;33:47;.469;.469;.563;.000;3.0;30.2;16.5;9.6;0.0;2.6;23.8;26.1;74;108;-7.7;
Saddiq Bey;32:58;.304;.222;.333;.222;12.1;21.7;16.9;8.3;4.3;0.0;16.8;15.1;80;102;-5.5;
Jerami Grant;32:53;.707;.650;.300;.300;6.1;12.4;9.2;26.6;0.0;2.7;15.0;34.0;122;110;9.1;
Killian Hayes;28:36;.615;.500;.500;.500;0.0;10.7;5.3;38.8;0.0;0.0;17.0;8.6;142;112;-1.5;
Isaiah Stewart;26:55;.317;.286;.000;.286;7.4;15.2;11.3;5.2;0.0;3.3;27.6;17.0;61;110;-11.5;
Frank Jackson;27:53;.559;.500;.615;.385;0.0;7.3;3.6;29.3;1.7;0.0;6.2;24.4;119;110;5.2;
Cory Joseph;19:24;.200;.200;.000;.000;0.0;10.5;5.2;20.9;0.0;0.0;0.0;10.8;76;112;-11.0;
Trey Lyles;17:10;.929;.929;.571;.000;17.5;23.8;20.6;23.3;0.0;5.2;0.0;17.1;183;105;17.9;
Hamidou Diallo;13:42;.635;.571;.143;.286;0.0;14.9;7.4;0.0;0.0;0.0;11.3;27.2;109;112;-3.4;
Josh Jackson;6:42;.000;.000;.000;.000;0.0;45.7;22.6;37.7;7.1;0.0;0.0;6.3;92;93;7.2;
Luka Garza;Did Not Play;
Saben Lee;Did Not Play;
Rodney McGruder;Did Not Play;
Team Totals;240;.544;.500;.371;.213;25.0;87.2;55.8;76.3;4.9;7.4;14.9;100.0;104.9;108.9;;
Home Basic
Anthony Davis;37:41;10;15;.667;2;2;1.000;2;3;.667;0;10;10;2;2;3;1;1;24;+4;
LeBron James;37:24;12;20;.600;4;9;.444;5;8;.625;0;5;5;9;2;1;2;1;33;+14;
Russell Westbrook;36:35;10;16;.625;1;3;.333;4;8;.500;2;4;6;9;1;0;3;2;25;+4;
DeAndre Jordan;20:38;4;4;1.000;0;0;;1;2;.500;1;5;6;1;2;2;2;3;9;+8;
Avery Bradley;18:16;0;5;.000;0;4;.000;0;0;;0;1;1;1;2;0;0;1;0;+1;
Talen Horton-Tucker;26:47;4;10;.400;1;4;.250;3;4;.750;1;7;8;4;0;1;0;5;12;-3;
Malik Monk;21:44;1;5;.200;0;3;.000;0;0;;0;2;2;2;0;1;1;2;2;-2;
Carmelo Anthony;20:00;0;7;.000;0;4;.000;0;0;;2;2;4;2;1;0;1;1;0;+3;
Wayne Ellington;14:56;2;4;.500;1;3;.333;0;0;;0;0;0;1;1;0;0;1;5;-11;
Austin Reaves;5:59;0;0;;0;0;;0;0;;0;0;0;1;0;0;2;1;0;+2;
Kent Bazemore;Did Not Play;
Rajon Rondo;Did Not Play;
Dwight Howard;Did Not Play;
Team Totals;240;43;86;.500;9;32;.281;15;25;.600;6;36;42;32;11;8;12;18;110;;
Home Advanced
Anthony Davis;37:41;.735;.733;.133;.200;0.0;26.5;13.4;8.4;2.5;6.8;5.8;20.2;129;98;7.7;
LeBron James;37:24;.702;.700;.450;.400;0.0;13.4;6.8;41.9;2.5;2.3;7.8;30.0;131;105;15.1;
Russell Westbrook;36:35;.640;.656;.188;.500;5.6;10.9;8.3;39.5;1.3;0.0;13.3;27.1;121;111;4.4;
DeAndre Jordan;20:38;.922;1.000;.000;.500;4.9;24.2;14.7;6.9;4.6;8.3;29.1;14.7;120;93;4.0;
Avery Bradley;18:16;.000;.000;.800;.000;0.0;5.5;2.8;6.1;5.2;0.0;0.0;12.1;13;103;-13.1;
Talen Horton-Tucker;26:47;.510;.450;.400;.400;3.8;26.1;15.1;20.0;0.0;3.2;0.0;19.3;117;106;-2.5;
Malik Monk;21:44;.200;.200;.600;.000;0.0;9.2;4.6;10.8;0.0;3.9;16.7;12.2;51;112;-14.4;
Carmelo Anthony;20:00;.000;.000;.571;.000;10.2;10.0;10.1;11.2;2.4;0.0;12.5;17.6;36;108;-18.3;
Wayne Ellington;14:56;.625;.625;.750;.000;0.0;0.0;0.0;8.8;3.2;0.0;0.0;11.8;121;110;-1.0;
Austin Reaves;5:59;;;;;0.0;0.0;0.0;18.7;0.0;0.0;100.0;14.7;26;117;-22.7;
Kent Bazemore;Did Not Play;
Rajon Rondo;Did Not Play;
Dwight Howard;Did Not Play;
Team Totals;240;.567;.552;.372;.291;12.8;75.0;44.2;74.4;10.9;14.3;11.0;100.0;108.9;104.9;;
