202110250MIN-DET;ATL;DET;False;8:00 PM, October 25, 2021;Target Center, Minneapolis, Minnesota;2:14
104;
122;
Guest Basic
Jonas Valančiūnas;39:19;7;18;.389;0;0;;8;8;1.000;9;14;23;3;0;2;1;5;22;-1;
Devonte' Graham;38:31;8;16;.500;1;6;.167;4;4;1.000;0;3;3;7;1;0;4;1;21;+23;
Brandon Ingram;36:27;11;21;.524;4;7;.571;1;1;1.000;1;8;9;1;0;0;4;3;27;-2;
Herbert Jones;31:36;0;1;.000;0;0;;0;0;;0;2;2;1;2;1;3;4;0;+1;
Nickeil Alexander-Walker;29:55;6;16;.375;2;9;.222;3;3;1.000;1;6;7;3;1;0;1;1;17;+11;
Trey Murphy III;19:37;2;4;.500;2;4;.500;0;0;;1;2;3;0;1;0;0;1;6;+9;
Garrett Temple;16:03;2;5;.400;1;3;.333;2;3;.667;1;4;5;1;0;1;1;0;7;+1;
Naji Marshall;10:41;1;1;1.000;0;0;;1;2;.500;0;3;3;1;0;0;1;0;3;+7;
Kira Lewis Jr.;9:29;0;3;.000;0;1;.000;0;0;;0;1;1;2;0;0;0;2;0;-14;
Jaxson Hayes;8:22;2;2;1.000;0;0;;0;2;.000;2;2;4;0;0;1;2;3;4;+10;
Willy Hernangómez;Did Not Play;
Jose Alvarado;Did Not Play;
Didi Louzada;Did Not Play;
Daulton Hommes;Did Not Play;
Tomáš Satoranský;Did Not Play;
Team Totals;240;39;87;.448;10;30;.333;19;23;.826;15;45;60;19;5;5;17;20;107;;
Guest Advanced
Jonas Valančiūnas;39:19;.511;.389;.000;.444;24.4;30.5;27.8;12.0;0.0;6.1;4.4;24.1;130;94;4.7;
Devonte' Graham;38:31;.591;.531;.375;.250;0.0;6.7;3.7;30.0;1.3;0.0;18.4;23.8;114;105;2.2;
Brandon Ingram;36:27;.630;.619;.333;.048;2.9;18.8;11.7;5.4;0.0;0.0;15.7;29.4;111;103;2.2;
Herbert Jones;31:36;.000;.000;.000;.000;0.0;5.4;3.0;3.9;3.1;3.8;75.0;5.3;14;99;-5.9;
Nickeil Alexander-Walker;29:55;.491;.438;.563;.188;3.6;17.2;11.1;16.4;1.6;0.0;5.5;25.8;114;100;3.0;
Trey Murphy III;19:37;.750;.750;1.000;.000;5.4;8.7;7.3;0.0;2.5;0.0;0.0;8.6;165;101;5.8;
Garrett Temple;16:03;.554;.500;.600;.600;6.6;21.4;14.8;9.1;0.0;7.5;13.7;19.2;113;98;5.0;
Naji Marshall;10:41;.798;1.000;.000;2.000;0.0;24.1;13.3;13.0;0.0;0.0;34.7;11.3;107;101;1.3;
Kira Lewis Jr.;9:29;.000;.000;.333;.000;0.0;9.0;5.0;26.0;0.0;0.0;0.0;13.3;45;106;-14.4;
Jaxson Hayes;8:22;.694;1.000;.000;1.000;25.5;20.5;22.7;0.0;0.0;14.3;41.0;24.5;79;94;-7.2;
Willy Hernangómez;Did Not Play;
Jose Alvarado;Did Not Play;
Didi Louzada;Did Not Play;
Daulton Hommes;Did Not Play;
Tomáš Satoranský;Did Not Play;
Team Totals;240;.551;.506;.345;.264;33.3;80.4;59.4;48.7;5.1;12.5;14.9;100.0;109.5;100.3;;
Home Basic
Anthony Edwards;40:28;10;23;.435;4;11;.364;4;4;1.000;1;8;9;3;1;0;3;5;28;+5;
Karl-Anthony Towns;39:36;10;24;.417;4;10;.400;8;8;1.000;6;8;14;7;2;2;3;3;32;+8;
Jaden McDaniels;32:32;1;5;.200;1;4;.250;0;0;;1;1;2;0;1;2;0;0;3;+3;
D'Angelo Russell;29:33;3;14;.214;1;8;.125;2;2;1.000;0;6;6;4;2;1;2;0;9;-12;
Josh Okogie;11:20;0;2;.000;0;1;.000;1;4;.250;1;1;2;1;1;0;1;1;1;-10;
Malik Beasley;28:54;1;8;.125;1;7;.143;2;2;1.000;1;1;2;0;1;0;0;1;5;+2;
Patrick Beverley;20:27;4;6;.667;4;5;.800;1;2;.500;0;2;2;2;1;1;0;3;13;-3;
Jordan McLaughlin;11:08;0;1;.000;0;0;;0;0;;0;1;1;3;0;0;1;0;0;-10;
Taurean Prince;8:50;1;4;.250;0;3;.000;3;3;1.000;1;2;3;0;0;0;0;2;5;+5;
Jarred Vanderbilt;8:48;0;0;;0;0;;0;0;;0;0;0;0;0;0;1;1;0;-16;
Naz Reid;8:24;1;3;.333;0;1;.000;0;2;.000;0;0;0;0;1;1;0;3;2;-17;
Leandro Bolmaro;Did Not Play;
Nathan Knight;Did Not Play;
Jake Layman;Did Not Play;
Jaylen Nowell;Did Not Play;
Team Totals;240;31;90;.344;15;50;.300;21;27;.778;11;30;41;20;10;7;11;19;98;;
Home Advanced
Anthony Edwards;40:28;.565;.522;.478;.174;2.1;21.1;10.6;18.6;1.2;0.0;10.8;29.2;104;110;0.7;
Karl-Anthony Towns;39:36;.581;.500;.417;.333;13.0;21.5;16.8;44.9;2.5;4.3;9.8;32.8;121;105;15.3;
Jaden McDaniels;32:32;.300;.300;.800;.000;2.6;3.3;2.9;0.0;1.5;5.2;0.0;6.5;73;114;-5.2;
D'Angelo Russell;29:33;.302;.250;.571;.143;0.0;21.7;9.6;24.9;3.3;2.8;11.8;24.3;68;104;-5.7;
Josh Okogie;11:20;.133;.000;.500;2.000;7.6;9.4;8.4;13.7;4.3;0.0;21.0;17.9;45;108;-12.1;
Malik Beasley;28:54;.282;.188;.875;.250;3.0;3.7;3.3;0.0;1.7;0.0;0.0;13.1;69;116;-10.3;
Patrick Beverley;20:27;.945;1.000;.833;.333;0.0;10.4;4.6;21.7;2.4;4.1;0.0;14.3;177;109;15.5;
Jordan McLaughlin;11:08;.000;.000;.000;.000;0.0;9.6;4.3;41.7;0.0;0.0;50.0;7.6;63;118;-11.2;
Taurean Prince;8:50;.470;.250;.750;.750;9.7;24.2;16.1;0.0;0.0;0.0;0.0;25.6;111;111;-6.7;
Jarred Vanderbilt;8:48;;;;;0.0;0.0;0.0;0.0;0.0;0.0;100.0;4.8;0;121;-17.1;
Naz Reid;8:24;.258;.333;.333;.667;0.0;0.0;0.0;0.0;5.8;10.0;0.0;19.6;51;102;-11.7;
Leandro Bolmaro;Did Not Play;
Nathan Knight;Did Not Play;
Jake Layman;Did Not Play;
Jaylen Nowell;Did Not Play;
Team Totals;240;.481;.428;.556;.300;19.6;66.7;40.6;64.5;10.2;12.3;9.7;100.0;100.3;109.5;;
