202111110LAC-MIA;LAC;MIA;False;10:30 PM, November 11, 2021;Crypto.com Arena, Los Angeles, California;2:12
109;
112;
Guest Basic
Bam Adebayo;39:52;12;18;.667;0;0;;6;8;.750;4;7;11;0;1;1;2;3;30;-5;
Tyler Herro;38:51;10;23;.435;0;6;.000;3;4;.750;2;5;7;3;1;0;2;1;23;+2;
Kyle Lowry;37:59;9;17;.529;4;10;.400;3;3;1.000;0;3;3;5;2;0;4;3;25;-6;
P.J. Tucker;27:17;3;5;.600;0;0;;0;0;;5;5;10;0;0;1;3;4;6;-9;
Duncan Robinson;26:42;2;13;.154;2;11;.182;0;0;;3;6;9;3;1;2;0;5;6;+11;
Gabe Vincent;23:24;2;6;.333;0;4;.000;0;0;;0;0;0;6;1;0;1;3;4;-9;
Caleb Martin;20:44;3;7;.429;1;2;.500;0;0;;2;1;3;1;2;0;1;1;7;+4;
Max Strus;17:03;2;8;.250;2;8;.250;0;0;;1;3;4;0;1;0;2;0;6;-5;
Dewayne Dedmon;8:08;0;0;;0;0;;2;2;1.000;1;2;3;0;0;0;0;1;2;+2;
KZ Okpala;Did Not Play;
Omer Yurtseven;Did Not Play;
Udonis Haslem;Did Not Play;
Team Totals;240;43;97;.443;9;41;.220;14;17;.824;18;32;50;18;9;4;15;21;109;;
Guest Advanced
Bam Adebayo;39:52;.697;.667;.000;.444;9.4;20.6;14.4;0.0;1.2;2.2;8.5;23.7;138;114;6.5;
Tyler Herro;38:51;.464;.435;.261;.174;4.8;15.1;9.4;12.1;1.3;0.0;7.5;27.7;105;117;-1.3;
Kyle Lowry;37:59;.682;.647;.588;.176;0.0;9.2;4.1;20.0;2.6;0.0;17.9;23.6;124;115;6.3;
P.J. Tucker;27:17;.600;.600;.000;.000;17.2;21.5;19.1;0.0;0.0;3.3;37.5;11.8;94;116;-5.4;
Duncan Robinson;26:42;.231;.231;.846;.000;10.6;26.3;17.6;13.7;1.8;6.7;0.0;19.6;84;108;-2.8;
Gabe Vincent;23:24;.333;.333;.667;.000;0.0;0.0;0.0;31.6;2.1;0.0;14.3;12.0;99;118;-3.1;
Caleb Martin;20:44;.500;.500;.286;.000;9.1;5.6;7.5;6.4;4.7;0.0;12.5;15.5;109;111;2.4;
Max Strus;17:03;.375;.375;1.000;.000;5.5;20.6;12.2;0.0;2.9;0.0;20.0;23.6;72;112;-6.6;
Dewayne Dedmon;8:08;1.136;;;;11.6;28.8;19.2;0.0;0.0;0.0;0.0;4.3;243;116;0.7;
KZ Okpala;Did Not Play;
Omer Yurtseven;Did Not Play;
Udonis Haslem;Did Not Play;
Team Totals;240;.522;.490;.423;.175;35.3;78.0;54.3;41.9;9.1;7.4;12.6;100.0;110.7;113.7;;
Home Basic
Eric Bledsoe;40:14;9;16;.563;2;6;.333;1;1;1.000;0;3;3;3;0;3;1;1;21;+8;
Paul George;38:13;11;25;.440;3;9;.333;2;2;1.000;2;2;4;5;3;0;3;1;27;-1;
Nicolas Batum;36:37;2;4;.500;2;4;.500;0;0;;0;6;6;3;2;3;2;1;6;+5;
Reggie Jackson;30:33;7;17;.412;2;8;.250;6;6;1.000;1;2;3;2;0;0;2;1;22;+4;
Ivica Zubac;29:24;7;10;.700;0;0;;4;6;.667;3;8;11;1;0;2;0;4;18;+7;
Luke Kennard;26:51;5;12;.417;2;8;.250;0;0;;0;6;6;3;3;0;0;3;12;+7;
Terance Mann;17:40;0;3;.000;0;2;.000;0;0;;0;1;1;2;0;0;1;1;0;-3;
Isaiah Hartenstein;17:35;2;4;.500;0;0;;2;2;1.000;3;4;7;1;0;1;2;2;6;-6;
Justise Winslow;2:53;0;0;;0;0;;0;0;;0;1;1;0;1;0;1;0;0;-6;
Marcus Morris;Did Not Play;
Amir Coffey;Did Not Play;
Team Totals;240;43;91;.473;11;37;.297;15;17;.882;9;33;42;20;9;9;12;14;112;;
Home Advanced
Eric Bledsoe;40:14;.639;.625;.375;.063;0.0;7.0;3.9;11.1;0.0;6.4;5.7;18.8;127;116;3.3;
Paul George;38:13;.522;.500;.360;.080;6.1;4.9;5.5;21.5;3.8;0.0;10.4;32.8;106;112;3.3;
Nicolas Batum;36:37;.750;.750;1.000;.000;0.0;15.4;8.5;9.7;2.7;7.0;33.3;7.1;109;106;4.0;
Reggie Jackson;30:33;.560;.471;.471;.353;3.8;6.2;5.1;9.8;0.0;0.0;9.2;30.8;112;120;-2.7;
Ivica Zubac;29:24;.712;.700;.000;.600;11.9;25.6;19.5;5.2;0.0;5.8;0.0;18.7;155;108;5.2;
Luke Kennard;26:51;.500;.500;.667;.000;0.0;21.0;11.7;15.7;5.4;0.0;0.0;19.4;114;101;4.2;
Terance Mann;17:40;.000;.000;.667;.000;0.0;5.3;3.0;12.6;0.0;0.0;25.0;9.8;31;120;-13.8;
Isaiah Hartenstein;17:35;.615;.500;.000;.500;20.0;21.4;20.8;7.3;0.0;4.9;29.1;17.0;112;110;-4.4;
Justise Winslow;2:53;;;;;0.0;32.6;18.1;0.0;16.9;0.0;100.0;15.1;0;70;-2.6;
Marcus Morris;Did Not Play;
Amir Coffey;Did Not Play;
Team Totals;240;.569;.533;.407;.187;22.0;64.7;45.7;46.5;9.1;16.1;10.9;100.0;113.7;110.7;;
