202110210ATL-DAL;ATL;DAL;False;7:30 PM, October 21, 2021;State Farm Arena, Atlanta, Georgia;2:08
87;
113;
Guest Basic
Luka Dončić;35:24;6;17;.353;2;7;.286;4;4;1.000;0;11;11;7;1;0;5;1;18;-24;
Kristaps Porziņģis;28:49;4;13;.308;1;4;.250;2;2;1.000;2;3;5;0;1;2;4;3;11;-23;
Dorian Finney-Smith;28:47;2;12;.167;1;6;.167;0;0;;4;4;8;2;2;0;1;4;5;-21;
Tim Hardaway Jr.;27:56;4;9;.444;2;6;.333;4;4;1.000;0;2;2;0;1;0;1;3;14;-17;
Dwight Powell;20:13;1;5;.200;0;1;.000;2;3;.667;2;2;4;1;1;0;1;2;4;-21;
Jalen Brunson;25:40;7;13;.538;3;5;.600;0;0;;0;3;3;3;0;0;0;2;17;-8;
Maxi Kleber;17:01;1;4;.250;1;4;.250;0;0;;1;2;3;0;1;0;1;2;3;-13;
Reggie Bullock;15:02;1;4;.250;1;3;.333;0;0;;0;1;1;0;0;0;1;1;3;-6;
Willie Cauley-Stein;12:37;1;4;.250;0;0;;0;0;;1;5;6;0;0;0;0;0;2;+5;
Sterling Brown;10:44;1;5;.200;1;5;.200;0;0;;0;5;5;0;0;0;1;2;3;-4;
Trey Burke;9:25;2;3;.667;1;1;1.000;0;0;;0;1;1;2;0;0;0;0;5;0;
Josh Green;4:11;1;2;.500;0;0;;0;0;;0;0;0;0;0;0;0;0;2;+1;
Frank Ntilikina;4:11;0;2;.000;0;1;.000;0;0;;0;1;1;1;0;1;0;1;0;+1;
Boban Marjanović;Did Not Play;
Moses Brown;Did Not Play;
Team Totals;240;31;93;.333;13;43;.302;12;13;.923;10;40;50;16;7;3;15;21;87;;
Guest Advanced
Luka Dončić;35:24;.480;.412;.412;.235;0.0;32.4;14.2;41.5;1.3;0.0;21.0;28.3;87;109;2.0;
Kristaps Porziņģis;28:49;.396;.346;.308;.154;5.6;10.9;7.9;0.0;1.6;5.6;22.4;26.2;66;106;-8.4;
Dorian Finney-Smith;28:47;.208;.208;.500;.000;11.3;14.5;12.7;12.1;3.2;0.0;7.7;19.1;62;107;-6.1;
Tim Hardaway Jr.;27:56;.651;.556;.667;.444;0.0;7.5;3.3;0.0;1.7;0.0;8.5;17.8;119;112;1.3;
Dwight Powell;20:13;.316;.200;.200;.600;8.0;10.3;9.0;8.3;2.3;0.0;13.7;15.3;75;110;-6.6;
Jalen Brunson;25:40;.654;.654;.385;.000;0.0;12.2;5.3;31.3;0.0;0.0;0.0;21.4;133;115;8.7;
Maxi Kleber;17:01;.375;.375;1.000;.000;4.8;12.3;8.1;0.0;2.7;0.0;20.0;12.4;67;108;-6.3;
Reggie Bullock;15:02;.375;.375;.750;.000;0.0;6.9;3.0;0.0;0.0;0.0;20.0;14.0;58;115;-9.7;
Willie Cauley-Stein;12:37;.250;.250;.000;.000;6.4;41.4;21.7;0.0;0.0;0.0;0.0;13.4;64;110;-6.0;
Sterling Brown;10:44;.300;.300;1.000;.000;0.0;48.6;21.3;0.0;0.0;0.0;16.7;23.6;50;109;-12.0;
Trey Burke;9:25;.833;.833;.333;.000;0.0;11.1;4.9;49.0;0.0;0.0;0.0;13.4;176;115;12.2;
Josh Green;4:11;.500;.500;.000;.000;0.0;0.0;0.0;0.0;0.0;0.0;0.0;20.2;96;116;-2.5;
Frank Ntilikina;4:11;.000;.000;.500;.000;0.0;24.9;10.9;37.0;0.0;19.4;0.0;20.2;26;94;-3.7;
Boban Marjanović;Did Not Play;
Moses Brown;Did Not Play;
Team Totals;240;.441;.403;.462;.140;16.9;87.0;47.6;51.6;6.8;5.1;13.2;100.0;84.6;109.9;;
Home Basic
Trae Young;32:41;6;16;.375;2;5;.400;5;5;1.000;0;2;2;14;0;0;5;0;19;+21;
John Collins;30:00;7;11;.636;2;3;.667;0;0;;1;8;9;3;2;2;0;3;16;+14;
De'Andre Hunter;28:43;5;11;.455;1;3;.333;0;0;;0;3;3;1;0;2;0;3;11;+19;
Bogdan Bogdanović;26:05;4;8;.500;3;5;.600;0;0;;0;3;3;2;2;0;2;3;11;+17;
Clint Capela;20:33;6;6;1.000;0;0;;0;1;.000;2;11;13;0;0;2;1;2;12;+17;
Kevin Huerter;21:40;3;8;.375;0;3;.000;0;0;;1;5;6;2;0;1;2;0;6;+6;
Cam Reddish;21:17;7;15;.467;3;4;.750;3;3;1.000;1;2;3;1;1;0;3;0;20;+14;
Delon Wright;15:19;0;4;.000;0;3;.000;0;0;;1;3;4;3;0;0;0;1;0;+5;
Solomon Hill;15:06;0;1;.000;0;0;;0;0;;0;2;2;1;2;0;0;1;0;+8;
Gorgui Dieng;14:28;4;5;.800;1;2;.500;0;0;;0;6;6;2;1;2;0;2;9;+13;
Jalen Johnson;3:32;2;4;.500;2;3;.667;0;0;;0;2;2;0;0;0;0;0;6;-1;
Skylar Mays;3:32;1;1;1.000;1;1;1.000;0;0;;0;1;1;0;0;0;0;1;3;-1;
Sharife Cooper;3:32;0;3;.000;0;2;.000;0;0;;0;0;0;1;0;0;0;0;0;-1;
Timothé Luwawu-Cabarrot;3:32;0;1;.000;0;1;.000;0;0;;0;1;1;1;0;0;0;0;0;-1;
Lou Williams;Did Not Play;
Team Totals;240;45;94;.479;15;35;.429;8;9;.889;6;49;55;31;8;9;13;16;113;;
Home Advanced
Trae Young;32:41;.522;.438;.313;.313;0.0;5.0;2.8;56.8;0.0;0.0;21.6;30.7;106;96;0.9;
John Collins;30:00;.727;.727;.273;.000;3.5;21.7;13.7;14.2;3.1;6.4;0.0;15.9;146;77;12.8;
De'Andre Hunter;28:43;.500;.500;.273;.000;0.0;8.5;4.8;4.6;0.0;6.7;0.0;16.6;98;90;-1.5;
Bogdan Bogdanović;26:05;.688;.688;.625;.000;0.0;9.4;5.3;9.8;3.6;0.0;20.0;16.6;103;85;2.5;
Clint Capela;20:33;.932;1.000;.000;.167;10.2;43.5;28.9;0.0;0.0;9.3;13.4;15.7;151;74;9.7;
Kevin Huerter;21:40;.375;.375;.375;.000;4.8;18.8;12.7;11.6;0.0;4.4;20.0;20.0;73;87;-5.9;
Cam Reddish;21:17;.613;.567;.267;.200;4.9;7.6;6.4;7.7;2.2;0.0;15.5;39.3;99;90;3.5;
Delon Wright;15:19;.000;.000;.750;.000;6.8;15.9;11.9;20.9;0.0;0.0;0.0;11.3;60;91;-9.1;
Solomon Hill;15:06;.000;.000;.000;.000;0.0;10.8;6.1;7.1;6.2;0.0;0.0;2.9;56;79;2.5;
Gorgui Dieng;14:28;.900;.900;.400;.000;0.0;33.7;19.0;20.9;3.2;13.3;0.0;15.0;176;67;21.8;
Sharife Cooper;3:32;.000;.000;.667;.000;0.0;0.0;0.0;30.2;0.0;0.0;0.0;36.7;22;98;-31.9;
Jalen Johnson;3:32;.750;.750;.750;.000;0.0;46.1;25.9;0.0;0.0;0.0;0.0;49.0;124;79;32.2;
Timothé Luwawu-Cabarrot;3:32;.000;.000;1.000;.000;0.0;23.0;12.9;30.2;0.0;0.0;0.0;12.2;56;89;-4.7;
Skylar Mays;3:32;1.500;1.500;1.000;.000;0.0;23.0;12.9;0.0;0.0;0.0;0.0;12.2;300;89;18.5;
Lou Williams;Did Not Play;
Team Totals;240;.577;.559;.372;.096;13.0;83.1;52.4;68.9;7.8;18.0;11.7;100.0;109.9;84.6;;
