202111270ATL-NYK;ATL;NYK;False;7:30 PM, November 27, 2021;State Farm Arena, Atlanta, Georgia;2:02
99;
90;
Guest Basic
Alec Burks;39:08;7;17;.412;4;7;.571;5;7;.714;0;7;7;3;2;0;3;4;23;+2;
Julius Randle;31:43;3;14;.214;0;3;.000;2;2;1.000;3;8;11;4;0;0;1;2;8;+2;
RJ Barrett;30:47;6;11;.545;1;3;.333;2;5;.400;0;7;7;1;0;0;0;0;15;+18;
Evan Fournier;28:41;7;13;.538;4;6;.667;2;3;.667;0;2;2;1;1;0;2;1;20;-10;
Mitchell Robinson;26:40;1;2;.500;0;0;;0;0;;4;7;11;1;0;1;0;4;2;-5;
Immanuel Quickley;30:33;4;12;.333;1;7;.143;0;0;;0;3;3;7;0;0;2;4;9;+9;
Jericho Sims;21:20;2;2;1.000;0;0;;2;2;1.000;1;5;6;0;1;2;1;1;6;+14;
Obi Toppin;16:17;5;8;.625;0;1;.000;3;3;1.000;0;2;2;2;0;0;0;0;13;+7;
Quentin Grimes;14:51;1;3;.333;1;2;.500;0;0;;0;1;1;1;0;0;1;1;3;+8;
Wayne Selden;Did Not Play;
Kevin Knox;Did Not Play;
Miles McBride;Did Not Play;
Team Totals;240;36;82;.439;11;29;.379;16;22;.727;8;42;50;20;4;3;10;17;99;;
Guest Advanced
Alec Burks;39:08;.573;.529;.412;.412;0.0;15.6;8.4;13.4;2.7;0.0;13.0;27.8;103;95;3.7;
Julius Randle;31:43;.269;.214;.214;.143;9.7;22.0;16.3;19.2;0.0;0.0;6.3;23.6;77;98;-6.7;
RJ Barrett;30:47;.568;.591;.273;.455;0.0;19.8;10.7;5.9;0.0;0.0;0.0;20.2;114;99;2.4;
Evan Fournier;28:41;.698;.692;.462;.231;0.0;6.1;3.3;6.9;1.8;0.0;12.3;26.9;115;101;7.8;
Mitchell Robinson;26:40;.500;.500;.000;.000;15.3;22.9;19.4;5.3;0.0;3.2;0.0;3.5;162;95;-0.8;
Immanuel Quickley;30:33;.375;.375;.583;.000;0.0;8.6;4.6;37.0;0.0;0.0;14.3;21.6;86;104;-5.7;
Jericho Sims;21:20;1.042;1.000;.000;1.000;4.8;20.5;13.2;0.0;2.4;8.0;25.8;8.6;154;88;7.8;
Obi Toppin;16:17;.697;.625;.125;.375;0.0;10.7;5.8;27.7;0.0;0.0;0.0;27.0;146;103;14.1;
Quentin Grimes;14:51;.500;.500;.667;.000;0.0;5.9;3.2;9.9;0.0;0.0;25.0;12.7;81;105;-5.1;
Wayne Selden;Did Not Play;
Kevin Knox;Did Not Play;
Miles McBride;Did Not Play;
Team Totals;240;.540;.506;.354;.268;17.0;76.4;49.0;55.6;4.3;5.4;9.8;100.0;107.5;97.7;;
Home Basic
John Collins;39:30;4;10;.400;1;5;.200;3;4;.750;1;8;9;3;1;3;0;4;12;-9;
Trae Young;39:11;10;22;.455;5;10;.500;8;10;.800;0;4;4;7;0;0;3;1;33;0;
Kevin Huerter;38:00;4;13;.308;0;6;.000;0;0;;0;2;2;2;1;0;1;3;8;+2;
Clint Capela;35:07;8;14;.571;0;0;;0;0;;6;16;22;1;1;3;0;1;16;+7;
Bogdan Bogdanović;10:14;1;4;.250;0;2;.000;0;0;;0;1;1;1;1;0;0;0;2;+2;
Danilo Gallinari;21:23;2;11;.182;1;6;.167;0;0;;0;2;2;0;0;0;0;1;5;-16;
Lou Williams;15:40;1;6;.167;0;2;.000;3;4;.750;3;3;6;4;2;0;0;2;5;-6;
Timothé Luwawu-Cabarrot;12:54;1;4;.250;1;4;.250;0;0;;0;2;2;0;0;0;1;3;3;-12;
Solomon Hill;12:06;0;2;.000;0;0;;0;0;;2;1;3;0;1;0;0;1;0;+3;
Delon Wright;8:49;1;4;.250;0;0;;1;2;.500;1;0;1;0;1;0;0;1;3;-9;
Cam Reddish;7:06;1;3;.333;1;2;.500;0;0;;0;0;0;0;0;0;1;0;3;-7;
Gorgui Dieng;Did Not Play;
Team Totals;240;33;93;.355;9;37;.243;15;20;.750;13;39;52;18;8;6;6;17;90;;
Home Advanced
John Collins;39:30;.510;.450;.500;.400;2.2;20.7;10.7;13.0;1.3;6.9;0.0;13.3;119;103;2.4;
Trae Young;39:11;.625;.568;.455;.455;0.0;10.4;4.8;41.3;0.0;0.0;10.2;33.4;121;115;10.9;
Kevin Huerter;38:00;.308;.308;.462;.000;0.0;5.4;2.5;9.0;1.4;0.0;7.1;16.4;66;113;-10.8;
Clint Capela;35:07;.571;.571;.000;.000;14.9;46.5;29.5;6.2;1.5;7.7;0.0;17.8;130;96;8.9;
Bogdan Bogdanović;10:14;.250;.250;.500;.000;0.0;10.0;4.6;16.6;5.1;0.0;0.0;17.4;65;104;-3.7;
Danilo Gallinari;21:23;.227;.227;.545;.000;0.0;9.6;4.4;0.0;0.0;0.0;0.0;22.9;51;115;-15.4;
Lou Williams;15:40;.322;.167;.333;.667;16.7;19.6;18.0;40.9;6.7;0.0;0.0;22.1;105;97;9.4;
Timothé Luwawu-Cabarrot;12:54;.375;.375;1.000;.000;0.0;15.8;7.3;0.0;0.0;0.0;20.0;17.3;60;112;-15.3;
Solomon Hill;12:06;.000;.000;.000;.000;14.4;8.4;11.7;0.0;4.3;0.0;0.0;7.4;56;105;-7.3;
Delon Wright;8:49;.307;.250;.000;.500;9.9;0.0;5.3;0.0;5.9;0.0;0.0;24.6;77;104;-4.6;
Cam Reddish;7:06;.500;.500;.667;.000;0.0;0.0;0.0;0.0;0.0;0.0;25.0;25.1;70;117;-9.3;
Gorgui Dieng;Did Not Play;
Team Totals;240;.442;.403;.398;.215;23.6;83.0;51.0;54.5;8.7;11.3;5.6;100.0;97.7;107.5;;
