202111120MEM-MIL;BOS;MIL;False;8:00 PM, November 12, 2021;FedEx Forum, Memphis, Tennessee;2:03
113;
122;
Guest Basic
Mikal Bridges;29:10;5;7;.714;3;3;1.000;0;0;;0;2;2;1;2;0;1;4;13;+15;
Chris Paul;27:39;6;12;.500;0;2;.000;3;3;1.000;0;4;4;12;5;0;2;2;15;+20;
Devin Booker;25:36;7;17;.412;1;5;.200;2;2;1.000;1;4;5;7;0;0;3;2;17;+31;
Jae Crowder;25:05;6;10;.600;5;8;.625;0;0;;0;5;5;0;0;2;1;2;17;+31;
JaVale McGee;15:27;4;6;.667;0;0;;1;1;1.000;2;4;6;0;1;0;1;4;9;+16;
Frank Kaminsky;27:15;4;7;.571;0;1;.000;0;0;;1;5;6;1;1;2;0;1;8;+11;
Landry Shamet;23:21;2;9;.222;2;5;.400;2;2;1.000;0;4;4;3;0;0;0;0;8;-8;
Cameron Johnson;22:55;4;7;.571;3;6;.500;1;1;1.000;0;7;7;1;0;0;2;1;12;-6;
Cameron Payne;20:21;4;13;.308;2;5;.400;0;0;;0;2;2;2;1;1;1;2;10;+5;
Abdel Nader;17:53;4;5;.800;2;2;1.000;0;0;;0;4;4;1;2;1;1;3;10;+12;
Jalen Smith;5:18;0;1;.000;0;0;;0;0;;0;1;1;0;0;0;0;1;0;-2;
Chandler Hutchison;Did Not Play;
Deandre Ayton;Did Not Dress;
Ish Wainright;Did Not Play;
Elfrid Payton;Did Not Play;
Team Totals;240;46;94;.489;18;37;.486;9;9;1.000;4;42;46;28;12;6;12;22;119;;
Guest Advanced
Mikal Bridges;29:10;.929;.929;.429;.000;0.0;5.6;3.1;4.4;3.2;0.0;12.5;12.0;145;93;5.9;
Chris Paul;27:39;.563;.500;.167;.250;0.0;11.8;6.6;58.5;8.3;0.0;13.1;24.2;127;80;14.6;
Devin Booker;25:36;.475;.441;.294;.118;4.1;12.7;8.9;39.9;0.0;0.0;14.4;35.6;98;97;-1.5;
Jae Crowder;25:05;.850;.850;.800;.000;0.0;16.2;9.1;0.0;0.0;5.9;9.1;19.1;131;92;10.9;
JaVale McGee;15:27;.699;.667;.000;.167;13.5;21.1;17.8;0.0;3.0;0.0;13.4;21.0;126;85;-0.5;
Frank Kaminsky;27:15;.571;.571;.143;.000;3.8;14.9;10.1;4.5;1.7;5.4;0.0;11.2;121;90;2.9;
Landry Shamet;23:21;.405;.333;.556;.222;0.0;13.9;7.8;14.7;0.0;0.0;0.0;18.5;95;97;-2.1;
Cameron Johnson;22:55;.806;.786;.857;.143;0.0;24.9;14.0;5.6;0.0;0.0;21.2;18.0;115;92;3.5;
Cameron Payne;20:21;.385;.385;.385;.000;0.0;8.0;4.5;12.9;2.3;3.6;7.1;30.0;75;92;-4.9;
Abdel Nader;17:53;1.000;1.000;.400;.000;0.0;18.2;10.2;7.6;5.1;4.1;16.7;14.6;148;81;15.2;
Jalen Smith;5:18;.000;.000;.000;.000;0.0;15.4;8.6;0.0;0.0;0.0;0.0;8.2;0;95;-13.9;
Chandler Hutchison;Did Not Play;
Deandre Ayton;Did Not Dress;
Ish Wainright;Did Not Play;
Elfrid Payton;Did Not Play;
Team Totals;240;.607;.585;.394;.096;8.7;71.2;43.8;60.9;11.5;9.2;10.9;100.0;114.1;90.2;;
Home Basic
Ja Morant;31:32;10;19;.526;0;2;.000;6;9;.667;1;11;12;6;2;0;5;2;26;-23;
Jaren Jackson Jr.;26:03;7;18;.389;2;6;.333;3;4;.750;0;4;4;1;0;2;2;3;19;-12;
Desmond Bane;23:32;4;13;.308;1;4;.250;0;0;;1;7;8;1;0;2;0;2;9;-20;
Steven Adams;21:46;2;6;.333;0;0;;1;4;.250;6;4;10;1;1;0;1;2;5;-26;
De'Anthony Melton;17:10;1;5;.200;1;3;.333;0;0;;0;1;1;1;0;0;4;1;3;-26;
John Konchar;24:01;1;4;.250;1;3;.333;1;4;.250;2;4;6;1;1;0;0;1;4;+6;
Ziaire Williams;19:17;1;5;.200;0;4;.000;0;0;;0;2;2;0;0;0;0;2;2;-13;
Brandon Clarke;19:14;4;7;.571;0;1;.000;0;0;;3;1;4;2;0;2;0;1;8;+7;
Kyle Anderson;17:55;1;4;.250;0;1;.000;2;2;1.000;1;1;2;1;2;0;1;1;4;-15;
Tyus Jones;14:50;3;5;.600;1;2;.500;0;0;;0;2;2;2;0;0;1;0;7;+3;
Sam Merrill;8:17;1;3;.333;1;3;.333;0;0;;0;2;2;1;0;0;0;1;3;-1;
Xavier Tillman Sr.;8:17;1;3;.333;0;2;.000;0;0;;1;3;4;1;0;0;1;0;2;-1;
Santi Aldama;5:21;1;5;.200;0;2;.000;0;0;;1;0;1;1;0;0;0;0;2;-1;
Yves Pons;2:45;0;1;.000;0;0;;0;0;;1;0;1;0;0;0;0;0;0;-3;
Jarrett Culver;Did Not Play;
Team Totals;240;37;98;.378;7;33;.212;13;23;.565;17;42;59;19;6;6;15;16;94;;
Home Advanced
Ja Morant;31:32;.566;.526;.105;.474;2.6;36.4;17.4;41.9;2.9;0.0;17.9;34.6;103;110;9.4;
Jaren Jackson Jr.;26:03;.481;.444;.333;.222;0.0;16.0;7.0;7.6;0.0;6.5;9.2;32.6;94;112;1.4;
Desmond Bane;23:32;.346;.346;.308;.000;3.5;31.0;15.5;7.1;0.0;7.2;0.0;21.5;84;110;-0.8;
Steven Adams;21:46;.322;.333;.000;.667;22.4;19.2;21.0;6.8;2.1;0.0;11.4;15.7;87;114;-4.2;
De'Anthony Melton;17:10;.300;.300;.600;.000;0.0;6.1;2.7;8.2;0.0;0.0;44.4;20.4;38;120;-18.1;
John Konchar;24:01;.347;.375;.750;1.000;6.8;17.4;11.4;5.7;1.9;0.0;0.0;9.4;93;115;-2.0;
Ziaire Williams;19:17;.200;.200;.800;.000;0.0;10.8;4.7;0.0;0.0;0.0;0.0;10.1;48;120;-12.6;
Brandon Clarke;19:14;.571;.571;.143;.000;12.7;5.4;9.5;18.5;0.0;8.8;0.0;14.2;136;111;7.2;
Kyle Anderson;17:55;.410;.250;.250;.500;4.5;5.8;5.1;7.8;5.1;0.0;17.0;12.8;87;108;-1.2;
Tyus Jones;14:50;.700;.700;.400;.000;0.0;14.1;6.2;23.7;0.0;0.0;16.7;15.8;122;119;1.9;
Sam Merrill;8:17;.500;.500;1.000;.000;0.0;25.2;11.0;18.6;0.0;0.0;0.0;14.1;120;118;1.5;
Xavier Tillman Sr.;8:17;.333;.333;.667;.000;9.8;37.8;22.1;18.6;0.0;0.0;25.0;18.8;71;117;-5.0;
Santi Aldama;5:21;.200;.200;.400;.000;15.2;0.0;8.5;32.0;0.0;0.0;0.0;36.4;65;121;-9.7;
Yves Pons;2:45;.000;.000;.000;.000;29.6;0.0;16.6;0.0;0.0;0.0;0.0;14.2;50;121;-12.3;
Jarrett Culver;Did Not Play;
Team Totals;240;.435;.413;.337;.235;28.8;91.3;56.2;51.4;5.8;10.5;12.2;100.0;90.2;114.1;;
