202112020TOR-OKC;MEM;OKC;False;7:30 PM, December 2, 2021;Scotiabank Arena, Toronto, Canada;2:17
79;
152;
Guest Basic
Jrue Holiday;37:17;10;19;.526;4;5;.800;2;5;.400;2;4;6;8;0;1;5;5;26;+3;
Khris Middleton;35:08;8;20;.400;2;5;.400;4;5;.800;1;7;8;2;0;1;3;1;22;+2;
Grayson Allen;32:17;4;10;.400;2;6;.333;0;0;;1;0;1;0;0;0;0;0;10;+8;
Pat Connaughton;30:44;2;7;.286;1;5;.200;2;2;1.000;0;3;3;0;1;0;0;0;7;-3;
Bobby Portis;30:06;3;11;.273;1;3;.333;8;10;.800;4;7;11;0;1;1;3;5;15;+1;
George Hill;27:52;1;5;.200;1;5;.200;2;3;.667;0;3;3;3;0;0;0;0;5;-5;
Sandro Mamukelashvili;22:39;4;8;.500;0;1;.000;0;0;;6;4;10;1;0;0;0;0;8;-12;
Thanasis Antetokounmpo;10:59;0;1;.000;0;0;;0;0;;0;2;2;1;1;1;1;0;0;-7;
Rodney Hood;8:27;0;4;.000;0;1;.000;0;0;;1;1;2;1;0;0;0;1;0;-8;
Jordan Nwora;4:28;0;0;;0;0;;0;0;;1;0;1;0;1;0;1;0;0;+1;
Georgios Kalaitzakis;Did Not Play;
Giannis Antetokounmpo;Did Not Play;
Javonte Smart;Did Not Play;
Team Totals;240;32;85;.376;11;31;.355;18;25;.720;16;31;47;16;4;4;13;12;93;;
Guest Advanced
Jrue Holiday;37:17;.613;.632;.263;.263;5.4;11.2;8.2;53.9;0.0;2.7;19.1;30.9;114;112;8.2;
Khris Middleton;35:08;.495;.450;.250;.250;2.8;20.8;11.6;13.0;0.0;2.8;11.9;31.6;100;108;1.4;
Grayson Allen;32:17;.500;.500;.600;.000;3.1;0.0;1.6;0.0;0.0;0.0;0.0;13.6;115;119;-2.6;
Pat Connaughton;30:44;.444;.357;.714;.286;0.0;10.2;5.0;0.0;1.8;0.0;0.0;11.3;106;110;-2.8;
Bobby Portis;30:06;.487;.318;.273;.909;13.3;24.3;18.7;0.0;1.8;3.3;16.3;26.9;99;101;-4.1;
George Hill;27:52;.396;.300;1.000;.600;0.0;11.2;5.5;17.1;0.0;0.0;0.0;10.0;113;114;-2.1;
Sandro Mamukelashvili;22:39;.500;.500;.125;.000;26.5;18.4;22.5;9.0;0.0;0.0;0.0;15.6;134;110;4.3;
Thanasis Antetokounmpo;10:59;.000;.000;.000;.000;0.0;19.0;9.3;13.7;4.9;9.1;50.0;8.0;26;94;0.7;
Rodney Hood;8:27;.000;.000;.250;.000;11.8;12.3;12.1;17.8;0.0;0.0;0.0;20.8;32;112;-18.7;
Jordan Nwora;4:28;;;;;22.4;0.0;11.4;0.0;12.1;0.0;100.0;9.9;39;91;0.0;
Georgios Kalaitzakis;Did Not Play;
Giannis Antetokounmpo;Did Not Play;
Javonte Smart;Did Not Play;
Team Totals;240;.484;.441;.365;.294;33.3;67.4;50.0;50.0;4.5;8.3;11.9;100.0;104.6;109.0;;
Home Basic
Scottie Barnes;38:48;5;9;.556;3;6;.500;0;0;;2;5;7;4;3;1;0;5;13;+1;
Fred VanVleet;38:44;9;17;.529;5;10;.500;6;6;1.000;0;5;5;4;0;1;3;4;29;+9;
Pascal Siakam;35:19;9;18;.500;1;4;.250;1;2;.500;3;5;8;4;0;1;6;6;20;+6;
Gary Trent Jr.;34:54;3;16;.188;2;10;.200;0;0;;0;8;8;3;2;1;1;0;8;+5;
Precious Achiuwa;34:30;3;8;.375;0;0;;0;2;.000;5;3;8;2;1;2;1;3;6;+7;
Svi Mykhailiuk;18:32;3;8;.375;1;6;.167;0;0;;1;3;4;3;2;0;0;1;7;0;
Dalano Banton;13:58;1;4;.250;0;0;;0;0;;3;1;4;2;0;0;1;0;2;-4;
Chris Boucher;11:30;2;6;.333;0;2;.000;2;2;1.000;1;1;2;0;0;1;1;1;6;-3;
Yuta Watanabe;10:26;2;2;1.000;2;2;1.000;0;2;.000;0;1;1;1;1;0;0;3;6;0;
Isaac Bonga;3:16;0;0;;0;0;;0;0;;0;0;0;0;1;0;0;1;0;-1;
Justin Champagnie;Did Not Play;
Malachi Flynn;Did Not Play;
David Johnson;Did Not Play;
Team Totals;240;37;88;.420;14;40;.350;9;14;.643;15;32;47;23;10;7;13;24;97;;
Home Advanced
Scottie Barnes;38:48;.722;.722;.667;.000;5.4;12.9;9.2;16.1;4.2;2.3;0.0;10.4;166;101;8.8;
Fred VanVleet;38:44;.738;.676;.588;.353;0.0;12.9;6.6;19.2;0.0;2.3;13.3;26.2;136;110;8.0;
Pascal Siakam;35:19;.530;.528;.222;.111;8.9;14.2;11.6;21.9;0.0;2.5;24.1;31.6;92;109;-5.7;
Gary Trent Jr.;34:54;.250;.250;.625;.000;0.0;22.9;11.7;12.6;3.1;2.5;5.9;21.8;67;98;-6.7;
Precious Achiuwa;34:30;.338;.375;.000;.250;15.1;8.7;11.8;8.5;1.6;5.2;10.1;12.8;95;108;-4.3;
Svi Mykhailiuk;18:32;.438;.438;.750;.000;5.6;16.2;11.0;26.6;5.8;0.0;0.0;19.3;119;97;7.6;
Dalano Banton;13:58;.250;.250;.000;.000;22.4;7.2;14.6;20.5;0.0;0.0;20.0;16.0;89;115;-6.3;
Chris Boucher;11:30;.436;.333;.333;.333;9.1;8.7;8.9;0.0;0.0;7.7;12.7;30.7;90;110;-9.8;
Yuta Watanabe;10:26;1.042;1.500;1.000;1.000;0.0;9.6;4.9;16.5;5.2;0.0;0.0;12.4;169;101;16.5;
Isaac Bonga;3:16;;;;;0.0;0.0;0.0;0.0;16.5;0.0;;0.0;0;81;6.8;
Justin Champagnie;Did Not Play;
Malachi Flynn;Did Not Play;
David Johnson;Did Not Play;
Team Totals;240;.515;.500;.455;.159;32.6;66.7;50.0;62.2;11.2;13.0;12.1;100.0;109.0;104.6;;
