202111080CHI-BRK;CHI;BRK;False;8:00 PM, November 8, 2021;United Center, Chicago, Illinois;2:08
95;
118;
Guest Basic
Kevin Durant;35:04;13;24;.542;3;8;.375;9;9;1.000;1;10;11;4;0;0;2;1;38;-22;
Joe Harris;34:09;3;7;.429;3;5;.600;0;0;;1;4;5;2;1;0;1;3;9;-23;
James Harden;34:02;4;11;.364;3;7;.429;3;3;1.000;0;8;8;5;1;1;4;2;14;-23;
Bruce Brown;31:15;0;8;.000;0;1;.000;0;0;;0;1;1;0;0;2;2;2;0;-28;
Blake Griffin;21:25;1;5;.200;0;4;.000;0;2;.000;2;5;7;4;0;0;1;1;2;-14;
LaMarcus Aldridge;23:21;8;13;.615;1;1;1.000;2;3;.667;1;6;7;0;1;2;1;2;19;-5;
Patty Mills;21:08;2;9;.222;1;5;.200;0;0;;0;0;0;2;0;0;0;1;5;+10;
DeAndre' Bembry;16:54;2;3;.667;0;0;;0;0;;0;0;0;1;2;0;0;3;4;-15;
Jevon Carter;9:21;0;1;.000;0;1;.000;2;2;1.000;0;0;0;0;0;1;0;0;2;+3;
Paul Millsap;6:52;0;2;.000;0;1;.000;0;0;;1;1;2;0;0;1;0;0;0;+10;
Day'Ron Sharpe;3:14;1;1;1.000;0;0;;0;0;;0;1;1;0;1;0;2;1;2;-4;
Cam Thomas;3:14;0;2;.000;0;0;;0;0;;0;0;0;1;0;0;1;0;0;-4;
James Johnson;Did Not Play;
Team Totals;240;34;86;.395;11;33;.333;16;19;.842;6;36;42;19;6;7;14;16;95;;
Guest Advanced
Kevin Durant;35:04;.680;.604;.333;.375;2.9;26.8;15.4;33.8;0.0;0.0;6.7;37.8;129;118;15.7;
Joe Harris;34:09;.643;.643;.714;.000;3.0;11.0;7.2;9.4;1.4;0.0;12.5;10.4;116;121;-1.0;
James Harden;34:02;.568;.500;.636;.273;0.0;22.1;11.5;24.9;1.4;2.1;24.5;21.2;93;115;-1.0;
Bruce Brown;31:15;.000;.000;.125;.000;0.0;3.0;1.6;0.0;0.0;4.6;20.0;14.2;0;124;-18.8;
Blake Griffin;21:25;.170;.200;.800;.400;9.5;22.0;16.0;28.2;0.0;0.0;14.5;14.2;70;120;-6.6;
LaMarcus Aldridge;23:21;.663;.654;.077;.231;4.4;24.2;14.7;0.0;2.1;6.1;6.5;29.1;117;110;8.9;
Patty Mills;21:08;.278;.278;.556;.000;0.0;0.0;0.0;15.4;0.0;0.0;0.0;18.9;66;128;-11.2;
DeAndre' Bembry;16:54;.667;.667;.000;.000;0.0;0.0;0.0;10.0;5.7;0.0;0.0;7.9;137;115;0.7;
Jevon Carter;9:21;.532;.000;1.000;2.000;0.0;0.0;0.0;0.0;0.0;7.7;0.0;8.9;117;123;-1.1;
Paul Millsap;6:52;.000;.000;.500;.000;14.9;13.7;14.3;0.0;0.0;10.4;0.0;12.9;35;116;-10.9;
Day'Ron Sharpe;3:14;1.000;1.000;.000;.000;0.0;29.1;15.1;0.0;14.9;0.0;66.7;41.1;40;84;-10.6;
Cam Thomas;3:14;.000;.000;.000;.000;0.0;0.0;0.0;43.7;0.0;0.0;33.3;41.1;18;128;-33.5;
James Johnson;Did Not Play;
Team Totals;240;.503;.459;.384;.221;12.8;70.6;42.9;55.9;6.0;10.4;12.9;100.0;95.4;118.5;;
Home Basic
DeMar DeRozan;34:41;10;20;.500;1;4;.250;7;9;.778;1;3;4;3;1;0;3;3;28;+13;
Zach LaVine;33:23;10;17;.588;0;4;.000;4;4;1.000;1;4;5;5;1;1;1;0;24;+10;
Nikola Vučević;33:01;5;14;.357;1;3;.333;0;0;;3;10;13;5;1;3;1;1;11;+10;
Lonzo Ball;30:17;4;12;.333;3;7;.429;0;0;;1;3;4;3;0;0;0;2;11;+13;
Javonte Green;28:54;5;11;.455;1;3;.333;0;0;;2;5;7;2;3;0;1;3;11;+13;
Alex Caruso;23:57;1;4;.250;1;3;.333;2;2;1.000;0;4;4;2;2;0;2;1;5;+9;
Ayo Dosunmu;19:36;6;10;.600;1;4;.250;2;3;.667;3;4;7;0;0;0;1;1;15;+22;
Derrick Jones Jr.;17:01;2;5;.400;1;3;.333;2;2;1.000;0;3;3;0;0;0;0;3;7;+8;
Tony Bradley;14:38;2;4;.500;0;0;;0;0;;4;4;8;1;0;1;0;3;4;+13;
Troy Brown Jr.;2:05;1;1;1.000;0;0;;0;0;;0;0;0;0;0;0;0;0;2;+2;
Matt Thomas;2:05;0;0;;0;0;;0;0;;0;1;1;0;0;0;0;0;0;+2;
Alize Johnson;0:20;0;0;;0;0;;0;0;;0;0;0;0;0;0;0;0;0;;
Tyler Cook;Did Not Play;
Team Totals;240;46;98;.469;9;31;.290;17;20;.850;15;41;56;21;8;5;9;17;118;;
Home Advanced
DeMar DeRozan;34:41;.584;.525;.200;.450;2.7;8.8;5.6;12.9;1.4;0.0;11.1;32.2;115;99;2.7;
Zach LaVine;33:23;.640;.588;.235;.235;2.8;12.2;7.3;22.7;1.4;2.7;5.1;24.5;137;96;11.0;
Nikola Vučević;33:01;.393;.393;.214;.000;8.6;30.9;19.3;18.8;1.5;8.2;6.7;18.8;104;88;5.6;
Lonzo Ball;30:17;.458;.458;.583;.000;3.1;10.1;6.5;12.0;0.0;0.0;0.0;16.4;115;102;-1.3;
Javonte Green;28:54;.500;.500;.273;.000;6.5;17.7;11.9;8.8;5.0;0.0;8.3;17.2;110;89;3.6;
Alex Caruso;23:57;.512;.375;.750;.500;0.0;17.1;8.2;9.1;4.0;0.0;29.1;11.9;88;92;-0.9;
Ayo Dosunmu;19:36;.663;.650;.400;.300;14.4;20.8;17.5;0.0;0.0;0.0;8.1;26.1;132;100;5.9;
Derrick Jones Jr.;17:01;.595;.500;.600;.400;0.0;18.0;8.6;0.0;0.0;0.0;0.0;14.3;132;101;-2.6;
Tony Bradley;14:38;.500;.500;.000;.000;25.7;27.9;26.8;8.3;0.0;6.2;0.0;11.3;145;93;2.0;
Troy Brown Jr.;2:05;1.000;1.000;.000;.000;0.0;0.0;0.0;0.0;0.0;0.0;0.0;19.9;200;104;15.4;
Matt Thomas;2:05;;;;;0.0;49.0;23.5;0.0;0.0;0.0;;0.0;0;95;-2.1;
Alize Johnson;0:20;;;;;0.0;0.0;0.0;0.0;0.0;0.0;;0.0;0;104;-5.1;
Tyler Cook;Did Not Play;
Team Totals;240;.552;.515;.316;.204;29.4;87.2;57.1;45.7;8.0;9.4;7.8;100.0;118.5;95.4;;
