202111030MEM-ATL;BRK;ATL;False;8:00 PM, November 3, 2021;FedEx Forum, Memphis, Tennessee;2:11
108;
117;
Guest Basic
Will Barton;40:14;11;21;.524;4;9;.444;0;0;;1;2;3;7;2;1;2;0;26;+2;
Michael Porter Jr.;35:17;6;12;.500;0;3;.000;0;1;.000;2;9;11;0;1;0;2;1;12;+7;
Nikola Jokić;35:01;11;20;.550;2;5;.400;10;10;1.000;2;9;11;5;2;0;2;3;34;-3;
Aaron Gordon;30:02;4;5;.800;1;1;1.000;0;0;;1;0;1;1;0;2;1;5;9;+5;
Monte Morris;27:50;3;12;.250;0;2;.000;2;2;1.000;2;4;6;4;0;0;2;2;8;-1;
Bones Hyland;20:43;4;8;.500;1;4;.250;0;0;;1;3;4;3;1;0;1;2;9;+1;
PJ Dozier;18:46;0;4;.000;0;2;.000;0;0;;0;0;0;2;1;1;0;1;0;-11;
Facundo Campazzo;14:26;1;1;1.000;0;0;;0;0;;0;2;2;2;0;0;0;1;2;-8;
Jeff Green;9:19;1;3;.333;0;1;.000;0;0;;0;1;1;0;0;0;0;1;2;-13;
JaMychal Green;8:22;2;5;.400;0;0;;0;0;;2;3;5;0;0;0;1;0;4;+11;
Zeke Nnaji;Did Not Play;
Bol Bol;Did Not Play;
Austin Rivers;Did Not Play;
Markus Howard;Did Not Play;
Team Totals;240;43;91;.473;8;27;.296;12;13;.923;11;33;44;24;7;4;11;16;106;;
Guest Advanced
Will Barton;40:14;.619;.619;.429;.000;2.7;6.6;4.5;28.0;2.5;2.5;8.7;25.5;124;113;10.8;
Michael Porter Jr.;35:17;.482;.500;.250;.083;6.2;34.0;18.7;0.0;1.4;0.0;13.9;18.2;89;116;-5.4;
Nikola Jokić;35:01;.697;.600;.250;.500;6.2;34.3;18.8;24.5;2.9;0.0;7.6;33.6;141;112;17.8;
Aaron Gordon;30:02;.900;.900;.200;.000;3.6;0.0;2.0;4.4;0.0;6.8;16.7;8.9;146;114;-1.0;
Monte Morris;27:50;.311;.250;.167;.167;7.8;19.2;12.9;18.2;0.0;0.0;13.4;23.8;79;120;-11.8;
Bones Hyland;20:43;.563;.563;.500;.000;5.3;19.3;11.6;20.6;2.5;0.0;11.1;19.4;115;114;2.3;
PJ Dozier;18:46;.000;.000;.500;.000;0.0;0.0;0.0;11.9;2.7;5.4;0.0;9.5;32;110;-6.7;
Facundo Campazzo;14:26;1.000;1.000;.000;.000;0.0;18.5;8.3;16.8;0.0;0.0;0.0;3.1;208;120;-2.0;
Jeff Green;9:19;.333;.333;.333;.000;0.0;14.3;6.4;0.0;0.0;0.0;0.0;14.3;72;120;-12.9;
JaMychal Green;8:22;.400;.400;.000;.000;26.1;47.8;35.9;0.0;0.0;0.0;16.7;32.0;84;118;-10.8;
Zeke Nnaji;Did Not Play;
Bol Bol;Did Not Play;
Austin Rivers;Did Not Play;
Markus Howard;Did Not Play;
Team Totals;240;.548;.516;.297;.143;25.0;91.7;55.0;55.8;7.4;8.5;10.2;100.0;112.5;114.6;;
Home Basic
Ja Morant;32:47;8;16;.500;0;2;.000;2;7;.286;0;6;6;6;3;0;3;0;18;+5;
Steven Adams;30:16;3;5;.600;0;0;;2;2;1.000;1;7;8;4;1;0;1;2;8;+9;
Jaren Jackson Jr.;30:03;7;14;.500;5;9;.556;3;4;.750;0;8;8;2;0;3;3;3;22;-1;
Desmond Bane;29:00;6;14;.429;3;7;.429;1;1;1.000;0;2;2;3;1;0;1;2;16;+5;
De'Anthony Melton;28:49;4;8;.500;2;4;.500;0;0;;1;1;2;3;1;2;1;3;10;+4;
Ziaire Williams;24:27;4;8;.500;3;7;.429;0;0;;1;1;2;1;1;1;1;0;11;+5;
Kyle Anderson;23:28;7;11;.636;2;3;.667;0;0;;0;3;3;1;0;0;0;4;16;-6;
Tyus Jones;20:29;3;4;.750;1;1;1.000;0;0;;0;2;2;7;0;0;0;0;7;-7;
John Konchar;13:55;0;1;.000;0;1;.000;0;0;;0;2;2;0;1;1;0;1;0;+2;
Xavier Tillman Sr.;6:46;0;0;;0;0;;0;0;;0;1;1;1;1;0;1;1;0;-6;
Santi Aldama;Did Not Play;
Sam Merrill;Did Not Play;
Brandon Clarke;Did Not Play;
Jarrett Culver;Did Not Play;
Killian Tillie;Did Not Play;
Team Totals;240;42;81;.519;16;34;.471;8;14;.571;3;33;36;28;9;7;11;16;108;;
Home Advanced
Ja Morant;32:47;.472;.500;.125;.438;0.0;20.0;11.0;29.0;4.7;0.0;13.6;32.9;92;107;-2.3;
Steven Adams;30:16;.680;.600;.000;.400;4.4;25.2;15.9;17.0;1.7;0.0;14.5;11.1;139;112;1.7;
Jaren Jackson Jr.;30:03;.698;.679;.643;.286;0.0;29.0;16.0;10.4;0.0;7.5;16.0;30.5;109;109;5.3;
Desmond Bane;29:00;.554;.536;.500;.071;0.0;7.5;4.1;15.5;1.8;0.0;6.5;26.0;105;117;-2.1;
De'Anthony Melton;28:49;.625;.625;.500;.000;4.6;3.8;4.2;14.1;1.8;5.2;11.1;15.3;120;114;1.9;
Ziaire Williams;24:27;.688;.688;.875;.000;5.5;4.5;4.9;5.7;2.1;3.1;11.1;18.0;117;115;3.9;
Kyle Anderson;23:28;.727;.727;.273;.000;0.0;13.9;7.7;7.4;0.0;0.0;0.0;22.9;133;119;0.8;
Tyus Jones;20:29;.875;.875;.250;.000;0.0;10.7;5.9;46.9;0.0;0.0;0.0;9.5;195;120;6.9;
John Konchar;13:55;.000;.000;1.000;.000;0.0;15.7;8.6;0.0;3.7;5.4;0.0;3.5;0;106;-4.4;
Xavier Tillman Sr.;6:46;;;;;0.0;16.1;8.9;16.9;7.5;0.0;100.0;7.2;55;102;-2.2;
Santi Aldama;Did Not Play;
Sam Merrill;Did Not Play;
Brandon Clarke;Did Not Play;
Jarrett Culver;Did Not Play;
Killian Tillie;Did Not Play;
Team Totals;240;.620;.617;.420;.173;8.3;75.0;45.0;66.7;9.5;10.9;11.2;100.0;114.6;112.5;;
