202111240MIL-BRK;BOS;BRK;False;8:00 PM, November 24, 2021;Fiserv Forum, Milwaukee, Wisconsin;2:04
123;
104;
Guest Basic
Saddiq Bey;33:05;4;11;.364;3;8;.375;2;4;.500;0;7;7;1;0;0;1;3;13;-18;
Cade Cunningham;29:54;3;10;.300;2;6;.333;1;2;.500;0;8;8;7;0;0;4;1;9;-23;
Jerami Grant;28:20;5;13;.385;1;6;.167;2;2;1.000;1;3;4;1;2;0;1;3;13;-17;
Luka Garza;22:35;2;7;.286;0;2;.000;2;2;1.000;2;3;5;0;0;0;0;1;6;-22;
Cory Joseph;7:20;0;2;.000;0;1;.000;0;0;;0;0;0;0;0;0;1;0;0;-16;
Saben Lee;29:06;5;15;.333;2;7;.286;0;2;.000;1;4;5;5;4;0;0;1;12;0;
Frank Jackson;23:29;3;10;.300;0;5;.000;0;0;;0;2;2;1;0;0;0;0;6;+1;
Trey Lyles;22:34;7;15;.467;2;8;.250;3;3;1.000;4;3;7;0;0;0;1;3;19;+3;
Josh Jackson;20:10;2;6;.333;1;2;.500;4;4;1.000;0;1;1;1;0;0;0;1;9;-1;
Hamidou Diallo;20:07;3;6;.500;0;0;;0;0;;1;4;5;0;1;1;0;5;6;-10;
Rodney McGruder;3:20;0;0;;0;0;;0;0;;0;0;0;0;0;0;0;0;0;-2;
Isaiah Stewart;Player Suspended;
Team Totals;240;34;95;.358;11;45;.244;14;19;.737;9;35;44;16;7;1;8;18;93;;
Guest Advanced
Saddiq Bey;33:05;.509;.500;.727;.364;0.0;22.6;10.2;5.1;0.0;0.0;7.3;17.9;96;117;-3.5;
Cade Cunningham;29:54;.414;.400;.600;.200;0.0;28.5;12.8;38.5;0.0;0.0;26.9;21.5;77;116;-4.1;
Jerami Grant;28:20;.468;.423;.462;.154;3.1;11.3;6.8;6.6;3.4;0.0;6.7;22.6;93;112;-0.9;
Luka Garza;22:35;.381;.286;.286;.286;7.7;14.2;10.6;0.0;0.0;0.0;0.0;15.0;92;119;-7.4;
Cory Joseph;7:20;.000;.000;.500;.000;0.0;0.0;0.0;0.0;0.0;0.0;33.3;17.6;0;123;-25.0;
Saben Lee;29:06;.378;.400;.467;.133;3.0;14.7;8.2;32.0;6.7;0.0;0.0;23.5;91;103;7.7;
Frank Jackson;23:29;.300;.300;.500;.000;0.0;9.1;4.1;7.3;0.0;0.0;0.0;18.4;66;121;-9.7;
Trey Lyles;22:34;.582;.533;.533;.200;15.5;14.2;14.9;0.0;0.0;0.0;5.8;33.1;116;119;5.1;
Josh Jackson;20:10;.580;.417;.333;.667;0.0;5.3;2.4;8.1;0.0;0.0;0.0;16.6;126;121;0.3;
Hamidou Diallo;20:07;.500;.500;.000;.000;4.3;21.2;11.9;0.0;2.4;4.7;0.0;12.9;106;108;-3.0;
Rodney McGruder;3:20;;;;;0.0;0.0;0.0;0.0;0.0;0.0;;0.0;0;123;-9.6;
Isaiah Stewart;Player Suspended;
Team Totals;240;.450;.416;.474;.200;16.4;77.8;44.0;47.1;7.1;2.0;7.2;100.0;93.9;115.1;;
Home Basic
Jrue Holiday;34:27;8;16;.500;3;7;.429;3;3;1.000;0;8;8;6;0;1;3;3;22;+29;
Giannis Antetokounmpo;31:10;12;17;.706;1;4;.250;8;10;.800;2;5;7;5;2;2;1;2;33;+25;
Bobby Portis;31:06;10;14;.714;6;7;.857;2;2;1.000;2;8;10;1;0;0;1;4;28;+17;
Khris Middleton;28:07;5;17;.294;1;4;.250;0;0;;1;8;9;4;2;0;3;0;11;+1;
Grayson Allen;24:16;1;6;.167;1;4;.250;0;0;;0;3;3;2;0;0;1;1;3;+17;
George Hill;26:38;2;5;.400;0;2;.000;0;0;;4;2;6;2;0;0;0;1;4;+13;
Pat Connaughton;23:47;4;8;.500;3;5;.600;0;0;;0;7;7;1;0;1;3;3;11;+7;
Jordan Nwora;16:10;0;0;;0;0;;2;2;1.000;1;2;3;1;1;1;1;1;2;-1;
Rodney Hood;14:26;0;2;.000;0;2;.000;0;0;;0;1;1;1;0;0;0;1;0;+1;
Sandro Mamukelashvili;2:45;0;1;.000;0;1;.000;0;0;;0;0;0;0;0;1;0;1;0;-1;
Justin Robinson;2:32;0;1;.000;0;0;;0;0;;0;0;0;0;0;0;1;0;0;-1;
Thanasis Antetokounmpo;2:18;0;0;;0;0;;0;0;;0;2;2;0;0;0;1;1;0;-1;
Georgios Kalaitzakis;2:18;0;0;;0;0;;0;0;;0;0;0;0;0;0;0;0;0;-1;
Team Totals;240;42;87;.483;15;36;.417;15;17;.882;10;46;56;23;5;6;15;18;114;;
Home Advanced
Jrue Holiday;34:27;.635;.594;.438;.188;0.0;20.3;11.1;27.1;0.0;2.8;14.8;25.9;119;95;3.2;
Giannis Antetokounmpo;31:10;.771;.735;.235;.588;6.8;14.0;10.8;32.7;3.1;6.2;4.5;31.5;158;88;23.8;
Bobby Portis;31:06;.941;.929;.500;.143;6.9;22.4;15.4;5.8;0.0;0.0;6.3;22.4;170;96;15.8;
Khris Middleton;28:07;.324;.324;.235;.000;3.8;24.8;15.4;20.4;3.4;0.0;15.0;31.2;72;88;-7.4;
Grayson Allen;24:16;.250;.250;.667;.000;0.0;10.8;5.9;9.9;0.0;0.0;14.3;12.6;63;100;-9.2;
George Hill;26:38;.400;.400;.400;.000;16.0;6.6;10.8;9.4;0.0;0.0;0.0;8.2;133;102;-1.5;
Pat Connaughton;23:47;.688;.688;.625;.000;0.0;25.7;14.1;5.9;0.0;4.0;27.3;20.3;94;92;-0.7;
Jordan Nwora;16:10;1.136;;;;6.6;10.8;8.9;7.1;3.0;5.9;53.2;5.1;139;89;5.0;
Rodney Hood;14:26;.000;.000;1.000;.000;0.0;6.0;3.3;7.9;0.0;0.0;0.0;6.1;36;102;-8.6;
Sandro Mamukelashvili;2:45;.000;.000;1.000;.000;0.0;0.0;0.0;0.0;0.0;34.9;0.0;15.9;0;79;-11.5;
Justin Robinson;2:32;.000;.000;.000;.000;0.0;0.0;0.0;0.0;0.0;0.0;50.0;34.6;0;104;-41.3;
Thanasis Antetokounmpo;2:18;;;;;0.0;75.9;41.7;0.0;0.0;0.0;100.0;19.1;0;78;-26.3;
Georgios Kalaitzakis;2:18;;;;;0.0;0.0;0.0;0.0;0.0;0.0;;0.0;0;104;-4.4;
Team Totals;240;.603;.569;.414;.195;22.2;83.6;56.0;54.8;5.1;12.0;13.7;100.0;115.1;93.9;;
