202110230MIN-DET;CHI;DET;False;8:00 PM, October 23, 2021;Target Center, Minneapolis, Minnesota;2:20
82;
97;
Guest Basic
Brandon Ingram;40:16;12;23;.522;3;7;.429;3;5;.600;3;3;6;4;1;0;7;4;30;+2;
Jonas Valančiūnas;35:54;6;10;.600;0;0;;8;8;1.000;3;14;17;2;3;1;1;5;20;-6;
Nickeil Alexander-Walker;35:32;6;24;.250;2;13;.154;0;0;;6;8;14;2;2;0;5;1;14;-5;
Devonte' Graham;35:26;2;14;.143;1;10;.100;6;8;.750;0;3;3;2;2;0;3;2;11;-4;
Herbert Jones;28:51;1;6;.167;0;1;.000;0;0;;6;2;8;2;0;1;3;2;2;+7;
Trey Murphy III;21:57;2;5;.400;2;5;.400;0;0;;0;5;5;0;1;0;0;3;6;+4;
Garrett Temple;15:03;1;1;1.000;1;1;1.000;0;0;;2;3;5;0;0;2;1;1;3;-20;
Jaxson Hayes;11:42;1;3;.333;0;0;;1;2;.500;0;2;2;0;1;1;1;2;3;-1;
Kira Lewis Jr.;11:12;0;2;.000;0;2;.000;0;0;;0;0;0;2;0;0;4;0;0;-1;
Naji Marshall;4:07;0;1;.000;0;1;.000;0;0;;1;0;1;1;0;0;3;2;0;-11;
Jose Alvarado;Did Not Play;
Willy Hernangómez;Did Not Play;
Didi Louzada;Did Not Play;
Tomáš Satoranský;Did Not Play;
Team Totals;240;31;89;.348;9;40;.225;18;23;.783;21;40;61;15;10;5;28;22;89;;
Guest Advanced
Brandon Ingram;40:16;.595;.587;.304;.217;6.5;6.7;6.6;28.6;1.2;0.0;21.7;30.2;103;99;5.1;
Jonas Valančiūnas;35:54;.740;.600;.000;.800;7.3;35.3;21.0;11.6;3.9;2.3;6.9;15.3;158;81;12.9;
Nickeil Alexander-Walker;35:32;.292;.292;.542;.000;14.7;20.4;17.5;11.8;2.6;0.0;17.2;30.8;67;91;-5.2;
Devonte' Graham;35:26;.314;.179;.714;.571;0.0;7.7;3.8;9.6;2.6;0.0;14.6;21.9;72;96;-6.9;
Herbert Jones;28:51;.167;.167;.167;.000;18.2;6.3;12.3;11.3;0.0;2.9;33.3;11.8;56;100;-6.0;
Trey Murphy III;21:57;.600;.600;1.000;.000;0.0;20.6;10.1;0.0;2.1;0.0;0.0;8.6;140;92;2.2;
Garrett Temple;15:03;1.500;1.500;1.000;.000;11.6;18.1;14.8;0.0;0.0;11.0;50.0;5.0;124;91;8.6;
Jaxson Hayes;11:42;.387;.333;.000;.667;0.0;15.5;7.6;0.0;4.0;7.1;20.5;15.7;69;85;-3.6;
Kira Lewis Jr.;11:12;.000;.000;1.000;.000;0.0;0.0;0.0;27.6;0.0;0.0;66.7;20.2;16;104;-22.2;
Naji Marshall;4:07;.000;.000;1.000;.000;21.2;0.0;10.8;37.6;0.0;0.0;75.0;36.7;19;103;-40.1;
Jose Alvarado;Did Not Play;
Willy Hernangómez;Did Not Play;
Didi Louzada;Did Not Play;
Tomáš Satoranský;Did Not Play;
Team Totals;240;.449;.399;.449;.258;38.2;75.5;56.5;48.4;9.7;8.6;22.0;100.0;86.2;93.0;;
Home Basic
Anthony Edwards;36:57;8;22;.364;3;8;.375;0;0;;3;6;9;5;1;1;1;1;19;+10;
D'Angelo Russell;29:11;5;14;.357;2;7;.286;0;0;;1;2;3;1;0;0;7;1;12;+9;
Karl-Anthony Towns;28:37;10;20;.500;3;6;.500;2;2;1.000;1;3;4;2;0;3;5;6;25;+5;
Jaden McDaniels;27:19;2;7;.286;0;2;.000;0;0;;3;3;6;0;0;2;1;4;4;+2;
Josh Okogie;18:21;0;1;.000;0;0;;0;2;.000;1;4;5;3;2;0;0;3;0;+8;
Patrick Beverley;21:37;2;6;.333;1;5;.200;0;0;;1;2;3;6;1;1;1;2;5;-6;
Naz Reid;19:23;4;12;.333;2;6;.333;2;2;1.000;1;2;3;0;3;1;1;5;12;+2;
Malik Beasley;18:31;3;5;.600;0;1;.000;0;0;;0;3;3;2;0;0;1;0;6;-2;
Taurean Prince;15:30;1;3;.333;1;2;.500;0;2;.000;0;1;1;1;1;0;1;2;3;+9;
Jarred Vanderbilt;12:34;2;3;.667;0;0;;0;0;;2;6;8;1;3;0;1;1;4;-7;
Jordan McLaughlin;12:00;2;3;.667;0;1;.000;2;2;1.000;0;2;2;1;2;0;0;0;6;+5;
Jaylen Nowell;Did Not Play;
Leandro Bolmaro;Did Not Play;
Jake Layman;Did Not Play;
Nathan Knight;Did Not Play;
Team Totals;240;39;96;.406;12;38;.316;6;10;.600;13;34;47;22;13;8;19;25;96;;
Home Advanced
Anthony Edwards;36:57;.432;.432;.364;.000;7.4;14.2;10.8;22.7;1.3;2.7;4.3;25.0;100;88;4.7;
D'Angelo Russell;29:11;.429;.429;.500;.000;3.1;6.0;4.6;5.3;0.0;0.0;33.3;28.9;59;97;-14.7;
Karl-Anthony Towns;28:37;.599;.575;.300;.100;3.2;9.1;6.2;15.1;0.0;10.3;19.3;36.4;97;92;4.7;
Jaden McDaniels;27:19;.286;.286;.286;.000;9.9;9.6;9.8;0.0;0.0;7.2;12.5;11.8;70;93;-7.4;
Josh Okogie;18:21;.000;.000;.000;2.000;4.9;19.0;12.1;20.1;5.1;0.0;0.0;4.1;84;77;2.2;
Patrick Beverley;21:37;.417;.417;.833;.000;4.2;8.1;6.2;38.6;2.2;4.5;14.3;13.0;109;90;5.7;
Naz Reid;19:23;.466;.417;.500;.167;4.7;9.0;6.9;0.0;7.2;5.1;7.2;28.8;93;77;2.7;
Malik Beasley;18:31;.600;.600;.200;.000;0.0;14.1;7.2;16.6;0.0;0.0;16.7;13.0;108;92;-0.5;
Taurean Prince;15:30;.387;.500;.667;.667;0.0;5.6;2.9;8.6;3.0;0.0;20.5;12.7;68;91;-4.9;
Jarred Vanderbilt;12:34;.667;.667;.000;.000;14.4;41.7;28.3;12.2;11.1;0.0;25.0;12.8;116;49;14.3;
Jordan McLaughlin;12:00;.773;.667;.333;.667;0.0;14.5;7.4;12.9;7.7;0.0;0.0;13.0;168;74;15.0;
Jaylen Nowell;Did Not Play;
Leandro Bolmaro;Did Not Play;
Jake Layman;Did Not Play;
Nathan Knight;Did Not Play;
Team Totals;240;.478;.469;.396;.104;24.5;61.8;43.5;56.4;12.6;16.3;15.9;100.0;93.0;86.2;;
