202110310DAL-DET;BRK;DET;False;3:30 PM, October 31, 2021;American Airlines Center, Dallas, Texas;2:07
91;
117;
Guest Basic
De'Aaron Fox;39:20;5;16;.313;1;4;.250;3;5;.600;2;6;8;4;0;0;3;1;14;-15;
Harrison Barnes;38:06;5;16;.313;1;8;.125;4;4;1.000;3;7;10;5;3;0;1;1;15;+4;
Tyrese Haliburton;33:21;5;14;.357;1;4;.250;3;3;1.000;3;3;6;4;0;2;1;1;14;+2;
Richaun Holmes;26:35;9;15;.600;1;1;1.000;3;3;1.000;5;8;13;0;2;0;1;4;22;0;
Maurice Harkless;16:39;1;4;.250;0;3;.000;0;0;;0;5;5;0;0;0;0;2;2;-11;
Buddy Hield;30:14;4;13;.308;3;12;.250;0;0;;1;7;8;1;1;0;3;2;11;+2;
Davion Mitchell;25:40;3;8;.375;0;3;.000;0;0;;0;0;0;3;0;1;2;4;6;-2;
Tristan Thompson;21:25;5;7;.714;0;0;;3;5;.600;3;2;5;3;0;0;0;3;13;-6;
Terence Davis;8:40;1;3;.333;0;1;.000;0;0;;0;1;1;0;0;0;1;1;2;-4;
Damian Jones;Did Not Play;
Chimezie Metu;Did Not Play;
Marvin Bagley III;Did Not Play;
Alex Len;Did Not Play;
Team Totals;240;38;96;.396;7;36;.194;16;20;.800;17;39;56;20;6;3;12;19;99;;
Guest Advanced
De'Aaron Fox;39:20;.385;.344;.250;.313;4.7;14.9;9.7;15.3;0.0;0.0;14.2;22.1;84;114;-7.0;
Harrison Barnes;38:06;.422;.344;.500;.250;7.3;18.0;12.5;19.9;3.9;0.0;5.3;20.2;107;104;4.7;
Tyrese Haliburton;33:21;.457;.393;.286;.214;8.3;8.8;8.6;18.7;0.0;5.4;6.1;20.1;111;111;2.8;
Richaun Holmes;26:35;.674;.633;.067;.200;17.4;29.5;23.2;0.0;3.8;0.0;5.8;26.8;138;101;11.5;
Maurice Harkless;16:39;.250;.250;.750;.000;0.0;29.4;14.3;0.0;0.0;0.0;0.0;9.9;61;109;-10.4;
Buddy Hield;30:14;.423;.423;.923;.000;3.1;22.7;12.6;5.0;1.7;0.0;18.8;21.7;78;108;-5.5;
Davion Mitchell;25:40;.375;.375;.375;.000;0.0;0.0;0.0;17.3;0.0;3.5;20.0;16.0;76;114;-10.0;
Tristan Thompson;21:25;.707;.714;.000;.714;12.9;9.1;11.1;25.1;0.0;0.0;0.0;17.7;159;115;10.4;
Terence Davis;8:40;.333;.333;.333;.000;0.0;11.3;5.5;0.0;0.0;0.0;25.0;19.0;53;114;-17.0;
Damian Jones;Did Not Play;
Chimezie Metu;Did Not Play;
Marvin Bagley III;Did Not Play;
Alex Len;Did Not Play;
Team Totals;240;.472;.432;.375;.208;32.7;79.6;55.4;52.6;6.3;5.7;10.3;100.0;103.2;109.5;;
Home Basic
Dorian Finney-Smith;35:22;5;13;.385;1;6;.167;2;4;.500;3;3;6;0;2;1;1;3;13;+4;
Luka Dončić;35:12;10;21;.476;1;7;.143;2;6;.333;0;8;8;10;1;1;3;3;23;+5;
Dwight Powell;33:02;4;5;.800;1;1;1.000;3;4;.750;4;4;8;1;1;1;1;3;12;+5;
Tim Hardaway Jr.;32:49;5;14;.357;4;11;.364;2;2;1.000;0;3;3;3;2;0;2;1;16;+5;
Maxi Kleber;7:04;3;3;1.000;1;1;1.000;0;0;;0;5;5;0;0;0;0;0;7;+11;
Jalen Brunson;27:08;3;10;.300;0;0;;2;2;1.000;0;2;2;2;1;1;2;0;8;0;
Reggie Bullock;21:56;3;9;.333;1;5;.200;0;0;;0;3;3;3;0;0;0;4;7;-6;
Frank Ntilikina;20:43;4;6;.667;2;2;1.000;2;2;1.000;0;3;3;2;1;0;0;0;12;+1;
Willie Cauley-Stein;13:44;2;4;.500;0;0;;0;0;;3;3;6;2;0;0;0;1;4;+3;
Sterling Brown;11:46;1;5;.200;1;4;.250;0;0;;0;0;0;1;0;0;0;3;3;+4;
Moses Brown;1:14;0;0;;0;0;;0;0;;0;1;1;0;0;0;0;2;0;-2;
Eugene Omoruyi;Did Not Play;
Boban Marjanović;Did Not Play;
Trey Burke;Did Not Play;
Josh Green;Did Not Play;
Team Totals;240;40;90;.444;12;37;.324;13;20;.650;10;35;45;24;8;4;9;20;105;;
Home Advanced
Dorian Finney-Smith;35:22;.440;.423;.462;.308;8.3;7.8;8.1;0.0;2.8;2.3;6.3;19.8;93;104;-3.9;
Luka Dončić;35:12;.486;.500;.333;.286;0.0;21.0;10.8;51.7;1.4;2.3;11.3;33.7;102;100;5.4;
Dwight Powell;33:02;.888;.900;.200;.800;11.9;11.2;11.5;4.3;1.5;2.4;12.9;10.5;163;105;2.9;
Tim Hardaway Jr.;32:49;.538;.500;.786;.143;0.0;8.4;4.3;13.4;3.1;0.0;11.8;22.9;101;104;1.4;
Maxi Kleber;7:04;1.167;1.167;.333;.000;0.0;65.3;33.6;0.0;0.0;0.0;0.0;18.9;233;82;26.9;
Jalen Brunson;27:08;.368;.300;.000;.200;0.0;6.8;3.5;10.2;1.8;2.9;15.5;21.1;72;106;-8.3;
Reggie Bullock;21:56;.389;.389;.556;.000;0.0;12.6;6.5;19.6;0.0;0.0;0.0;18.3;95;108;-6.6;
Frank Ntilikina;20:43;.872;.833;.333;.333;0.0;13.4;6.9;15.1;2.4;0.0;0.0;14.8;177;103;12.4;
Willie Cauley-Stein;13:44;.500;.500;.000;.000;21.4;20.2;20.8;21.2;0.0;0.0;0.0;13.0;141;105;3.6;
Sterling Brown;11:46;.300;.300;.800;.000;0.0;0.0;0.0;11.4;0.0;0.0;0.0;18.9;74;115;-12.9;
Moses Brown;1:14;;;;;0.0;74.8;38.5;0.0;0.0;0.0;;0.0;0;75;-30.9;
Eugene Omoruyi;Did Not Play;
Boban Marjanović;Did Not Play;
Trey Burke;Did Not Play;
Josh Green;Did Not Play;
Team Totals;240;.531;.511;.411;.222;20.4;67.3;44.6;60.0;8.3;6.7;8.3;100.0;109.5;103.2;;
