202110220WAS-TOR;BOS;TOR;False;7:00 PM, October 22, 2021;Capital One Arena, Washington, District of Columbia;2:32
115;
83;
Guest Basic
Chris Duarte;45:18;6;16;.375;3;8;.375;0;0;;0;4;4;5;1;0;2;2;15;+4;
Malcolm Brogdon;44:02;12;22;.545;2;4;.500;2;2;1.000;1;7;8;8;2;1;3;3;28;0;
Myles Turner;43:36;15;22;.682;5;9;.556;5;8;.625;5;5;10;0;1;3;1;3;40;+3;
Domantas Sabonis;42:50;10;13;.769;2;4;.500;6;8;.750;1;8;9;7;0;1;3;3;28;+6;
Justin Holiday;20:13;2;4;.500;1;3;.333;0;0;;0;1;1;0;0;0;1;2;5;-15;
Jeremy Lamb;23:46;3;8;.375;1;2;.500;2;2;1.000;0;4;4;1;1;0;0;4;9;+18;
T.J. McConnell;23:34;4;9;.444;1;2;.500;0;0;;0;5;5;5;0;0;1;1;9;-6;
Torrey Craig;11:42;0;2;.000;0;2;.000;0;0;;0;1;1;1;0;1;0;3;0;-5;
Oshae Brissett;7:52;0;0;;0;0;;0;0;;0;0;0;0;0;0;0;1;0;-6;
Brad Wanamaker;2:07;0;1;.000;0;0;;0;0;;0;0;0;1;0;0;1;0;0;-4;
Isaiah Jackson;Did Not Play;
DeJon Jarreau;Did Not Play;
Goga Bitadze;Did Not Play;
Duane Washington Jr.;Did Not Play;
Team Totals;265;52;97;.536;15;34;.441;15;20;.750;7;35;42;28;5;6;12;22;134;;
Guest Advanced
Chris Duarte;45:18;.469;.469;.500;.000;0.0;11.4;5.8;13.0;1.1;0.0;11.1;17.9;96;131;-6.3;
Malcolm Brogdon;44:02;.612;.591;.182;.091;3.1;20.5;12.0;25.6;2.3;2.1;11.6;26.4;121;124;3.2;
Myles Turner;43:36;.784;.795;.409;.364;15.6;14.8;15.2;0.0;1.1;6.5;3.8;27.4;152;124;9.4;
Domantas Sabonis;42:50;.847;.846;.308;.615;3.2;24.1;13.9;21.9;0.0;2.2;15.4;20.5;151;130;8.1;
Justin Holiday;20:13;.625;.625;.750;.000;0.0;6.4;3.3;0.0;0.0;0.0;20.0;11.1;93;134;-9.9;
Jeremy Lamb;23:46;.507;.438;.250;.250;0.0;21.8;11.2;4.9;2.1;0.0;0.0;16.8;111;127;-6.4;
T.J. McConnell;23:34;.500;.500;.222;.000;0.0;27.4;14.1;26.1;0.0;0.0;10.0;19.1;111;131;-4.4;
Torrey Craig;11:42;.000;.000;1.000;.000;0.0;11.0;5.7;8.7;0.0;8.1;0.0;7.7;36;126;-12.1;
Oshae Brissett;7:52;;;;;0.0;0.0;0.0;0.0;0.0;0.0;;0.0;0;135;-9.8;
Brad Wanamaker;2:07;.000;.000;.000;.000;0.0;0.0;0.0;48.2;0.0;0.0;50.0;42.5;32;135;-36.6;
Isaiah Jackson;Did Not Play;
DeJon Jarreau;Did Not Play;
Goga Bitadze;Did Not Play;
Duane Washington Jr.;Did Not Play;
Team Totals;265;.633;.613;.351;.206;17.9;85.4;52.5;53.8;4.7;10.7;10.2;100.0;126.5;127.4;;
Home Basic
Kyle Kuzma;38:33;10;17;.588;5;8;.625;1;2;.500;2;9;11;2;1;0;2;0;26;-12;
Kentavious Caldwell-Pope;34:58;2;4;.500;2;4;.500;1;1;1.000;0;2;2;2;0;0;1;5;7;+1;
Spencer Dinwiddie;34:43;13;24;.542;6;9;.667;2;2;1.000;2;4;6;9;0;0;1;2;34;+3;
Aaron Holiday;25:05;2;6;.333;1;3;.333;2;2;1.000;1;1;2;2;0;2;0;1;7;-2;
Daniel Gafford;18:12;4;5;.800;0;0;;0;0;;1;1;2;1;0;2;1;4;8;-8;
Montrezl Harrell;34:15;4;9;.444;0;0;;6;6;1.000;0;7;7;2;0;1;1;3;14;+9;
Raul Neto;29:29;7;11;.636;1;3;.333;3;3;1.000;0;3;3;3;2;1;1;1;18;-6;
Dﾄ」is Bertﾄ］s;23:01;5;13;.385;4;9;.444;3;3;1.000;0;2;2;1;1;0;0;1;17;+11;
Deni Avdija;16:43;1;3;.333;0;1;.000;0;0;;0;2;2;1;0;0;1;2;2;+1;
Corey Kispert;10:01;1;2;.500;0;1;.000;0;0;;0;1;1;1;1;0;1;2;2;+8;
Joel Ayayi;Did Not Play;
Isaiah Todd;Did Not Play;
Rui Hachimura;Did Not Play;
Team Totals;265;49;94;.521;19;38;.500;18;19;.947;6;32;38;24;5;6;9;21;135;;
Home Advanced
Kyle Kuzma;38:33;.727;.735;.471;.118;6.7;31.7;18.9;7.8;1.3;0.0;10.1;24.5;132;125;4.4;
Kentavious Caldwell-Pope;34:58;.788;.750;1.000;.250;0.0;7.8;3.8;6.6;0.0;0.0;18.4;7.4;134;131;-6.7;
Spencer Dinwiddie;34:43;.683;.667;.375;.083;7.4;15.7;11.4;47.1;0.0;0.0;3.9;35.5;146;130;11.1;
Aaron Holiday;25:05;.509;.417;.500;.333;5.2;5.4;5.3;9.4;0.0;6.7;0.0;13.1;126;126;-1.7;
Daniel Gafford;18:12;.800;.800;.000;.000;7.1;7.5;7.3;7.8;0.0;9.2;16.7;15.7;139;123;-2.4;
Montrezl Harrell;34:15;.601;.444;.000;.667;0.0;27.8;13.5;7.2;0.0;2.5;7.9;17.6;121;126;-5.4;
Raul Neto;29:29;.731;.682;.273;.273;0.0;13.8;6.7;14.8;3.4;2.9;7.5;21.5;141;120;5.4;
Dﾄ」is Bertﾄ］s;23:01;.594;.538;.692;.231;0.0;11.8;5.8;6.1;2.2;0.0;0.0;29.6;122;126;0.3;
Deni Avdija;16:43;.333;.333;.333;.000;0.0;16.3;7.9;6.9;0.0;0.0;25.0;11.4;64;130;-13.4;
Corey Kispert;10:01;.500;.500;.500;.000;0.0;13.6;6.6;12.1;5.0;0.0;33.3;14.3;81;119;-7.2;
Joel Ayayi;Did Not Play;
Isaiah Todd;Did Not Play;
Rui Hachimura;Did Not Play;
Team Totals;265;.659;.622;.404;.202;14.6;82.1;47.5;49.0;4.7;9.5;8.1;100.0;127.4;126.5;;
