202111150OKC-ORL;ATL;ORL;False;8:00 PM, November 15, 2021;Paycom Center, Oklahoma City, Oklahoma;2:05
111;
129;
Guest Basic
Tyler Herro;36:52;9;18;.500;5;8;.625;3;3;1.000;0;7;7;6;2;0;6;2;26;+28;
Kyle Lowry;32:51;4;9;.444;1;3;.333;2;2;1.000;1;2;3;11;0;0;3;1;11;+3;
Duncan Robinson;31:34;8;15;.533;5;12;.417;0;0;;0;3;3;1;1;0;2;1;21;+7;
P.J. Tucker;30:46;2;6;.333;2;4;.500;0;0;;1;5;6;0;3;1;0;0;6;+7;
Dewayne Dedmon;29:23;3;6;.500;1;1;1.000;1;2;.500;1;6;7;0;1;3;1;2;8;+28;
Max Strus;22:02;5;10;.500;3;5;.600;0;0;;1;5;6;0;0;0;0;1;13;-9;
Gabe Vincent;19:54;2;5;.400;1;2;.500;0;0;;1;3;4;3;1;0;1;2;5;+12;
Caleb Martin;16:56;1;3;.333;0;2;.000;3;4;.750;0;2;2;0;2;0;2;2;5;+7;
KZ Okpala;15:04;3;9;.333;0;3;.000;2;2;1.000;3;4;7;1;1;0;0;1;8;-4;
Omer Yurtseven;4:38;0;1;.000;0;0;;0;0;;0;0;0;0;0;1;2;1;0;-14;
Udonis Haslem;Did Not Play;
Team Totals;240;37;82;.451;18;40;.450;11;13;.846;8;37;45;22;11;5;17;13;103;;
Guest Advanced
Tyler Herro;36:52;.673;.639;.444;.167;0.0;19.8;10.5;30.9;2.7;0.0;23.7;31.5;108;93;5.5;
Kyle Lowry;32:51;.557;.500;.333;.222;3.6;6.4;5.0;51.6;0.0;0.0;23.3;18.0;124;104;0.9;
Duncan Robinson;31:34;.700;.700;.800;.000;0.0;9.9;5.2;6.1;1.6;0.0;11.8;24.7;115;99;4.5;
P.J. Tucker;30:46;.500;.500;.667;.000;3.8;17.0;10.8;0.0;4.9;3.7;0.0;8.9;108;87;3.7;
Dewayne Dedmon;29:23;.581;.583;.167;.333;4.0;21.3;13.1;0.0;1.7;11.7;12.7;12.3;104;88;0.0;
Max Strus;22:02;.650;.650;.500;.000;5.3;23.7;15.0;0.0;0.0;0.0;0.0;20.8;127;99;3.4;
Gabe Vincent;19:54;.500;.500;.400;.000;5.9;15.7;11.1;22.5;2.5;0.0;16.7;13.8;112;95;-0.5;
Caleb Martin;16:56;.525;.333;.667;1.333;0.0;12.3;6.5;0.0;5.9;0.0;29.6;18.3;76;88;-6.4;
KZ Okpala;15:04;.405;.333;.333;.222;23.3;27.7;25.6;11.6;3.3;0.0;0.0;30.1;107;90;-1.9;
Omer Yurtseven;4:38;.000;.000;.000;.000;0.0;0.0;0.0;0.0;0.0;24.7;66.7;29.7;0;90;-33.3;
Udonis Haslem;Did Not Play;
Team Totals;240;.587;.561;.488;.159;19.5;80.4;51.7;59.5;11.5;11.9;16.2;100.0;107.5;94.0;;
Home Basic
Shai Gilgeous-Alexander;34:57;2;11;.182;1;5;.200;5;6;.833;1;2;3;5;1;0;3;3;10;-5;
Josh Giddey;31:32;3;10;.300;0;5;.000;0;0;;2;7;9;9;1;2;4;1;6;-4;
Luguentz Dort;31:04;8;16;.500;4;8;.500;0;0;;1;3;4;3;1;0;3;2;20;-8;
Jeremiah Robinson-Earl;25:43;6;11;.545;4;6;.667;0;0;;1;4;5;2;0;1;2;0;16;-3;
Darius Bazley;24:58;2;7;.286;2;2;1.000;1;2;.500;1;6;7;1;1;5;0;1;7;-10;
Aaron Wiggins;19:37;2;4;.500;2;4;.500;0;0;;0;2;2;0;1;0;4;2;6;+2;
Kenrich Williams;17:06;2;4;.500;0;1;.000;1;2;.500;0;2;2;3;1;0;2;1;5;-12;
Aleksej Pokusevski;16:29;5;6;.833;1;2;.500;0;0;;1;1;2;1;0;0;1;1;11;+2;
Ty Jerome;11:58;1;4;.250;1;4;.250;0;0;;0;0;0;0;0;1;0;0;3;-11;
Isaiah Roby;11:20;2;3;.667;0;0;;0;0;;0;2;2;2;0;1;0;0;4;-5;
Mike Muscala;8:24;1;4;.250;0;3;.000;0;0;;1;3;4;0;0;0;1;1;2;-12;
Tre Mann;6:52;0;3;.000;0;1;.000;0;0;;1;1;2;0;0;0;0;3;0;+1;
Théo Maledon;Did Not Play;
Vit Krejci;Did Not Play;
Gabriel Deck;Did Not Play;
Team Totals;240;34;83;.410;15;41;.366;7;10;.700;9;33;42;26;6;10;20;15;90;;
Home Advanced
Shai Gilgeous-Alexander;34:57;.367;.227;.455;.545;3.0;6.7;4.7;22.0;1.4;0.0;18.0;21.3;82;113;-10.5;
Josh Giddey;31:32;.300;.300;.500;.000;6.6;26.0;15.7;46.5;1.6;7.2;28.6;19.8;80;103;-2.1;
Luguentz Dort;31:04;.625;.625;.500;.000;3.4;11.3;7.1;21.4;1.6;0.0;15.8;27.3;102;111;2.5;
Jeremiah Robinson-Earl;25:43;.727;.727;.545;.000;4.1;18.2;10.7;16.4;0.0;4.4;15.4;22.6;113;111;7.6;
Darius Bazley;24:58;.444;.429;.286;.286;4.2;28.1;15.5;6.4;2.0;22.9;0.0;14.1;100;91;6.8;
Aaron Wiggins;19:37;.750;.750;1.000;.000;0.0;11.9;5.6;0.0;2.6;0.0;50.0;18.2;55;109;-10.3;
Kenrich Williams;17:06;.512;.500;.250;.500;0.0;13.7;6.5;29.7;2.9;0.0;29.1;18.0;88;108;-3.7;
Aleksej Pokusevski;16:29;.917;.917;.333;.000;6.3;7.1;6.7;15.0;0.0;0.0;14.3;19.0;142;116;6.6;
Ty Jerome;11:58;.375;.375;1.000;.000;0.0;0.0;0.0;0.0;0.0;9.6;0.0;14.9;75;112;-5.7;
Isaiah Roby;11:20;.667;.667;.000;.000;0.0;20.7;9.7;33.2;0.0;10.1;0.0;11.8;149;107;8.1;
Mike Muscala;8:24;.250;.250;.750;.000;12.4;41.8;26.3;0.0;0.0;0.0;20.0;26.6;51;108;-20.6;
Tre Mann;6:52;.000;.000;.333;.000;15.2;17.0;16.1;0.0;0.0;0.0;0.0;19.5;22;114;-29.9;
Théo Maledon;Did Not Play;
Vit Krejci;Did Not Play;
Gabriel Deck;Did Not Play;
Team Totals;240;.515;.500;.494;.120;19.6;80.5;48.3;76.5;6.3;23.8;18.6;100.0;94.0;107.5;;
