202111150WAS-ORL;ATL;ORL;False;7:00 PM, November 15, 2021;Capital One Arena, Washington, District of Columbia;2:21
111;
129;
Guest Basic
Josh Hart;37:33;3;13;.231;1;3;.333;6;6;1.000;4;8;12;5;1;0;3;3;13;0;
Jonas Valančiūnas;37:14;6;12;.500;1;1;1.000;3;5;.600;1;8;9;3;0;1;1;4;16;-22;
Brandon Ingram;32:07;9;23;.391;2;4;.500;11;12;.917;0;5;5;4;0;0;1;1;31;-2;
Devonte' Graham;30:52;4;9;.444;4;7;.571;2;2;1.000;0;2;2;2;0;0;2;2;14;+3;
Nickeil Alexander-Walker;28:18;1;6;.167;0;3;.000;2;4;.500;0;4;4;4;1;0;3;0;4;-8;
Herbert Jones;19:07;1;2;.500;0;0;;2;2;1.000;0;2;2;0;0;1;0;5;4;-11;
Garrett Temple;18:37;3;3;1.000;2;2;1.000;0;0;;0;2;2;0;0;1;0;2;8;-5;
Tomáš Satoranský;16:56;0;0;;0;0;;0;0;;0;0;0;2;0;0;2;4;0;-6;
Jaxson Hayes;10:46;2;5;.400;0;0;;3;3;1.000;2;4;6;0;0;0;0;4;7;+17;
Trey Murphy III;8:30;1;1;1.000;1;1;1.000;0;0;;0;3;3;0;0;0;0;0;3;+9;
Naji Marshall;Did Not Play;
Didi Louzada;Did Not Play;
Kira Lewis Jr.;Did Not Play;
Jose Alvarado;Did Not Play;
Willy Hernangómez;Did Not Play;
Team Totals;240;30;74;.405;11;21;.524;29;34;.853;7;38;45;20;2;3;12;25;100;;
Guest Advanced
Josh Hart;37:33;.416;.269;.231;.462;11.9;23.2;17.6;24.4;1.4;0.0;16.1;23.6;95;112;-3.4;
Jonas Valančiūnas;37:14;.563;.542;.083;.417;3.0;23.4;13.3;17.4;0.0;2.3;6.6;19.4;113;113;0.2;
Brandon Ingram;32:07;.548;.435;.174;.522;0.0;17.0;8.6;36.1;0.0;0.0;3.4;43.3;114;116;6.4;
Devonte' Graham;30:52;.709;.667;.778;.222;0.0;7.1;3.6;13.1;0.0;0.0;16.8;18.3;113;118;-0.7;
Nickeil Alexander-Walker;28:18;.258;.167;.500;.667;0.0;15.4;7.8;24.0;1.8;0.0;27.9;18.1;57;113;-9.3;
Herbert Jones;19:07;.694;.500;.000;1.000;0.0;11.4;5.8;0.0;0.0;4.5;0.0;7.2;146;112;-5.5;
Garrett Temple;18:37;1.333;1.333;.667;.000;0.0;11.7;5.9;0.0;0.0;4.6;0.0;7.7;267;112;9.7;
Tomáš Satoranský;16:56;;;;;0.0;0.0;0.0;18.9;0.0;0.0;100.0;5.6;44;118;-13.2;
Jaxson Hayes;10:46;.554;.400;.000;.600;20.7;40.5;30.7;0.0;0.0;0.0;0.0;27.9;129;111;-4.3;
Trey Murphy III;8:30;1.500;1.500;1.000;.000;0.0;38.5;19.5;0.0;0.0;0.0;0.0;5.6;300;113;9.2;
Naji Marshall;Did Not Play;
Didi Louzada;Did Not Play;
Kira Lewis Jr.;Did Not Play;
Jose Alvarado;Did Not Play;
Willy Hernangómez;Did Not Play;
Team Totals;240;.562;.480;.284;.459;16.3;86.4;51.7;66.7;2.2;5.4;11.9;100.0;108.5;113.9;;
Home Basic
Kentavious Caldwell-Pope;34:55;7;13;.538;4;8;.500;0;0;;1;3;4;2;2;0;0;1;18;+6;
Spencer Dinwiddie;34:12;8;20;.400;4;8;.500;7;8;.875;1;4;5;9;2;0;1;2;27;+6;
Kyle Kuzma;30:32;2;10;.200;2;7;.286;2;2;1.000;0;8;8;2;0;0;0;4;8;+1;
Aaron Holiday;26:40;6;11;.545;0;2;.000;0;0;;1;3;4;1;1;0;1;4;12;-16;
Daniel Gafford;23:58;3;7;.429;0;0;;0;0;;1;4;5;3;0;3;0;2;6;-5;
Deni Avdija;27:35;5;6;.833;0;1;.000;1;1;1.000;0;10;10;1;2;1;0;5;11;+18;
Montrezl Harrell;23:53;4;8;.500;0;1;.000;7;11;.636;1;1;2;4;1;0;0;2;15;+10;
Raul Neto;22:46;4;7;.571;0;0;;0;3;.000;0;2;2;1;0;0;1;2;8;+4;
Corey Kispert;10:51;0;2;.000;0;1;.000;0;0;;1;1;2;0;1;0;2;0;0;-4;
Anthony Gill;4:38;0;0;;0;0;;0;0;;0;0;0;0;0;0;0;0;0;+5;
Isaiah Todd;Did Not Play;
Joel Ayayi;Did Not Play;
Cassius Winston;Did Not Play;
Team Totals;240;39;84;.464;10;28;.357;17;25;.680;6;36;42;23;9;4;5;22;105;;
Home Advanced
Kentavious Caldwell-Pope;34:55;.692;.692;.615;.000;3.1;9.6;6.3;9.4;3.0;0.0;0.0;17.9;136;109;6.5;
Spencer Dinwiddie;34:12;.574;.500;.400;.400;3.2;13.1;8.1;45.5;3.0;0.0;4.1;34.4;124;108;12.1;
Kyle Kuzma;30:32;.368;.300;.700;.200;0.0;29.2;14.5;8.8;0.0;0.0;0.0;17.1;84;111;-9.0;
Aaron Holiday;26:40;.545;.545;.182;.000;4.1;12.6;8.3;6.4;2.0;0.0;8.3;21.6;102;111;-6.5;
Daniel Gafford;23:58;.429;.429;.000;.000;4.6;18.6;11.5;18.2;0.0;11.3;0.0;14.0;108;104;0.5;
Deni Avdija;27:35;.854;.833;.167;.167;0.0;40.5;20.0;5.7;3.8;3.3;0.0;11.2;170;97;5.6;
Montrezl Harrell;23:53;.584;.500;.125;1.375;4.6;4.7;4.6;26.0;2.2;0.0;0.0;25.8;133;112;6.3;
Raul Neto;22:46;.481;.571;.000;.429;0.0;9.8;4.8;6.9;0.0;0.0;10.7;19.6;83;116;-12.2;
Corey Kispert;10:51;.000;.000;.500;.000;10.1;10.3;10.2;0.0;4.8;0.0;50.0;17.7;22;105;-18.0;
Anthony Gill;4:38;;;;;0.0;0.0;0.0;0.0;0.0;0.0;;0.0;0;119;-10.4;
Isaiah Todd;Did Not Play;
Joel Ayayi;Did Not Play;
Cassius Winston;Did Not Play;
Team Totals;240;.553;.524;.333;.298;13.6;83.7;48.3;59.0;9.8;7.5;5.0;100.0;113.9;108.5;;
