202111230POR-MIA;DET;MIA;False;10:00 PM, November 23, 2021;Moda Center, Portland, Oregon;2:10
100;
92;
Guest Basic
Jeff Green;34:42;9;16;.563;3;4;.750;3;3;1.000;1;3;4;3;0;3;2;2;24;-22;
Will Barton;34:32;4;10;.400;3;6;.500;0;0;;2;6;8;7;0;0;4;2;11;-24;
Aaron Gordon;32:17;5;9;.556;0;1;.000;1;1;1.000;1;2;3;3;0;0;1;2;11;-12;
Monte Morris;30:14;7;11;.636;2;3;.667;0;0;;0;2;2;2;0;0;4;2;16;-11;
JaMychal Green;26:09;3;9;.333;1;4;.250;2;2;1.000;0;5;5;2;1;0;1;2;9;-13;
Facundo Campazzo;28:35;2;4;.500;2;4;.500;2;3;.667;0;2;2;5;3;0;1;3;8;-7;
Austin Rivers;20:51;3;6;.500;2;5;.400;0;0;;0;1;1;2;1;0;0;2;8;-1;
Zeke Nnaji;14:58;3;6;.500;2;4;.500;0;0;;1;6;7;0;0;2;3;0;8;-3;
PJ Dozier;4:02;1;3;.333;0;1;.000;0;0;;1;1;2;1;0;0;0;0;2;-2;
Markus Howard;3:25;1;3;.333;0;1;.000;0;0;;0;0;0;1;1;0;0;0;2;0;
Vlatko Čančar;3:25;0;0;;0;0;;1;2;.500;0;0;0;0;0;0;0;0;1;0;
Bol Bol;3:25;0;0;;0;0;;0;0;;0;1;1;0;0;0;0;0;0;0;
Petr Cornelie;3:25;0;1;.000;0;0;;0;0;;1;1;2;0;0;0;1;0;0;0;
Team Totals;240;38;78;.487;15;33;.455;9;11;.818;7;30;37;26;6;5;17;15;100;;
Guest Advanced
Jeff Green;34:42;.693;.656;.250;.188;3.6;9.9;6.9;16.2;0.0;8.5;10.4;26.8;126;130;4.1;
Will Barton;34:32;.550;.550;.600;.000;7.3;19.9;13.9;30.0;0.0;0.0;28.6;19.5;102;132;-5.1;
Aaron Gordon;32:17;.583;.556;.111;.111;3.9;7.1;5.6;14.6;0.0;0.0;9.6;15.5;119;136;-7.1;
Monte Morris;30:14;.727;.727;.273;.000;0.0;7.6;4.0;11.8;0.0;0.0;26.7;23.9;97;136;-8.8;
JaMychal Green;26:09;.455;.389;.444;.222;0.0;21.9;11.5;11.3;2.0;0.0;9.2;20.0;94;127;-8.1;
Facundo Campazzo;28:35;.752;.750;1.000;.750;0.0;8.0;4.2;24.2;5.5;0.0;15.8;10.6;145;123;3.0;
Austin Rivers;20:51;.667;.667;.833;.000;0.0;5.5;2.9;14.8;2.5;0.0;0.0;13.8;138;131;-0.1;
Zeke Nnaji;14:58;.667;.667;.667;.000;8.4;45.8;28.1;0.0;0.0;13.1;33.3;28.9;79;117;-2.6;
PJ Dozier;4:02;.333;.333;.333;.000;31.3;28.3;29.8;45.6;0.0;0.0;0.0;35.8;103;130;-6.2;
Bol Bol;3:25;;;;;0.0;33.4;17.6;0.0;0.0;0.0;;0.0;0;129;-8.4;
Vlatko Čančar;3:25;.568;;;;0.0;0.0;0.0;0.0;0.0;0.0;0.0;12.4;123;138;-10.1;
Petr Cornelie;3:25;.000;.000;.000;.000;37.0;33.4;35.1;0.0;0.0;0.0;50.0;28.1;36;129;-32.7;
Markus Howard;3:25;.333;.333;.333;.000;0.0;0.0;0.0;58.7;15.3;0.0;0.0;42.2;87;104;4.8;
Team Totals;240;.604;.583;.423;.141;18.4;71.4;46.3;68.4;6.5;10.2;17.0;100.0;109.1;129.8;;
Home Basic
CJ McCollum;34:29;13;19;.684;5;9;.556;1;3;.333;0;3;3;3;2;0;0;1;32;+28;
Damian Lillard;31:18;9;13;.692;5;8;.625;2;2;1.000;0;3;3;5;1;0;1;1;25;+13;
Robert Covington;27:00;3;6;.500;1;4;.250;2;2;1.000;1;6;7;2;1;3;1;2;9;+15;
Norman Powell;26:17;5;10;.500;1;5;.200;4;6;.667;0;2;2;3;3;1;1;3;15;+16;
Jusuf Nurkić;24:10;2;6;.333;0;0;;2;2;1.000;2;5;7;3;1;1;2;1;6;+18;
Nassir Little;23:16;5;9;.556;1;3;.333;2;3;.667;2;3;5;1;1;0;0;1;13;+3;
Anfernee Simons;22:53;6;12;.500;2;5;.400;0;0;;2;3;5;2;0;0;2;3;14;-3;
Larry Nance Jr.;15:22;1;4;.250;0;1;.000;0;0;;4;3;7;2;2;0;0;2;2;+5;
Tony Snell;10:44;0;4;.000;0;3;.000;0;0;;0;0;0;0;0;0;0;1;0;-3;
Cody Zeller;9:51;0;3;.000;0;0;;1;2;.500;1;0;1;2;0;1;0;1;1;+3;
Greg Brown III;3:40;1;1;1.000;0;0;;0;0;;0;0;0;0;1;1;0;1;2;0;
CJ Elleby;3:40;0;0;;0;0;;0;0;;0;2;2;1;0;0;0;1;0;0;
Ben McLemore;3:40;0;0;;0;0;;0;0;;0;0;0;0;0;0;0;0;0;0;
Dennis Smith Jr.;3:40;0;1;.000;0;1;.000;0;0;;0;1;1;1;0;0;2;0;0;0;
Team Totals;240;45;88;.511;15;39;.385;14;20;.700;12;31;43;25;12;7;9;18;119;;
Home Advanced
CJ McCollum;34:29;.787;.816;.474;.158;0.0;11.0;5.2;15.5;3.0;0.0;0.0;26.7;160;112;13.6;
Damian Lillard;31:18;.901;.885;.615;.154;0.0;12.1;5.8;24.6;1.7;0.0;6.7;21.6;173;115;12.9;
Robert Covington;27:00;.654;.583;.667;.333;4.2;28.1;15.6;9.0;1.9;11.9;12.7;13.2;132;102;3.8;
Norman Powell;26:17;.593;.550;.500;.600;0.0;9.6;4.6;15.3;6.0;4.1;7.3;23.5;124;102;3.5;
Jusuf Nurkić;24:10;.436;.333;.000;.333;9.5;26.1;17.4;14.5;2.2;4.4;22.5;16.7;101;107;-5.4;
Nassir Little;23:16;.630;.611;.333;.333;9.8;16.3;12.9;5.9;2.3;0.0;0.0;20.1;143;112;0.6;
Anfernee Simons;22:53;.583;.583;.417;.000;10.0;16.6;13.1;12.9;0.0;0.0;14.3;27.8;113;118;-6.8;
Larry Nance Jr.;15:22;.250;.250;.250;.000;29.7;24.7;27.3;14.9;6.8;0.0;0.0;11.8;127;100;0.4;
Tony Snell;10:44;.000;.000;.750;.000;0.0;0.0;0.0;0.0;0.0;0.0;0.0;16.9;0;121;-29.6;
Cody Zeller;9:51;.129;.000;.000;.667;11.6;0.0;6.1;21.7;0.0;10.8;0.0;17.9;81;113;-10.9;
Greg Brown III;3:40;1.000;1.000;.000;.000;0.0;0.0;0.0;0.0;14.3;29.1;0.0;12.4;200;65;24.3;
CJ Elleby;3:40;;;;;0.0;68.9;32.7;29.1;0.0;0.0;;0.0;233;108;1.4;
Ben McLemore;3:40;;;;;0.0;0.0;0.0;0.0;0.0;0.0;;0.0;0;121;-11.4;
Dennis Smith Jr.;3:40;.000;.000;1.000;.000;0.0;34.4;16.4;29.1;0.0;0.0;66.7;37.1;22;114;-42.0;
Team Totals;240;.615;.597;.443;.227;28.6;81.6;53.8;55.6;13.1;15.6;8.5;100.0;129.8;109.1;;
