202110280HOU-NYK;CHI;NYK;False;8:00 PM, October 28, 2021;Toyota Center, Houston, Texas;2:14
104;
103;
Guest Basic
Rudy Gobert;27:59;5;7;.714;0;0;;6;8;.750;1;13;14;1;0;1;2;2;16;+13;
Bojan Bogdanović;25:05;5;12;.417;2;6;.333;7;7;1.000;0;4;4;2;1;0;2;3;19;+25;
Mike Conley;23:43;2;7;.286;1;5;.200;1;2;.500;0;2;2;4;1;0;2;0;6;+2;
Donovan Mitchell;23:31;5;12;.417;2;5;.400;3;3;1.000;0;3;3;6;2;0;1;1;15;+16;
Royce O'Neale;23:31;3;5;.600;1;3;.333;0;0;;2;4;6;1;2;0;2;3;7;+16;
Joe Ingles;26:02;5;11;.455;4;9;.444;0;0;;0;5;5;2;0;0;1;3;14;+18;
Jordan Clarkson;23:52;6;16;.375;3;11;.273;1;1;1.000;2;4;6;3;1;0;1;0;16;+25;
Eric Paschall;21:10;4;5;.800;2;3;.667;3;5;.600;3;1;4;2;1;0;1;3;13;+5;
Hassan Whiteside;16:41;4;5;.800;0;0;;2;2;1.000;2;4;6;0;0;1;2;4;10;+21;
Jared Butler;14:13;1;3;.333;1;3;.333;1;2;.500;0;4;4;3;0;2;2;3;4;+18;
Trent Forrest;6:11;1;1;1.000;0;0;;0;0;;0;2;2;0;0;0;0;1;2;+3;
Elijah Hughes;4:42;0;1;.000;0;1;.000;0;0;;0;1;1;0;0;0;0;0;0;-4;
Malik Fitts;3:20;0;0;;0;0;;0;0;;0;1;1;0;0;0;0;0;0;-3;
Team Totals;240;41;85;.482;16;46;.348;24;30;.800;10;48;58;24;8;4;16;23;122;;
Guest Advanced
Rudy Gobert;27:59;.760;.714;.000;1.143;4.5;36.6;24.3;5.3;0.0;3.4;16.0;18.8;134;83;5.2;
Bojan Bogdanović;25:05;.630;.500;.500;.583;0.0;12.5;7.7;12.2;1.9;0.0;11.7;28.6;123;92;2.9;
Mike Conley;23:43;.381;.357;.714;.286;0.0;6.6;4.1;21.9;2.0;0.0;20.2;17.5;86;95;-4.9;
Donovan Mitchell;23:31;.563;.500;.417;.250;0.0;10.0;6.2;39.8;4.1;0.0;7.0;25.6;129;89;10.0;
Royce O'Neale;23:31;.700;.700;.600;.000;10.7;13.4;12.4;5.9;4.1;0.0;28.6;12.5;111;87;2.8;
Joe Ingles;26:02;.636;.636;.818;.000;0.0;15.1;9.3;11.6;0.0;0.0;8.3;19.4;122;95;1.9;
Jordan Clarkson;23:52;.487;.469;.688;.063;10.6;13.2;12.2;20.9;2.0;0.0;5.7;30.7;111;92;3.5;
Eric Paschall;21:10;.903;1.000;.600;1.000;17.9;3.7;9.2;14.2;2.3;0.0;12.2;16.3;166;96;12.3;
Hassan Whiteside;16:41;.850;.800;.000;.400;15.1;18.9;17.4;0.0;0.0;5.6;25.4;19.9;128;90;0.3;
Jared Butler;14:13;.515;.500;1.000;.667;0.0;22.1;13.6;26.9;0.0;13.2;34.0;17.4;92;84;2.1;
Trent Forrest;6:11;1.000;1.000;.000;.000;0.0;25.5;15.7;0.0;0.0;0.0;0.0;6.8;200;90;0.4;
Elijah Hughes;4:42;.000;.000;1.000;.000;0.0;16.7;10.3;0.0;0.0;0.0;0.0;8.9;0;95;-11.8;
Malik Fitts;3:20;;;;;0.0;23.6;14.5;0.0;0.0;0.0;;0.0;0;91;0.0;
Team Totals;240;.621;.576;.541;.353;26.3;78.7;58.6;58.5;8.0;7.8;14.0;100.0;121.3;90.4;;
Home Basic
Jalen Green;29:43;3;16;.188;0;8;.000;7;9;.778;0;3;3;3;1;1;2;1;13;-15;
Christian Wood;27:17;6;13;.462;2;4;.500;2;2;1.000;3;4;7;1;2;1;2;1;16;-12;
Daniel Theis;20:15;2;7;.286;0;4;.000;3;3;1.000;1;2;3;0;0;0;0;3;7;-18;
Kevin Porter Jr.;18:37;1;3;.333;1;3;.333;2;2;1.000;1;1;2;2;1;0;1;2;5;-14;
Jae'Sean Tate;15:15;3;12;.250;1;8;.125;0;0;;3;2;5;1;0;0;1;3;7;-19;
Alperen Şengün;23:56;5;12;.417;1;1;1.000;3;4;.750;2;3;5;0;3;0;1;3;14;-8;
Eric Gordon;23:46;2;6;.333;1;3;.333;3;3;1.000;0;2;2;3;0;0;1;0;8;+1;
Kenyon Martin Jr.;16:10;2;4;.500;0;1;.000;0;0;;1;4;5;0;0;0;0;1;4;-14;
Armoni Brooks;15:27;1;6;.167;1;5;.200;0;0;;1;1;2;0;0;0;0;4;3;-12;
D.J. Augustin;14:05;2;4;.500;2;3;.667;0;0;;0;1;1;0;0;0;1;3;6;-17;
David Nwaba;13:29;2;3;.667;0;0;;0;0;;0;1;1;0;1;0;0;1;4;-8;
Josh Christopher;12:00;2;7;.286;0;2;.000;0;0;;0;1;1;2;0;0;1;0;4;-11;
Usman Garuba;10:00;0;2;.000;0;2;.000;0;0;;1;3;4;3;0;1;1;2;0;-8;
Team Totals;240;31;95;.326;9;44;.205;20;23;.870;13;28;41;15;8;3;11;24;91;;
Home Advanced
Jalen Green;29:43;.326;.188;.500;.563;0.0;12.8;4.9;18.5;1.6;4.1;9.1;30.5;71;121;-6.8;
Christian Wood;27:17;.576;.538;.308;.154;8.7;18.5;12.4;8.6;3.5;4.5;12.6;24.1;108;115;5.7;
Daniel Theis;20:15;.421;.286;.571;.429;3.9;12.5;7.2;0.0;0.0;0.0;0.0;17.0;97;127;-8.5;
Kevin Porter Jr.;18:37;.644;.500;1.000;.667;4.2;6.8;5.2;18.1;2.6;0.0;20.5;10.8;120;122;-2.0;
Jae'Sean Tate;15:15;.292;.292;.667;.000;15.5;16.6;15.9;14.6;0.0;0.0;7.7;35.2;70;125;-11.1;
Alperen Şengün;23:56;.509;.458;.083;.333;6.6;15.8;10.1;0.0;6.0;0.0;6.8;25.5;102;112;3.0;
Eric Gordon;23:46;.546;.417;.500;.500;0.0;10.6;4.1;22.5;0.0;0.0;12.0;14.5;111;127;-2.4;
Kenyon Martin Jr.;16:10;.500;.500;.250;.000;4.9;31.3;15.0;0.0;0.0;0.0;0.0;10.2;110;122;-5.4;
Armoni Brooks;15:27;.250;.250;.833;.000;5.1;8.2;6.3;0.0;0.0;0.0;0.0;16.1;63;127;-14.6;
D.J. Augustin;14:05;.750;.750;.750;.000;0.0;9.0;3.4;0.0;0.0;0.0;20.0;14.7;108;127;-5.9;
David Nwaba;13:29;.667;.667;.000;.000;0.0;9.4;3.6;0.0;3.5;0.0;0.0;9.2;131;119;-0.9;
Josh Christopher;12:00;.286;.286;.286;.000;0.0;10.5;4.0;34.8;0.0;0.0;12.5;27.6;62;127;-10.9;
Usman Garuba;10:00;.000;.000;1.000;.000;7.9;37.9;19.4;46.5;0.0;12.3;33.3;12.4;53;115;-1.7;
Team Totals;240;.433;.374;.463;.242;21.3;73.7;41.4;48.4;8.0;7.7;9.5;100.0;90.4;121.3;;
