202111150LAL-ORL;ATL;ORL;False;10:30 PM, November 15, 2021;Crypto.com Arena, Los Angeles, California;2:17
111;
129;
Guest Basic
Lonzo Ball;37:35;10;13;.769;7;10;.700;0;0;;2;5;7;8;2;0;4;2;27;+25;
DeMar DeRozan;35:07;15;23;.652;2;5;.400;6;6;1.000;0;3;3;6;1;1;3;2;38;+17;
Alex Caruso;34:27;0;1;.000;0;1;.000;0;0;;0;6;6;5;2;0;1;4;0;+28;
Zach LaVine;34:08;10;22;.455;6;13;.462;0;0;;1;4;5;5;0;0;2;2;26;+33;
Tony Bradley;27:13;3;5;.600;0;0;;0;0;;1;8;9;1;0;0;3;2;6;+17;
Ayo Dosunmu;20:52;2;7;.286;0;2;.000;1;2;.500;0;1;1;2;0;0;1;4;5;-4;
Derrick Jones Jr.;16:17;6;7;.857;0;0;;1;3;.333;0;3;3;2;1;1;1;5;13;+9;
Javonte Green;14:00;1;3;.333;0;1;.000;0;0;;0;1;1;0;2;0;1;0;2;+4;
Coby White;10:57;0;2;.000;0;0;;0;0;;0;1;1;0;0;0;0;0;0;-15;
Troy Brown Jr.;3:08;2;3;.667;0;1;.000;0;0;;0;0;0;0;1;0;0;0;4;-8;
Alize Johnson;3:08;0;0;;0;0;;0;0;;0;0;0;2;0;0;0;0;0;-8;
Matt Thomas;3:08;0;3;.000;0;1;.000;0;0;;0;0;0;0;0;0;0;0;0;-8;
Tyler Cook;Did Not Play;
Team Totals;240;49;89;.551;15;34;.441;8;11;.727;4;32;36;31;9;2;16;21;121;;
Guest Advanced
Lonzo Ball;37:35;1.038;1.038;.769;.000;6.5;16.0;11.3;28.2;2.5;0.0;23.5;19.8;153;101;16.5;
DeMar DeRozan;35:07;.741;.696;.217;.261;0.0;10.3;5.2;28.8;1.3;2.9;10.5;35.6;134;103;11.4;
Alex Caruso;34:27;.000;.000;1.000;.000;0.0;20.9;10.6;14.2;2.7;0.0;50.0;2.5;104;99;-2.7;
Zach LaVine;34:08;.591;.591;.591;.000;3.6;14.1;8.9;20.1;0.0;0.0;8.3;30.7;111;107;1.9;
Tony Bradley;27:13;.600;.600;.000;.000;4.5;35.3;20.1;4.0;0.0;0.0;37.5;12.8;81;102;-6.9;
Ayo Dosunmu;20:52;.317;.286;.286;.286;0.0;5.8;2.9;10.4;0.0;0.0;11.3;18.6;69;108;-16.1;
Derrick Jones Jr.;16:17;.781;.857;.000;.429;0.0;22.1;11.2;18.8;2.9;6.3;10.7;25.0;135;94;7.4;
Javonte Green;14:00;.333;.333;.333;.000;0.0;8.6;4.3;0.0;6.7;0.0;25.0;12.5;47;93;-4.8;
Coby White;10:57;.000;.000;.000;.000;0.0;11.0;5.5;0.0;0.0;0.0;0.0;8.0;0;107;-14.8;
Troy Brown Jr.;3:08;.667;.667;.333;.000;0.0;0.0;0.0;0.0;15.0;0.0;0.0;41.8;119;76;19.2;
Alize Johnson;3:08;;;;;0.0;0.0;0.0;62.5;0.0;0.0;;0.0;231;109;23.1;
Matt Thomas;3:08;.000;.000;.333;.000;0.0;0.0;0.0;0.0;0.0;0.0;0.0;41.8;0;109;-50.1;
Tyler Cook;Did Not Play;
Team Totals;240;.645;.635;.382;.124;10.3;80.0;45.6;63.3;8.8;4.3;14.6;100.0;118.5;100.9;;
Home Basic
Talen Horton-Tucker;37:11;9;19;.474;4;9;.444;6;6;1.000;0;6;6;2;1;0;1;2;28;-5;
Russell Westbrook;31:15;8;19;.421;0;6;.000;9;10;.900;0;6;6;8;1;0;4;3;25;-13;
Anthony Davis;27:59;6;9;.667;0;0;;8;9;.889;1;5;6;1;1;0;4;1;20;-22;
Carmelo Anthony;27:23;4;10;.400;0;4;.000;1;2;.500;1;3;4;1;2;0;0;2;9;-21;
Avery Bradley;17:32;1;3;.333;1;3;.333;0;0;;1;0;1;3;0;0;0;0;3;-27;
Malik Monk;27:26;1;5;.200;0;3;.000;0;0;;1;2;3;3;0;0;2;0;2;0;
Wayne Ellington;20:43;1;6;.167;1;6;.167;0;0;;0;3;3;0;1;0;0;0;3;-4;
Rajon Rondo;18:03;1;2;.500;0;1;.000;0;0;;0;2;2;0;1;1;2;1;2;-3;
Dwight Howard;13:01;2;3;.667;0;0;;1;4;.250;4;2;6;0;2;2;2;0;5;-1;
Kent Bazemore;12:27;1;1;1.000;0;0;;0;0;;0;1;1;0;1;0;0;5;2;+1;
DeAndre Jordan;7:00;2;2;1.000;0;0;;0;0;;0;5;5;1;0;2;2;1;4;+5;
Austin Reaves;Did Not Dress;
Team Totals;240;36;79;.456;6;32;.188;25;31;.806;8;35;43;19;10;5;17;15;103;;
Home Advanced
Talen Horton-Tucker;37:11;.647;.579;.474;.316;0.0;19.9;9.8;10.6;1.3;0.0;4.4;26.7;128;121;3.5;
Russell Westbrook;31:15;.534;.421;.316;.526;0.0;23.6;11.7;51.8;1.5;0.0;14.6;38.4;106;120;0.6;
Anthony Davis;27:59;.772;.667;.000;1.000;4.3;22.0;13.0;6.7;1.7;0.0;23.6;26.5;120;120;0.3;
Carmelo Anthony;27:23;.414;.400;.400;.200;4.4;13.5;8.9;6.0;3.4;0.0;0.0;17.4;94;117;-5.3;
Avery Bradley;17:32;.500;.500;1.000;.000;6.8;0.0;3.5;24.7;0.0;0.0;0.0;7.5;138;125;0.2;
Malik Monk;27:26;.200;.200;.600;.000;4.4;9.0;6.6;15.3;0.0;0.0;28.6;11.2;58;125;-12.5;
Wayne Ellington;20:43;.250;.250;1.000;.000;0.0;17.8;8.8;0.0;2.3;0.0;0.0;12.7;55;119;-9.5;
Rajon Rondo;18:03;.500;.500;.500;.000;0.0;13.6;6.7;0.0;2.6;4.8;50.0;9.7;45;114;-8.7;
Dwight Howard;13:01;.525;.667;.000;1.333;36.9;18.9;28.0;0.0;7.2;13.4;29.6;22.7;95;95;2.0;
Kent Bazemore;12:27;1.000;1.000;.000;.000;0.0;9.9;4.9;0.0;3.8;0.0;0.0;3.5;200;115;-6.3;
DeAndre Jordan;7:00;1.000;1.000;.000;.000;0.0;87.9;43.4;30.8;0.0;24.9;50.0;25.0;90;94;10.5;
Austin Reaves;Did Not Dress;
Team Totals;240;.556;.494;.405;.392;20.0;89.7;54.4;52.8;9.8;9.1;15.5;100.0;100.9;118.5;;
