202111240MEM-BRK;BOS;BRK;False;8:00 PM, November 24, 2021;FedEx Forum, Memphis, Tennessee;2:13
123;
104;
Guest Basic
Gary Trent Jr.;39:26;8;17;.471;4;7;.571;6;6;1.000;0;1;1;4;1;0;1;1;26;+13;
Scottie Barnes;39:05;8;14;.571;1;3;.333;0;0;;3;6;9;3;0;0;3;1;17;+18;
Fred VanVleet;36:58;9;14;.643;3;7;.429;2;2;1.000;1;5;6;7;2;2;4;5;23;+18;
Pascal Siakam;33:17;5;12;.417;1;3;.333;6;8;.750;2;5;7;2;1;0;0;3;17;+2;
Precious Achiuwa;27:36;7;11;.636;3;3;1.000;0;0;;2;2;4;2;1;0;0;5;17;+28;
Svi Mykhailiuk;17:49;3;7;.429;2;4;.500;0;0;;0;1;1;0;1;0;0;0;8;-3;
Dalano Banton;13:47;2;3;.667;0;1;.000;0;0;;0;2;2;2;0;0;1;2;4;-1;
Yuta Watanabe;13:46;0;3;.000;0;1;.000;3;4;.750;2;1;3;0;2;2;0;2;3;-5;
Malachi Flynn;11:30;3;4;.750;0;0;;0;0;;1;0;1;4;0;0;1;1;6;-3;
Chris Boucher;6:46;2;4;.500;0;1;.000;1;1;1.000;0;0;0;1;0;0;0;0;5;-2;
Goran Dragić;Did Not Play;
Justin Champagnie;Did Not Play;
David Johnson;Did Not Play;
Isaac Bonga;Did Not Play;
Team Totals;240;47;89;.528;14;30;.467;18;21;.857;11;23;34;25;8;4;10;20;126;;
Guest Advanced
Gary Trent Jr.;39:26;.662;.588;.412;.353;0.0;3.6;1.6;13.1;1.3;0.0;4.8;23.2;140;126;3.8;
Scottie Barnes;39:05;.607;.607;.214;.000;9.2;21.7;14.9;9.9;0.0;0.0;17.6;19.3;115;124;-2.6;
Fred VanVleet;36:58;.773;.750;.500;.143;3.2;19.1;10.5;25.7;2.8;4.9;21.2;22.6;133;115;9.0;
Pascal Siakam;33:17;.548;.458;.250;.667;7.2;21.2;13.6;7.2;1.5;0.0;0.0;20.7;132;121;-1.0;
Precious Achiuwa;27:36;.773;.773;.273;.000;8.7;10.2;9.4;10.0;1.9;0.0;0.0;17.7;166;122;7.5;
Svi Mykhailiuk;17:49;.571;.571;.571;.000;0.0;7.9;3.6;0.0;2.9;0.0;0.0;17.4;119;121;0.5;
Dalano Banton;13:47;.667;.667;.333;.000;0.0;20.5;9.4;17.4;0.0;0.0;25.0;12.9;115;124;-4.4;
Yuta Watanabe;13:46;.315;.000;.333;1.333;17.4;10.3;14.1;0.0;7.4;13.2;0.0;15.3;103;103;1.5;
Malachi Flynn;11:30;.750;.750;.000;.000;10.4;0.0;5.6;48.4;0.0;0.0;20.0;19.3;148;129;7.5;
Chris Boucher;6:46;.563;.500;.250;.250;0.0;0.0;0.0;21.6;0.0;0.0;0.0;29.1;130;130;2.1;
Goran Dragić;Did Not Play;
Justin Champagnie;Did Not Play;
David Johnson;Did Not Play;
Isaac Bonga;Did Not Play;
Team Totals;240;.641;.607;.337;.236;27.5;67.6;45.9;53.2;8.5;7.5;9.2;100.0;134.3;120.5;;
Home Basic
Ja Morant;34:58;8;18;.444;0;1;.000;7;10;.700;4;2;6;9;3;0;4;1;23;-12;
Desmond Bane;33:31;7;11;.636;4;6;.667;2;2;1.000;0;4;4;1;1;0;2;3;20;-14;
Dillon Brooks;25:52;6;16;.375;2;9;.222;6;8;.750;0;2;2;3;0;1;3;5;20;-4;
Jaren Jackson Jr.;25:28;6;8;.750;2;4;.500;2;2;1.000;0;2;2;1;1;2;0;4;16;+1;
Steven Adams;19:55;1;3;.333;0;0;;0;0;;2;4;6;2;0;0;2;1;2;-3;
Brandon Clarke;26:10;7;8;.875;0;0;;2;2;1.000;2;6;8;1;0;0;0;2;16;-7;
Kyle Anderson;24:27;5;8;.625;1;2;.500;0;0;;1;5;6;2;0;0;2;1;11;-17;
Ziaire Williams;21:20;1;5;.200;0;4;.000;1;2;.500;0;0;0;1;0;0;0;2;3;-6;
John Konchar;14:45;1;2;.500;0;1;.000;0;0;;2;4;6;0;0;0;1;0;2;-1;
Tyus Jones;13:34;0;3;.000;0;2;.000;0;0;;0;0;0;5;1;0;0;1;0;-2;
Xavier Tillman Sr.;Did Not Play;
Killian Tillie;Did Not Play;
Santi Aldama;Did Not Play;
Jarrett Culver;Did Not Play;
Team Totals;240;42;82;.512;9;29;.310;20;26;.769;11;29;40;25;6;3;14;20;113;;
Home Advanced
Ja Morant;34:58;.513;.444;.056;.556;16.1;6.9;11.1;39.8;4.4;0.0;15.2;33.7;115;130;4.6;
Desmond Bane;33:31;.842;.818;.545;.182;0.0;14.3;7.7;4.5;1.5;0.0;14.4;18.5;141;134;3.3;
Dillon Brooks;25:52;.512;.438;.563;.500;0.0;9.3;5.0;18.0;0.0;3.1;13.3;38.9;103;137;-8.4;
Jaren Jackson Jr.;25:28;.901;.875;.500;.250;0.0;9.4;5.1;6.1;2.0;6.4;0.0;15.6;185;130;10.6;
Steven Adams;19:55;.333;.333;.000;.000;14.2;24.1;19.5;12.2;0.0;0.0;40.0;11.2;80;135;-8.3;
Brandon Clarke;26:10;.901;.875;.000;.250;10.8;27.5;19.8;6.3;0.0;0.0;0.0;15.2;189;135;6.7;
Kyle Anderson;24:27;.688;.688;.250;.000;5.8;24.5;15.9;12.2;0.0;0.0;20.0;18.3;117;135;-1.0;
Ziaire Williams;21:20;.255;.200;.800;.400;0.0;0.0;0.0;5.7;0.0;0.0;0.0;12.3;73;141;-14.1;
John Konchar;14:45;.500;.500;.500;.000;19.1;32.5;26.4;0.0;0.0;0.0;33.3;9.1;96;133;-6.6;
Tyus Jones;13:34;.000;.000;.667;.000;0.0;0.0;0.0;42.1;3.8;0.0;0.0;9.9;91;133;-5.0;
Xavier Tillman Sr.;Did Not Play;
Killian Tillie;Did Not Play;
Santi Aldama;Did Not Play;
Jarrett Culver;Did Not Play;
Team Totals;240;.605;.567;.354;.317;32.4;72.5;54.1;59.5;6.4;5.1;13.0;100.0;120.5;134.3;;
