202111260SAS-MIN;CHO;MIN;False;8:30 PM, November 26, 2021;AT&T Center, San Antonio, Texas;2:14
115;
133;
Guest Basic
Jayson Tatum;40:04;9;23;.391;2;7;.286;4;5;.800;3;9;12;2;1;0;2;3;24;-13;
Dennis Schröder;37:56;3;14;.214;1;5;.200;1;1;1.000;0;5;5;4;0;0;2;4;8;-14;
Marcus Smart;32:46;6;14;.429;0;3;.000;1;2;.500;2;5;7;8;1;1;2;2;13;-17;
Jaylen Brown;27:05;6;16;.375;3;7;.429;1;3;.333;0;4;4;3;0;1;1;2;16;-2;
Al Horford;25:20;2;8;.250;0;3;.000;0;0;;3;2;5;1;0;2;1;3;4;-29;
Grant Williams;27:22;3;4;.750;1;2;.500;0;0;;2;3;5;1;0;3;0;3;7;+18;
Enes Freedom;18:00;1;5;.200;0;0;;1;2;.500;2;6;8;0;0;0;1;0;3;+28;
Romeo Langford;16:47;1;3;.333;1;3;.333;0;0;;0;4;4;1;0;1;0;1;3;-2;
Aaron Nesmith;10:03;2;4;.500;1;3;.333;0;0;;0;1;1;0;1;0;0;2;5;-2;
Jabari Parker;4:36;1;1;1.000;1;1;1.000;2;2;1.000;0;0;0;0;1;0;1;0;5;-7;
Bruno Fernando;Did Not Play;
Juancho Hernangómez;Did Not Play;
Payton Pritchard;Did Not Play;
Team Totals;240;34;92;.370;10;34;.294;10;15;.667;12;39;51;20;4;8;10;20;88;;
Guest Advanced
Jayson Tatum;40:04;.476;.435;.304;.217;6.3;22.9;13.8;10.3;1.3;0.0;7.4;30.0;97;101;2.5;
Dennis Schröder;37:56;.277;.250;.357;.071;0.0;13.5;6.1;16.8;0.0;0.0;12.2;19.2;62;105;-11.6;
Marcus Smart;32:46;.437;.429;.214;.143;5.1;15.6;9.9;46.5;1.5;2.3;11.8;22.8;99;100;3.9;
Jaylen Brown;27:05;.462;.469;.438;.188;0.0;15.1;6.8;22.8;0.0;2.8;5.5;29.9;93;103;4.1;
Al Horford;25:20;.250;.250;.375;.000;10.0;8.1;9.1;6.3;0.0;6.0;11.1;15.7;67;101;-8.1;
Grant Williams;27:22;.875;.875;.500;.000;6.2;11.2;8.4;6.1;0.0;8.4;0.0;6.5;179;98;6.1;
Enes Freedom;18:00;.255;.200;.000;.400;9.4;34.0;20.5;0.0;0.0;0.0;14.5;16.9;61;101;-9.6;
Romeo Langford;16:47;.500;.500;1.000;.000;0.0;24.3;11.0;9.2;0.0;4.5;0.0;7.9;111;99;2.1;
Aaron Nesmith;10:03;.625;.625;.750;.000;0.0;10.2;4.6;0.0;5.0;0.0;0.0;17.6;118;95;6.0;
Jabari Parker;4:36;1.330;1.500;1.000;2.000;0.0;0.0;0.0;0.0;10.9;0.0;34.7;27.7;139;85;31.8;
Bruno Fernando;Did Not Play;
Juancho Hernangómez;Did Not Play;
Payton Pritchard;Did Not Play;
Team Totals;240;.446;.424;.370;.163;21.1;83.0;49.0;58.8;4.2;12.7;9.2;100.0;92.3;100.7;;
Home Basic
Keldon Johnson;38:14;7;12;.583;1;2;.500;2;4;.500;3;11;14;2;2;0;1;1;17;+12;
Dejounte Murray;37:43;12;24;.500;0;2;.000;5;7;.714;1;10;11;6;3;1;3;2;29;+8;
Derrick White;37:24;5;16;.313;3;9;.333;4;4;1.000;2;6;8;7;0;2;2;1;17;+16;
Jakob Poeltl;34:22;3;6;.500;0;0;;1;2;.500;2;10;12;1;0;3;1;4;7;+14;
Keita Bates-Diop;18:25;1;3;.333;0;1;.000;0;0;;0;3;3;0;0;0;0;1;2;+5;
Bryn Forbes;22:55;1;7;.143;0;5;.000;0;0;;0;1;1;0;2;0;1;2;2;-14;
Tre Jones;17:43;5;6;.833;0;0;;2;2;1.000;0;2;2;2;0;0;2;2;12;+17;
Lonnie Walker IV;15:10;4;8;.500;2;4;.500;0;0;;0;1;1;1;0;0;0;1;10;-12;
Drew Eubanks;7:25;0;3;.000;0;0;;0;0;;0;1;1;0;0;0;0;0;0;-2;
Thaddeus Young;6:03;0;1;.000;0;0;;0;0;;0;0;0;2;0;0;0;0;0;-6;
Joshua Primo;4:34;0;1;.000;0;1;.000;0;0;;0;0;0;0;0;0;0;1;0;+2;
Joe Wieskamp;Did Not Play;
Jock Landale;Did Not Play;
Team Totals;240;38;87;.437;6;24;.250;14;19;.737;8;45;53;21;7;6;10;15;96;;
Home Advanced
Keldon Johnson;38:14;.618;.625;.167;.333;8.0;24.2;16.9;8.6;2.6;0.0;6.8;17.6;123;88;7.0;
Dejounte Murray;37:43;.535;.500;.083;.292;2.7;22.3;13.5;33.6;4.0;2.2;10.0;36.3;104;84;11.6;
Derrick White;37:24;.479;.406;.563;.250;5.5;13.5;9.9;28.4;0.0;4.4;10.1;24.1;103;95;5.9;
Jakob Poeltl;34:22;.509;.500;.000;.333;5.9;24.5;16.1;4.1;0.0;7.2;12.7;10.4;102;88;-1.7;
Keita Bates-Diop;18:25;.333;.333;.333;.000;0.0;13.7;7.5;0.0;0.0;0.0;0.0;7.4;68;98;-7.3;
Bryn Forbes;22:55;.143;.143;.714;.000;0.0;3.7;2.0;0.0;4.4;0.0;12.5;15.9;26;92;-12.5;
Tre Jones;17:43;.872;.833;.000;.333;0.0;9.5;5.2;22.2;0.0;0.0;22.5;22.8;131;100;4.5;
Lonnie Walker IV;15:10;.625;.625;.500;.000;0.0;5.6;3.0;12.5;0.0;0.0;0.0;24.0;122;101;6.8;
Drew Eubanks;7:25;.000;.000;.000;.000;0.0;11.4;6.2;0.0;0.0;0.0;0.0;18.4;0;99;-20.2;
Thaddeus Young;6:03;.000;.000;.000;.000;0.0;0.0;0.0;41.8;0.0;0.0;0.0;7.5;76;104;-0.2;
Joshua Primo;4:34;.000;.000;1.000;.000;0.0;0.0;0.0;0.0;0.0;0.0;0.0;10.0;0;103;-18.4;
Joe Wieskamp;Did Not Play;
Jock Landale;Did Not Play;
Team Totals;240;.503;.471;.276;.218;17.0;78.9;51.0;55.3;7.3;10.3;9.5;100.0;100.7;92.3;;
