202110250MIA-DET;ATL;DET;False;7:30 PM, October 25, 2021;FTX Arena, Miami, Florida;2:12
104;
122;
Guest Basic
Cole Anthony;31:58;5;13;.385;1;5;.200;1;2;.500;0;9;9;5;2;0;3;0;12;-5;
Mo Bamba;28:13;4;8;.500;1;4;.250;2;2;1.000;2;3;5;0;2;1;1;4;11;-18;
Jalen Suggs;27:51;5;12;.417;4;8;.500;1;2;.500;0;4;4;2;1;0;5;5;15;-11;
Wendell Carter Jr.;27:46;3;7;.429;1;5;.200;2;2;1.000;3;6;9;1;0;1;2;2;9;-2;
Franz Wagner;26:55;6;13;.462;2;7;.286;1;2;.500;0;2;2;4;1;1;0;2;15;-5;
R.J. Hampton;25:42;4;8;.500;2;3;.667;2;4;.500;0;6;6;4;1;1;1;2;12;-12;
Terrence Ross;21:31;0;7;.000;0;6;.000;0;0;;0;0;0;2;0;0;3;2;0;-21;
Gary Harris;18:56;1;3;.333;0;1;.000;0;0;;0;0;0;2;0;0;1;2;2;-3;
Moritz Wagner;11:22;1;3;.333;1;3;.333;0;0;;0;2;2;0;0;1;0;1;3;-7;
Robin Lopez;10:33;4;5;.800;0;0;;3;5;.600;1;0;1;0;0;1;0;0;11;-4;
Ignas Brazdeikis;9:13;0;2;.000;0;2;.000;0;0;;0;1;1;1;0;0;0;2;0;+3;
E'Twaun Moore;Did Not Play;
Team Totals;240;33;81;.407;12;44;.273;12;19;.632;6;33;39;21;7;6;16;22;90;;
Guest Advanced
Cole Anthony;31:58;.432;.423;.385;.154;0.0;32.2;16.7;29.5;3.1;0.0;17.8;24.1;82;107;-0.7;
Mo Bamba;28:13;.619;.563;.500;.250;8.7;12.2;10.5;0.0;3.6;2.8;10.1;16.0;115;108;0.0;
Jalen Suggs;27:51;.582;.583;.667;.167;0.0;16.4;8.5;14.1;1.8;0.0;28.0;29.2;80;114;-5.7;
Wendell Carter Jr.;27:46;.571;.500;.714;.286;13.3;24.7;19.2;6.2;0.0;2.9;20.2;16.2;104;113;-3.3;
Franz Wagner;26:55;.540;.538;.538;.154;0.0;8.5;4.4;32.0;1.9;3.0;0.0;23.5;116;113;7.8;
R.J. Hampton;25:42;.615;.625;.375;.500;0.0;26.7;13.8;29.3;2.0;3.1;9.3;19.1;120;108;8.1;
Terrence Ross;21:31;.000;.000;.857;.000;0.0;0.0;0.0;13.5;0.0;0.0;30.0;21.2;13;121;-25.4;
Gary Harris;18:56;.333;.333;.333;.000;0.0;0.0;0.0;16.6;0.0;0.0;25.0;9.6;71;121;-11.0;
Moritz Wagner;11:22;.500;.500;1.000;.000;0.0;20.1;10.4;0.0;0.0;7.0;0.0;12.0;96;111;-2.2;
Robin Lopez;10:33;.764;.800;.000;1.000;11.7;0.0;5.6;0.0;0.0;7.6;0.0;31.1;153;115;17.9;
Ignas Brazdeikis;9:13;.000;.000;1.000;.000;0.0;12.4;6.4;15.8;0.0;0.0;0.0;9.9;29;118;-15.1;
E'Twaun Moore;Did Not Play;
Team Totals;240;.504;.481;.543;.235;15.4;78.6;48.1;63.6;7.3;10.0;15.2;100.0;94.4;112.2;;
Home Basic
Jimmy Butler;32:55;15;21;.714;0;0;;6;6;1.000;0;3;3;2;5;0;1;2;36;+8;
Kyle Lowry;31:11;4;11;.364;1;6;.167;0;0;;1;1;2;8;1;0;3;4;9;+12;
Bam Adebayo;29:02;4;9;.444;0;0;;8;8;1.000;3;10;13;2;1;0;0;1;16;+8;
Duncan Robinson;27:28;3;10;.300;2;8;.250;2;2;1.000;0;5;5;3;0;0;2;2;10;+2;
P.J. Tucker;21:12;0;4;.000;0;2;.000;0;0;;0;1;1;0;0;0;0;1;0;+7;
Tyler Herro;29:31;5;12;.417;1;3;.333;2;2;1.000;0;5;5;9;0;0;3;1;13;+19;
Markieff Morris;25:10;7;11;.636;1;4;.250;1;1;1.000;1;2;3;1;1;1;0;3;16;+11;
Max Strus;19:39;2;6;.333;1;4;.250;0;0;;0;1;1;1;0;0;0;2;5;+12;
Dewayne Dedmon;17:20;1;3;.333;0;0;;0;0;;4;4;8;1;2;1;1;3;2;+10;
Marcus Garrett;1:38;0;0;;0;0;;0;0;;0;0;0;0;0;0;0;0;0;-1;
KZ Okpala;1:38;0;0;;0;0;;0;0;;0;1;1;0;0;0;0;0;0;-1;
Gabe Vincent;1:38;0;0;;0;0;;0;0;;0;0;0;1;0;0;0;0;0;-1;
Omer Yurtseven;1:38;0;0;;0;0;;0;0;;0;0;0;0;0;0;0;0;0;-1;
Udonis Haslem;Did Not Play;
Team Totals;240;41;87;.471;6;27;.222;19;19;1.000;9;33;42;28;10;2;10;19;107;;
Home Advanced
Jimmy Butler;32:55;.761;.714;.000;.286;0.0;11.2;5.4;15.2;7.6;0.0;4.1;34.1;145;84;21.7;
Kyle Lowry;31:11;.409;.409;.545;.000;3.7;3.9;3.8;35.3;1.6;0.0;21.4;20.5;89;99;-5.1;
Bam Adebayo;29:02;.639;.444;.000;.889;11.8;42.4;26.5;9.6;1.7;0.0;0.0;19.6;149;92;7.7;
Duncan Robinson;27:28;.460;.400;.800;.200;0.0;22.4;10.8;14.7;0.0;0.0;15.5;21.4;87;99;-5.6;
P.J. Tucker;21:12;.000;.000;.500;.000;0.0;5.8;2.8;0.0;0.0;0.0;0.0;8.6;0;102;-15.0;
Tyler Herro;29:31;.505;.458;.250;.167;0.0;20.8;10.0;44.5;0.0;0.0;18.9;24.5;101;100;1.7;
Markieff Morris;25:10;.699;.682;.364;.091;4.5;9.8;7.1;6.9;2.0;5.2;0.0;20.7;140;94;7.8;
Max Strus;19:39;.417;.417;.667;.000;0.0;6.3;3.0;6.8;0.0;0.0;0.0;13.9;91;102;-7.1;
Dewayne Dedmon;17:20;.333;.333;.000;.000;26.4;28.4;27.4;7.2;5.8;7.5;25.0;10.5;105;80;0.0;
Marcus Garrett;1:38;;;;;0.0;0.0;0.0;0.0;0.0;0.0;;0.0;0;104;-5.2;
KZ Okpala;1:38;;;;;0.0;75.4;36.3;0.0;0.0;0.0;;0.0;0;89;-1.0;
Gabe Vincent;1:38;;;;;0.0;0.0;0.0;71.7;0.0;0.0;;0.0;215;104;12.1;
Omer Yurtseven;1:38;;;;;0.0;0.0;0.0;0.0;0.0;0.0;;0.0;0;104;-6.8;
Udonis Haslem;Did Not Play;
Team Totals;240;.561;.506;.310;.218;21.4;84.6;51.9;68.3;10.5;5.4;9.5;100.0;112.2;94.4;;
