202111220CHI-OKC;ATL;OKC;False;8:00 PM, November 22, 2021;United Center, Chicago, Illinois;1:59
101;
113;
Guest Basic
Malcolm Brogdon;28:32;4;9;.444;2;5;.400;6;6;1.000;0;4;4;7;1;2;1;1;16;+28;
Domantas Sabonis;26:20;8;14;.571;0;2;.000;5;5;1.000;4;7;11;4;1;0;3;4;21;+22;
Myles Turner;25:41;5;9;.556;2;2;1.000;0;1;.000;1;9;10;1;0;4;0;2;12;+25;
Justin Holiday;25:32;5;9;.556;4;7;.571;0;0;;0;4;4;2;1;0;1;1;14;+27;
Caris LeVert;20:03;6;9;.667;0;2;.000;0;0;;0;2;2;2;1;1;2;0;12;+25;
Chris Duarte;22:32;3;11;.273;2;6;.333;1;2;.500;0;6;6;3;1;1;2;0;9;+14;
T.J. McConnell;20:51;1;4;.250;0;0;;2;2;1.000;3;3;6;3;0;0;1;1;4;+10;
Kelan Martin;19:32;3;7;.429;1;3;.333;0;0;;0;1;1;2;1;0;0;1;7;+9;
Torrey Craig;17:06;2;3;.667;0;1;.000;0;0;;0;4;4;1;1;2;0;2;4;+4;
Jeremy Lamb;9:11;2;4;.500;1;2;.500;0;0;;0;2;2;2;0;0;0;0;5;+1;
Oshae Brissett;6:44;1;2;.500;1;1;1.000;0;0;;1;1;2;0;0;1;0;0;3;-2;
Brad Wanamaker;6:44;0;1;.000;0;0;;2;2;1.000;0;1;1;0;0;0;0;1;2;-2;
Goga Bitadze;6:44;0;5;.000;0;0;;0;0;;2;3;5;0;0;0;1;1;0;-2;
Isaiah Jackson;4:28;0;3;.000;0;0;;0;0;;0;1;1;0;0;1;0;1;0;+1;
Team Totals;240;40;90;.444;13;31;.419;16;18;.889;11;48;59;27;7;12;11;15;109;;
Guest Advanced
Malcolm Brogdon;28:32;.687;.556;.556;.667;0.0;12.7;6.9;35.4;1.8;5.9;7.9;19.5;148;80;14.0;
Domantas Sabonis;26:20;.648;.571;.143;.357;16.6;24.1;20.7;28.7;1.9;0.0;15.6;32.1;124;83;7.6;
Myles Turner;25:41;.636;.667;.222;.111;4.2;31.7;19.3;6.1;0.0;13.1;0.0;16.2;130;73;8.5;
Justin Holiday;25:32;.778;.778;.778;.000;0.0;14.2;7.8;12.3;2.0;0.0;10.0;17.3;134;85;8.2;
Caris LeVert;20:03;.667;.667;.222;.000;0.0;9.0;4.9;18.7;2.5;4.2;18.2;24.2;106;81;4.6;
Chris Duarte;22:32;.379;.364;.545;.182;0.0;24.1;13.2;19.0;2.2;3.7;14.4;27.1;78;80;-2.8;
T.J. McConnell;20:51;.410;.250;.000;.500;15.7;13.0;14.2;18.3;0.0;0.0;17.0;12.4;115;90;-4.4;
Kelan Martin;19:32;.500;.500;.429;.000;0.0;4.6;2.5;15.1;2.6;0.0;0.0;15.8;114;86;0.8;
Torrey Craig;17:06;.667;.667;.333;.000;0.0;21.2;11.6;8.2;3.0;9.8;0.0;7.7;142;72;6.5;
Jeremy Lamb;9:11;.625;.625;.500;.000;0.0;19.7;10.8;35.4;0.0;0.0;0.0;19.2;141;89;10.1;
Goga Bitadze;6:44;.000;.000;.000;.000;32.4;40.4;36.7;0.0;0.0;0.0;16.7;39.3;27;84;-40.6;
Oshae Brissett;6:44;.750;.750;.500;.000;16.2;13.5;14.7;0.0;0.0;12.5;0.0;13.1;157;78;12.6;
Brad Wanamaker;6:44;.532;.000;.000;2.000;0.0;13.5;7.3;0.0;0.0;0.0;0.0;12.3;126;89;-8.7;
Isaiah Jackson;4:28;.000;.000;.000;.000;0.0;20.3;11.1;0.0;0.0;18.9;0.0;29.6;0;69;-29.4;
Team Totals;240;.557;.517;.344;.200;25.0;90.6;60.8;67.5;7.4;21.1;10.1;100.0;115.1;81.3;;
Home Basic
DeMar DeRozan;26:32;8;16;.500;0;1;.000;2;2;1.000;0;1;1;2;1;0;4;2;18;-18;
Zach LaVine;26:23;7;18;.389;3;7;.429;0;1;.000;1;1;2;3;0;0;3;0;17;-34;
Lonzo Ball;25:06;0;7;.000;0;4;.000;0;0;;0;5;5;2;0;1;1;1;0;-32;
Coby White;24:39;2;10;.200;0;3;.000;0;0;;0;5;5;3;0;0;0;4;4;-12;
Tony Bradley;17:19;3;4;.750;0;0;;0;0;;0;5;5;0;0;0;0;1;6;-15;
Troy Brown Jr.;30:22;2;9;.222;1;4;.250;1;2;.500;1;4;5;2;0;0;0;1;6;-6;
Ayo Dosunmu;23:50;3;4;.750;1;2;.500;0;0;;0;1;1;1;0;1;0;3;7;-17;
Derrick Jones Jr.;18:41;2;3;.667;0;0;;4;6;.667;2;3;5;0;1;0;0;1;8;-13;
Javonte Green;16:24;1;2;.500;0;0;;1;2;.500;1;3;4;0;2;0;0;2;3;-7;
Matt Thomas;12:00;2;7;.286;1;4;.250;0;0;;0;1;1;0;1;0;0;1;5;-4;
Devon Dotson;6:44;1;3;.333;0;2;.000;0;0;;0;3;3;0;0;0;0;0;2;+2;
Marko Simonovic;6:44;0;1;.000;0;1;.000;1;2;.500;0;1;1;0;0;0;1;0;1;+2;
Alize Johnson;5:16;0;1;.000;0;0;;0;0;;0;0;0;0;1;0;0;0;0;-6;
Tyler Cook;Did Not Play;
Team Totals;240;31;85;.365;6;28;.214;9;15;.600;5;33;38;13;6;2;9;16;77;;
Home Advanced
DeMar DeRozan;26:32;.533;.500;.063;.125;0.0;4.1;1.9;21.9;1.9;0.0;19.2;37.5;85;118;-1.8;
Zach LaVine;26:23;.461;.472;.389;.056;3.4;4.1;3.8;29.9;0.0;0.0;14.0;38.8;82;123;0.6;
Lonzo Ball;25:06;.000;.000;.571;.000;0.0;21.7;9.9;12.3;0.0;3.2;12.5;15.2;12;115;-15.4;
Coby White;24:39;.200;.200;.300;.000;0.0;22.1;10.0;21.6;0.0;0.0;0.0;19.4;52;117;-12.6;
Tony Bradley;17:19;.750;.750;.000;.000;0.0;31.5;14.3;0.0;0.0;0.0;0.0;11.0;144;114;0.0;
Troy Brown Jr.;30:22;.304;.278;.444;.222;3.0;14.4;8.1;11.4;0.0;0.0;0.0;15.5;73;119;-6.4;
Ayo Dosunmu;23:50;.875;.875;.500;.000;0.0;4.6;2.1;8.1;0.0;3.4;0.0;8.0;171;120;-0.5;
Derrick Jones Jr.;18:41;.709;.667;.000;2.000;9.7;17.5;13.2;0.0;2.7;0.0;0.0;14.4;154;112;4.6;
Javonte Green;16:24;.521;.500;.000;1.000;5.5;20.0;12.1;0.0;6.2;0.0;0.0;8.4;117;103;0.3;
Matt Thomas;12:00;.357;.357;.571;.000;0.0;9.1;4.1;0.0;4.2;0.0;0.0;27.8;69;111;-3.5;
Devon Dotson;6:44;.333;.333;.667;.000;0.0;48.6;22.0;0.0;0.0;0.0;0.0;21.3;65;108;-8.1;
Marko Simonovic;6:44;.266;.000;1.000;2.000;0.0;16.2;7.3;0.0;0.0;0.0;34.7;20.4;36;119;-17.2;
Alize Johnson;5:16;.000;.000;.000;.000;0.0;0.0;0.0;0.0;9.6;0.0;0.0;9.1;0;102;-4.9;
Tyler Cook;Did Not Play;
Team Totals;240;.420;.400;.329;.176;9.4;75.0;39.2;41.9;6.3;3.4;8.9;100.0;81.3;115.1;;
