202111040LAL-UTA;ATL;UTA;False;10:30 PM, November 4, 2021;Crypto.com Arena, Los Angeles, California;2:15
116;
98;
Guest Basic
Shai Gilgeous-Alexander;39:08;9;17;.529;4;7;.571;6;6;1.000;1;2;3;6;1;1;2;0;28;+14;
Luguentz Dort;35:00;4;14;.286;3;11;.273;6;6;1.000;0;3;3;3;0;0;3;3;17;-1;
Josh Giddey;31:54;2;9;.222;0;2;.000;1;2;.500;3;5;8;8;3;1;4;2;5;+8;
Derrick Favors;28:05;5;5;1.000;0;0;;0;0;;5;7;12;0;0;0;1;2;10;0;
Darius Bazley;24:03;6;12;.500;2;3;.667;0;2;.000;1;4;5;1;1;0;3;1;14;+7;
Kenrich Williams;29:41;5;11;.455;2;5;.400;1;2;.500;1;7;8;2;1;0;0;2;13;-3;
Ty Jerome;21:05;4;10;.400;3;8;.375;3;5;.600;0;3;3;3;1;0;1;3;14;+18;
Aleksej Pokusevski;10:12;0;4;.000;0;1;.000;0;0;;0;4;4;0;0;0;1;1;0;-13;
Jeremiah Robinson-Earl;9:59;0;0;;0;0;;0;0;;0;0;0;0;0;0;1;1;0;-1;
Mike Muscala;6:45;2;4;.500;1;3;.333;1;3;.333;0;3;3;0;0;0;0;1;6;-6;
Théo Maledon;4:08;0;1;.000;0;1;.000;0;0;;1;0;1;0;0;0;0;0;0;-8;
Isaiah Roby;Did Not Play;
Team Totals;240;37;87;.425;15;41;.366;18;26;.692;12;38;50;23;7;2;16;16;107;;
Guest Advanced
Shai Gilgeous-Alexander;39:08;.713;.647;.412;.353;2.7;4.5;3.7;28.3;1.3;2.0;9.2;23.2;142;111;10.9;
Luguentz Dort;35:00;.511;.393;.786;.429;0.0;7.6;4.2;13.1;0.0;0.0;15.3;23.5;100;113;-6.3;
Josh Giddey;31:54;.253;.222;.222;.222;10.0;13.9;12.2;35.4;4.6;2.5;28.8;18.2;78;98;-2.0;
Derrick Favors;28:05;1.000;1.000;.000;.000;19.0;22.2;20.7;0.0;0.0;0.0;16.7;9.0;170;106;1.6;
Darius Bazley;24:03;.543;.583;.250;.167;4.4;14.8;10.1;8.0;2.0;0.0;18.9;27.7;88;105;-3.3;
Kenrich Williams;29:41;.547;.545;.455;.182;3.6;21.0;13.1;11.2;1.7;0.0;0.0;16.8;123;103;1.6;
Ty Jerome;21:05;.574;.550;.800;.500;0.0;12.6;6.9;24.5;2.3;0.0;7.6;26.3;118;106;3.5;
Aleksej Pokusevski;10:12;.000;.000;.250;.000;0.0;34.9;19.0;0.0;0.0;0.0;20.0;20.6;0;100;-26.8;
Jeremiah Robinson-Earl;9:59;;;;;0.0;0.0;0.0;0.0;0.0;0.0;100.0;4.2;0;117;-14.4;
Mike Muscala;6:45;.564;.625;.750;.750;0.0;39.5;21.5;0.0;0.0;0.0;0.0;33.1;108;98;3.8;
Théo Maledon;4:08;.000;.000;1.000;.000;25.8;0.0;11.7;0.0;0.0;0.0;0.0;10.1;63;117;-12.7;
Isaiah Roby;Did Not Play;
Team Totals;240;.543;.511;.471;.299;26.7;70.4;50.5;62.2;7.2;3.3;14.0;100.0;109.5;106.4;;
Home Basic
Anthony Davis;38:07;11;20;.550;0;1;.000;7;9;.778;6;12;18;5;1;2;3;4;29;-14;
Russell Westbrook;34:39;10;23;.435;3;6;.500;4;4;1.000;1;5;6;5;0;0;4;2;27;+6;
Avery Bradley;31:41;4;7;.571;1;2;.500;0;0;;1;2;3;1;1;0;1;4;9;-5;
Kent Bazemore;22:28;0;4;.000;0;2;.000;2;2;1.000;0;2;2;2;0;1;0;1;2;-12;
DeAndre Jordan;14:08;0;2;.000;0;0;;1;2;.500;3;0;3;0;0;0;1;1;1;+5;
Carmelo Anthony;31:53;8;18;.444;5;10;.500;0;0;;2;4;6;2;2;1;1;3;21;+1;
Austin Reaves;22:08;3;6;.500;2;5;.400;0;0;;1;1;2;0;1;0;0;2;8;0;
Rajon Rondo;15:02;0;4;.000;0;1;.000;0;0;;1;1;2;4;1;0;3;2;0;-7;
Malik Monk;13:28;1;3;.333;0;1;.000;0;0;;0;1;1;2;0;0;0;2;2;+6;
Wayne Ellington;8:30;1;6;.167;1;5;.200;0;0;;1;1;2;1;0;0;0;0;3;-3;
Dwight Howard;7:56;1;1;1.000;0;0;;0;0;;0;4;4;0;2;1;0;0;2;+8;
Sekou Doumbouya;Did Not Play;
Team Totals;240;39;94;.415;12;33;.364;14;17;.824;16;33;49;22;8;5;13;21;104;;
Home Advanced
Anthony Davis;38:07;.605;.550;.050;.450;14.0;33.6;22.9;25.0;1.3;5.5;11.1;29.7;125;102;8.4;
Russell Westbrook;34:39;.545;.500;.261;.174;2.6;15.4;8.4;27.5;0.0;0.0;13.9;34.8;106;114;0.1;
Avery Bradley;31:41;.643;.643;.286;.000;2.8;6.7;4.6;4.6;1.5;0.0;12.5;10.6;119;113;-4.6;
Kent Bazemore;22:28;.205;.000;.500;.500;0.0;9.5;4.3;11.0;0.0;4.6;0.0;9.1;74;114;-8.0;
DeAndre Jordan;14:08;.174;.000;.000;1.000;18.9;0.0;10.3;0.0;0.0;0.0;25.8;11.5;67;120;-17.0;
Carmelo Anthony;31:53;.583;.583;.556;.000;5.6;13.4;9.1;11.2;3.1;3.3;5.3;25.0;121;106;6.9;
Austin Reaves;22:08;.667;.667;.833;.000;4.0;4.8;4.4;0.0;2.2;0.0;0.0;11.4;141;113;-0.7;
Rajon Rondo;15:02;.000;.000;.250;.000;5.9;7.1;6.5;32.7;3.3;0.0;42.9;19.5;39;109;-17.4;
Malik Monk;13:28;.333;.333;.333;.000;0.0;7.9;3.6;20.1;0.0;0.0;0.0;9.3;102;116;-9.8;
Wayne Ellington;8:30;.250;.250;.833;.000;10.5;12.5;11.4;16.9;0.0;0.0;0.0;29.6;77;116;-10.9;
Dwight Howard;7:56;1.000;1.000;.000;.000;0.0;53.8;24.4;0.0;12.4;13.2;0.0;5.3;200;67;17.2;
Sekou Doumbouya;Did Not Play;
Team Totals;240;.512;.479;.351;.181;29.6;73.3;49.5;56.4;8.2;10.9;11.4;100.0;106.4;109.5;;
