202111190PHO-LAL;BOS;LAL;False;10:00 PM, November 19, 2021;Phoenix Suns Arena, Phoenix, Arizona;2:14
108;
130;
Guest Basic
Tim Hardaway Jr.;35:05;7;21;.333;2;10;.200;2;2;1.000;0;4;4;1;1;0;0;1;18;-15;
Jalen Brunson;34:35;7;19;.368;1;4;.250;3;4;.750;0;4;4;10;1;0;2;2;18;-12;
Dorian Finney-Smith;33:03;4;8;.500;3;6;.500;1;3;.333;1;2;3;1;1;0;1;2;12;-10;
Kristaps Porziņģis;30:00;8;13;.615;3;6;.500;4;4;1.000;4;8;12;2;2;1;2;2;23;-7;
Dwight Powell;19:47;1;2;.500;0;0;;0;0;;3;1;4;2;0;0;0;1;2;-9;
Reggie Bullock;27:36;3;8;.375;0;5;.000;0;0;;0;3;3;0;2;0;0;1;6;-8;
Frank Ntilikina;17:35;0;7;.000;0;4;.000;4;4;1.000;0;3;3;5;3;0;2;3;4;+2;
Sterling Brown;16:11;1;1;1.000;1;1;1.000;2;2;1.000;1;3;4;1;2;0;1;1;5;+1;
Trey Burke;14:48;3;8;.375;1;3;.333;1;2;.500;0;0;0;1;2;0;2;1;8;0;
Willie Cauley-Stein;9:20;3;3;1.000;1;1;1.000;1;2;.500;1;2;3;1;0;0;0;1;8;+11;
Josh Green;2:00;0;0;;0;0;;0;0;;0;0;0;1;1;0;0;2;0;+7;
Boban Marjanović;Did Not Play;
Moses Brown;Did Not Play;
Team Totals;240;37;90;.411;12;40;.300;18;23;.783;10;30;40;25;15;1;10;17;104;;
Guest Advanced
Tim Hardaway Jr.;35:05;.411;.381;.476;.095;0.0;13.7;5.9;5.0;1.4;0.0;0.0;27.2;85;120;-7.2;
Jalen Brunson;34:35;.434;.395;.211;.211;0.0;13.9;6.0;50.9;1.4;0.0;8.8;28.7;99;119;-1.2;
Dorian Finney-Smith;33:03;.644;.688;.750;.375;2.7;7.3;4.7;4.7;1.5;0.0;9.7;13.6;113;121;-1.9;
Kristaps Porziņģis;30:00;.779;.731;.462;.308;12.1;32.0;20.6;13.2;3.3;2.9;11.9;24.4;139;109;13.3;
Dwight Powell;19:47;.500;.500;.000;.000;13.7;6.1;10.4;14.0;0.0;0.0;0.0;4.4;160;124;-4.3;
Reggie Bullock;27:36;.375;.375;.625;.000;0.0;13.0;5.6;0.0;3.6;0.0;0.0;12.6;75;115;-6.9;
Frank Ntilikina;17:35;.228;.000;.571;.571;0.0;20.5;8.8;36.9;8.4;0.0;18.6;26.7;63;102;-6.0;
Sterling Brown;16:11;1.330;1.500;1.000;2.000;5.6;22.2;12.8;8.7;6.1;0.0;34.7;7.8;163;107;8.6;
Trey Burke;14:48;.450;.438;.375;.250;0.0;0.0;0.0;11.9;6.6;0.0;18.4;32.0;74;110;-5.1;
Willie Cauley-Stein;9:20;1.031;1.167;.333;.667;9.7;25.7;16.6;23.8;0.0;0.0;0.0;18.1;201;120;19.4;
Josh Green;2:00;;;;;0.0;0.0;0.0;64.9;24.6;0.0;;0.0;232;66;20.4;
Boban Marjanović;Did Not Play;
Moses Brown;Did Not Play;
Team Totals;240;.519;.478;.444;.256;18.9;75.0;43.0;67.6;15.4;1.8;9.1;100.0;106.6;114.8;;
Home Basic
Mikal Bridges;36:35;7;7;1.000;3;3;1.000;2;2;1.000;1;3;4;3;1;1;1;4;19;+9;
Chris Paul;33:32;7;14;.500;2;4;.500;2;2;1.000;0;5;5;14;3;0;5;2;18;+10;
Devin Booker;30:34;7;20;.350;3;8;.375;2;2;1.000;1;0;1;1;0;1;4;2;19;-7;
Deandre Ayton;29:15;4;7;.571;0;0;;0;0;;2;15;17;2;1;1;1;3;8;-8;
Jae Crowder;26:55;2;6;.333;1;4;.250;0;0;;0;4;4;1;1;0;0;3;5;+3;
Cameron Johnson;22:17;5;8;.625;3;5;.600;0;2;.000;0;4;4;1;0;0;1;0;13;+8;
Landry Shamet;20:34;2;6;.333;2;4;.500;0;0;;0;4;4;2;0;0;0;0;6;+9;
JaVale McGee;15:59;7;10;.700;0;0;;0;0;;3;3;6;2;1;0;1;2;14;+13;
Cameron Payne;14:28;3;7;.429;0;1;.000;4;4;1.000;2;2;4;2;0;1;2;2;10;-2;
Abdel Nader;7:30;0;0;;0;0;;0;2;.000;0;2;2;0;0;0;1;4;0;+5;
Chandler Hutchison;0:47;0;0;;0;0;;0;0;;0;1;1;0;0;0;1;0;0;0;
Jalen Smith;0:47;0;0;;0;0;;0;0;;1;0;1;0;0;0;0;0;0;0;
Ish Wainright;0:47;0;0;;0;0;;0;0;;0;0;0;0;0;0;0;0;0;0;
Elfrid Payton;Did Not Play;
Team Totals;240;44;85;.518;14;29;.483;10;14;.714;10;43;53;28;7;4;17;22;112;;
Home Advanced
Mikal Bridges;36:35;1.206;1.214;.429;.286;3.3;7.4;5.6;11.3;1.3;2.6;11.3;10.8;206;108;12.0;
Chris Paul;33:32;.605;.571;.286;.143;0.0;13.5;7.7;59.0;4.4;0.0;25.2;26.3;119;102;7.7;
Devin Booker;30:34;.455;.425;.400;.100;3.9;0.0;1.7;4.8;0.0;3.1;16.1;36.1;82;113;-11.0;
Deandre Ayton;29:15;.571;.571;.000;.000;8.2;46.4;30.0;8.8;1.7;3.3;12.5;12.1;119;95;2.5;
Jae Crowder;26:55;.417;.417;.667;.000;0.0;13.5;7.7;4.4;1.8;0.0;0.0;9.9;97;107;-3.9;
Cameron Johnson;22:17;.732;.813;.625;.250;0.0;16.3;9.3;6.5;0.0;0.0;10.1;19.7;121;111;4.7;
Landry Shamet;20:34;.500;.500;.667;.000;0.0;17.6;10.0;11.9;0.0;0.0;0.0;12.9;119;110;0.2;
JaVale McGee;15:59;.700;.700;.000;.000;22.5;17.0;19.4;26.1;3.1;0.0;9.1;30.5;136;103;11.3;
Cameron Payne;14:28;.571;.429;.143;.571;16.6;12.5;14.3;19.5;0.0;6.6;18.6;33.0;113;107;0.4;
Abdel Nader;7:30;.000;;;;0.0;24.2;13.8;0.0;0.0;0.0;53.2;11.1;0;107;-23.5;
Chandler Hutchison;0:47;;;;;0.0;100.0;65.9;0.0;0.0;0.0;100.0;56.7;0;80;-56.3;
Jalen Smith;0:47;;;;;100.0;0.0;65.9;0.0;0.0;0.0;;0.0;228;116;7.3;
Ish Wainright;0:47;;;;;0.0;0.0;0.0;0.0;0.0;0.0;;0.0;0;116;-4.3;
Elfrid Payton;Did Not Play;
Team Totals;240;.614;.600;.341;.165;25.0;81.1;57.0;63.6;7.2;8.0;15.7;100.0;114.8;106.6;;
