202111190DEN-LAL;BOS;LAL;False;9:00 PM, November 19, 2021;Ball Arena, Denver, Colorado;2:12
108;
130;
Guest Basic
Lonzo Ball;37:53;3;9;.333;1;6;.167;0;0;;0;3;3;6;1;0;1;1;7;+6;
Zach LaVine;36:49;14;24;.583;4;9;.444;4;4;1.000;0;5;5;4;1;0;2;1;36;+9;
DeMar DeRozan;36:22;7;21;.333;0;2;.000;12;12;1.000;0;6;6;4;2;0;0;1;26;-4;
Alex Caruso;34:18;1;8;.125;0;5;.000;2;2;1.000;1;3;4;2;1;1;0;3;4;-7;
Tony Bradley;15:14;3;3;1.000;0;0;;2;2;1.000;3;2;5;2;0;0;2;3;8;-5;
Derrick Jones Jr.;23:32;7;10;.700;0;1;.000;2;2;1.000;3;5;8;0;0;1;1;4;16;+9;
Ayo Dosunmu;22:38;4;8;.500;2;4;.500;0;0;;4;4;8;0;1;0;1;2;10;+6;
Javonte Green;22:21;1;3;.333;1;1;1.000;2;2;1.000;6;3;9;1;1;1;2;4;5;+20;
Coby White;10:53;1;7;.143;0;3;.000;0;0;;0;2;2;0;0;0;2;1;2;-4;
Troy Brown Jr.;Did Not Play;
Alize Johnson;Did Not Play;
Marko Simonovic;Did Not Play;
Tyler Cook;Did Not Play;
Matt Thomas;Did Not Play;
Team Totals;240;41;93;.441;8;31;.258;24;24;1.000;17;33;50;19;7;3;11;20;114;;
Guest Advanced
Lonzo Ball;37:53;.389;.389;.667;.000;0.0;9.5;4.3;20.4;1.4;0.0;10.0;11.1;103;119;-3.7;
Zach LaVine;36:49;.699;.667;.375;.167;0.0;16.3;7.4;22.9;1.4;0.0;7.2;31.6;141;117;13.5;
DeMar DeRozan;36:22;.495;.333;.095;.571;0.0;19.8;9.0;16.6;2.8;0.0;0.0;30.3;125;113;3.7;
Alex Caruso;34:18;.225;.125;.625;.250;2.9;10.5;6.4;7.1;1.5;3.1;0.0;10.8;78;116;-8.7;
Tony Bradley;15:14;1.031;1.000;.000;.667;19.7;15.8;17.9;20.0;0.0;0.0;34.0;16.2;145;120;4.9;
Derrick Jones Jr.;23:32;.735;.700;.100;.200;12.7;25.5;18.5;0.0;0.0;4.5;8.4;21.2;145;115;3.3;
Ayo Dosunmu;22:38;.625;.625;.500;.000;17.7;21.2;19.3;0.0;2.3;0.0;11.1;16.7;131;114;3.0;
Javonte Green;22:21;.644;.500;.333;.667;26.8;16.1;22.0;5.5;2.3;4.8;34.0;11.0;126;111;1.0;
Coby White;10:53;.143;.143;.429;.000;0.0;22.1;10.0;0.0;0.0;0.0;22.2;34.6;27;119;-35.7;
Troy Brown Jr.;Did Not Play;
Alize Johnson;Did Not Play;
Marko Simonovic;Did Not Play;
Tyler Cook;Did Not Play;
Matt Thomas;Did Not Play;
Team Totals;240;.550;.484;.333;.258;35.4;82.5;56.8;46.3;7.5;6.7;9.6;100.0;122.0;115.6;;
Home Basic
Aaron Gordon;36:50;10;12;.833;1;2;.500;7;9;.778;2;7;9;4;0;2;0;0;28;-7;
Will Barton;33:40;9;16;.563;3;8;.375;2;3;.667;0;4;4;3;0;1;2;1;23;+4;
Austin Rivers;32:57;3;5;.600;2;4;.500;1;2;.500;0;2;2;1;0;0;1;3;9;-1;
Jeff Green;29:10;3;10;.300;1;4;.250;2;2;1.000;1;3;4;4;1;0;3;4;9;-9;
Monte Morris;28:03;3;10;.300;0;3;.000;0;0;;0;3;3;5;1;0;0;2;6;-6;
Facundo Campazzo;26:48;5;9;.556;4;5;.800;2;2;1.000;1;1;2;4;2;0;1;3;16;-2;
PJ Dozier;22:26;3;7;.429;1;3;.333;2;2;1.000;2;8;10;2;0;1;2;4;9;-5;
Bones Hyland;18:40;2;7;.286;2;5;.400;0;0;;0;2;2;0;0;0;0;3;6;-5;
JaMychal Green;11:26;1;6;.167;0;3;.000;0;0;;1;1;2;1;1;1;2;2;2;+1;
Bol Bol;Did Not Play;
Petr Cornelie;Did Not Play;
Markus Howard;Did Not Play;
Team Totals;240;39;82;.476;14;37;.378;16;20;.800;7;31;38;24;5;5;11;22;108;;
Home Advanced
Aaron Gordon;36:50;.877;.875;.167;.750;6.5;19.0;13.3;20.1;0.0;4.2;0.0;20.4;185;120;15.6;
Will Barton;33:40;.664;.656;.500;.188;0.0;11.9;6.5;16.3;0.0;2.3;10.4;27.1;118;125;2.4;
Austin Rivers;32:57;.765;.800;.800;.400;0.0;6.1;3.3;4.2;0.0;0.0;14.5;9.8;124;129;-5.2;
Jeff Green;29:10;.414;.350;.400;.200;4.1;10.3;7.5;19.3;1.8;0.0;21.6;22.4;84;123;-9.7;
Monte Morris;28:03;.300;.300;.300;.000;0.0;10.7;5.8;25.3;1.8;0.0;0.0;16.8;89;122;-8.5;
Facundo Campazzo;26:48;.810;.778;.556;.222;4.5;3.7;4.1;23.8;3.8;0.0;9.2;19.1;152;121;10.4;
PJ Dozier;22:26;.571;.500;.429;.286;10.7;35.7;24.3;13.1;0.0;3.5;20.2;20.8;108;113;-3.0;
Bones Hyland;18:40;.429;.429;.714;.000;0.0;10.7;5.8;0.0;0.0;0.0;0.0;17.7;85;126;-12.3;
JaMychal Green;11:26;.167;.167;.500;.000;10.5;8.7;9.5;12.1;4.5;6.8;25.0;33.0;44;114;-22.0;
Bol Bol;Did Not Play;
Petr Cornelie;Did Not Play;
Markus Howard;Did Not Play;
Team Totals;240;.595;.561;.451;.244;17.5;64.6;43.2;61.5;5.4;8.1;10.8;100.0;115.6;122.0;;
