202110290MIA-IND;BRK;IND;False;7:30 PM, October 29, 2021;FTX Arena, Miami, Florida;2:18
98;
105;
Guest Basic
Miles Bridges;37:24;9;21;.429;2;9;.222;2;3;.667;1;7;8;1;2;1;4;3;22;-6;
Gordon Hayward;37:19;8;15;.533;5;8;.625;2;2;1.000;1;5;6;4;0;1;1;1;23;-9;
Kelly Oubre Jr.;36:17;7;12;.583;3;6;.500;0;1;.000;2;2;4;1;3;0;0;3;17;-6;
LaMelo Ball;30:12;2;14;.143;0;5;.000;2;2;1.000;2;3;5;6;0;1;2;3;6;-11;
Mason Plumlee;18:16;0;1;.000;0;0;;1;4;.250;3;2;5;2;0;1;0;1;1;-13;
Cody Martin;29:13;4;8;.500;2;4;.500;5;6;.833;0;3;3;2;1;0;0;1;15;-5;
P.J. Washington;22:24;3;7;.429;1;3;.333;2;2;1.000;2;3;5;0;2;2;3;0;9;-5;
Ish Smith;17:42;2;9;.222;0;0;;0;0;;0;0;0;3;0;0;1;3;4;-4;
Jalen McDaniels;11:13;0;3;.000;0;2;.000;2;2;1.000;0;1;1;2;0;0;0;2;2;-16;
Nick Richards;Did Not Play;
James Bouknight;Did Not Play;
Kai Jones;Did Not Play;
Terry Rozier;Did Not Dress;
Team Totals;240;35;90;.389;13;37;.351;16;22;.727;11;26;37;21;8;6;11;17;99;;
Guest Advanced
Miles Bridges;37:24;.493;.476;.429;.143;2.3;21.4;10.6;5.5;2.6;2.3;15.2;30.5;84;112;-3.4;
Gordon Hayward;37:19;.724;.700;.533;.133;2.3;15.3;8.0;20.8;0.0;2.3;5.9;19.6;139;121;9.1;
Kelly Oubre Jr.;36:17;.683;.708;.500;.083;4.8;6.3;5.5;5.1;4.1;0.0;0.0;14.9;137;116;5.7;
LaMelo Ball;30:12;.202;.143;.357;.143;5.8;11.4;8.2;30.0;0.0;2.8;11.8;24.2;64;122;-12.7;
Mason Plumlee;18:16;.181;.000;.000;4.000;14.3;12.5;13.5;15.0;0.0;4.7;0.0;6.6;108;121;-3.6;
Cody Martin;29:13;.705;.625;.500;.750;0.0;11.7;5.1;11.6;1.7;0.0;0.0;15.8;149;119;5.3;
P.J. Washington;22:24;.571;.500;.429;.286;7.8;15.3;11.0;0.0;4.4;7.7;27.6;21.1;87;108;1.2;
Ish Smith;17:42;.222;.222;.000;.000;0.0;0.0;0.0;27.5;0.0;0.0;10.0;24.5;57;128;-18.6;
Jalen McDaniels;11:13;.258;.000;.667;.667;0.0;10.2;4.4;24.5;0.0;0.0;0.0;15.0;82;124;-9.1;
Nick Richards;Did Not Play;
James Bouknight;Did Not Play;
Kai Jones;Did Not Play;
Terry Rozier;Did Not Dress;
Team Totals;240;.497;.461;.411;.244;20.0;61.9;38.1;60.0;8.2;10.7;9.9;100.0;102.0;117.5;;
Home Basic
Jimmy Butler;36:27;12;19;.632;1;3;.333;7;7;1.000;5;5;10;5;1;1;4;3;32;-1;
Kyle Lowry;36:19;2;10;.200;0;4;.000;0;0;;0;6;6;5;1;1;2;3;4;+11;
Bam Adebayo;35:43;10;16;.625;0;0;;6;6;1.000;4;15;19;2;2;1;5;2;26;+18;
Duncan Robinson;26:12;4;14;.286;2;11;.182;0;0;;1;2;3;1;1;0;0;2;10;-5;
P.J. Tucker;22:32;1;5;.200;0;4;.000;0;0;;3;3;6;0;0;0;1;3;2;-2;
Tyler Herro;31:53;9;13;.692;4;6;.667;4;4;1.000;0;4;4;6;1;0;3;2;26;+20;
Max Strus;19:50;2;5;.400;2;5;.400;0;0;;0;3;3;2;0;0;1;1;6;+22;
Markieff Morris;19:35;3;9;.333;0;2;.000;2;2;1.000;2;1;3;1;0;0;0;3;8;+10;
Dewayne Dedmon;11:29;0;0;;0;0;;0;0;;1;5;6;1;0;0;1;1;0;+2;
Omer Yurtseven;Did Not Play;
KZ Okpala;Did Not Play;
Udonis Haslem;Did Not Play;
Gabe Vincent;Did Not Play;
Team Totals;240;43;91;.473;9;35;.257;19;19;1.000;16;44;60;23;6;3;17;20;114;;
Home Advanced
Jimmy Butler;36:27;.725;.658;.158;.368;15.7;12.0;13.6;24.2;1.4;2.5;15.3;29.5;139;102;14.1;
Kyle Lowry;36:19;.200;.200;.400;.000;0.0;14.4;8.2;16.4;1.4;2.5;16.7;13.6;65;101;-8.2;
Bam Adebayo;35:43;.697;.625;.000;.375;12.8;36.7;26.3;9.1;2.8;2.5;21.2;27.3;121;90;8.8;
Duncan Robinson;26:12;.357;.357;.786;.000;4.4;6.7;5.7;5.1;1.9;0.0;0.0;22.0;96;104;-5.4;
P.J. Tucker;22:32;.200;.200;.800;.000;15.2;11.6;13.2;0.0;0.0;0.0;16.7;11.0;68;107;-10.9;
Tyler Herro;31:53;.881;.846;.462;.308;0.0;10.9;6.2;30.7;1.6;0.0;16.9;23.0;154;104;17.3;
Max Strus;19:50;.600;.600;1.000;.000;0.0;13.2;7.5;12.7;0.0;0.0;16.7;12.5;119;106;1.4;
Markieff Morris;19:35;.405;.333;.222;.222;11.7;4.5;7.6;6.9;0.0;0.0;0.0;20.8;113;109;-6.4;
Dewayne Dedmon;11:29;;;;;10.0;38.0;25.9;9.7;0.0;0.0;100.0;3.6;73;97;-1.2;
Omer Yurtseven;Did Not Play;
KZ Okpala;Did Not Play;
Udonis Haslem;Did Not Play;
Gabe Vincent;Did Not Play;
Team Totals;240;.574;.522;.385;.209;38.1;80.0;61.9;53.5;6.2;5.7;14.6;100.0;117.5;102.0;;
