202111270HOU-NYK;ATL;NYK;False;8:00 PM, November 27, 2021;Toyota Center, Houston, Texas;2:43
99;
90;
Guest Basic
Terry Rozier;43:19;9;23;.391;6;16;.375;7;7;1.000;1;2;3;5;1;1;1;1;31;+5;
LaMelo Ball;39:33;7;19;.368;2;6;.333;3;3;1.000;4;7;11;13;1;0;2;5;19;-14;
Gordon Hayward;35:13;6;16;.375;2;4;.500;7;9;.778;1;2;3;3;1;0;1;2;21;-6;
P.J. Washington;34:52;5;7;.714;3;4;.750;0;0;;2;3;5;6;2;2;2;2;13;+4;
Miles Bridges;33:00;8;12;.667;2;5;.400;4;4;1.000;2;3;5;2;0;0;4;1;22;-14;
Kelly Oubre Jr.;36:00;8;19;.421;2;10;.200;5;6;.833;3;1;4;0;3;2;0;4;23;+17;
Jalen McDaniels;21:15;2;3;.667;1;2;.500;0;0;;1;5;6;2;1;0;1;3;5;+5;
Cody Martin;14:34;2;3;.667;2;3;.667;0;0;;0;0;0;0;1;0;0;4;6;-12;
Nick Richards;7:14;1;1;1.000;0;0;;1;1;1.000;2;0;2;0;0;0;0;1;3;0;
James Bouknight;Did Not Play;
Kai Jones;Did Not Play;
Ish Smith;Did Not Play;
Team Totals;265;48;103;.466;20;50;.400;27;30;.900;16;23;39;31;10;5;11;23;143;;
Guest Advanced
Terry Rozier;43:19;.594;.522;.696;.304;2.6;7.4;4.6;16.5;1.2;2.7;3.7;26.0;137;142;0.8;
LaMelo Ball;39:33;.468;.421;.316;.158;11.4;28.4;18.4;45.1;1.3;0.0;9.0;23.5;130;138;-1.3;
Gordon Hayward;35:13;.526;.438;.250;.563;3.2;9.1;5.6;11.6;1.4;0.0;4.8;24.8;122;142;-7.0;
P.J. Washington;34:52;.929;.929;.571;.000;6.5;13.8;9.5;22.6;2.9;6.6;22.2;10.8;158;134;8.2;
Miles Bridges;33:00;.799;.750;.417;.333;6.8;14.6;10.0;9.1;0.0;0.0;22.5;22.4;127;144;-2.9;
Kelly Oubre Jr.;36:00;.531;.474;.526;.316;9.4;4.5;7.4;0.0;4.2;6.4;0.0;25.0;126;133;-2.7;
Jalen McDaniels;21:15;.833;.833;.667;.000;5.3;37.8;18.7;11.6;2.4;0.0;25.0;7.8;140;133;-2.3;
Cody Martin;14:34;1.000;1.000;1.000;.000;0.0;0.0;0.0;0.0;3.4;0.0;0.0;8.6;193;137;-1.4;
Nick Richards;7:14;1.042;1.000;.000;1.000;31.2;0.0;18.3;0.0;0.0;0.0;0.0;8.3;227;146;-2.7;
James Bouknight;Did Not Play;
Kai Jones;Did Not Play;
Ish Smith;Did Not Play;
Team Totals;265;.615;.563;.485;.291;34.0;69.7;48.8;64.6;9.4;10.9;8.6;100.0;134.8;137.7;;
Home Basic
Kevin Porter Jr.;42:10;7;16;.438;3;9;.333;6;10;.600;1;7;8;12;1;0;4;2;23;+11;
Christian Wood;40:40;13;19;.684;2;3;.667;5;7;.714;4;12;16;3;0;2;1;2;33;+16;
Garrison Mathews;37:58;6;10;.600;5;9;.556;3;5;.600;2;1;3;0;1;0;0;5;20;+12;
Eric Gordon;36:34;8;14;.571;4;7;.571;2;3;.667;0;1;1;7;1;0;2;2;22;+8;
Jae'Sean Tate;36:03;6;9;.667;2;4;.500;2;2;1.000;0;2;2;5;1;0;2;3;16;+15;
Armoni Brooks;20:10;5;11;.455;5;11;.455;0;0;;0;1;1;0;1;0;0;3;15;-13;
Danuel House Jr.;14:42;1;4;.250;0;2;.000;0;0;;0;2;2;1;0;0;0;3;2;-6;
Kenyon Martin Jr.;14:40;2;7;.286;1;1;1.000;2;2;1.000;1;2;3;1;0;0;0;1;7;-8;
Alperen Şengün;12:20;2;3;.667;0;1;.000;1;2;.500;2;3;5;4;0;2;4;2;5;-13;
D.J. Augustin;9:43;1;2;.500;1;2;.500;0;0;;0;0;0;3;0;0;0;2;3;-7;
Daniel Theis;Did Not Play;
David Nwaba;Did Not Play;
Team Totals;265;51;95;.537;23;49;.469;21;31;.677;10;31;41;36;5;4;13;25;146;;
Home Advanced
Kevin Porter Jr.;42:10;.564;.531;.563;.625;3.8;18.7;12.6;35.7;1.2;0.0;16.4;25.2;125;134;-2.0;
Christian Wood;40:40;.747;.737;.158;.368;15.8;33.3;26.1;11.5;0.0;4.9;4.3;24.7;155;128;6.6;
Garrison Mathews;37:58;.820;.850;.900;.500;8.5;3.0;5.2;0.0;1.3;0.0;0.0;14.0;166;139;0.4;
Eric Gordon;36:34;.718;.714;.500;.214;0.0;3.1;1.8;25.7;1.4;0.0;11.5;20.6;143;139;2.1;
Jae'Sean Tate;36:03;.810;.778;.444;.222;0.0;6.3;3.7;17.4;1.4;0.0;16.8;14.4;146;138;0.4;
Armoni Brooks;20:10;.682;.682;1.000;.000;0.0;5.6;3.3;0.0;2.5;0.0;0.0;23.8;134;136;0.7;
Danuel House Jr.;14:42;.250;.250;.500;.000;0.0;15.3;9.0;7.6;0.0;0.0;0.0;11.9;78;138;-16.4;
Kenyon Martin Jr.;14:40;.444;.357;.143;.286;11.0;15.4;13.6;8.3;0.0;0.0;0.0;23.4;118;138;-10.3;
Alperen Şengün;12:20;.644;.667;.333;.667;26.0;27.4;26.9;40.5;0.0;16.2;50.8;27.8;99;125;-0.4;
D.J. Augustin;9:43;.750;.750;1.000;.000;0.0;0.0;0.0;35.9;0.0;0.0;0.0;9.0;193;144;0.3;
Daniel Theis;Did Not Play;
David Nwaba;Did Not Play;
Team Totals;265;.672;.658;.516;.326;30.3;66.0;51.3;70.6;4.7;7.5;10.7;100.0;137.7;134.8;;
