202111030SAC-ATL;BRK;ATL;False;10:00 PM, November 3, 2021;Golden 1 Center, Sacramento, California;2:10
108;
117;
Guest Basic
Garrett Temple;34:15;4;12;.333;1;6;.167;3;4;.750;3;5;8;2;0;2;1;1;12;-4;
Nickeil Alexander-Walker;32:54;7;16;.438;1;6;.167;1;2;.500;1;3;4;4;1;0;3;4;16;-6;
Josh Hart;31:52;4;11;.364;1;4;.250;0;0;;0;3;3;2;0;0;1;2;9;-6;
Devonte' Graham;30:55;5;9;.556;4;7;.571;2;2;1.000;1;0;1;7;0;0;2;3;16;-2;
Jonas Valančiūnas;29:10;5;13;.385;2;3;.667;2;2;1.000;1;10;11;2;0;0;2;1;14;+4;
Naji Marshall;19:50;2;5;.400;1;3;.333;0;0;;2;3;5;0;0;0;1;0;5;-9;
Kira Lewis Jr.;16:51;6;9;.667;2;3;.667;0;0;;0;2;2;0;0;0;3;2;14;-14;
Trey Murphy III;13:59;0;2;.000;0;1;.000;0;0;;0;4;4;3;0;0;1;0;0;-5;
Tomáš Satoranský;12:56;2;5;.400;0;0;;1;1;1.000;0;0;0;2;0;0;2;1;5;-7;
Willy Hernangómez;10:45;2;2;1.000;0;0;;4;4;1.000;0;2;2;1;0;0;0;2;8;-11;
Jaxson Hayes;4:27;0;2;.000;0;1;.000;0;0;;0;0;0;0;0;1;0;0;0;-7;
Jose Alvarado;1:03;0;0;;0;0;;0;0;;0;0;0;0;0;0;0;0;0;+1;
Didi Louzada;1:03;0;0;;0;0;;0;0;;0;0;0;1;0;0;0;0;0;+1;
Brandon Ingram;Did Not Play;
Team Totals;240;37;86;.430;12;34;.353;13;15;.867;8;32;40;24;1;3;16;16;99;;
Guest Advanced
Garrett Temple;34:15;.436;.375;.500;.333;10.3;19.5;14.6;8.9;0.0;5.6;6.8;19.0;99;115;-1.9;
Nickeil Alexander-Walker;32:54;.474;.469;.375;.125;3.6;12.2;7.6;21.8;1.5;0.0;15.1;26.7;90;117;-5.9;
Josh Hart;31:52;.409;.409;.364;.000;0.0;12.6;5.9;9.7;0.0;0.0;8.3;16.6;82;121;-8.9;
Devonte' Graham;30:55;.810;.778;.778;.222;3.8;0.0;2.0;37.2;0.0;0.0;16.8;17.0;145;122;6.3;
Jonas Valančiūnas;29:10;.504;.462;.231;.154;4.0;45.7;23.5;11.4;0.0;0.0;12.6;24.1;95;118;-1.9;
Naji Marshall;19:50;.500;.500;.600;.000;11.8;20.2;15.7;0.0;0.0;0.0;16.7;13.4;94;120;-5.7;
Kira Lewis Jr.;16:51;.778;.778;.333;.000;0.0;15.8;7.4;0.0;0.0;0.0;25.0;31.5;95;120;-1.5;
Trey Murphy III;13:59;.000;.000;.500;.000;0.0;38.1;17.8;27.8;0.0;0.0;33.3;9.5;51;119;-6.1;
Tomáš Satoranský;12:56;.460;.400;.000;.200;0.0;0.0;0.0;25.1;0.0;0.0;26.9;25.4;78;122;-12.0;
Willy Hernangómez;10:45;1.064;1.000;.000;2.000;0.0;24.8;11.6;15.9;0.0;0.0;0.0;15.5;228;119;12.9;
Jaxson Hayes;4:27;.000;.000;.500;.000;0.0;0.0;0.0;0.0;0.0;21.6;0.0;19.9;0;101;-17.5;
Jose Alvarado;1:03;;;;;0.0;0.0;0.0;0.0;0.0;0.0;;0.0;0;122;-11.1;
Didi Louzada;1:03;;;;;0.0;0.0;0.0;100.0;0.0;0.0;;0.0;232;122;31.8;
Brandon Ingram;Did Not Play;
Team Totals;240;.535;.500;.395;.174;19.5;88.9;51.9;64.9;1.1;6.0;14.7;100.0;104.2;117.9;;
Home Basic
Harrison Barnes;38:47;5;8;.625;4;6;.667;9;10;.900;1;7;8;3;1;0;3;4;23;+13;
De'Aaron Fox;37:49;8;14;.571;2;3;.667;1;2;.500;0;2;2;5;1;0;1;2;19;+10;
Tyrese Haliburton;36:36;6;11;.545;1;3;.333;7;8;.875;0;4;4;7;4;2;0;1;20;+7;
Maurice Harkless;32:25;1;4;.250;1;4;.250;0;0;;0;5;5;1;1;1;1;2;3;-1;
Richaun Holmes;16:23;6;9;.667;0;1;.000;0;0;;1;5;6;1;0;0;1;4;12;-9;
Davion Mitchell;26:04;6;12;.500;0;2;.000;0;0;;0;2;2;8;0;0;0;2;12;+12;
Buddy Hield;22:57;4;13;.308;2;10;.200;1;2;.500;2;3;5;0;1;0;0;0;11;+12;
Alex Len;20:39;6;9;.667;0;1;.000;0;0;;0;5;5;2;0;3;2;5;12;+16;
Tristan Thompson;8:19;0;0;;0;0;;0;0;;0;0;0;0;0;1;0;1;0;+5;
Jahmi'us Ramsey;Did Not Play;
Marvin Bagley III;Did Not Play;
Damian Jones;Did Not Play;
Terence Davis;Did Not Play;
Chimezie Metu;Did Not Play;
Team Totals;240;42;80;.525;10;30;.333;18;22;.818;4;33;37;27;8;7;8;21;112;;
Home Advanced
Harrison Barnes;38:47;.927;.875;.750;1.250;3.4;21.1;12.9;10.4;1.3;0.0;19.5;19.5;148;106;4.6;
De'Aaron Fox;37:49;.638;.643;.214;.143;0.0;6.2;3.3;19.9;1.3;0.0;6.3;20.6;123;109;-1.0;
Tyrese Haliburton;36:36;.689;.591;.273;.727;0.0;12.8;6.8;26.9;5.5;5.0;0.0;19.5;152;95;12.7;
Maurice Harkless;32:25;.375;.375;1.000;.000;0.0;18.1;9.6;3.7;1.6;2.8;20.0;7.6;66;104;-5.6;
Richaun Holmes;16:23;.667;.667;.111;.000;8.1;35.7;22.8;12.0;0.0;0.0;10.0;30.0;116;105;-3.4;
Davion Mitchell;26:04;.500;.500;.167;.000;0.0;9.0;4.8;47.6;0.0;0.0;0.0;22.6;122;112;-1.7;
Buddy Hield;22:57;.396;.385;.769;.154;11.6;15.3;13.6;0.0;2.2;0.0;0.0;29.7;87;105;-8.9;
Alex Len;20:39;.667;.667;.111;.000;0.0;28.3;15.1;16.6;0.0;13.4;18.2;26.2;104;97;-0.5;
Tristan Thompson;8:19;;;;;0.0;0.0;0.0;0.0;0.0;11.1;;0.0;0;106;-5.9;
Jahmi'us Ramsey;Did Not Play;
Marvin Bagley III;Did Not Play;
Damian Jones;Did Not Play;
Terence Davis;Did Not Play;
Chimezie Metu;Did Not Play;
Team Totals;240;.624;.588;.375;.275;11.1;80.5;48.1;64.3;8.4;13.5;8.2;100.0;117.9;104.2;;
