202112010NOP-PHI;BOS;PHI;False;8:00 PM, December 1, 2021;Smoothie King Center, New Orleans, Louisiana;1:58
87;
88;
Guest Basic
Kristaps Porziņģis;27:47;9;15;.600;1;6;.167;1;1;1.000;1;9;10;2;0;2;1;2;20;+17;
Luka Dončić;27:27;11;16;.688;2;5;.400;4;4;1.000;1;3;4;14;1;0;8;1;28;+29;
Dorian Finney-Smith;24:25;2;2;1.000;2;2;1.000;0;0;;2;0;2;4;1;0;0;1;6;+23;
Reggie Bullock;18:26;2;3;.667;2;3;.667;0;0;;0;2;2;1;1;0;2;2;6;+18;
Dwight Powell;11:14;3;3;1.000;0;0;;1;1;1.000;0;2;2;1;1;0;1;2;7;+14;
Tim Hardaway Jr.;25:13;6;9;.667;4;7;.571;0;0;;0;2;2;1;0;0;0;2;16;+9;
Jalen Brunson;24:11;7;9;.778;3;4;.750;0;0;;0;0;0;3;0;0;1;1;17;+12;
Sterling Brown;19:33;3;4;.750;2;3;.667;0;0;;2;3;5;1;1;0;2;1;8;+13;
Trey Burke;16:48;4;7;.571;1;2;.500;0;0;;0;1;1;2;1;0;1;0;9;+7;
Maxi Kleber;16:26;2;4;.500;1;2;.500;0;0;;1;2;3;0;0;0;0;1;5;+16;
Boban Marjanović;10:14;4;5;.800;0;0;;0;1;.000;0;0;0;0;0;0;0;3;8;+6;
Josh Green;5:23;2;2;1.000;0;0;;0;0;;0;1;1;1;1;0;0;1;4;+2;
Eugene Omoruyi;5:23;0;1;.000;0;0;;0;0;;1;0;1;1;0;0;0;1;0;+2;
Moses Brown;3:45;2;2;1.000;0;0;;1;2;.500;1;0;1;0;0;0;2;1;5;-4;
JaQuori McLaughlin;3:45;0;1;.000;0;0;;0;0;;0;0;0;1;0;0;0;0;0;-4;
Team Totals;240;57;83;.687;18;34;.529;7;9;.778;9;25;34;32;7;2;18;19;139;;
Guest Advanced
Kristaps Porziņģis;27:47;.648;.633;.400;.067;6.9;37.9;26.2;8.3;0.0;6.6;6.1;27.1;138;108;0.1;
Luka Dončić;27:27;.788;.750;.313;.250;7.0;12.8;10.6;64.8;1.9;0.0;31.1;42.9;135;118;11.4;
Dorian Finney-Smith;24:25;1.500;1.500;1.000;.000;15.7;0.0;6.0;14.8;2.2;0.0;0.0;3.7;253;124;13.3;
Reggie Bullock;18:26;1.000;1.000;1.000;.000;0.0;12.7;7.9;5.0;2.9;0.0;40.0;12.4;112;116;1.2;
Dwight Powell;11:14;1.017;1.000;.000;.333;0.0;20.8;12.9;9.7;4.7;0.0;22.5;18.1;154;108;6.6;
Tim Hardaway Jr.;25:13;.889;.889;.778;.000;0.0;9.3;5.8;4.2;0.0;0.0;0.0;16.3;186;124;4.7;
Jalen Brunson;24:11;.944;.944;.444;.000;0.0;0.0;0.0;13.8;0.0;0.0;10.0;18.9;174;129;6.3;
Sterling Brown;19:33;1.000;1.000;.750;.000;19.6;18.0;18.6;4.9;2.7;0.0;33.3;14.0;138;114;5.8;
Trey Burke;16:48;.643;.643;.286;.000;0.0;7.0;4.3;12.5;3.1;0.0;12.5;21.8;130;118;-1.1;
Maxi Kleber;16:26;.625;.625;.500;.000;11.7;14.2;13.3;0.0;0.0;0.0;0.0;11.1;150;122;-4.1;
Boban Marjanović;10:14;.735;.800;.000;.200;0.0;0.0;0.0;0.0;0.0;0.0;0.0;24.3;143;129;-8.8;
Josh Green;5:23;1.000;1.000;.000;.000;0.0;21.7;13.5;22.8;9.8;0.0;0.0;17.0;207;95;22.3;
Eugene Omoruyi;5:23;.000;.000;.000;.000;35.7;0.0;13.5;15.6;0.0;0.0;0.0;8.5;130;129;-8.3;
Moses Brown;3:45;.868;1.000;.000;1.000;51.2;0.0;19.4;0.0;0.0;0.0;41.0;59.5;92;129;-23.3;
JaQuori McLaughlin;3:45;.000;.000;.000;.000;0.0;0.0;0.0;22.5;0.0;0.0;0.0;12.2;88;129;-14.1;
Team Totals;240;.799;.795;.410;.108;36.0;61.0;51.5;56.1;7.7;3.8;17.1;100.0;152.3;117.2;;
Home Basic
Brandon Ingram;30:52;11;17;.647;3;5;.600;4;4;1.000;0;2;2;3;0;0;2;0;29;-32;
Devonte' Graham;29:33;5;12;.417;3;7;.429;0;0;;0;1;1;6;2;0;2;0;13;-18;
Herbert Jones;26:18;1;8;.125;0;1;.000;1;1;1.000;3;1;4;1;1;1;1;2;3;-32;
Jonas Valančiūnas;24:33;1;8;.125;0;4;.000;4;4;1.000;1;4;5;1;1;0;2;2;6;-18;
Garrett Temple;21:30;3;6;.500;1;3;.333;0;0;;1;1;2;0;2;0;0;2;7;-17;
Nickeil Alexander-Walker;27:45;5;13;.385;2;8;.250;0;0;;0;2;2;4;1;0;0;1;12;-12;
Trey Murphy III;17:59;2;3;.667;1;2;.500;0;0;;1;1;2;2;0;0;0;2;5;-2;
Tomáš Satoranský;14:58;2;4;.500;1;2;.500;1;2;.500;2;2;4;1;1;0;1;0;6;-1;
Kira Lewis Jr.;14:43;5;6;.833;1;2;.500;0;0;;3;0;3;1;0;0;0;0;11;-9;
Willy Hernangómez;12:30;2;4;.500;0;0;;0;0;;4;1;5;2;0;0;1;2;4;-11;
Jaxson Hayes;6:57;1;2;.500;0;1;.000;0;0;;0;0;0;0;0;0;1;1;2;-3;
Naji Marshall;6:57;0;2;.000;0;1;.000;2;2;1.000;0;1;1;0;1;0;3;0;2;-3;
Jose Alvarado;5:23;2;4;.500;1;1;1.000;2;3;.667;1;0;1;1;1;0;0;0;7;-2;
Josh Hart;Did Not Dress;
Team Totals;240;40;89;.449;13;37;.351;14;16;.875;16;16;32;22;10;1;13;12;107;;
Home Advanced
Brandon Ingram;30:52;.773;.735;.294;.235;0.0;12.4;4.7;20.4;0.0;0.0;9.6;29.6;149;156;7.1;
Devonte' Graham;29:33;.542;.542;.583;.000;0.0;6.5;2.5;30.6;3.6;0.0;14.3;20.9;120;149;-1.2;
Herbert Jones;26:18;.178;.125;.125;.125;13.4;7.3;11.1;4.8;2.0;3.7;10.6;15.8;67;150;-16.4;
Jonas Valančiūnas;24:33;.307;.125;.500;.500;4.8;31.3;14.8;5.1;2.1;0.0;17.0;21.1;74;149;-19.0;
Garrett Temple;21:30;.583;.583;.500;.000;5.4;8.9;6.8;0.0;4.9;0.0;0.0;12.3;137;146;-3.8;
Nickeil Alexander-Walker;27:45;.462;.462;.615;.000;0.0;13.8;5.2;22.1;1.9;0.0;0.0;20.6;124;152;-4.7;
Trey Murphy III;17:59;.833;.833;.667;.000;6.5;10.7;8.1;15.4;0.0;0.0;0.0;7.3;192;156;-2.3;
Tomáš Satoranský;14:58;.615;.625;.500;.500;15.6;25.7;19.4;9.5;3.5;0.0;17.0;17.3;123;147;0.0;
Kira Lewis Jr.;14:43;.917;.917;.333;.000;23.9;0.0;14.8;13.8;0.0;0.0;0.0;17.9;194;158;12.0;
Willy Hernangómez;12:30;.500;.500;.000;.000;37.5;15.4;29.1;23.8;0.0;0.0;20.0;17.6;125;156;-7.6;
Jaxson Hayes;6:57;.500;.500;.500;.000;0.0;0.0;0.0;0.0;0.0;0.0;33.3;19.0;65;158;-23.0;
Naji Marshall;6:57;.347;.000;.500;1.000;0.0;27.6;10.5;0.0;7.6;0.0;51.0;37.2;38;138;-29.8;
Jose Alvarado;5:23;.658;.625;.250;.750;21.7;0.0;13.5;40.2;9.8;0.0;0.0;43.5;157;136;33.2;
Josh Hart;Did Not Dress;
Team Totals;240;.557;.522;.416;.180;39.0;64.0;48.5;55.0;11.0;2.0;11.9;100.0;117.2;152.3;;
