202110240SAC-CHO;BRK;CHO;False;9:00 PM, October 24, 2021;Golden 1 Center, Sacramento, California;2:17
111;
95;
Guest Basic
Stephen Curry;35:16;9;23;.391;4;15;.267;5;6;.833;1;6;7;10;3;0;3;1;27;+14;
Draymond Green;34:23;6;12;.500;1;2;.500;1;2;.500;2;4;6;6;0;0;1;1;14;+10;
Jordan Poole;31:54;8;16;.500;2;5;.400;4;4;1.000;0;3;3;3;3;1;2;3;22;+4;
Andrew Wiggins;31:12;6;13;.462;2;5;.400;3;4;.750;2;2;4;0;0;0;0;1;17;+18;
Kevon Looney;18:56;3;5;.600;0;0;;2;2;1.000;1;3;4;1;0;1;0;1;8;-6;
Otto Porter Jr.;24:02;2;6;.333;0;2;.000;1;2;.500;3;6;9;3;3;1;0;4;5;+7;
Damion Lee;22:36;4;8;.500;1;2;.500;2;2;1.000;1;3;4;0;0;0;0;1;11;+6;
Gary Payton II;17:17;4;6;.667;2;2;1.000;0;0;;1;0;1;0;1;0;0;1;10;+6;
Juan Toscano-Anderson;14:39;1;3;.333;1;2;.500;0;0;;1;1;2;2;1;0;0;0;3;+1;
Nemanja Bjelica;9:45;0;5;.000;0;2;.000;2;2;1.000;2;1;3;1;1;0;0;0;2;0;
Jeff Dowtin;Did Not Play;
Moses Moody;Did Not Play;
Team Totals;240;43;97;.443;13;37;.351;20;24;.833;14;29;43;26;12;3;6;13;119;;
Guest Advanced
Stephen Curry;35:16;.527;.478;.652;.261;2.7;20.9;10.6;44.3;4.2;0.0;10.5;34.3;114;106;9.2;
Draymond Green;34:23;.543;.542;.167;.167;5.5;14.3;9.3;24.2;0.0;0.0;7.2;17.1;124;117;-0.6;
Jordan Poole;31:54;.619;.563;.313;.250;0.0;11.6;5.0;14.6;4.6;3.8;10.1;26.2;119;104;5.1;
Andrew Wiggins;31:12;.576;.538;.385;.308;6.0;7.9;6.8;0.0;0.0;0.0;0.0;20.0;127;118;-3.4;
Kevon Looney;18:56;.680;.600;.000;.400;5.0;19.5;11.3;7.2;0.0;6.3;0.0;13.1;153;112;1.1;
Otto Porter Jr.;24:02;.363;.333;.333;.333;11.7;30.7;20.0;15.4;6.1;5.0;0.0;12.1;117;95;2.6;
Damion Lee;22:36;.619;.563;.250;.250;4.2;16.3;9.4;0.0;0.0;0.0;0.0;16.6;134;116;-3.0;
Gary Payton II;17:17;.833;.833;.333;.000;5.4;0.0;3.1;0.0;2.9;0.0;0.0;14.7;165;113;6.3;
Juan Toscano-Anderson;14:39;.500;.500;.667;.000;6.4;8.4;7.3;16.5;3.4;0.0;0.0;8.7;139;111;2.7;
Nemanja Bjelica;9:45;.170;.000;.400;.400;19.3;12.6;16.4;11.4;5.1;0.0;0.0;25.5;75;106;-10.8;
Jeff Dowtin;Did Not Play;
Moses Moody;Did Not Play;
Team Totals;240;.553;.510;.381;.247;27.5;74.4;47.8;60.5;12.3;7.5;5.3;100.0;122.1;109.8;;
Home Basic
Harrison Barnes;36:01;7;13;.538;5;10;.500;5;8;.625;3;4;7;1;0;0;3;1;24;-13;
De'Aaron Fox;34:02;8;16;.500;1;6;.167;0;1;.000;2;3;5;6;0;0;7;3;17;-11;
Richaun Holmes;31:39;7;10;.700;0;0;;2;2;1.000;2;9;11;1;0;2;1;5;16;-5;
Tyrese Haliburton;29:52;3;9;.333;2;6;.333;0;0;;1;6;7;9;0;2;2;1;8;-2;
Maurice Harkless;22:35;3;5;.600;2;4;.500;0;0;;0;3;3;1;0;0;1;1;8;+1;
Davion Mitchell;32:02;9;16;.563;3;8;.375;1;2;.500;0;1;1;4;0;0;2;0;22;-14;
Buddy Hield;25:03;2;11;.182;2;10;.200;0;0;;1;3;4;3;0;0;2;3;6;-12;
Tristan Thompson;16:21;3;4;.750;0;0;;0;0;;1;6;7;0;0;0;1;1;6;-7;
Terence Davis;12:25;0;2;.000;0;2;.000;0;0;;0;2;2;1;0;0;0;1;0;+3;
Chimezie Metu;Did Not Play;
Alex Len;Did Not Play;
Damian Jones;Did Not Play;
Jahmi'us Ramsey;Did Not Play;
Robert Woodard II;Did Not Play;
Marvin Bagley III;Did Not Play;
Team Totals;240;42;86;.488;15;46;.326;8;13;.615;10;37;47;26;0;4;19;16;107;;
Home Advanced
Harrison Barnes;36:01;.726;.731;.769;.615;10.3;10.5;10.4;4.1;0.0;0.0;15.4;23.5;125;125;4.4;
De'Aaron Fox;34:02;.517;.531;.375;.063;7.2;8.3;7.8;27.5;0.0;0.0;29.9;29.9;87;126;-8.9;
Richaun Holmes;31:39;.735;.700;.000;.200;7.8;26.8;18.5;4.8;0.0;5.1;8.4;16.3;141;115;3.0;
Tyrese Haliburton;29:52;.444;.444;.667;.000;4.1;18.9;12.5;38.9;0.0;5.4;18.2;16.0;114;118;3.4;
Maurice Harkless;22:35;.800;.800;.800;.000;0.0;12.5;7.1;6.0;0.0;0.0;16.7;11.5;128;124;1.9;
Davion Mitchell;32:02;.652;.656;.500;.125;0.0;2.9;1.7;21.0;0.0;0.0;10.6;25.6;122;128;3.2;
Buddy Hield;25:03;.273;.273;.909;.000;4.9;11.3;8.5;15.1;0.0;0.0;15.4;22.5;69;125;-12.9;
Tristan Thompson;16:21;.750;.750;.000;.000;7.5;34.5;22.8;0.0;0.0;0.0;20.0;13.3;116;116;-0.8;
Terence Davis;12:25;.000;.000;1.000;.000;0.0;15.2;8.6;9.2;0.0;0.0;0.0;7.0;38;123;-10.7;
Chimezie Metu;Did Not Play;
Alex Len;Did Not Play;
Damian Jones;Did Not Play;
Jahmi'us Ramsey;Did Not Play;
Robert Woodard II;Did Not Play;
Marvin Bagley III;Did Not Play;
Team Totals;240;.583;.576;.535;.151;25.6;72.5;52.2;61.9;0.0;6.7;17.2;100.0;109.8;122.1;;
