202111120SAS-MIL;BOS;MIL;False;8:30 PM, November 12, 2021;AT&T Center, San Antonio, Texas;2:04
113;
122;
Guest Basic
Luka Dončić;36:26;11;23;.478;6;13;.462;4;8;.500;0;12;12;15;2;0;2;2;32;+6;
Kristaps Porziņģis;34:22;12;22;.545;3;9;.333;5;6;.833;2;5;7;0;0;3;1;2;32;-5;
Dorian Finney-Smith;34:20;6;10;.600;3;5;.600;0;0;;2;5;7;3;3;0;0;1;15;+11;
Tim Hardaway Jr.;31:05;2;11;.182;0;5;.000;1;2;.500;0;6;6;2;0;0;0;1;5;-13;
Dwight Powell;15:33;3;3;1.000;0;0;;0;0;;3;1;4;2;0;2;0;3;6;+4;
Jalen Brunson;27:22;6;13;.462;2;5;.400;3;3;1.000;0;0;0;3;0;0;0;2;17;+20;
Reggie Bullock;20:56;3;9;.333;1;4;.250;0;0;;1;3;4;0;2;0;0;2;7;+23;
Frank Ntilikina;16:36;2;5;.400;2;2;1.000;0;0;;0;1;1;3;0;0;2;3;6;+5;
Sterling Brown;13:40;1;4;.250;1;2;.500;0;0;;2;3;5;1;2;1;0;1;3;+3;
Willie Cauley-Stein;9:40;0;0;;0;0;;0;0;;0;2;2;1;0;1;0;1;0;+16;
Josh Green;Did Not Play;
Boban Marjanović;Did Not Play;
Moses Brown;Did Not Play;
Trey Burke;Did Not Play;
Team Totals;240;46;100;.460;18;45;.400;13;19;.684;10;38;48;30;9;7;5;18;123;;
Guest Advanced
Luka Dončić;36:26;.603;.609;.565;.348;0.0;38.6;17.8;62.7;2.6;0.0;7.0;33.1;131;107;18.6;
Kristaps Porziņģis;34:22;.649;.614;.409;.273;5.8;17.0;11.0;0.0;0.0;7.8;3.9;31.6;125;107;4.8;
Dorian Finney-Smith;34:20;.750;.750;.500;.000;5.8;17.0;11.0;11.2;4.1;0.0;0.0;12.3;159;105;8.2;
Tim Hardaway Jr.;31:05;.210;.182;.455;.182;0.0;22.6;10.4;7.2;0.0;0.0;0.0;16.2;57;114;-15.5;
Dwight Powell;15:33;1.000;1.000;.000;.000;19.3;7.5;13.9;16.8;0.0;11.4;0.0;8.2;216;103;8.2;
Jalen Brunson;27:22;.594;.538;.385;.231;0.0;0.0;0.0;14.8;0.0;0.0;0.0;22.2;129;116;-1.8;
Reggie Bullock;20:56;.389;.389;.444;.000;4.8;16.8;10.3;0.0;4.5;0.0;0.0;18.2;86;104;-6.2;
Frank Ntilikina;16:36;.600;.600;.400;.000;0.0;7.1;3.2;21.6;0.0;0.0;28.6;17.9;97;115;-7.3;
Sterling Brown;13:40;.375;.375;.500;.000;14.6;25.7;19.7;8.3;6.9;6.5;0.0;12.4;115;92;6.2;
Willie Cauley-Stein;9:40;;;;;0.0;24.2;11.2;10.8;0.0;9.2;;0.0;239;104;0.1;
Josh Green;Did Not Play;
Boban Marjanović;Did Not Play;
Moses Brown;Did Not Play;
Trey Burke;Did Not Play;
Team Totals;240;.568;.550;.450;.190;20.8;92.7;53.9;65.2;8.9;13.0;4.4;100.0;121.7;107.8;;
Home Basic
Dejounte Murray;31:16;7;14;.500;0;2;.000;1;2;.500;0;5;5;4;0;0;3;1;15;-20;
Keldon Johnson;29:20;5;14;.357;3;6;.500;2;2;1.000;0;9;9;2;0;0;1;0;15;-11;
Doug McDermott;24:11;5;7;.714;4;5;.800;0;0;;0;2;2;3;0;0;1;1;14;-15;
Drew Eubanks;23:55;5;7;.714;0;0;;2;3;.667;2;6;8;3;0;0;0;6;12;-2;
Derrick White;22:08;2;5;.400;1;2;.500;0;0;;0;0;0;5;0;1;2;3;5;-10;
Devin Vassell;29:45;6;11;.545;3;6;.500;5;6;.833;0;2;2;1;0;2;1;2;20;-5;
Thaddeus Young;24:05;4;7;.571;0;0;;1;3;.333;1;1;2;5;1;0;1;3;9;-12;
Lonnie Walker IV;23:59;3;11;.273;1;6;.167;3;4;.750;0;7;7;2;1;0;0;0;10;-3;
Bryn Forbes;17:02;2;4;.500;1;2;.500;0;0;;0;4;4;2;1;0;4;0;5;-2;
Tre Jones;14:19;2;4;.500;0;1;.000;0;0;;0;2;2;3;0;0;0;1;4;+10;
Keita Bates-Diop;Did Not Dress;
Team Totals;240;41;84;.488;13;30;.433;14;20;.700;3;38;41;30;3;3;13;17;109;;
Home Advanced
Dejounte Murray;31:16;.504;.500;.143;.143;0.0;16.0;8.6;20.3;0.0;0.0;16.8;25.9;87;125;-8.1;
Keldon Johnson;29:20;.504;.464;.429;.143;0.0;30.7;16.5;10.0;0.0;0.0;6.3;24.6;93;121;-2.3;
Doug McDermott;24:11;1.000;1.000;.714;.000;0.0;8.3;4.5;19.2;0.0;0.0;12.5;15.0;153;127;9.4;
Drew Eubanks;23:55;.721;.714;.000;.429;9.8;25.1;18.0;19.4;0.0;0.0;0.0;15.8;156;121;3.2;
Derrick White;22:08;.500;.500;.400;.000;0.0;0.0;0.0;29.6;0.0;3.9;28.6;14.3;94;125;-4.9;
Devin Vassell;29:45;.733;.682;.545;.545;0.0;6.7;3.6;5.2;0.0;5.9;6.8;22.3;128;122;5.2;
Thaddeus Young;24:05;.541;.571;.000;.429;4.9;4.2;4.5;30.2;2.0;0.0;10.7;17.6;116;123;0.3;
Lonnie Walker IV;23:59;.392;.318;.545;.364;0.0;29.2;15.7;11.4;2.0;0.0;0.0;24.1;85;117;-4.6;
Bryn Forbes;17:02;.625;.625;.500;.000;0.0;23.5;12.7;15.9;2.8;0.0;50.0;21.3;64;116;-6.5;
Tre Jones;14:19;.500;.500;.250;.000;0.0;14.0;7.5;29.3;0.0;0.0;0.0;12.7;121;125;-2.9;
Keita Bates-Diop;Did Not Dress;
Team Totals;240;.587;.565;.357;.238;7.3;79.2;46.1;73.2;3.0;5.5;12.3;100.0;107.8;121.7;;
