202112010ORL-PHI;BOS;PHI;False;7:00 PM, December 1, 2021;Amway Center, Orlando, Florida;2:13
87;
88;
Guest Basic
Aaron Gordon;37:42;7;12;.583;1;5;.200;2;4;.500;0;8;8;3;0;0;1;2;17;0;
Nikola Jokić;36:11;7;19;.368;0;5;.000;4;5;.800;1;14;15;7;1;0;5;1;18;+2;
Monte Morris;34:01;10;15;.667;1;5;.200;1;2;.500;0;2;2;2;0;1;3;1;22;-3;
Will Barton;31:57;5;13;.385;2;6;.333;2;2;1.000;0;4;4;3;0;0;2;2;14;-4;
Jeff Green;28:51;2;5;.400;2;3;.667;3;4;.750;0;1;1;3;0;1;1;4;9;-3;
Facundo Campazzo;27:23;2;3;.667;1;1;1.000;2;2;1.000;0;2;2;4;2;0;0;3;7;-6;
Zeke Nnaji;18:07;3;3;1.000;2;2;1.000;1;2;.500;0;1;1;0;0;1;1;3;9;-2;
Markus Howard;13:59;1;5;.200;1;5;.200;0;0;;0;1;1;0;1;0;1;1;3;-2;
JaMychal Green;11:49;2;5;.400;0;2;.000;0;0;;0;1;1;0;1;1;0;2;4;-7;
Bol Bol;Did Not Play;
Vlatko Čančar;Did Not Play;
Team Totals;240;39;80;.488;10;34;.294;15;21;.714;1;34;35;22;5;4;14;19;103;;
Guest Advanced
Aaron Gordon;37:42;.618;.625;.417;.333;0.0;29.1;13.8;12.7;0.0;0.0;6.8;18.2;115;111;0.6;
Nikola Jokić;36:11;.425;.368;.263;.263;3.4;53.1;26.9;31.3;1.3;0.0;19.1;33.7;82;108;-1.9;
Monte Morris;34:01;.693;.700;.333;.133;0.0;8.1;3.8;11.3;0.0;2.6;15.9;25.8;109;109;0.8;
Will Barton;31:57;.504;.462;.462;.154;0.0;17.2;8.1;14.3;0.0;0.0;12.6;23.1;90;112;-4.5;
Jeff Green;28:51;.666;.600;.600;.800;0.0;4.8;2.2;14.0;0.0;3.1;12.9;12.5;122;108;0.2;
Facundo Campazzo;27:23;.902;.833;.333;.667;0.0;10.0;4.7;19.8;3.5;0.0;0.0;6.6;189;104;5.6;
Zeke Nnaji;18:07;1.160;1.333;.667;.667;0.0;7.6;3.6;0.0;0.0;4.9;20.5;12.5;155;106;5.0;
Markus Howard;13:59;.300;.300;1.000;.000;0.0;9.8;4.6;0.0;3.4;0.0;16.7;19.9;47;104;-10.9;
JaMychal Green;11:49;.400;.400;.400;.000;0.0;11.6;5.5;0.0;4.0;7.5;0.0;19.7;74;95;-4.0;
Bol Bol;Did Not Play;
Vlatko Čančar;Did Not Play;
Team Totals;240;.577;.550;.425;.263;2.6;97.1;47.3;56.4;5.0;7.4;13.6;100.0;102.6;107.6;;
Home Basic
Cole Anthony;36:45;10;21;.476;1;5;.200;3;3;1.000;0;8;8;7;0;0;1;2;24;+7;
Gary Harris;34:35;4;10;.400;1;4;.250;2;2;1.000;0;1;1;3;3;1;1;2;11;+8;
Franz Wagner;32:59;6;9;.667;1;1;1.000;2;2;1.000;0;3;3;5;3;1;3;2;15;+8;
Wendell Carter Jr.;32:50;8;11;.727;1;3;.333;1;1;1.000;1;7;8;0;0;0;1;3;18;+1;
Mo Bamba;27:17;4;9;.444;1;6;.167;0;0;;0;6;6;2;0;2;1;2;9;+8;
Terrence Ross;23:25;4;7;.571;1;3;.333;1;2;.500;0;4;4;4;0;1;2;1;10;-5;
Chuma Okeke;20:43;1;3;.333;0;2;.000;2;2;1.000;0;3;3;2;0;1;2;2;4;-3;
Moritz Wagner;15:10;5;8;.625;0;2;.000;2;3;.667;0;2;2;1;1;0;1;0;12;+4;
R.J. Hampton;11:44;2;3;.667;0;1;.000;1;4;.250;0;4;4;2;1;0;0;0;5;-2;
Mychal Mulder;4:32;0;0;;0;0;;0;0;;0;0;0;0;0;0;0;1;0;-1;
Robin Lopez;Did Not Play;
Ignas Brazdeikis;Did Not Play;
Team Totals;240;44;81;.543;6;27;.222;14;19;.737;1;38;39;26;8;6;12;15;108;;
Home Advanced
Cole Anthony;36:45;.538;.500;.238;.143;0.0;26.8;14.1;29.6;0.0;0.0;4.3;30.1;109;108;0.4;
Gary Harris;34:35;.506;.450;.400;.200;0.0;3.6;1.9;10.8;4.1;3.0;8.4;16.3;97;97;0.2;
Franz Wagner;32:59;.759;.722;.111;.222;0.0;11.2;5.9;20.6;4.3;3.2;23.3;18.5;119;96;6.4;
Wendell Carter Jr.;32:50;.787;.773;.273;.091;4.2;26.2;15.8;0.0;0.0;0.0;8.0;17.9;135;108;-0.3;
Mo Bamba;27:17;.500;.500;.667;.000;0.0;27.1;14.3;9.5;0.0;7.6;10.0;17.4;90;101;-2.0;
Terrence Ross;23:25;.635;.643;.429;.286;0.0;21.0;11.1;22.9;0.0;4.5;20.2;20.0;107;104;1.3;
Chuma Okeke;20:43;.515;.333;.667;.667;0.0;17.8;9.4;11.1;0.0;5.0;34.0;13.4;81;104;-5.9;
Moritz Wagner;15:10;.644;.625;.250;.375;0.0;16.2;8.6;11.2;3.2;0.0;9.7;32.2;111;102;4.1;
R.J. Hampton;11:44;.525;.667;.333;1.333;0.0;42.0;22.1;22.8;4.1;0.0;0.0;19.2;115;99;6.1;
Mychal Mulder;4:32;;;;;0.0;0.0;0.0;0.0;0.0;0.0;;0.0;0;108;-9.4;
Robin Lopez;Did Not Play;
Ignas Brazdeikis;Did Not Play;
Team Totals;240;.604;.580;.333;.235;2.9;97.4;52.7;59.1;8.0;13.0;11.8;100.0;107.6;102.6;;
