202112030ATL-PHI;ATL;PHI;False;7:30 PM, December 3, 2021;State Farm Arena, Atlanta, Georgia;2:25
98;
96;
Guest Basic
Joel Embiid;36:08;10;23;.435;1;3;.333;7;8;.875;1;11;12;4;1;2;3;4;28;+15;
Danny Green;33:51;4;9;.444;2;5;.400;0;0;;1;2;3;0;0;2;2;5;10;+8;
Seth Curry;33:26;7;14;.500;2;4;.500;2;3;.667;0;3;3;5;1;0;1;3;18;+13;
Tyrese Maxey;32:38;4;10;.400;0;1;.000;3;3;1.000;1;2;3;5;1;1;0;2;11;+4;
Georges Niang;29:09;5;8;.625;3;5;.600;0;0;;0;4;4;3;2;0;1;4;13;-6;
Matisse Thybulle;24:28;0;1;.000;0;1;.000;0;0;;0;4;4;1;0;0;0;5;0;-4;
Shake Milton;21:51;2;8;.250;0;2;.000;1;2;.500;0;1;1;3;1;0;2;0;5;-15;
Furkan Korkmaz;16:37;4;6;.667;1;1;1.000;0;0;;0;3;3;0;0;0;1;1;9;+8;
Andre Drummond;11:52;2;2;1.000;0;0;;0;1;.000;3;4;7;1;2;0;1;0;4;-13;
Isaiah Joe;Did Not Play;
Tobias Harris;Did Not Dress;
Charles Bassey;Did Not Play;
Team Totals;240;38;81;.469;9;22;.409;13;17;.765;6;34;40;22;8;5;11;24;98;;
Guest Advanced
Joel Embiid;36:08;.528;.457;.130;.348;3.2;32.5;18.3;21.5;1.5;5.5;10.2;39.4;102;98;5.9;
Danny Green;33:51;.556;.556;.556;.000;3.4;6.3;4.9;0.0;0.0;5.9;18.2;15.7;88;110;-4.9;
Seth Curry;33:26;.587;.571;.286;.214;0.0;9.6;5.0;25.7;1.6;0.0;6.1;23.6;117;109;3.6;
Tyrese Maxey;32:38;.486;.400;.100;.300;3.5;6.5;5.1;22.9;1.6;3.1;0.0;16.7;119;108;2.2;
Georges Niang;29:09;.813;.813;.625;.000;0.0;14.6;7.6;16.6;3.6;0.0;11.1;14.9;140;102;8.8;
Matisse Thybulle;24:28;.000;.000;1.000;.000;0.0;17.4;9.0;5.2;0.0;0.0;0.0;2.0;51;110;-9.3;
Shake Milton;21:51;.282;.250;.250;.250;0.0;4.9;2.5;19.6;2.4;0.0;18.4;24.0;60;109;-10.2;
Furkan Korkmaz;16:37;.750;.750;.167;.000;0.0;19.3;10.0;0.0;0.0;0.0;14.3;20.3;113;109;0.4;
Andre Drummond;11:52;.820;1.000;.000;.500;28.9;36.0;32.5;13.5;8.9;0.0;29.1;14.0;139;83;14.1;
Isaiah Joe;Did Not Play;
Tobias Harris;Did Not Dress;
Charles Bassey;Did Not Play;
Team Totals;240;.554;.525;.272;.210;14.3;75.6;46.0;57.9;8.8;10.4;11.1;100.0;107.4;105.2;;
Home Basic
Trae Young;36:00;8;22;.364;2;5;.400;7;8;.875;2;2;4;10;0;1;4;5;25;-8;
John Collins;32:31;6;10;.600;2;5;.400;4;6;.667;0;8;8;0;1;2;2;4;18;-2;
Kevin Huerter;31:22;4;9;.444;2;6;.333;2;2;1.000;0;2;2;2;0;0;1;1;12;-10;
Clint Capela;30:12;2;8;.250;0;0;;2;5;.400;5;6;11;0;0;0;1;3;6;-10;
Timothé Luwawu-Cabarrot;18:22;0;2;.000;0;2;.000;0;0;;0;3;3;0;0;0;1;4;0;-14;
Delon Wright;29:00;1;2;.500;0;0;;0;0;;1;5;6;4;3;0;0;1;2;+10;
Danilo Gallinari;28:06;5;12;.417;2;5;.400;6;6;1.000;1;7;8;3;0;0;0;1;18;+11;
Lou Williams;16:40;3;8;.375;2;4;.500;3;3;1.000;0;1;1;0;1;0;5;0;11;+8;
Solomon Hill;12:55;1;2;.500;0;1;.000;0;0;;1;2;3;0;0;0;0;0;2;+6;
Gorgui Dieng;4:52;1;1;1.000;0;0;;0;0;;1;0;1;1;0;0;0;1;2;-1;
Skylar Mays;Did Not Play;
Team Totals;240;31;76;.408;10;28;.357;24;30;.800;11;36;47;20;5;3;14;20;96;;
Home Advanced
Trae Young;36:00;.490;.409;.227;.364;5.9;6.3;6.1;65.6;0.0;2.3;13.6;38.1;106;110;3.1;
John Collins;32:31;.712;.700;.500;.600;0.0;28.1;13.6;0.0;1.6;5.0;13.7;20.9;117;100;5.4;
Kevin Huerter;31:22;.607;.556;.667;.222;0.0;7.3;3.5;12.3;0.0;0.0;9.2;16.1;117;112;0.3;
Clint Capela;30:12;.294;.250;.000;.625;17.7;22.7;20.1;0.0;0.0;0.0;8.9;17.2;81;110;-10.8;
Timothé Luwawu-Cabarrot;18:22;.000;.000;1.000;.000;0.0;18.7;9.0;0.0;0.0;0.0;33.3;7.6;0;110;-15.8;
Delon Wright;29:00;.500;.500;.000;.000;3.7;19.7;11.4;22.6;5.4;0.0;0.0;3.2;159;98;7.0;
Danilo Gallinari;28:06;.615;.500;.417;.500;3.8;28.5;15.7;22.8;0.0;0.0;0.0;24.2;139;109;10.3;
Lou Williams;16:40;.590;.500;.500;.375;0.0;6.9;3.3;0.0;3.2;0.0;34.9;40.0;72;106;-7.3;
Solomon Hill;12:55;.500;.500;.500;.000;8.3;17.7;12.8;0.0;0.0;0.0;0.0;7.2;121;111;-1.2;
Gorgui Dieng;4:52;1.000;1.000;.000;.000;21.9;0.0;11.3;46.7;0.0;0.0;0.0;9.6;212;113;13.0;
Skylar Mays;Did Not Play;
Team Totals;240;.538;.474;.368;.395;24.4;85.7;54.0;64.5;5.5;5.1;13.6;100.0;105.2;107.4;;
