202111290LAC-CHO;CHI;CHO;False;10:30 PM, November 29, 2021;Crypto.com Arena, Los Angeles, California;2:02
119;
133;
Guest Basic
Brandon Ingram;34:14;12;18;.667;1;2;.500;2;4;.500;1;6;7;4;0;0;1;2;27;+27;
Herbert Jones;33:50;6;10;.600;0;1;.000;4;4;1.000;2;2;4;1;2;1;0;4;16;+14;
Josh Hart;33:08;1;9;.111;0;5;.000;2;2;1.000;1;11;12;9;2;0;3;3;4;+28;
Jonas Valančiūnas;32:22;15;24;.625;7;8;.875;2;2;1.000;7;8;15;3;2;0;1;2;39;+22;
Devonte' Graham;29:36;3;8;.375;2;7;.286;0;0;;0;1;1;3;3;0;1;3;8;+12;
Nickeil Alexander-Walker;24:12;3;11;.273;1;6;.167;0;0;;1;0;1;2;1;0;0;1;7;-4;
Willy Hernangómez;15:38;4;6;.667;0;0;;1;2;.500;2;4;6;0;0;0;1;3;9;-3;
Kira Lewis Jr.;12:06;0;2;.000;0;1;.000;2;2;1.000;0;0;0;3;0;0;0;0;2;+3;
Tomáš Satoranský;10:15;0;0;;0;0;;0;0;;0;1;1;3;0;0;0;1;0;+4;
Garrett Temple;9:49;2;4;.500;2;4;.500;0;0;;0;0;0;0;1;0;0;1;6;-8;
Trey Murphy III;2:25;2;2;1.000;1;1;1.000;0;0;;0;0;0;0;0;0;0;0;5;0;
Naji Marshall;2:25;0;0;;0;0;;0;0;;0;0;0;2;0;0;0;1;0;0;
Jaxson Hayes;Did Not Play;
Jose Alvarado;Did Not Play;
Team Totals;240;48;94;.511;14;35;.400;13;16;.813;14;33;47;30;11;1;7;21;123;;
Guest Advanced
Brandon Ingram;34:14;.683;.694;.111;.222;3.1;22.7;12.0;18.0;0.0;0.0;4.8;26.9;138;119;4.1;
Herbert Jones;33:50;.680;.600;.100;.400;6.3;7.7;6.9;3.6;3.1;3.9;0.0;15.4;154;110;1.6;
Josh Hart;33:08;.202;.111;.556;.222;3.2;43.1;21.2;28.0;3.2;0.0;23.3;17.3;80;110;-6.1;
Jonas Valančiūnas;32:22;.784;.771;.333;.083;23.1;32.1;27.1;17.3;3.2;0.0;3.9;35.5;160;111;24.3;
Devonte' Graham;29:36;.500;.500;.875;.000;0.0;4.4;2.0;11.3;5.3;0.0;11.1;13.5;107;108;-2.7;
Nickeil Alexander-Walker;24:12;.318;.318;.545;.000;4.4;0.0;2.4;9.4;2.2;0.0;0.0;20.2;90;116;-11.0;
Willy Hernangómez;15:38;.654;.667;.000;.333;13.6;33.2;22.5;0.0;0.0;0.0;12.7;22.4;122;118;-7.5;
Kira Lewis Jr.;12:06;.347;.000;.500;1.000;0.0;0.0;0.0;24.8;0.0;0.0;0.0;10.6;128;121;-5.3;
Tomáš Satoranský;10:15;;;;;0.0;12.7;5.7;29.3;0.0;0.0;;0.0;229;120;0.0;
Garrett Temple;9:49;.750;.750;1.000;.000;0.0;0.0;0.0;0.0;5.3;0.0;0.0;18.1;148;109;7.7;
Naji Marshall;2:25;;;;;0.0;0.0;0.0;82.8;0.0;0.0;;0.0;229;120;17.7;
Trey Murphy III;2:25;1.250;1.250;.500;.000;0.0;0.0;0.0;0.0;0.0;0.0;0.0;36.8;250;121;53.0;
Jaxson Hayes;Did Not Play;
Jose Alvarado;Did Not Play;
Team Totals;240;.609;.585;.372;.170;31.1;89.2;57.3;62.5;12.0;2.8;6.5;100.0;134.1;113.4;;
Home Basic
Reggie Jackson;34:47;7;14;.500;4;9;.444;1;2;.500;0;5;5;2;0;0;1;3;19;-10;
Paul George;33:54;10;20;.500;3;10;.300;4;4;1.000;0;3;3;3;1;0;7;3;27;-21;
Eric Bledsoe;28:42;4;6;.667;0;1;.000;2;4;.500;0;3;3;2;1;0;2;2;10;-20;
Amir Coffey;24:10;3;4;.750;2;3;.667;1;2;.500;0;3;3;0;0;0;0;0;9;-13;
Ivica Zubac;17:33;2;2;1.000;0;0;;0;0;;0;4;4;0;0;1;1;1;4;-17;
Terance Mann;28:43;2;6;.333;0;3;.000;2;2;1.000;2;5;7;5;0;0;1;2;6;-14;
Luke Kennard;26:24;3;7;.429;1;4;.250;2;3;.667;0;1;1;2;0;0;1;0;9;-2;
Serge Ibaka;25:49;5;7;.714;3;4;.750;0;0;;0;6;6;1;0;0;1;5;13;+4;
Isaiah Hartenstein;14:06;1;3;.333;1;1;1.000;2;2;1.000;2;1;3;2;0;1;1;0;5;+2;
Keon Johnson;2:56;0;2;.000;0;0;;2;2;1.000;0;0;0;0;0;0;0;0;2;-2;
Brandon Boston Jr.;2:56;0;1;.000;0;1;.000;0;0;;0;0;0;0;0;0;0;0;0;-2;
Justise Winslow;Did Not Play;
Team Totals;240;37;72;.514;14;36;.389;16;21;.762;4;31;35;17;2;2;15;16;104;;
Home Advanced
Reggie Jackson;34:47;.638;.643;.643;.143;0.0;15.3;8.4;10.1;0.0;0.0;6.3;22.8;119;135;-1.9;
Paul George;33:54;.620;.575;.500;.200;0.0;9.4;5.2;18.6;1.5;0.0;24.3;42.3;95;133;-6.7;
Eric Bledsoe;28:42;.644;.667;.167;.667;0.0;11.1;6.1;11.0;1.8;0.0;20.5;17.0;108;132;-5.2;
Amir Coffey;24:10;.922;1.000;.750;.500;0.0;13.2;7.3;0.0;0.0;0.0;0.0;10.1;175;136;1.9;
Ivica Zubac;17:33;1.000;1.000;.000;.000;0.0;24.3;13.3;0.0;0.0;4.6;33.3;8.5;117;129;-2.7;
Terance Mann;28:43;.436;.333;.500;.333;9.0;18.6;14.3;24.8;0.0;0.0;12.7;13.7;118;134;-2.5;
Luke Kennard;26:24;.541;.500;.571;.429;0.0;4.0;2.2;11.5;0.0;0.0;10.7;17.6;105;139;-5.7;
Serge Ibaka;25:49;.929;.929;.571;.000;0.0;24.8;13.6;6.7;0.0;0.0;12.5;15.5;152;131;3.2;
Isaiah Hartenstein;14:06;.644;.500;.333;.667;18.4;7.6;12.5;20.3;0.0;5.8;20.5;17.3;135;134;4.8;
Brandon Boston Jr.;2:56;.000;.000;1.000;.000;0.0;0.0;0.0;0.0;0.0;0.0;0.0;17.0;0;140;-23.7;
Keon Johnson;2:56;.347;.000;.000;1.000;0.0;0.0;0.0;0.0;0.0;0.0;0.0;49.0;76;140;-25.9;
Justise Winslow;Did Not Play;
Team Totals;240;.640;.611;.500;.292;10.8;68.9;42.7;45.9;2.2;3.4;15.6;100.0;113.4;134.1;;
