202111260UTA-MIN;CHO;MIN;False;9:00 PM, November 26, 2021;Vivint Smart Home Arena, Salt Lake City, Utah;2:19
115;
133;
Guest Basic
Brandon Ingram;37:31;8;22;.364;1;4;.250;4;4;1.000;0;8;8;5;1;0;5;1;21;-3;
Josh Hart;36:37;2;6;.333;0;0;;4;4;1.000;0;4;4;5;0;0;2;2;8;0;
Herbert Jones;35:19;4;9;.444;0;0;;0;0;;1;1;2;2;3;1;2;5;8;-2;
Jonas Valančiūnas;29:27;5;10;.500;0;3;.000;1;3;.333;2;8;10;1;0;1;2;4;11;-9;
Devonte' Graham;29:26;3;10;.300;3;7;.429;0;0;;1;1;2;4;2;1;0;2;9;-1;
Nickeil Alexander-Walker;23:33;6;17;.353;3;8;.375;0;0;;0;2;2;1;0;1;0;1;15;+6;
Willy Hernangómez;18:33;6;9;.667;1;1;1.000;0;0;;2;6;8;5;0;0;2;2;13;+10;
Garrett Temple;11:00;1;3;.333;1;2;.500;0;0;;0;2;2;1;1;0;0;1;3;+2;
Kira Lewis Jr.;9:46;3;3;1.000;2;2;1.000;2;2;1.000;0;0;0;1;1;0;0;1;10;0;
Tomáš Satoranský;8:48;0;0;;0;0;;0;0;;0;1;1;2;0;0;0;2;0;+2;
Naji Marshall;Did Not Play;
Trey Murphy III;Did Not Play;
Jose Alvarado;Did Not Play;
Didi Louzada;Player Suspended;
Jaxson Hayes;Did Not Play;
Team Totals;240;38;89;.427;11;27;.407;11;13;.846;6;33;39;27;8;4;13;21;98;;
Guest Advanced
Brandon Ingram;37:31;.442;.386;.182;.182;0.0;24.4;12.5;23.0;1.3;0.0;17.4;34.2;80;101;-4.4;
Josh Hart;36:37;.515;.333;.000;.667;0.0;12.5;6.4;18.5;0.0;0.0;20.5;11.9;102;107;-4.0;
Herbert Jones;35:19;.444;.444;.000;.000;3.4;3.2;3.3;8.3;4.2;2.9;18.2;13.9;81;97;-3.0;
Jonas Valančiūnas;29:27;.486;.500;.300;.300;8.1;31.0;19.9;5.5;0.0;3.5;15.0;20.2;88;100;-6.0;
Devonte' Graham;29:26;.450;.450;.700;.000;4.1;3.9;4.0;19.7;3.4;3.5;0.0;15.1;106;99;4.8;
Nickeil Alexander-Walker;23:33;.441;.441;.471;.000;0.0;9.7;5.0;7.9;0.0;4.3;0.0;32.2;86;105;-0.8;
Willy Hernangómez;18:33;.722;.722;.111;.000;12.9;37.0;25.2;57.6;0.0;0.0;18.2;26.4;127;101;16.2;
Garrett Temple;11:00;.500;.500;.667;.000;0.0;20.8;10.6;13.0;4.5;0.0;0.0;12.2;107;94;4.8;
Kira Lewis Jr.;9:46;1.289;1.333;.667;.667;0.0;0.0;0.0;21.1;5.1;0.0;0.0;17.7;256;98;33.1;
Tomáš Satoranský;8:48;;;;;0.0;13.0;6.7;28.7;0.0;0.0;;0.0;229;106;-3.1;
Naji Marshall;Did Not Play;
Trey Murphy III;Did Not Play;
Jose Alvarado;Did Not Play;
Didi Louzada;Player Suspended;
Jaxson Hayes;Did Not Play;
Team Totals;240;.517;.489;.303;.146;15.0;78.6;47.6;71.1;8.3;8.5;12.1;100.0;101.5;100.5;;
Home Basic
Rudy Gobert;36:37;2;3;.667;0;0;;5;10;.500;3;7;10;2;0;3;3;5;9;-6;
Donovan Mitchell;33:53;6;21;.286;2;7;.286;2;2;1.000;0;4;4;6;0;0;4;1;16;0;
Royce O'Neale;31:58;2;4;.500;2;4;.500;0;0;;1;2;3;0;2;3;1;3;6;0;
Bojan Bogdanović;31:10;9;14;.643;5;8;.625;0;0;;0;4;4;1;1;0;3;2;23;+2;
Mike Conley;31:04;4;10;.400;0;4;.000;4;4;1.000;0;4;4;5;1;1;3;2;12;-11;
Joe Ingles;22:39;5;8;.625;2;4;.500;0;0;;0;5;5;1;1;1;1;1;12;+7;
Jordan Clarkson;22:28;3;12;.250;1;4;.250;0;0;;1;3;4;1;1;0;0;1;7;-9;
Rudy Gay;16:02;4;5;.800;1;2;.500;0;0;;1;2;3;1;0;0;0;2;9;-1;
Hassan Whiteside;11:23;0;2;.000;0;0;;1;2;.500;3;3;6;0;0;0;2;5;1;+5;
Trent Forrest;2:46;1;1;1.000;0;0;;0;0;;0;0;0;0;0;0;0;0;2;+8;
Miye Oni;Did Not Play;
Eric Paschall;Did Not Play;
Malik Fitts;Did Not Play;
Team Totals;240;36;80;.450;13;33;.394;12;18;.667;9;34;43;17;6;8;17;22;97;;
Home Advanced
Rudy Gobert;36:37;.608;.667;.000;3.333;9.4;22.9;16.0;7.9;0.0;6.3;28.8;13.0;105;100;-1.6;
Donovan Mitchell;33:53;.366;.333;.333;.095;0.0;14.2;6.9;30.9;0.0;0.0;15.5;34.9;78;108;-8.5;
Royce O'Neale;31:58;.750;.750;1.000;.000;3.6;7.5;5.5;0.0;3.1;7.3;20.0;7.2;119;95;5.7;
Bojan Bogdanović;31:10;.821;.821;.571;.000;0.0;15.4;7.5;7.0;1.6;0.0;17.6;25.0;126;104;9.9;
Mike Conley;31:04;.510;.400;.400;.400;0.0;15.5;7.5;25.9;1.6;2.5;20.3;21.7;99;101;-0.8;
Joe Ingles;22:39;.750;.750;.500;.000;0.0;26.5;12.9;8.3;2.2;3.4;11.1;18.2;131;97;10.0;
Jordan Clarkson;22:28;.292;.292;.333;.000;5.1;16.0;10.4;7.2;2.2;0.0;0.0;24.4;73;102;-6.8;
Rudy Gay;16:02;.900;.900;.400;.000;7.1;15.0;11.0;12.5;0.0;0.0;0.0;14.3;184;107;10.4;
Hassan Whiteside;11:23;.174;.000;.000;1.000;30.1;31.6;30.9;0.0;0.0;0.0;41.0;19.6;57;104;-23.2;
Trent Forrest;2:46;1.000;1.000;.000;.000;0.0;0.0;0.0;0.0;0.0;0.0;0.0;16.5;200;110;10.8;
Miye Oni;Did Not Play;
Eric Paschall;Did Not Play;
Malik Fitts;Did Not Play;
Team Totals;240;.552;.531;.413;.225;21.4;85.0;52.4;47.2;6.2;12.9;16.2;100.0;100.5;101.5;;
