202112040BRK-CHI;BRK;CHI;False;8:00 PM, December 4, 2021;Barclays Center, Brooklyn, New York;2:08
111;
107;
Guest Basic
Lonzo Ball;39:52;3;10;.300;2;7;.286;0;0;;2;8;10;7;2;3;3;1;8;0;
DeMar DeRozan;38:26;13;24;.542;1;2;.500;2;4;.500;0;6;6;3;0;0;2;3;29;-1;
Zach LaVine;37:25;9;20;.450;2;9;.222;11;13;.846;0;8;8;6;0;1;0;1;31;-4;
Nikola Vučević;34:40;5;13;.385;1;3;.333;0;0;;0;5;5;2;1;0;0;1;11;-3;
Alex Caruso;7:59;2;4;.500;2;4;.500;0;0;;1;0;1;0;1;0;0;0;6;-6;
Derrick Jones Jr.;32:34;2;4;.500;2;3;.667;2;2;1.000;1;2;3;1;0;4;1;3;8;+2;
Ayo Dosunmu;23:05;5;6;.833;0;1;.000;1;4;.250;1;2;3;0;0;2;1;2;11;+16;
Troy Brown Jr.;12:51;1;4;.250;0;2;.000;3;4;.750;0;6;6;3;0;0;1;1;5;+7;
Alize Johnson;6:38;0;0;;0;0;;0;0;;1;1;2;0;0;0;1;0;0;+4;
Tony Bradley;6:30;1;1;1.000;0;0;;0;0;;1;2;3;0;0;0;0;0;2;+5;
Devon Dotson;Did Not Play;
Marko Simonovic;Did Not Play;
Matt Thomas;Did Not Play;
Tyler Cook;Did Not Play;
Team Totals;240;41;86;.477;10;31;.323;19;27;.704;7;40;47;22;4;10;9;12;111;;
Guest Advanced
Lonzo Ball;39:52;.400;.400;.700;.000;5.1;17.5;11.8;22.5;2.4;4.2;23.1;14.6;90;102;1.8;
DeMar DeRozan;38:26;.563;.563;.083;.167;0.0;13.6;7.3;15.1;0.0;0.0;7.2;32.4;105;112;-2.4;
Zach LaVine;37:25;.603;.500;.450;.650;0.0;18.7;10.1;26.1;0.0;1.5;0.0;30.9;132;109;8.6;
Nikola Vučević;34:40;.423;.423;.231;.000;0.0;12.6;6.8;8.1;1.4;0.0;0.0;16.8;91;110;-4.7;
Alex Caruso;7:59;.750;.750;1.000;.000;12.8;0.0;5.9;0.0;6.0;0.0;0.0;22.5;144;105;18.3;
Derrick Jones Jr.;32:34;.820;.750;.750;.500;3.1;5.4;4.3;3.9;0.0;6.9;17.0;8.1;139;110;1.8;
Ayo Dosunmu;23:05;.709;.833;.167;.667;4.4;7.6;6.1;0.0;0.0;4.8;11.4;17.0;120;110;0.4;
Troy Brown Jr.;12:51;.434;.250;.500;1.000;0.0;40.7;22.0;30.1;0.0;0.0;14.8;23.6;95;101;-2.2;
Alize Johnson;6:38;;;;;15.4;13.2;14.2;0.0;0.0;0.0;100.0;6.8;63;112;-11.2;
Tony Bradley;6:30;1.000;1.000;.000;.000;15.7;26.9;21.7;0.0;0.0;0.0;0.0;6.9;207;107;2.9;
Devon Dotson;Did Not Play;
Marko Simonovic;Did Not Play;
Matt Thomas;Did Not Play;
Tyler Cook;Did Not Play;
Team Totals;240;.567;.535;.360;.314;14.9;72.7;46.1;53.7;4.0;11.6;8.4;100.0;111.4;107.4;;
Home Basic
James Harden;39:43;5;21;.238;1;5;.200;3;4;.750;1;6;7;14;1;0;0;2;14;-4;
Kevin Durant;38:08;12;26;.462;2;6;.333;2;2;1.000;0;10;10;4;0;2;1;5;28;+6;
Patty Mills;34:08;5;10;.500;2;5;.400;0;0;;0;1;1;1;2;1;2;1;12;+2;
LaMarcus Aldridge;32:35;10;17;.588;0;2;.000;0;0;;2;5;7;0;1;0;0;0;20;+5;
DeAndre' Bembry;23:06;3;6;.500;2;3;.667;0;0;;2;5;7;2;1;2;1;2;8;+6;
Bruce Brown;26:07;2;11;.182;0;1;.000;0;1;.000;5;7;12;2;1;0;1;5;4;-9;
Cam Thomas;25:29;3;9;.333;0;2;.000;2;2;1.000;0;4;4;2;2;0;0;0;8;-14;
Paul Millsap;15:21;6;11;.545;1;1;1.000;0;0;;5;2;7;2;0;1;0;3;13;-8;
Jevon Carter;5:23;0;0;;0;0;;0;0;;0;0;0;1;0;0;0;1;0;-4;
James Johnson;Did Not Dress;
Nic Claxton;Did Not Play;
Blake Griffin;Did Not Play;
Team Totals;240;46;111;.414;8;25;.320;7;9;.778;15;40;55;28;8;6;5;19;107;;
Home Advanced
James Harden;39:43;.308;.262;.238;.190;2.2;15.4;8.3;42.3;1.2;0.0;0.0;22.9;96;115;0.0;
Kevin Durant;38:08;.521;.500;.231;.077;0.0;26.8;12.3;16.3;0.0;4.6;3.6;29.3;109;111;4.4;
Patty Mills;34:08;.600;.600;.500;.000;0.0;3.0;1.4;3.6;2.8;2.6;16.7;14.1;98;111;-2.0;
LaMarcus Aldridge;32:35;.588;.588;.118;.000;5.4;15.7;10.1;0.0;1.5;0.0;0.0;20.9;122;114;1.4;
DeAndre' Bembry;23:06;.667;.667;.500;.000;7.6;22.1;14.3;10.5;2.1;7.6;14.3;12.1;126;105;6.5;
Bruce Brown;26:07;.175;.182;.091;.091;16.7;27.4;21.6;8.7;1.8;0.0;8.0;19.1;65;110;-13.1;
Cam Thomas;25:29;.405;.333;.222;.222;0.0;16.0;7.4;9.3;3.8;0.0;0.0;15.5;98;109;-1.9;
Paul Millsap;15:21;.591;.591;.091;.000;28.4;13.3;21.5;23.0;0.0;5.7;0.0;28.7;137;112;11.8;
Jevon Carter;5:23;;;;;0.0;0.0;0.0;19.4;0.0;0.0;;0.0;217;119;-7.1;
James Johnson;Did Not Dress;
Nic Claxton;Did Not Play;
Blake Griffin;Did Not Play;
Team Totals;240;.465;.450;.225;.081;27.3;85.1;53.9;60.9;8.0;10.9;4.2;100.0;107.4;111.4;;
