202110230SAS-DET;CHI;DET;False;8:30 PM, October 23, 2021;AT&T Center, San Antonio, Texas;2:09
82;
97;
Guest Basic
Pat Connaughton;36:57;6;9;.667;3;5;.600;1;1;1.000;1;6;7;0;1;0;1;2;16;+8;
Khris Middleton;35:00;9;17;.529;2;7;.286;8;9;.889;0;2;2;3;2;0;6;0;28;-6;
Giannis Antetokounmpo;30:24;7;15;.467;1;2;.500;6;8;.750;0;8;8;8;0;3;5;4;21;+19;
Grayson Allen;26:01;4;11;.364;2;8;.250;0;0;;0;5;5;1;1;0;0;0;10;+1;
Jrue Holiday;25:25;6;9;.667;3;4;.750;1;2;.500;1;3;4;5;0;0;5;3;16;+6;
George Hill;25:11;5;6;.833;3;3;1.000;2;2;1.000;1;1;2;1;1;0;1;2;15;+8;
Thanasis Antetokounmpo;21:36;2;5;.400;0;0;;0;0;;4;3;7;2;0;0;2;2;4;-4;
Jordan Nwora;20:52;3;7;.429;1;5;.200;0;0;;0;6;6;1;0;2;0;0;7;+4;
Justin Robinson;12:46;2;3;.667;0;1;.000;0;0;;0;3;3;0;1;0;0;1;4;+14;
Sandro Mamukelashvili;5:48;0;1;.000;0;0;;0;0;;0;0;0;0;0;0;0;1;0;0;
Georgios Kalaitzakis;Did Not Play;
Rodney Hood;Did Not Play;
Team Totals;240;44;83;.530;15;35;.429;18;22;.818;7;37;44;21;6;5;20;15;121;;
Guest Advanced
Pat Connaughton;36:57;.847;.833;.556;.111;3.7;16.6;11.1;0.0;1.3;0.0;9.6;12.0;150;109;3.9;
Khris Middleton;35:00;.668;.588;.412;.529;0.0;5.8;3.3;13.0;2.7;0.0;22.3;32.8;109;109;0.5;
Giannis Antetokounmpo;30:24;.567;.500;.133;.533;0.0;26.9;15.4;38.3;0.0;7.9;21.3;33.0;108;104;4.9;
Grayson Allen;26:01;.455;.455;.727;.000;0.0;19.6;11.2;5.0;1.8;0.0;0.0;18.0;99;108;-2.0;
Jrue Holiday;25:25;.810;.833;.444;.222;5.4;12.1;9.2;28.9;0.0;0.0;33.6;24.9;116;113;0.3;
George Hill;25:11;1.090;1.083;.500;.333;5.4;4.1;4.6;5.5;1.9;0.0;12.7;13.3;185;111;10.8;
Thanasis Antetokounmpo;21:36;.400;.400;.000;.000;25.4;14.2;19.0;11.2;0.0;0.0;28.6;13.8;101;113;-5.3;
Jordan Nwora;20:52;.500;.500;.714;.000;0.0;29.4;16.8;6.2;0.0;7.7;0.0;14.3;110;103;3.4;
Justin Robinson;12:46;.667;.667;.333;.000;0.0;24.0;13.8;0.0;3.7;0.0;0.0;10.0;132;102;2.3;
Sandro Mamukelashvili;5:48;.000;.000;.000;.000;0.0;0.0;0.0;0.0;0.0;0.0;0.0;7.3;0;116;-15.2;
Georgios Kalaitzakis;Did Not Play;
Rodney Hood;Did Not Play;
Team Totals;240;.653;.620;.422;.265;20.0;78.7;53.7;47.7;5.8;8.3;17.7;100.0;117.9;108.2;;
Home Basic
Jakob Poeltl;34:35;5;9;.556;0;0;;0;0;;6;2;8;6;2;2;2;2;10;-19;
Dejounte Murray;34:25;5;14;.357;0;2;.000;0;0;;0;9;9;7;1;0;0;2;10;-10;
Doug McDermott;32:27;9;13;.692;7;11;.636;0;0;;0;4;4;2;0;0;0;0;25;-8;
Derrick White;31:15;6;12;.500;1;5;.200;1;1;1.000;0;2;2;8;4;1;2;4;14;-4;
Keldon Johnson;29:29;9;18;.500;0;4;.000;2;3;.667;0;2;2;3;1;0;2;3;20;-2;
Lonnie Walker IV;24:56;7;15;.467;1;8;.125;2;2;1.000;0;2;2;2;1;0;1;2;17;-5;
Devin Vassell;19:06;2;6;.333;0;4;.000;0;0;;2;1;3;0;1;0;2;3;4;-7;
Bryn Forbes;14:04;1;4;.250;1;4;.250;0;0;;0;2;2;0;0;0;0;2;3;-6;
Drew Eubanks;12:37;2;4;.500;0;0;;0;0;;1;3;4;1;0;1;2;0;4;+7;
Tre Jones;4:42;1;2;.500;0;0;;0;0;;0;0;0;0;0;0;0;0;2;-2;
Joshua Primo;0:48;1;1;1.000;0;0;;0;0;;1;0;1;0;0;0;0;0;2;+2;
Keita Bates-Diop;0:48;0;1;.000;0;1;.000;0;0;;0;1;1;0;0;0;0;0;0;+2;
Jock Landale;0:48;0;0;;0;0;;0;0;;0;0;0;0;0;0;1;0;0;+2;
Team Totals;240;48;99;.485;10;39;.256;5;6;.833;10;28;38;29;10;4;12;18;111;;
Home Advanced
Jakob Poeltl;34:35;.556;.556;.000;.000;17.7;7.9;13.5;20.3;2.7;5.8;18.2;13.4;125;115;3.8;
Dejounte Murray;34:25;.357;.357;.143;.000;0.0;35.9;15.3;23.8;1.4;0.0;0.0;17.2;97;118;-4.7;
Doug McDermott;32:27;.962;.962;.846;.000;0.0;16.9;7.2;8.5;0.0;0.0;0.0;16.9;181;124;14.0;
Derrick White;31:15;.563;.542;.417;.083;0.0;8.8;3.7;31.7;6.0;3.2;13.9;19.5;115;109;7.1;
Keldon Johnson;29:29;.518;.500;.222;.167;0.0;9.3;4.0;14.6;1.6;0.0;9.4;30.5;99;121;-4.2;
Lonnie Walker IV;24:56;.535;.500;.533;.133;0.0;11.0;4.7;11.2;1.9;0.0;5.9;28.6;105;120;-2.1;
Devin Vassell;19:06;.333;.333;.667;.000;10.7;7.2;9.2;0.0;2.4;0.0;25.0;17.7;64;119;-14.3;
Bryn Forbes;14:04;.375;.375;1.000;.000;0.0;19.5;8.3;0.0;0.0;0.0;0.0;12.0;78;123;-11.7;
Drew Eubanks;12:37;.500;.500;.000;.000;8.1;32.6;18.6;9.4;0.0;7.9;33.3;20.1;78;116;-6.1;
Tre Jones;4:42;.500;.500;.000;.000;0.0;0.0;0.0;0.0;0.0;0.0;0.0;18.0;99;126;-8.5;
Keita Bates-Diop;0:48;.000;.000;1.000;.000;0.0;100.0;73.2;0.0;0.0;0.0;0.0;52.8;0;102;-46.3;
Jock Landale;0:48;;;;;0.0;0.0;0.0;0.0;0.0;0.0;100.0;52.8;0;126;-65.9;
Joshua Primo;0:48;1.000;1.000;.000;.000;100.0;0.0;73.2;0.0;0.0;0.0;0.0;52.8;205;126;68.8;
Team Totals;240;.546;.535;.394;.061;21.3;80.0;46.3;60.4;9.7;8.3;10.6;100.0;108.2;117.9;;
