202111160BRK-GSW;BRK;GSW;False;7:30 PM, November 16, 2021;Barclays Center, Brooklyn, New York;2:22
117;
99;
Guest Basic
Stephen Curry;29:15;12;19;.632;9;14;.643;4;4;1.000;0;7;7;5;2;1;2;4;37;+16;
Draymond Green;28:43;5;6;.833;1;2;.500;0;0;;0;6;6;8;1;0;3;3;11;+17;
Jordan Poole;28:10;6;13;.462;0;7;.000;5;6;.833;0;4;4;4;0;1;5;5;17;+4;
Andrew Wiggins;22:08;7;11;.636;2;3;.667;3;3;1.000;0;2;2;1;0;1;3;4;19;+10;
Kevon Looney;14:38;1;2;.500;0;0;;2;2;1.000;1;3;4;0;0;2;0;3;4;+11;
Damion Lee;21:41;1;4;.250;0;2;.000;3;5;.600;0;6;6;1;0;0;1;1;5;+21;
Andre Iguodala;19:03;2;4;.500;1;2;.500;0;0;;2;2;4;2;0;1;1;0;5;+10;
Jonathan Kuminga;18:47;3;6;.500;0;2;.000;1;2;.500;2;4;6;1;0;1;3;4;7;+5;
Otto Porter Jr.;17:01;2;6;.333;0;3;.000;2;2;1.000;3;3;6;0;0;0;1;0;6;+14;
Gary Payton II;15:58;2;2;1.000;0;0;;2;4;.500;1;4;5;2;1;0;0;2;6;+14;
Nemanja Bjelica;11:32;0;3;.000;0;2;.000;0;0;;0;2;2;1;0;0;0;1;0;-12;
Moses Moody;7:39;0;3;.000;0;3;.000;0;0;;0;0;0;0;0;1;0;0;0;-12;
Juan Toscano-Anderson;5:25;0;0;;0;0;;0;0;;0;1;1;0;0;0;2;0;0;-8;
Team Totals;240;41;79;.519;13;40;.325;22;28;.786;9;44;53;25;4;8;21;27;117;;
Guest Advanced
Stephen Curry;29:15;.891;.868;.737;.211;0.0;21.7;12.6;38.5;3.3;3.2;8.8;33.3;159;91;31.1;
Draymond Green;28:43;.917;.917;.333;.000;0.0;18.9;11.0;41.0;1.7;0.0;33.3;13.4;138;98;10.5;
Jordan Poole;28:10;.543;.462;.538;.462;0.0;12.9;7.5;22.1;0.0;3.3;24.2;31.3;93;101;-7.0;
Andrew Wiggins;22:08;.771;.727;.273;.273;0.0;8.2;4.8;8.4;0.0;4.2;19.6;29.6;118;102;4.0;
Kevon Looney;14:38;.694;.500;.000;1.000;8.6;18.6;14.4;0.0;0.0;12.6;0.0;8.4;161;93;3.0;
Damion Lee;21:41;.403;.250;.500;1.250;0.0;25.1;14.6;5.7;0.0;0.0;13.9;14.2;83;100;-5.3;
Andre Iguodala;19:03;.625;.625;.500;.000;13.3;9.5;11.1;14.0;0.0;4.8;20.0;11.2;127;101;6.0;
Jonathan Kuminga;18:47;.509;.500;.333;.333;13.4;19.3;16.8;7.7;0.0;4.9;30.4;22.5;84;98;-7.6;
Otto Porter Jr.;17:01;.436;.333;.500;.333;22.3;16.0;18.6;0.0;0.0;0.0;12.7;19.8;101;103;-5.3;
Gary Payton II;15:58;.798;1.000;.000;2.000;7.9;22.7;16.5;17.2;3.0;0.0;0.0;10.1;176;94;10.7;
Nemanja Bjelica;11:32;.000;.000;.667;.000;0.0;15.7;9.1;10.2;0.0;0.0;0.0;11.1;27;103;-11.6;
Moses Moody;7:39;.000;.000;1.000;.000;0.0;0.0;0.0;0.0;0.0;12.1;0.0;16.8;0;99;-14.2;
Juan Toscano-Anderson;5:25;;;;;0.0;16.7;9.7;0.0;0.0;0.0;100.0;15.8;0;103;-18.9;
Team Totals;240;.641;.601;.506;.354;23.7;83.0;58.2;61.0;4.0;15.4;18.7;100.0;116.1;98.2;;
Home Basic
Kevin Durant;32:14;6;19;.316;2;6;.333;5;6;.833;1;4;5;3;0;0;2;1;19;-24;
Patty Mills;31:52;3;8;.375;2;5;.400;0;0;;0;2;2;4;1;0;0;2;8;-14;
James Harden;31:51;6;13;.462;2;6;.333;10;11;.909;0;4;4;4;0;0;5;3;24;-22;
Bruce Brown;26:49;6;8;.750;1;1;1.000;1;2;.500;2;3;5;3;3;0;0;4;14;-16;
Blake Griffin;22:35;0;4;.000;0;2;.000;4;4;1.000;0;2;2;1;1;0;0;3;4;-8;
DeAndre' Bembry;30:50;4;8;.500;0;1;.000;1;4;.250;2;3;5;1;2;1;0;4;9;-16;
Jevon Carter;15:57;1;4;.250;1;4;.250;0;0;;0;1;1;1;2;0;0;3;3;+4;
Cam Thomas;15:03;2;9;.222;0;5;.000;0;0;;1;1;2;3;2;0;0;1;4;+1;
LaMarcus Aldridge;9:28;1;3;.333;0;1;.000;0;0;;0;1;1;1;1;0;0;0;2;-14;
Kessler Edwards;9:04;3;6;.500;2;4;.500;0;0;;1;2;3;0;0;0;1;0;8;+9;
Day'Ron Sharpe;9:04;2;5;.400;0;1;.000;0;0;;2;5;7;0;0;1;3;1;4;+9;
James Johnson;5:13;0;1;.000;0;0;;0;0;;0;1;1;0;0;0;0;1;0;+1;
Team Totals;240;34;88;.386;10;36;.278;21;27;.778;9;29;38;21;12;2;11;23;99;;
Home Advanced
Kevin Durant;32:14;.439;.368;.316;.316;2.8;15.7;8.2;17.8;0.0;0.0;8.5;31.7;89;122;-3.6;
Patty Mills;31:52;.500;.500;.625;.000;0.0;7.9;3.3;20.4;1.5;0.0;0.0;10.9;113;120;-1.1;
James Harden;31:51;.673;.538;.462;.846;0.0;15.9;6.6;24.2;0.0;0.0;21.9;31.0;109;122;0.3;
Bruce Brown;26:49;.788;.813;.125;.250;6.8;14.1;9.8;23.1;5.3;0.0;0.0;14.3;163;110;12.1;
Blake Griffin;22:35;.347;.000;.500;1.000;0.0;11.2;4.7;6.3;2.1;0.0;0.0;11.0;85;118;-7.8;
DeAndre' Bembry;30:50;.461;.500;.125;.500;5.9;12.3;8.6;5.6;3.1;4.0;0.0;13.7;103;113;-1.4;
Jevon Carter;15:57;.375;.375;1.000;.000;0.0;7.9;3.3;9.7;6.0;0.0;0.0;10.9;85;109;-1.5;
Cam Thomas;15:03;.222;.222;.556;.000;6.0;8.4;7.0;34.6;6.3;0.0;0.0;25.9;68;109;-2.6;
LaMarcus Aldridge;9:28;.333;.333;.333;.000;0.0;13.3;5.6;17.5;5.0;0.0;0.0;13.7;81;111;-0.1;
Kessler Edwards;9:04;.667;.667;.667;.000;10.0;27.9;17.5;0.0;0.0;0.0;14.3;33.4;102;120;7.2;
Day'Ron Sharpe;9:04;.400;.400;.200;.000;20.0;69.7;40.7;0.0;0.0;13.6;37.5;38.2;59;105;-15.9;
James Johnson;5:13;.000;.000;.000;.000;0.0;24.2;10.1;0.0;0.0;0.0;0.0;8.3;0;120;-17.3;
Team Totals;240;.496;.443;.409;.307;17.0;76.3;41.8;61.8;11.9;5.1;9.9;100.0;98.2;116.1;;
