202110230LAC-DET;CHI;DET;False;10:30 PM, October 23, 2021;Crypto.com Arena, Los Angeles, California;2:13
82;
97;
Guest Basic
Ja Morant;34:33;10;19;.526;2;7;.286;6;8;.750;0;2;2;8;1;0;5;3;28;+12;
De'Anthony Melton;33:00;9;16;.563;4;8;.500;0;0;;2;5;7;2;0;0;0;2;22;+15;
Jaren Jackson Jr.;31:07;6;11;.545;3;5;.600;6;6;1.000;1;6;7;0;1;1;1;4;21;+10;
Desmond Bane;30:48;7;15;.467;4;10;.400;1;2;.500;0;6;6;2;0;1;1;4;19;+12;
Steven Adams;26:48;6;9;.667;0;0;;5;5;1.000;5;4;9;5;2;0;1;0;17;+17;
Brandon Clarke;21:11;1;4;.250;0;0;;1;2;.500;2;4;6;2;0;0;0;2;3;-9;
Kyle Anderson;16:54;1;9;.111;0;1;.000;2;2;1.000;3;4;7;1;1;1;0;0;4;-6;
John Konchar;16:32;0;0;;0;0;;0;0;;0;1;1;1;0;0;1;0;0;-5;
Ziaire Williams;15:40;2;4;.500;2;4;.500;0;0;;0;0;0;2;0;0;2;2;6;-10;
Tyus Jones;13:27;0;3;.000;0;1;.000;0;0;;0;3;3;3;0;0;0;2;0;-6;
Jarrett Culver;Did Not Play;
Santi Aldama;Did Not Play;
Killian Tillie;Did Not Play;
Xavier Tillman Sr.;Did Not Play;
Sam Merrill;Did Not Play;
Team Totals;240;42;90;.467;15;36;.417;21;25;.840;13;35;48;26;5;3;11;19;120;;
Guest Advanced
Ja Morant;34:33;.622;.579;.368;.421;0.0;5.7;3.0;39.5;1.5;0.0;18.2;34.1;116;123;3.1;
De'Anthony Melton;33:00;.688;.688;.500;.000;6.8;14.8;11.1;10.1;0.0;0.0;0.0;20.8;148;123;6.6;
Jaren Jackson Jr.;31:07;.770;.682;.455;.545;3.6;18.9;11.7;0.0;1.6;2.6;6.8;20.2;150;116;6.2;
Desmond Bane;30:48;.598;.600;.667;.133;0.0;19.1;10.2;10.0;0.0;2.6;5.9;23.5;119;119;1.3;
Steven Adams;26:48;.759;.667;.000;.556;20.8;14.6;17.5;28.7;3.7;0.0;8.2;19.5;166;114;17.1;
Brandon Clarke;21:11;.307;.250;.000;.500;10.5;18.5;14.8;11.4;0.0;0.0;0.0;9.9;111;121;-6.0;
Kyle Anderson;16:54;.202;.111;.111;.222;19.8;23.2;21.6;7.3;3.0;4.7;0.0;25.1;78;109;-8.0;
John Konchar;16:32;;;;;0.0;5.9;3.2;6.9;0.0;0.0;100.0;2.6;48;126;-6.6;
Ziaire Williams;15:40;.750;.750;1.000;.000;0.0;0.0;0.0;17.1;0.0;0.0;33.3;16.4;103;129;-2.7;
Tyus Jones;13:27;.000;.000;.333;.000;0.0;21.8;11.6;25.5;0.0;0.0;0.0;9.6;66;120;-13.4;
Jarrett Culver;Did Not Play;
Santi Aldama;Did Not Play;
Killian Tillie;Did Not Play;
Xavier Tillman Sr.;Did Not Play;
Sam Merrill;Did Not Play;
Team Totals;240;.594;.550;.400;.278;30.2;71.4;52.2;61.9;5.2;5.0;9.8;100.0;125.6;119.3;;
Home Basic
Reggie Jackson;36:16;7;17;.412;3;8;.375;0;0;;0;1;1;2;1;0;0;3;17;-8;
Paul George;34:48;15;25;.600;5;12;.417;6;6;1.000;0;10;10;4;2;0;3;2;41;-14;
Eric Bledsoe;32:33;3;11;.273;1;2;.500;5;6;.833;5;1;6;7;2;2;2;2;12;-13;
Marcus Morris;29:48;4;11;.364;1;6;.167;0;0;;0;0;0;1;0;0;0;4;9;-14;
Ivica Zubac;19:18;3;7;.429;0;0;;0;0;;4;4;8;3;0;0;0;2;6;-18;
Terance Mann;26:26;1;8;.125;0;2;.000;1;2;.500;4;4;8;3;0;0;1;3;3;+15;
Nicolas Batum;22:47;2;6;.333;1;5;.200;0;0;;0;5;5;2;0;2;0;0;5;+5;
Luke Kennard;22:14;3;7;.429;2;4;.500;2;2;1.000;0;2;2;0;0;0;0;4;10;+8;
Isaiah Hartenstein;15:50;5;7;.714;0;0;;1;1;1.000;1;3;4;1;2;0;1;1;11;+9;
Justise Winslow;Did Not Play;
Brandon Boston Jr.;Did Not Play;
Jay Scrubb;Did Not Play;
Team Totals;240;43;99;.434;13;39;.333;15;17;.882;14;30;44;23;7;4;7;21;114;;
Home Advanced
Reggie Jackson;36:16;.500;.500;.471;.000;0.0;3.1;1.4;7.8;1.4;0.0;0.0;19.8;112;131;-3.9;
Paul George;34:48;.742;.700;.480;.240;0.0;32.1;15.0;24.7;2.9;0.0;9.8;37.2;138;117;19.3;
Eric Bledsoe;32:33;.440;.318;.182;.545;15.0;3.4;9.6;26.8;3.1;5.5;12.8;20.3;115;124;5.3;
Marcus Morris;29:48;.409;.409;.545;.000;0.0;0.0;0.0;4.4;0.0;0.0;0.0;15.6;94;135;-11.3;
Ivica Zubac;19:18;.429;.429;.000;.000;20.3;23.1;21.6;21.0;0.0;0.0;0.0;15.3;130;127;-0.4;
Terance Mann;26:26;.169;.125;.250;.250;14.8;16.9;15.8;13.2;0.0;0.0;10.1;15.8;75;129;-12.9;
Nicolas Batum;22:47;.417;.417;.833;.000;0.0;24.5;11.5;10.9;0.0;7.8;0.0;11.1;106;122;0.3;
Luke Kennard;22:14;.635;.571;.571;.286;0.0;10.0;4.7;0.0;0.0;0.0;0.0;15.0;136;131;-5.2;
Isaiah Hartenstein;15:50;.739;.714;.000;.143;6.2;21.2;13.2;10.9;6.3;0.0;11.8;22.5;134;113;10.2;
Justise Winslow;Did Not Play;
Brandon Boston Jr.;Did Not Play;
Jay Scrubb;Did Not Play;
Team Totals;240;.535;.500;.394;.172;28.6;69.8;47.8;53.5;7.3;7.4;6.2;100.0;119.3;125.6;;
