202111230DET-MIA;DET;MIA;False;7:00 PM, November 23, 2021;Little Caesars Arena, Detroit, Michigan;2:14
100;
92;
Guest Basic
Kyle Lowry;35:07;4;10;.400;1;6;.167;6;6;1.000;1;5;6;8;2;2;5;3;15;+11;
Jimmy Butler;34:46;4;13;.308;0;1;.000;7;9;.778;4;5;9;5;1;0;3;2;15;-7;
Bam Adebayo;30:59;6;10;.600;0;0;;3;6;.500;3;6;9;5;1;0;2;2;15;-6;
Duncan Robinson;23:09;4;8;.500;3;6;.500;0;0;;0;3;3;0;0;0;1;3;11;-15;
P.J. Tucker;22:09;0;1;.000;0;1;.000;0;0;;0;6;6;1;0;0;0;2;0;-14;
Tyler Herro;32:55;12;21;.571;4;8;.500;3;4;.750;1;7;8;3;0;0;3;1;31;+15;
Caleb Martin;25:36;2;5;.400;1;3;.333;1;2;.500;1;1;2;0;3;1;2;1;6;+22;
Gabe Vincent;18:18;0;4;.000;0;4;.000;1;2;.500;0;2;2;0;2;0;0;2;1;+20;
Dewayne Dedmon;17:01;3;4;.750;0;0;;0;0;;2;4;6;0;0;0;0;3;6;+14;
Max Strus;Did Not Play;
Udonis Haslem;Did Not Play;
KZ Okpala;Did Not Play;
Omer Yurtseven;Did Not Play;
Team Totals;240;35;76;.461;9;29;.310;21;29;.724;12;39;51;22;9;3;16;19;100;;
Guest Advanced
Kyle Lowry;35:07;.593;.450;.600;.600;3.6;14.2;9.5;37.0;3.0;5.9;28.3;23.0;108;95;5.0;
Jimmy Butler;34:46;.442;.308;.077;.692;14.5;14.4;14.4;23.4;1.5;0.0;15.0;26.3;103;102;-2.4;
Bam Adebayo;30:59;.593;.600;.000;.600;12.2;19.4;16.2;30.1;1.7;0.0;13.7;21.7;122;100;6.0;
Duncan Robinson;23:09;.688;.688;.750;.000;0.0;13.0;7.2;0.0;0.0;0.0;11.1;17.8;118;106;-1.1;
P.J. Tucker;22:09;.000;.000;1.000;.000;0.0;27.1;15.1;6.2;0.0;0.0;0.0;2.1;61;102;-5.6;
Tyler Herro;32:55;.681;.667;.381;.190;3.8;21.3;13.6;25.0;0.0;0.0;11.6;35.9;123;104;10.1;
Caleb Martin;25:36;.510;.500;.600;.400;4.9;3.9;4.4;0.0;6.1;4.1;25.4;14.1;82;92;0.4;
Gabe Vincent;18:18;.102;.000;1.000;.500;0.0;10.9;6.1;0.0;5.7;0.0;0.0;12.2;27;94;-10.2;
Dewayne Dedmon;17:01;.750;.750;.000;.000;14.8;23.5;19.7;0.0;0.0;0.0;0.0;10.8;162;103;-0.8;
Max Strus;Did Not Play;
Udonis Haslem;Did Not Play;
KZ Okpala;Did Not Play;
Omer Yurtseven;Did Not Play;
Team Totals;240;.563;.520;.382;.382;31.6;81.3;59.3;62.9;9.8;6.5;15.3;100.0;109.0;100.3;;
Home Basic
Saddiq Bey;35:31;6;16;.375;3;10;.300;0;0;;1;4;5;0;0;0;2;1;15;+1;
Jerami Grant;34:45;6;17;.353;1;5;.200;8;9;.889;1;6;7;3;3;0;0;2;21;+5;
Cory Joseph;34:15;4;7;.571;0;2;.000;1;1;1.000;0;2;2;9;3;0;3;3;9;+7;
Cade Cunningham;28:52;2;10;.200;1;7;.143;1;1;1.000;0;3;3;6;1;0;4;4;6;-11;
Luka Garza;17:13;3;5;.600;1;1;1.000;0;0;;1;2;3;2;0;0;1;5;7;-6;
Frank Jackson;30:41;5;12;.417;3;9;.333;0;0;;1;0;1;1;0;0;0;6;13;-17;
Trey Lyles;24:46;2;4;.500;0;0;;2;3;.667;3;6;9;0;0;0;0;0;6;+1;
Hamidou Diallo;15:19;5;7;.714;0;1;.000;0;0;;2;0;2;1;0;1;1;1;10;-10;
Josh Jackson;11:11;2;6;.333;1;3;.333;0;0;;0;2;2;0;0;0;2;0;5;-9;
Saben Lee;7:27;0;0;;0;0;;0;0;;0;1;1;0;0;0;1;1;0;-1;
Rodney McGruder;Did Not Play;
Isaiah Stewart;Player Suspended;
Team Totals;240;35;84;.417;10;38;.263;12;14;.857;9;26;35;22;7;1;14;23;92;;
Home Advanced
Saddiq Bey;35:31;.469;.469;.625;.000;2.8;14.2;7.9;0.0;0.0;0.0;11.1;23.4;82;113;-5.2;
Jerami Grant;34:45;.501;.382;.294;.529;2.9;21.8;11.2;15.5;4.5;0.0;0.0;27.8;113;101;8.4;
Cory Joseph;34:15;.605;.571;.286;.143;0.0;7.4;3.3;42.9;4.6;0.0;28.7;14.0;110;105;5.2;
Cade Cunningham;28:52;.287;.250;.700;.100;0.0;13.1;5.8;31.5;1.8;0.0;27.7;23.1;61;109;-9.9;
Luka Garza;17:13;.700;.700;.200;.000;5.8;14.7;9.7;20.9;0.0;0.0;16.7;16.1;123;112;0.8;
Frank Jackson;30:41;.542;.542;.750;.000;3.3;0.0;1.8;5.8;0.0;0.0;0.0;18.0;111;117;-2.6;
Trey Lyles;24:46;.564;.500;.000;.750;12.1;30.6;20.3;0.0;0.0;0.0;0.0;9.9;135;108;-0.9;
Hamidou Diallo;15:19;.714;.714;.143;.000;13.1;0.0;7.3;16.2;0.0;6.7;12.5;24.1;125;115;9.4;
Josh Jackson;11:11;.417;.417;.500;.000;0.0;22.6;10.0;0.0;0.0;0.0;25.0;33.0;58;111;-12.8;
Saben Lee;7:27;;;;;0.0;17.0;7.5;0.0;0.0;0.0;100.0;6.2;0;112;-17.3;
Rodney McGruder;Did Not Play;
Isaiah Stewart;Player Suspended;
Team Totals;240;.510;.476;.452;.167;18.8;68.4;40.7;62.9;7.6;2.1;13.4;100.0;100.3;109.0;;
