202110270PHO-WAS;BOS;WAS;False;10:00 PM, October 27, 2021;Phoenix Suns Arena, Phoenix, Arizona;2:09
116;
107;
Guest Basic
Harrison Barnes;38:42;10;18;.556;2;6;.333;0;0;;3;6;9;4;0;0;1;1;22;+4;
De'Aaron Fox;36:45;7;20;.350;1;5;.200;3;7;.429;1;1;2;10;1;0;2;3;18;0;
Tyrese Haliburton;34:59;6;11;.545;2;5;.400;1;1;1.000;0;2;2;3;2;1;1;2;15;-1;
Richaun Holmes;29:12;5;8;.625;0;0;;2;2;1.000;3;9;12;3;0;1;0;2;12;-1;
Maurice Harkless;24:44;1;3;.333;0;1;.000;0;0;;1;2;3;1;0;1;1;3;2;+5;
Buddy Hield;27:26;8;17;.471;7;11;.636;3;3;1.000;0;5;5;1;2;2;4;2;26;+3;
Davion Mitchell;19:14;2;7;.286;1;4;.250;0;0;;0;3;3;3;0;0;0;2;5;+9;
Alex Len;18:20;3;4;.750;2;2;1.000;2;2;1.000;0;3;3;1;1;1;2;4;10;+1;
Terence Davis;10:38;0;7;.000;0;4;.000;0;0;;0;1;1;2;1;0;0;1;0;-5;
Marvin Bagley III;Did Not Play;
Chimezie Metu;Did Not Play;
Damian Jones;Did Not Play;
Tristan Thompson;Did Not Play;
Team Totals;240;42;95;.442;15;38;.395;11;15;.733;8;32;40;28;7;6;11;20;110;;
Guest Advanced
Harrison Barnes;38:42;.611;.611;.333;.000;7.4;16.2;11.6;16.8;0.0;0.0;5.3;20.9;123;112;3.6;
De'Aaron Fox;36:45;.390;.375;.250;.350;2.6;2.8;2.7;39.8;1.3;0.0;8.0;29.1;93;113;-3.5;
Tyrese Haliburton;34:59;.656;.636;.455;.091;0.0;6.0;2.9;12.2;2.7;1.9;8.0;15.2;122;108;2.4;
Richaun Holmes;29:12;.676;.625;.000;.250;9.9;32.2;20.5;14.6;0.0;2.3;0.0;13.0;154;104;5.7;
Maurice Harkless;24:44;.333;.333;.333;.000;3.9;8.4;6.1;4.8;0.0;2.7;25.0;6.9;74;112;-7.5;
Buddy Hield;27:26;.710;.676;.647;.176;0.0;19.0;9.1;6.2;3.5;4.9;17.9;34.7;104;100;13.3;
Davion Mitchell;19:14;.357;.357;.571;.000;0.0;16.3;7.8;20.2;0.0;0.0;0.0;15.5;91;111;-7.0;
Alex Len;18:20;1.025;1.000;.500;.500;0.0;17.1;8.2;7.7;2.6;3.7;29.1;16.0;128;102;6.1;
Terence Davis;10:38;.000;.000;.571;.000;0.0;9.8;4.7;21.5;4.5;0.0;0.0;28.1;20;104;-20.9;
Marvin Bagley III;Did Not Play;
Chimezie Metu;Did Not Play;
Damian Jones;Did Not Play;
Tristan Thompson;Did Not Play;
Team Totals;240;.541;.521;.400;.158;16.0;69.6;41.7;66.7;7.0;8.5;9.8;100.0;110.0;107.0;;
Home Basic
Devin Booker;36:32;12;28;.429;2;6;.333;5;6;.833;3;3;6;8;1;0;0;4;31;+4;
Deandre Ayton;33:45;9;12;.750;0;0;;3;4;.750;5;16;21;1;1;1;1;1;21;+8;
Mikal Bridges;33:26;7;12;.583;1;4;.250;0;0;;1;4;5;1;0;2;3;4;15;+6;
Jae Crowder;31:57;4;12;.333;2;7;.286;0;0;;0;2;2;2;2;1;0;3;10;+1;
Chris Paul;29:44;1;10;.100;0;0;;4;4;1.000;3;3;6;8;2;0;1;2;6;-10;
Cameron Johnson;22:52;0;4;.000;0;4;.000;1;2;.500;0;1;1;0;0;1;0;1;1;-9;
Landry Shamet;18:57;1;2;.500;1;1;1.000;1;2;.500;0;3;3;1;0;0;0;1;4;-7;
JaVale McGee;14:12;3;4;.750;0;0;;1;2;.500;1;10;11;0;0;1;4;0;7;-8;
Elfrid Payton;13:19;4;7;.571;0;0;;2;4;.500;1;0;1;2;0;0;1;0;10;+2;
Abdel Nader;5:16;1;2;.500;0;0;;0;0;;0;0;0;0;0;0;1;0;2;-2;
Chandler Hutchison;Did Not Play;
Frank Kaminsky;Did Not Play;
Cameron Payne;Did Not Dress;
Jalen Smith;Did Not Play;
Team Totals;240;42;93;.452;6;22;.273;17;24;.708;14;42;56;23;6;6;11;16;107;;
Home Advanced
Devin Booker;36:32;.506;.464;.214;.214;8.6;7.9;8.2;40.1;1.3;0.0;0.0;35.1;124;113;9.5;
Deandre Ayton;33:45;.763;.750;.000;.333;15.5;45.5;31.1;4.9;1.4;2.5;6.8;18.3;151;103;10.0;
Mikal Bridges;33:26;.625;.625;.333;.000;3.1;11.5;7.5;4.5;0.0;5.0;20.0;18.8;101;111;-2.8;
Jae Crowder;31:57;.417;.417;.583;.000;0.0;6.0;3.1;8.3;3.0;2.6;0.0;15.7;100;107;-1.1;
Chris Paul;29:44;.255;.100;.000;.400;10.5;9.7;10.1;32.0;3.2;0.0;7.8;18.0;94;108;-3.1;
Cameron Johnson;22:52;.102;.000;1.000;.500;0.0;4.2;2.2;0.0;0.0;3.7;0.0;8.9;27;114;-12.8;
Landry Shamet;18:57;.694;.750;.500;1.000;0.0;15.2;7.9;6.4;0.0;0.0;0.0;6.4;151;114;-2.1;
JaVale McGee;14:12;.717;.750;.000;.500;7.3;67.6;38.7;0.0;0.0;5.9;45.0;26.2;72;98;-4.4;
Elfrid Payton;13:19;.571;.571;.000;.571;7.8;0.0;3.8;26.1;0.0;0.0;10.2;30.7;115;118;2.3;
Abdel Nader;5:16;.500;.500;.000;.000;0.0;0.0;0.0;0.0;0.0;0.0;33.3;23.9;62;118;-14.4;
Chandler Hutchison;Did Not Play;
Frank Kaminsky;Did Not Play;
Cameron Payne;Did Not Dress;
Jalen Smith;Did Not Play;
Team Totals;240;.517;.484;.237;.258;30.4;84.0;58.3;54.8;6.0;10.5;9.6;100.0;107.0;110.0;;
