202111100CHI-TOR;BOS;TOR;False;8:00 PM, November 10, 2021;United Center, Chicago, Illinois;2:08
88;
104;
Guest Basic
Luka Dončić;33:25;6;18;.333;1;6;.167;7;10;.700;1;7;8;10;4;1;4;0;20;-20;
Tim Hardaway Jr.;33:11;7;15;.467;5;9;.556;2;3;.667;0;3;3;2;0;0;0;3;21;-11;
Kristaps Porziņģis;31:57;9;16;.563;2;3;.667;2;2;1.000;3;9;12;1;0;0;1;4;22;-7;
Dorian Finney-Smith;28:59;1;5;.200;1;5;.200;2;2;1.000;1;2;3;0;3;1;1;0;5;-15;
Dwight Powell;22:05;5;6;.833;2;3;.667;0;0;;2;2;4;0;0;2;0;2;12;-8;
Jalen Brunson;29:29;4;8;.500;0;1;.000;4;5;.800;0;4;4;7;1;0;1;1;12;-5;
Reggie Bullock;22:53;0;4;.000;0;4;.000;0;0;;0;2;2;0;0;0;1;3;0;-6;
Sterling Brown;16:31;2;3;.667;1;2;.500;0;0;;0;4;4;1;0;0;1;2;5;+5;
Frank Ntilikina;9:19;1;2;.500;0;0;;2;2;1.000;0;1;1;2;0;0;2;0;4;+8;
Willie Cauley-Stein;5:13;1;2;.500;0;0;;0;0;;0;1;1;0;0;0;0;1;2;+2;
Josh Green;1:50;2;2;1.000;0;0;;0;0;;0;0;0;0;0;0;0;0;4;+4;
Moses Brown;1:50;0;0;;0;0;;0;0;;0;0;0;0;0;0;0;0;0;+4;
Trey Burke;1:50;0;0;;0;0;;0;0;;0;0;0;0;1;0;1;0;0;+4;
Boban Marjanović;1:28;0;2;.000;0;0;;0;0;;1;0;1;0;0;0;0;0;0;-5;
Team Totals;240;38;83;.458;12;33;.364;19;24;.792;8;35;43;23;9;4;12;16;107;;
Guest Advanced
Luka Dončić;33:25;.446;.361;.333;.556;3.1;23.4;12.9;48.9;6.0;2.5;15.2;35.9;97;109;7.2;
Tim Hardaway Jr.;33:11;.643;.633;.600;.200;0.0;10.1;4.9;10.4;0.0;0.0;0.0;22.4;128;128;1.7;
Kristaps Porziņģis;31:57;.652;.625;.188;.125;9.8;31.4;20.3;6.1;0.0;0.0;5.6;25.4;127;124;1.3;
Dorian Finney-Smith;28:59;.425;.300;1.000;.400;3.6;7.7;5.6;0.0;5.1;2.9;14.5;10.8;84;114;-1.8;
Dwight Powell;22:05;1.000;1.000;.500;.000;9.5;10.1;9.8;0.0;0.0;7.5;0.0;12.4;194;121;8.4;
Jalen Brunson;29:29;.588;.500;.125;.625;0.0;15.1;7.3;36.2;1.7;0.0;8.9;17.3;130;123;1.6;
Reggie Bullock;22:53;.000;.000;1.000;.000;0.0;9.8;4.7;0.0;0.0;0.0;20.0;9.9;0;128;-19.6;
Sterling Brown;16:31;.833;.833;.667;.000;0.0;27.0;13.1;9.0;0.0;0.0;25.0;11.0;117;125;-2.0;
Frank Ntilikina;9:19;.694;.500;.000;1.000;0.0;12.0;5.8;31.4;0.0;0.0;41.0;23.8;96;128;-5.9;
Willie Cauley-Stein;5:13;.500;.500;.000;.000;0.0;21.4;10.3;0.0;0.0;0.0;0.0;17.4;96;126;-9.9;
Moses Brown;1:50;;;;;0.0;0.0;0.0;0.0;0.0;0.0;;0.0;0;130;-8.7;
Trey Burke;1:50;;;;;0.0;0.0;0.0;0.0;27.1;0.0;100.0;24.8;0;67;-0.2;
Josh Green;1:50;1.000;1.000;.000;.000;0.0;0.0;0.0;0.0;0.0;0.0;0.0;49.6;200;130;39.4;
Boban Marjanović;1:28;.000;.000;.000;.000;71.1;0.0;36.8;0.0;0.0;0.0;0.0;62.0;41;130;-56.5;
Team Totals;240;.572;.530;.398;.289;17.4;81.4;48.3;60.5;9.3;6.9;11.4;100.0;110.8;121.2;;
Home Basic
Lonzo Ball;38:38;7;14;.500;7;10;.700;0;0;;0;6;6;6;1;0;0;2;21;+21;
DeMar DeRozan;36:39;7;20;.350;0;3;.000;3;4;.750;0;7;7;6;0;1;3;3;17;+20;
Nikola Vučević;32:10;8;14;.571;1;3;.333;1;1;1.000;1;9;10;4;1;0;2;0;18;+18;
Zach LaVine;31:47;8;12;.667;2;2;1.000;5;6;.833;0;3;3;3;1;0;1;3;23;+11;
Javonte Green;21:12;3;5;.600;1;3;.333;0;0;;1;2;3;2;0;0;1;2;7;+15;
Alex Caruso;22:44;6;7;.857;3;4;.750;1;1;1.000;0;2;2;1;6;0;2;2;16;-3;
Derrick Jones Jr.;19:46;2;5;.400;0;3;.000;2;2;1.000;2;5;7;2;0;0;0;3;6;-3;
Ayo Dosunmu;18:51;3;9;.333;1;3;.333;0;0;;0;1;1;0;0;0;1;0;7;-15;
Alize Johnson;10:20;1;1;1.000;0;0;;0;0;;4;3;7;1;0;0;1;0;2;-3;
Tony Bradley;6:11;0;0;;0;0;;0;0;;0;0;0;1;0;1;0;0;0;-7;
Matt Thomas;1:01;0;1;.000;0;0;;0;0;;0;0;0;0;0;0;0;0;0;-2;
Troy Brown Jr.;0:41;0;1;.000;0;0;;0;0;;0;0;0;0;0;0;0;0;0;-2;
Team Totals;240;45;89;.506;15;31;.484;12;14;.857;8;38;46;26;9;2;11;15;117;;
Home Advanced
Lonzo Ball;38:38;.750;.750;.714;.000;0.0;16.2;8.4;20.5;1.3;0.0;0.0;16.4;156;113;9.5;
DeMar DeRozan;36:39;.391;.350;.150;.200;0.0;19.9;10.3;21.9;0.0;2.6;12.1;30.5;85;113;-10.7;
Nikola Vučević;32:10;.623;.607;.214;.071;3.5;29.2;16.8;18.1;1.5;0.0;12.2;23.1;119;110;4.4;
Zach LaVine;31:47;.786;.750;.167;.500;0.0;9.8;5.1;13.8;1.6;0.0;6.4;22.2;150;113;6.3;
Javonte Green;21:12;.700;.700;.600;.000;5.3;9.8;7.6;11.9;0.0;0.0;16.7;12.8;128;117;-1.2;
Alex Caruso;22:44;1.075;1.071;.571;.143;0.0;9.2;4.7;6.5;13.1;0.0;21.2;18.8;149;87;23.1;
Derrick Jones Jr.;19:46;.510;.400;.600;.400;11.3;26.4;19.1;12.1;0.0;0.0;0.0;13.5;135;113;-2.2;
Ayo Dosunmu;18:51;.389;.389;.333;.000;0.0;5.5;2.9;0.0;0.0;0.0;10.0;24.0;69;118;-14.7;
Alize Johnson;10:20;1.000;1.000;.000;.000;43.2;30.3;36.5;11.5;0.0;0.0;50.0;8.8;159;113;4.6;
Tony Bradley;6:11;;;;;0.0;0.0;0.0;17.3;0.0;15.5;;0.0;233;107;7.1;
Matt Thomas;1:01;.000;.000;.000;.000;0.0;0.0;0.0;0.0;0.0;0.0;0.0;44.5;0;119;-52.6;
Troy Brown Jr.;0:41;.000;.000;.000;.000;0.0;0.0;0.0;0.0;0.0;0.0;0.0;66.2;0;119;-75.3;
Team Totals;240;.615;.590;.348;.157;18.6;82.6;51.7;57.8;9.3;4.0;10.4;100.0;121.2;110.8;;
