202110280DAL-NYK;CHI;NYK;False;8:30 PM, October 28, 2021;American Airlines Center, Dallas, Texas;2:07
104;
103;
Guest Basic
Jakob Poeltl;35:48;7;13;.538;0;0;;0;2;.000;6;7;13;2;1;2;1;3;14;+8;
Dejounte Murray;35:36;10;17;.588;3;5;.600;0;0;;2;8;10;8;1;0;2;1;23;+16;
Derrick White;32:52;4;11;.364;0;3;.000;1;1;1.000;0;1;1;7;1;2;3;2;9;-2;
Keldon Johnson;27:21;4;14;.286;1;2;.500;1;4;.250;1;4;5;2;2;0;0;2;10;-8;
Lonnie Walker IV;27:05;5;11;.455;2;7;.286;2;2;1.000;0;2;2;1;1;1;3;1;14;-10;
Devin Vassell;27:16;3;9;.333;1;5;.200;0;0;;0;5;5;0;0;2;2;3;7;+13;
Bryn Forbes;19:52;5;8;.625;5;7;.714;0;0;;0;2;2;1;0;0;2;2;15;-9;
Keita Bates-Diop;14:44;0;3;.000;0;1;.000;0;0;;2;0;2;0;0;2;0;0;0;-9;
Drew Eubanks;12:12;1;1;1.000;0;0;;3;4;.750;0;5;5;0;0;2;1;1;5;-13;
Tre Jones;7:14;0;1;.000;0;0;;2;2;1.000;0;3;3;0;0;0;0;1;2;-11;
Thaddeus Young;Did Not Play;
Jock Landale;Did Not Play;
Team Totals;240;39;88;.443;12;30;.400;9;15;.600;11;37;48;21;6;11;14;16;99;;
Guest Advanced
Jakob Poeltl;35:48;.504;.538;.000;.154;17.1;20.4;18.7;9.1;1.4;6.1;6.7;18.4;114;106;0.5;
Dejounte Murray;35:36;.676;.676;.294;.000;5.7;23.4;14.5;42.3;1.4;0.0;10.5;23.6;135;110;11.9;
Derrick White;32:52;.393;.364;.273;.091;0.0;3.2;1.6;30.8;1.5;6.6;20.8;19.4;86;110;-2.8;
Keldon Johnson;27:21;.317;.321;.143;.286;3.7;15.3;9.4;11.0;3.7;0.0;0.0;25.5;78;106;-5.5;
Lonnie Walker IV;27:05;.589;.545;.636;.182;0.0;7.7;3.8;5.9;1.8;4.0;20.2;24.3;95;110;-1.1;
Devin Vassell;27:16;.389;.389;.556;.000;0.0;19.1;9.5;0.0;0.0;8.0;18.2;17.8;64;108;-9.3;
Bryn Forbes;19:52;.938;.938;.875;.000;0.0;10.5;5.2;9.0;0.0;0.0;20.0;22.2;132;116;9.5;
Keita Bates-Diop;14:44;.000;.000;.333;.000;13.9;0.0;7.0;0.0;0.0;14.8;0.0;9.0;45;110;-7.5;
Drew Eubanks;12:12;.906;1.000;.000;4.000;0.0;42.8;21.2;0.0;0.0;17.9;26.6;13.6;130;96;4.8;
Tre Jones;7:14;.532;.000;.000;2.000;0.0;43.3;21.4;0.0;0.0;0.0;0.0;11.5;124;107;-7.3;
Thaddeus Young;Did Not Play;
Jock Landale;Did Not Play;
Team Totals;240;.523;.511;.341;.170;23.4;80.4;51.6;53.8;6.3;25.0;12.9;100.0;103.2;108.4;;
Home Basic
Luka Dončić;34:20;11;19;.579;3;8;.375;0;3;.000;0;3;3;5;0;1;7;3;25;-19;
Dorian Finney-Smith;32:22;5;11;.455;3;8;.375;1;2;.500;2;6;8;1;2;0;2;3;14;-6;
Tim Hardaway Jr.;31:49;2;8;.250;1;4;.250;1;2;.500;0;5;5;3;0;0;0;3;6;-23;
Reggie Bullock;29:51;2;6;.333;2;5;.400;1;2;.500;0;2;2;0;0;0;0;0;7;+10;
Dwight Powell;24:44;5;12;.417;0;1;.000;1;2;.500;2;1;3;1;1;0;3;3;11;-15;
Jalen Brunson;30:06;8;15;.533;3;6;.500;0;2;.000;1;6;7;5;0;0;0;2;19;+21;
Maxi Kleber;29:18;4;8;.500;4;8;.500;0;0;;3;7;10;2;1;6;0;5;12;+22;
Willie Cauley-Stein;13:50;2;4;.500;0;1;.000;0;0;;1;2;3;1;0;0;0;0;4;+11;
Frank Ntilikina;13:40;2;6;.333;2;4;.500;0;0;;0;4;4;0;0;0;0;0;6;+24;
Josh Green;Did Not Play;
JaQuori McLaughlin;Did Not Play;
Eugene Omoruyi;Did Not Play;
Moses Brown;Did Not Play;
Boban Marjanović;Did Not Play;
Team Totals;240;41;89;.461;18;45;.400;4;13;.308;9;36;45;18;4;7;12;19;104;;
Home Advanced
Luka Dončić;34:20;.615;.658;.421;.158;0.0;8.9;4.5;27.3;0.0;2.4;25.6;35.8;95;107;0.2;
Dorian Finney-Smith;32:22;.589;.591;.727;.182;6.4;18.9;12.8;4.4;3.1;0.0;14.4;19.3;109;99;2.5;
Tim Hardaway Jr.;31:49;.338;.313;.500;.250;0.0;16.0;8.1;11.9;0.0;0.0;0.0;12.6;91;107;-6.1;
Reggie Bullock;29:51;.509;.500;.833;.333;0.0;6.8;3.5;0.0;0.0;0.0;0.0;10.4;105;110;-3.1;
Dwight Powell;24:44;.427;.417;.083;.167;8.4;4.1;6.3;6.2;2.0;0.0;18.9;28.9;80;106;-10.2;
Jalen Brunson;30:06;.598;.633;.400;.133;3.5;20.4;12.0;28.2;0.0;0.0;0.0;23.7;135;106;8.2;
Maxi Kleber;29:18;.750;.750;1.000;.000;10.7;24.4;17.6;9.5;1.7;16.9;0.0;12.3;166;87;16.7;
Willie Cauley-Stein;13:50;.500;.500;.250;.000;7.5;14.8;11.2;10.2;0.0;0.0;0.0;13.0;123;108;0.9;
Frank Ntilikina;13:40;.500;.500;.667;.000;0.0;29.9;15.1;0.0;0.0;0.0;0.0;19.7;102;103;-0.3;
Josh Green;Did Not Play;
JaQuori McLaughlin;Did Not Play;
Eugene Omoruyi;Did Not Play;
Moses Brown;Did Not Play;
Boban Marjanović;Did Not Play;
Team Totals;240;.549;.562;.506;.146;19.6;76.6;48.4;43.9;4.2;12.1;11.2;100.0;108.4;103.2;;
