202110220HOU-TOR;BOS;TOR;False;8:00 PM, October 22, 2021;Toyota Center, Houston, Texas;2:02
115;
83;
Guest Basic
Luguentz Dort;27:07;3;9;.333;1;5;.200;1;2;.500;0;1;1;4;2;1;1;2;8;-24;
Shai Gilgeous-Alexander;26:28;6;15;.400;1;6;.167;0;0;;0;4;4;2;0;0;5;1;13;-27;
Josh Giddey;19:34;2;6;.333;1;3;.333;1;2;.500;1;1;2;4;1;1;1;1;6;-21;
Darius Bazley;17:58;1;7;.143;0;2;.000;3;5;.600;0;6;6;2;1;1;1;1;5;-27;
Isaiah Roby;9:49;1;5;.200;1;1;1.000;0;0;;0;1;1;0;0;0;1;2;3;-18;
Kenrich Williams;22:13;5;10;.500;2;3;.667;0;0;;2;2;4;3;0;1;2;5;12;-8;
Jeremiah Robinson-Earl;21:08;1;3;.333;1;2;.500;1;2;.500;1;5;6;0;0;0;1;1;4;-7;
Aleksej Pokusevski;16:45;4;9;.444;2;7;.286;0;0;;2;5;7;2;2;0;2;2;10;-3;
Théo Maledon;14:39;2;2;1.000;1;1;1.000;0;0;;0;0;0;3;1;0;3;2;5;0;
Ty Jerome;14:39;0;5;.000;0;4;.000;0;0;;0;0;0;1;1;0;1;1;0;-7;
Tre Mann;13:02;3;5;.600;2;3;.667;0;2;.000;0;0;0;0;0;0;0;2;8;-11;
Mike Muscala;11:54;5;7;.714;2;3;.667;1;1;1.000;0;2;2;0;1;0;0;0;13;-6;
Derrick Favors;9:59;1;4;.250;0;0;;0;0;;2;3;5;0;0;0;0;1;2;-1;
Gabriel Deck;8:56;0;2;.000;0;1;.000;0;0;;0;0;0;1;0;0;0;0;0;-1;
Vit Krejci;5:49;0;2;.000;0;2;.000;2;2;1.000;0;1;1;0;0;0;1;0;2;-4;
Team Totals;240;34;91;.374;14;43;.326;9;16;.563;8;31;39;22;9;4;19;21;91;;
Guest Advanced
Luguentz Dort;27:07;.405;.389;.556;.222;0.0;4.3;1.9;24.7;3.3;3.1;9.2;16.5;88;115;-1.9;
Shai Gilgeous-Alexander;26:28;.433;.433;.400;.000;0.0;17.7;7.8;15.7;0.0;0.0;25.0;31.0;65;122;-14.1;
Josh Giddey;19:34;.436;.417;.500;.333;4.7;6.0;5.3;33.7;2.3;4.3;12.7;16.5;99;116;0.7;
Darius Bazley;17:58;.272;.143;.286;.714;0.0;39.1;17.2;17.1;2.5;4.7;9.8;23.3;62;108;-6.7;
Isaiah Roby;9:49;.300;.300;.200;.000;0.0;11.9;5.3;0.0;0.0;0.0;16.7;25.1;49;123;-19.7;
Kenrich Williams;22:13;.600;.600;.300;.000;8.3;10.5;9.3;27.9;0.0;3.8;16.7;22.2;106;120;-0.5;
Jeremiah Robinson-Earl;21:08;.515;.500;.667;.667;4.4;27.7;14.7;0.0;0.0;0.0;20.5;9.5;87;120;-8.7;
Aleksej Pokusevski;16:45;.556;.556;.778;.000;11.0;34.9;21.6;25.4;5.4;0.0;18.2;26.9;96;105;5.9;
Ty Jerome;14:39;.000;.000;.800;.000;0.0;0.0;0.0;9.6;3.1;0.0;16.7;16.8;10;118;-20.4;
Théo Maledon;14:39;1.250;1.250;.500;.000;0.0;0.0;0.0;35.8;3.1;0.0;60.0;14.0;96;118;-2.7;
Tre Mann;13:02;.680;.800;.600;.400;0.0;0.0;0.0;0.0;0.0;0.0;0.0;18.5;113;126;-0.8;
Mike Muscala;11:54;.874;.857;.429;.143;0.0;19.7;8.7;0.0;3.8;0.0;0.0;25.6;159;113;21.5;
Derrick Favors;9:59;.250;.250;.000;.000;18.5;35.2;25.8;0.0;0.0;0.0;0.0;16.4;74;118;-12.2;
Gabriel Deck;8:56;.000;.000;.500;.000;0.0;0.0;0.0;15.8;0.0;0.0;0.0;9.2;28;126;-14.0;
Vit Krejci;5:49;.347;.000;1.000;1.000;0.0;20.1;8.9;0.0;0.0;0.0;25.8;27.4;55;121;-18.9;
Team Totals;240;.464;.451;.473;.176;15.4;75.6;41.9;64.7;8.5;7.0;16.2;100.0;85.7;116.8;;
Home Basic
Christian Wood;33:25;13;19;.684;4;6;.667;1;1;1.000;5;9;14;1;1;3;1;2;31;+26;
Kevin Porter Jr.;30:56;7;16;.438;4;8;.500;0;0;;0;3;3;10;2;2;2;1;18;+25;
Jae'Sean Tate;28:07;6;9;.667;2;2;1.000;2;2;1.000;2;12;14;5;1;0;2;2;16;+28;
Jalen Green;26:01;4;11;.364;1;5;.200;0;0;;0;3;3;2;2;1;2;2;9;+11;
Daniel Theis;18:03;1;2;.500;0;1;.000;1;2;.500;0;3;3;0;0;0;0;4;3;+14;
Eric Gordon;26:13;7;14;.500;4;6;.667;4;5;.800;0;0;0;1;1;0;0;0;22;+20;
Alperen Şengün;17:47;3;5;.600;0;2;.000;0;1;.000;1;3;4;1;1;2;6;4;6;+14;
David Nwaba;15:50;3;7;.429;0;1;.000;0;0;;2;5;7;2;2;1;2;0;6;+3;
Danuel House Jr.;11:07;0;2;.000;0;1;.000;2;2;1.000;0;3;3;2;1;0;0;0;2;+4;
D.J. Augustin;9:15;1;3;.333;1;2;.500;0;0;;0;0;0;3;0;0;0;1;3;+4;
Armoni Brooks;5:49;2;3;.667;1;2;.500;1;1;1.000;0;0;0;1;0;0;0;0;6;+4;
Josh Christopher;5:49;1;3;.333;0;1;.000;0;0;;0;2;2;0;1;0;1;1;2;+4;
Usman Garuba;5:49;0;1;.000;0;1;.000;0;0;;0;1;1;0;0;1;1;0;0;+4;
Kenyon Martin Jr.;5:49;0;0;;0;0;;0;0;;0;0;0;1;0;0;0;1;0;+4;
Team Totals;240;48;95;.505;17;38;.447;11;14;.786;10;44;54;29;12;10;17;18;124;;
Home Advanced
Christian Wood;33:25;.797;.789;.316;.053;17.5;24.9;21.6;4.9;1.4;9.0;4.9;24.8;155;83;13.5;
Kevin Porter Jr.;30:56;.563;.563;.500;.000;0.0;9.0;5.0;41.8;2.9;6.5;11.1;23.6;124;85;9.6;
Jae'Sean Tate;28:07;.810;.778;.222;.222;8.3;39.4;25.7;22.6;1.6;0.0;16.8;17.2;148;84;9.3;
Jalen Green;26:01;.409;.409;.455;.000;0.0;10.6;6.0;9.1;3.5;3.8;15.4;20.3;79;85;-6.5;
Daniel Theis;18:03;.521;.500;.500;1.000;0.0;15.3;8.6;0.0;0.0;0.0;0.0;6.5;110;93;-9.7;
Eric Gordon;26:13;.679;.643;.429;.357;0.0;0.0;0.0;5.2;1.7;0.0;0.0;25.1;140;95;5.5;
Alperen Şengün;17:47;.551;.600;.400;.200;6.6;15.6;11.6;6.8;2.5;11.2;52.4;26.1;55;80;-14.8;
David Nwaba;15:50;.429;.429;.143;.000;14.8;29.1;22.8;15.6;5.7;6.3;22.2;23.1;90;74;1.5;
Danuel House Jr.;11:07;.347;.000;.500;1.000;0.0;24.9;13.9;18.0;4.1;0.0;0.0;10.5;115;83;2.5;
D.J. Augustin;9:15;.500;.500;.667;.000;0.0;0.0;0.0;36.4;0.0;0.0;0.0;13.2;143;98;-0.3;
Armoni Brooks;5:49;.872;.833;.667;.333;0.0;0.0;0.0;26.2;0.0;0.0;0.0;24.0;181;99;16.8;
Josh Christopher;5:49;.333;.333;.333;.000;0.0;31.7;17.7;0.0;7.8;0.0;25.0;27.9;50;71;-14.3;
Usman Garuba;5:49;.000;.000;1.000;.000;0.0;15.9;8.9;0.0;0.0;17.2;50.0;14.0;0;83;-14.5;
Kenyon Martin Jr.;5:49;;;;;0.0;0.0;0.0;17.2;0.0;0.0;;0.0;235;98;-4.3;
Team Totals;240;.613;.595;.400;.147;24.4;84.6;58.1;60.4;11.3;20.8;14.4;100.0;116.8;85.7;;
