202111190CHO-LAL;BOS;LAL;False;7:00 PM, November 19, 2021;Spectrum Center, Charlotte, North Carolina;2:27
108;
130;
Guest Basic
Malcolm Brogdon;22:53;6;10;.600;2;5;.400;2;2;1.000;0;1;1;2;0;1;2;2;16;-20;
Domantas Sabonis;22:17;3;6;.500;0;3;.000;2;4;.500;0;6;6;1;1;1;4;2;8;-18;
Myles Turner;19:06;1;5;.200;0;2;.000;2;2;1.000;2;2;4;1;0;2;1;1;4;-21;
Caris LeVert;18:10;3;8;.375;0;1;.000;0;0;;0;5;5;0;0;0;0;2;6;-9;
Chris Duarte;13:33;3;5;.600;0;1;.000;0;0;;0;1;1;1;0;0;1;3;6;-15;
Torrey Craig;23:03;5;9;.556;1;4;.250;3;4;.750;3;4;7;1;0;0;0;2;14;0;
T.J. McConnell;21:47;3;6;.500;0;0;;0;0;;0;0;0;3;3;0;0;2;6;-4;
Goga Bitadze;21:36;3;8;.375;1;4;.250;4;8;.500;2;2;4;0;2;1;0;2;11;+14;
Brad Wanamaker;20:06;3;7;.429;1;3;.333;5;5;1.000;0;3;3;0;1;0;2;3;12;+20;
Kelan Martin;18:33;3;8;.375;1;2;.500;0;0;;1;0;1;2;0;0;0;1;7;+10;
Jeremy Lamb;15:41;6;9;.667;4;7;.571;7;7;1.000;0;3;3;5;3;1;0;1;23;+21;
Justin Holiday;14:50;2;5;.400;1;4;.250;0;0;;0;2;2;2;0;0;0;2;5;-13;
Oshae Brissett;8:25;0;2;.000;0;0;;0;0;;0;1;1;1;0;0;0;1;0;+20;
Team Totals;240;41;88;.466;11;36;.306;25;32;.781;8;30;38;19;10;6;10;24;118;;
Guest Advanced
Malcolm Brogdon;22:53;.735;.700;.500;.200;0.0;5.8;2.5;14.8;0.0;4.2;15.5;24.1;124;122;2.2;
Domantas Sabonis;22:17;.515;.500;.500;.667;0.0;35.9;15.6;6.2;2.1;4.3;34.0;22.6;69;114;-10.1;
Myles Turner;19:06;.340;.200;.400;.400;10.7;14.0;12.1;6.5;0.0;10.1;14.5;15.4;86;117;-7.5;
Caris LeVert;18:10;.375;.375;.125;.000;0.0;36.7;15.9;0.0;0.0;0.0;0.0;18.9;76;122;-13.1;
Chris Duarte;13:33;.600;.600;.200;.000;0.0;9.8;4.3;11.7;0.0;0.0;16.7;19.0;101;125;-9.2;
Torrey Craig;23:03;.651;.611;.444;.444;13.3;23.1;17.6;6.8;0.0;0.0;0.0;20.0;145;124;2.4;
T.J. McConnell;21:47;.500;.500;.000;.000;0.0;0.0;0.0;19.2;6.5;0.0;0.0;11.8;118;112;1.7;
Goga Bitadze;21:36;.477;.438;.500;1.000;9.5;12.3;10.7;0.0;4.3;4.4;0.0;22.8;109;112;-1.5;
Brad Wanamaker;20:06;.652;.500;.429;.714;0.0;19.9;8.6;0.0;2.3;0.0;17.9;23.9;108;119;-4.8;
Kelan Martin;18:33;.438;.438;.250;.000;5.5;0.0;3.1;15.6;0.0;0.0;0.0;18.5;106;126;-4.8;
Jeremy Lamb;15:41;.952;.889;.778;.778;0.0;25.5;11.1;67.6;9.0;6.1;0.0;33.0;200;99;51.0;
Justin Holiday;14:50;.500;.500;.800;.000;0.0;18.0;7.8;18.7;0.0;0.0;0.0;14.4;115;124;-3.6;
Oshae Brissett;8:25;.000;.000;.000;.000;0.0;15.8;6.9;13.9;0.0;0.0;0.0;10.2;31;124;-13.3;
Team Totals;240;.578;.528;.409;.364;17.0;83.3;45.8;46.3;9.8;12.0;8.9;100.0;115.2;118.1;;
Home Basic
LaMelo Ball;39:25;12;22;.545;4;9;.444;4;4;1.000;1;10;11;8;1;0;5;1;32;+14;
Miles Bridges;34:19;4;10;.400;2;5;.400;4;4;1.000;0;6;6;1;1;1;3;5;14;-9;
Gordon Hayward;30:57;9;15;.600;1;4;.250;6;7;.857;2;2;4;3;3;2;0;2;25;+11;
Mason Plumlee;24:45;2;3;.667;0;0;;1;2;.500;2;4;6;3;1;1;4;5;5;+12;
Terry Rozier;22:30;4;9;.444;0;4;.000;2;3;.667;0;5;5;3;0;0;0;2;10;-1;
Kelly Oubre Jr.;30:27;6;11;.545;3;7;.429;1;2;.500;0;3;3;0;1;0;3;3;16;-1;
Cody Martin;26:41;5;7;.714;1;1;1.000;1;2;.500;1;3;4;5;0;1;0;4;12;+4;
Jalen McDaniels;15:10;2;2;1.000;1;1;1.000;0;0;;0;5;5;2;0;1;1;2;5;-7;
Ish Smith;10:51;0;1;.000;0;0;;1;2;.500;0;0;0;1;1;1;1;1;1;-10;
Nick Richards;4:55;0;1;.000;0;0;;1;2;.500;0;1;1;2;0;0;0;1;1;+2;
Vernon Carey Jr.;Did Not Play;
Team Totals;240;44;81;.543;12;31;.387;21;28;.750;6;39;45;28;8;7;17;26;121;;
Home Advanced
LaMelo Ball;39:25;.673;.636;.409;.182;3.4;25.9;16.1;33.2;1.2;0.0;17.4;31.7;119;116;4.1;
Miles Bridges;34:19;.595;.500;.500;.400;0.0;17.9;10.1;3.6;1.4;2.7;20.3;18.7;96;115;-7.3;
Gordon Hayward;30:57;.691;.633;.267;.467;8.6;6.6;7.5;15.5;4.5;6.0;0.0;25.4;148;108;12.0;
Mason Plumlee;24:45;.644;.667;.000;.667;10.8;16.5;14.0;14.5;1.9;3.7;50.8;13.9;89;113;-6.3;
Terry Rozier;22:30;.484;.444;.444;.333;0.0;22.7;12.9;18.0;0.0;0.0;0.0;20.0;112;120;-6.8;
Kelly Oubre Jr.;30:27;.673;.682;.636;.182;0.0;10.1;5.7;0.0;1.5;0.0;20.2;21.3;95;119;-5.9;
Cody Martin;26:41;.761;.786;.143;.286;5.0;11.5;8.7;25.7;0.0;3.5;0.0;12.8;167;119;5.3;
Jalen McDaniels;15:10;1.250;1.250;.500;.000;0.0;33.7;19.1;16.8;0.0;6.1;33.3;8.6;154;113;6.5;
Ish Smith;10:51;.266;.000;.000;2.000;0.0;0.0;0.0;10.1;4.3;8.5;34.7;11.5;56;108;-4.3;
Nick Richards;4:55;.266;.000;.000;2.000;0.0;20.8;11.8;44.4;0.0;0.0;0.0;16.6;105;120;0.9;
Vernon Carey Jr.;Did Not Play;
Team Totals;240;.648;.617;.383;.346;16.7;83.0;54.2;63.6;7.8;13.5;15.4;100.0;118.1;115.2;;
