202110240LAL-CHO;BRK;CHO;False;9:30 PM, October 24, 2021;Crypto.com Arena, Los Angeles, California;2:24
111;
95;
Guest Basic
Ja Morant;37:45;13;21;.619;5;7;.714;9;11;.818;2;1;3;10;3;0;6;3;40;+9;
Steven Adams;33:40;7;11;.636;0;0;;0;0;;8;8;16;6;0;0;4;5;14;+15;
Desmond Bane;30:48;7;15;.467;2;7;.286;1;1;1.000;0;5;5;4;2;0;1;2;17;+21;
De'Anthony Melton;27:52;5;12;.417;3;5;.600;0;0;;1;2;3;3;3;0;3;2;13;+8;
Jaren Jackson Jr.;27:41;3;12;.250;2;6;.333;4;4;1.000;1;4;5;0;1;2;1;4;12;+9;
Xavier Tillman Sr.;21:54;3;7;.429;0;3;.000;1;2;.500;3;4;7;1;3;0;0;0;7;-22;
Kyle Anderson;19:38;1;8;.125;0;2;.000;0;0;;1;1;2;0;0;1;0;2;2;-15;
Ziaire Williams;17:48;1;6;.167;1;4;.250;0;0;;1;2;3;0;1;0;1;0;3;-22;
Brandon Clarke;12:39;2;5;.400;0;1;.000;0;0;;1;3;4;1;0;1;1;2;4;-6;
Tyus Jones;10:15;3;3;1.000;0;0;;0;0;;0;1;1;0;0;0;0;0;6;-12;
John Konchar;Did Not Play;
Jarrett Culver;Did Not Play;
Sam Merrill;Did Not Play;
Santi Aldama;Did Not Play;
Killian Tillie;Did Not Play;
Team Totals;240;45;100;.450;13;35;.371;15;18;.833;18;31;49;25;13;4;17;20;118;;
Guest Advanced
Ja Morant;37:45;.774;.738;.333;.524;5.7;3.2;4.5;44.7;3.8;0.0;18.8;32.4;140;121;18.6;
Steven Adams;33:40;.636;.636;.000;.000;25.3;28.5;26.8;24.4;0.0;0.0;26.7;17.1;122;125;1.0;
Desmond Bane;30:48;.551;.533;.467;.067;0.0;19.5;9.2;18.3;3.1;0.0;6.1;20.5;127;120;3.1;
De'Anthony Melton;27:52;.542;.542;.417;.000;3.8;8.6;6.1;14.2;5.1;0.0;20.0;20.7;104;117;1.4;
Jaren Jackson Jr.;27:41;.436;.333;.500;.333;3.9;17.3;10.2;0.0;1.7;6.4;6.8;20.5;105;118;-6.1;
Xavier Tillman Sr.;21:54;.444;.429;.429;.286;14.6;21.9;18.0;5.7;6.5;0.0;0.0;13.8;123;112;4.6;
Kyle Anderson;19:38;.125;.125;.250;.000;5.4;6.1;5.8;0.0;0.0;4.5;0.0;15.7;44;126;-17.8;
Ziaire Williams;17:48;.250;.250;.667;.000;6.0;13.5;9.5;0.0;2.7;0.0;14.3;15.1;62;122;-10.6;
Brandon Clarke;12:39;.400;.400;.200;.000;8.4;28.5;17.9;10.1;0.0;7.0;16.7;18.2;90;119;-7.6;
Tyus Jones;10:15;1.000;1.000;.000;.000;0.0;11.7;5.5;0.0;0.0;0.0;0.0;11.2;200;128;3.3;
John Konchar;Did Not Play;
Jarrett Culver;Did Not Play;
Sam Merrill;Did Not Play;
Santi Aldama;Did Not Play;
Killian Tillie;Did Not Play;
Team Totals;240;.547;.515;.350;.180;40.0;77.5;57.6;55.6;12.9;7.4;13.6;100.0;117.4;120.4;;
Home Basic
LeBron James;40:18;7;19;.368;4;9;.444;1;2;.500;0;6;6;6;2;2;3;1;19;-1;
Russell Westbrook;36:46;5;15;.333;1;4;.250;2;4;.500;1;6;7;13;4;0;9;3;13;-8;
Anthony Davis;33:42;8;15;.533;1;3;.333;5;7;.714;3;5;8;2;0;4;3;1;22;-5;
Kent Bazemore;28:22;3;3;1.000;2;2;1.000;3;4;.750;0;1;1;0;1;0;1;4;11;-16;
DeAndre Jordan;14:29;4;5;.800;0;0;;0;0;;3;5;8;0;0;3;1;2;8;-15;
Carmelo Anthony;27:35;10;15;.667;6;8;.750;2;2;1.000;1;2;3;1;1;2;0;1;28;+19;
Malik Monk;21:00;4;7;.571;2;3;.667;2;2;1.000;1;1;2;4;1;0;0;0;12;+19;
Austin Reaves;17:50;2;3;.667;0;1;.000;0;0;;0;0;0;3;0;0;0;1;4;+18;
Dwight Howard;17:42;2;2;1.000;0;0;;0;1;.000;0;1;1;0;1;1;0;1;4;+6;
Avery Bradley;2:16;0;0;;0;0;;0;0;;0;0;0;0;0;0;0;0;0;-2;
Rajon Rondo;Did Not Play;
Kendrick Nunn;Did Not Dress;
Team Totals;240;45;84;.536;16;30;.533;15;22;.682;9;27;36;29;10;12;17;14;121;;
Home Advanced
LeBron James;40:18;.478;.474;.474;.105;0.0;15.9;8.4;19.5;2.4;3.7;13.1;24.6;97;116;-1.8;
Russell Westbrook;36:46;.388;.367;.267;.267;3.3;17.4;10.8;44.1;5.2;0.0;34.9;30.4;82;110;-6.7;
Anthony Davis;33:42;.608;.567;.200;.467;10.7;15.8;13.4;8.5;0.0;8.8;14.2;27.1;115;119;-0.9;
Kent Bazemore;28:22;1.155;1.333;.667;1.333;0.0;3.8;2.0;0.0;1.7;0.0;17.4;8.8;169;124;0.3;
DeAndre Jordan;14:29;.800;.800;.000;.000;24.9;36.8;31.2;0.0;0.0;15.3;16.7;18.0;140;106;4.8;
Carmelo Anthony;27:35;.882;.867;.533;.133;4.4;7.7;6.1;6.3;1.7;5.4;0.0;25.0;169;120;18.3;
Malik Monk;21:00;.761;.714;.429;.286;5.7;5.1;5.4;25.5;2.3;0.0;0.0;16.3;171;123;9.9;
Austin Reaves;17:50;.667;.667;.333;.000;0.0;0.0;0.0;20.4;0.0;0.0;0.0;7.3;162;130;-1.7;
Dwight Howard;17:42;.820;1.000;.000;.500;0.0;6.0;3.2;0.0;2.7;4.2;0.0;6.0;150;119;-1.3;
Avery Bradley;2:16;;;;;0.0;0.0;0.0;0.0;0.0;0.0;;0.0;0;130;-7.4;
Rajon Rondo;Did Not Play;
Kendrick Nunn;Did Not Dress;
Team Totals;240;.646;.631;.357;.262;22.5;60.0;42.4;64.4;9.9;18.5;15.4;100.0;120.4;117.4;;
