202110290TOR-IND;BRK;IND;False;7:00 PM, October 29, 2021;Scotiabank Arena, Toronto, Canada;2:16
98;
105;
Guest Basic
Mo Bamba;39:26;6;14;.429;2;5;.400;0;2;.000;3;15;18;5;0;3;3;0;14;+10;
Cole Anthony;33:55;7;13;.538;5;6;.833;5;6;.833;1;4;5;5;0;0;2;4;24;+16;
Franz Wagner;33:41;4;12;.333;1;2;.500;1;1;1.000;3;1;4;2;1;0;2;4;10;+1;
Wendell Carter Jr.;33:24;8;12;.667;1;4;.250;0;1;.000;4;8;12;3;0;0;2;4;17;+12;
Jalen Suggs;29:48;6;14;.429;4;8;.500;5;5;1.000;0;2;2;4;0;1;3;5;21;+7;
Gary Harris;26:30;5;11;.455;1;3;.333;0;0;;1;0;1;3;0;0;1;1;11;-16;
Terrence Ross;21:31;4;7;.571;1;4;.250;0;1;.000;0;3;3;1;0;0;0;2;9;-13;
Moritz Wagner;8:29;0;1;.000;0;1;.000;0;0;;0;1;1;0;0;0;1;0;0;-3;
Robin Lopez;7:29;0;1;.000;0;0;;0;0;;0;0;0;1;0;1;1;2;0;-10;
R.J. Hampton;5:47;1;2;.500;1;1;1.000;0;0;;0;0;0;0;0;0;2;2;3;-9;
Ignas Brazdeikis;Did Not Play;
Team Totals;240;41;87;.471;16;34;.471;11;16;.688;12;34;46;24;1;5;17;24;109;;
Guest Advanced
Mo Bamba;39:26;.470;.500;.357;.143;8.5;42.5;25.5;18.1;0.0;6.5;16.8;19.6;100;108;3.5;
Cole Anthony;33:55;.767;.731;.462;.462;3.3;13.2;8.2;22.8;0.0;0.0;11.3;22.5;147;119;8.8;
Franz Wagner;33:41;.402;.375;.167;.083;9.9;3.3;6.6;8.1;1.5;0.0;13.9;18.5;92;118;-8.2;
Wendell Carter Jr.;33:24;.683;.708;.333;.083;13.4;26.7;20.1;14.6;0.0;0.0;13.9;18.7;130;117;2.6;
Jalen Suggs;29:48;.648;.571;.571;.357;0.0;7.5;3.7;20.6;0.0;2.9;15.6;27.9;121;118;2.1;
Gary Harris;26:30;.500;.500;.273;.000;4.2;0.0;2.1;17.0;0.0;0.0;8.3;19.6;110;123;-3.7;
Terrence Ross;21:31;.605;.643;.571;.143;0.0;15.6;7.8;7.0;0.0;0.0;0.0;14.9;127;119;-1.6;
Moritz Wagner;8:29;.000;.000;1.000;.000;0.0;13.2;6.6;0.0;0.0;0.0;50.0;10.2;0;120;-18.4;
Robin Lopez;7:29;.000;.000;.000;.000;0.0;0.0;0.0;15.6;0.0;11.5;50.0;11.6;32;112;-12.5;
R.J. Hampton;5:47;.750;.750;.500;.000;0.0;0.0;0.0;0.0;0.0;0.0;50.0;29.9;60;121;-19.1;
Ignas Brazdeikis;Did Not Play;
Team Totals;240;.580;.563;.391;.184;27.9;79.1;53.5;58.5;1.1;8.9;15.3;100.0;115.4;116.5;;
Home Basic
OG Anunoby;40:33;7;19;.368;2;8;.250;0;0;;0;5;5;3;0;0;2;5;16;+3;
Fred VanVleet;39:30;7;16;.438;3;10;.300;2;3;.667;0;1;1;6;0;0;1;3;19;0;
Scottie Barnes;36:47;9;14;.643;1;2;.500;2;2;1.000;2;7;9;1;2;1;1;1;21;-13;
Gary Trent Jr.;31:56;7;13;.538;2;5;.400;3;3;1.000;0;3;3;2;2;1;0;1;19;-11;
Precious Achiuwa;21:26;4;9;.444;0;2;.000;0;1;.000;1;5;6;1;0;0;2;2;8;-7;
Khem Birch;23:14;1;3;.333;0;1;.000;4;5;.800;3;3;6;3;1;0;1;3;6;+15;
Dalano Banton;22:48;4;6;.667;0;0;;2;4;.500;1;4;5;2;2;0;0;2;10;+4;
Chris Boucher;17:39;3;5;.600;1;2;.500;2;4;.500;2;2;4;0;2;0;0;1;9;+18;
Svi Mykhailiuk;6:07;1;1;1.000;0;0;;0;0;;0;1;1;0;2;0;0;0;2;-4;
Sam Dekker;Did Not Play;
David Johnson;Did Not Play;
Justin Champagnie;Did Not Play;
Goran Dragić;Did Not Play;
Malachi Flynn;Did Not Play;
Isaac Bonga;Did Not Play;
Team Totals;240;43;86;.500;9;30;.300;15;22;.682;9;31;40;18;11;2;7;18;110;;
Home Advanced
OG Anunoby;40:33;.421;.421;.421;.000;0.0;13.8;6.9;10.2;0.0;0.0;9.5;24.2;85;121;-11.7;
Fred VanVleet;39:30;.548;.531;.625;.188;0.0;2.8;1.4;21.1;0.0;0.0;5.5;21.7;119;125;-3.6;
Scottie Barnes;36:47;.706;.679;.143;.143;6.1;21.2;13.7;4.2;2.8;2.5;6.3;20.2;139;111;5.6;
Gary Trent Jr.;31:56;.663;.615;.385;.231;0.0;10.5;5.2;9.3;3.2;2.8;0.0;21.0;141;113;7.0;
Precious Achiuwa;21:26;.424;.444;.222;.111;5.2;26.0;15.6;6.6;0.0;0.0;17.5;25.0;79;117;-12.6;
Khem Birch;23:14;.577;.333;.333;1.667;14.4;14.4;14.4;15.1;2.2;0.0;16.1;12.5;135;116;0.2;
Dalano Banton;22:48;.644;.667;.000;.667;4.9;19.6;12.2;12.2;4.5;0.0;0.0;15.9;143;109;4.9;
Chris Boucher;17:39;.666;.700;.400;.800;12.6;12.6;12.6;0.0;5.8;0.0;0.0;17.9;145;108;5.2;
Svi Mykhailiuk;6:07;1.000;1.000;.000;.000;0.0;18.2;9.1;0.0;16.6;0.0;0.0;7.6;200;82;20.2;
Sam Dekker;Did Not Play;
David Johnson;Did Not Play;
Justin Champagnie;Did Not Play;
Goran Dragić;Did Not Play;
Malachi Flynn;Did Not Play;
Isaac Bonga;Did Not Play;
Team Totals;240;.575;.552;.349;.256;20.9;72.1;46.5;41.9;11.7;3.8;6.8;100.0;116.5;115.4;;
