202111190SAC-LAL;BOS;LAL;False;10:00 PM, November 19, 2021;Golden 1 Center, Sacramento, California;2:08
108;
130;
Guest Basic
Gary Trent Jr.;36:22;8;17;.471;5;11;.455;2;2;1.000;0;4;4;1;0;1;1;4;23;+23;
Scottie Barnes;33:09;1;8;.125;0;0;;0;0;;1;6;7;6;1;1;0;2;2;+2;
Fred VanVleet;31:52;5;14;.357;2;7;.286;1;1;1.000;2;1;3;6;2;0;7;3;13;+23;
Pascal Siakam;30:18;10;12;.833;3;3;1.000;9;10;.900;0;8;8;1;0;2;4;3;32;+19;
Khem Birch;22:57;4;7;.571;0;1;.000;2;4;.500;4;5;9;1;4;2;0;2;10;+17;
Precious Achiuwa;24:58;3;5;.600;0;0;;0;0;;1;4;5;2;0;0;1;1;6;0;
Chris Boucher;23:45;3;10;.300;1;4;.250;3;4;.750;3;9;12;1;1;2;0;3;10;+4;
Svi Mykhailiuk;19:35;3;8;.375;1;5;.200;1;1;1.000;1;1;2;0;1;1;1;3;8;+8;
Dalano Banton;10:57;1;2;.500;0;0;;2;2;1.000;1;2;3;1;0;0;0;2;4;+5;
Malachi Flynn;3:15;0;0;;0;0;;0;0;;0;0;0;1;0;0;0;0;0;-2;
Justin Champagnie;2:52;0;1;.000;0;0;;0;0;;0;0;0;0;0;0;0;1;0;-4;
Goran Dragić;Did Not Play;
Team Totals;240;38;84;.452;12;31;.387;20;24;.833;13;40;53;20;9;9;14;24;108;;
Guest Advanced
Gary Trent Jr.;36:22;.643;.618;.647;.118;0.0;10.4;5.7;4.8;0.0;2.8;5.3;23.0;130;101;2.4;
Scottie Barnes;33:09;.125;.125;.000;.000;3.4;17.0;10.9;23.8;1.5;3.1;0.0;10.7;82;96;-3.0;
Fred VanVleet;31:52;.450;.429;.500;.071;7.2;3.0;4.9;29.7;3.2;0.0;32.6;29.7;80;99;-8.0;
Pascal Siakam;30:18;.976;.958;.250;.833;0.0;24.8;13.6;7.1;0.0;6.7;19.6;29.8;150;94;17.4;
Khem Birch;22:57;.571;.571;.143;.571;19.9;20.5;20.2;7.1;8.9;8.9;0.0;16.9;140;75;14.6;
Precious Achiuwa;24:58;.600;.600;.000;.000;4.6;15.1;10.3;11.9;0.0;0.0;16.7;10.6;118;102;-1.2;
Chris Boucher;23:45;.425;.350;.400;.400;14.4;35.7;26.1;6.3;2.2;8.6;0.0;21.9;114;84;1.3;
Svi Mykhailiuk;19:35;.474;.438;.625;.125;5.8;4.8;5.3;0.0;2.6;5.2;10.6;21.3;97;96;-4.0;
Dalano Banton;10:57;.694;.500;.000;1.000;10.4;17.2;14.1;13.0;0.0;0.0;0.0;11.6;170;100;1.1;
Malachi Flynn;3:15;;;;;0.0;0.0;0.0;38.9;0.0;0.0;;0.0;232;107;2.6;
Justin Champagnie;2:52;.000;.000;.000;.000;0.0;0.0;0.0;0.0;0.0;0.0;0.0;15.4;0;105;-28.0;
Goran Dragić;Did Not Play;
Team Totals;240;.571;.524;.369;.286;31.0;78.4;57.0;52.6;9.6;19.1;12.9;100.0;115.3;95.0;;
Home Basic
De'Aaron Fox;26:54;8;13;.615;0;1;.000;1;3;.333;0;1;1;3;2;0;2;1;17;-22;
Harrison Barnes;25:53;3;9;.333;0;2;.000;8;8;1.000;0;1;1;3;1;0;4;4;14;-15;
Chimezie Metu;25:02;4;11;.364;2;5;.400;0;0;;1;8;9;0;1;1;2;0;10;-15;
Tyrese Haliburton;24:47;3;5;.600;2;4;.500;0;0;;1;3;4;0;3;1;1;2;8;-14;
Richaun Holmes;22:11;2;5;.400;0;0;;2;2;1.000;0;3;3;1;0;0;0;2;6;-11;
Davion Mitchell;25:42;2;10;.200;1;5;.200;0;2;.000;2;3;5;4;0;0;1;3;5;-13;
Buddy Hield;25:18;3;13;.231;3;12;.250;1;2;.500;1;0;1;2;0;0;1;2;10;-12;
Marvin Bagley III;16:37;1;4;.250;0;2;.000;2;5;.400;1;5;6;1;0;0;0;1;4;0;
Damian Jones;16:21;2;5;.400;0;1;.000;2;2;1.000;4;5;9;0;0;1;0;0;6;+7;
Terence Davis;15:27;4;7;.571;1;4;.250;0;1;.000;1;0;1;0;0;1;2;1;9;+7;
Tristan Thompson;9:28;0;0;;0;0;;0;0;;0;0;0;0;1;0;0;2;0;-15;
Jahmi'us Ramsey;3:10;0;2;.000;0;1;.000;0;0;;0;0;0;1;0;0;0;0;0;+4;
Robert Woodard II;3:10;0;0;;0;0;;0;0;;0;0;0;0;0;0;0;0;0;+4;
Alex Len;Did Not Play;
Maurice Harkless;Did Not Play;
Team Totals;240;32;84;.381;9;37;.243;16;25;.640;11;29;40;15;8;4;13;18;89;;
Home Advanced
De'Aaron Fox;26:54;.594;.615;.077;.231;0.0;4.2;1.9;30.2;3.8;0.0;12.3;27.0;107;115;5.0;
Harrison Barnes;25:53;.559;.333;.222;.889;0.0;4.4;2.0;21.0;2.0;0.0;24.2;28.4;95;119;-4.9;
Chimezie Metu;25:02;.455;.455;.455;.000;3.8;36.5;18.6;0.0;2.0;3.6;15.4;23.1;80;106;-1.6;
Tyrese Haliburton;24:47;.800;.800;.800;.000;3.8;13.8;8.3;0.0;6.2;3.7;16.7;10.8;128;104;6.7;
Richaun Holmes;22:11;.510;.400;.000;.400;0.0;15.5;7.0;7.8;0.0;0.0;0.0;11.8;115;120;-4.8;
Davion Mitchell;25:42;.230;.250;.500;.200;7.3;13.3;10.0;26.4;0.0;0.0;8.4;20.5;68;121;-10.9;
Buddy Hield;25:18;.360;.346;.923;.154;3.7;0.0;2.0;14.4;0.0;0.0;6.7;26.1;80;126;-7.5;
Marvin Bagley III;16:37;.323;.250;.500;1.250;5.7;34.4;18.6;9.9;0.0;0.0;0.0;16.6;84;113;-5.7;
Damian Jones;16:21;.510;.400;.200;.400;23.0;34.9;28.4;0.0;0.0;5.5;0.0;16.0;130;110;2.3;
Terence Davis;15:27;.605;.643;.571;.143;6.1;0.0;3.3;0.0;0.0;5.9;21.2;27.2;90;122;-1.5;
Tristan Thompson;9:28;;;;;0.0;0.0;0.0;0.0;5.4;0.0;;0.0;0;113;-7.1;
Jahmi'us Ramsey;3:10;.000;.000;.500;.000;0.0;0.0;0.0;47.4;0.0;0.0;0.0;28.1;27;126;-18.7;
Robert Woodard II;3:10;;;;;0.0;0.0;0.0;0.0;0.0;0.0;;0.0;0;126;-7.6;
Alex Len;Did Not Play;
Maurice Harkless;Did Not Play;
Team Totals;240;.468;.435;.440;.298;21.6;69.0;43.0;46.9;8.5;7.5;12.0;100.0;95.0;115.3;;
