202111030SAS-ATL;BRK;ATL;False;8:30 PM, November 3, 2021;AT&T Center, San Antonio, Texas;2:26
108;
117;
Guest Basic
Jalen Brunson;36:26;9;17;.529;1;4;.250;12;15;.800;1;9;10;3;2;0;2;2;31;+13;
Luka Dončić;36:11;10;25;.400;3;12;.250;0;2;.000;0;12;12;7;2;0;4;1;23;-17;
Tim Hardaway Jr.;35:41;7;17;.412;3;9;.333;6;6;1.000;0;6;6;3;2;0;1;2;23;+18;
Dorian Finney-Smith;35:35;2;8;.250;0;4;.000;0;0;;2;1;3;2;3;1;0;4;4;-12;
Dwight Powell;22:55;3;4;.750;0;0;;0;0;;5;1;6;0;0;1;3;3;6;-1;
Sterling Brown;19:18;1;3;.333;1;2;.500;0;0;;1;4;5;3;1;1;3;2;3;+7;
Frank Ntilikina;16:08;0;6;.000;0;2;.000;2;2;1.000;2;2;4;1;0;0;1;2;2;-15;
Boban Marjanović;14:46;8;10;.800;0;0;;1;4;.250;2;3;5;0;0;1;4;5;17;+17;
Willie Cauley-Stein;10:00;0;1;.000;0;0;;0;0;;1;1;2;1;0;0;0;2;0;-13;
Reggie Bullock;7:21;0;1;.000;0;1;.000;0;0;;0;1;1;0;0;0;1;0;0;-2;
Josh Green;5:39;0;1;.000;0;0;;0;0;;1;1;2;1;0;0;0;0;0;+10;
Trey Burke;Did Not Play;
Eugene Omoruyi;Did Not Play;
Moses Brown;Did Not Play;
Team Totals;240;40;93;.430;8;34;.235;21;29;.724;15;41;56;21;10;4;19;23;109;;
Guest Advanced
Jalen Brunson;36:26;.657;.559;.235;.882;2.6;25.8;13.7;14.0;2.5;0.0;7.8;27.0;134;101;10.3;
Luka Dončić;36:11;.444;.460;.480;.080;0.0;34.6;16.6;34.7;2.5;0.0;13.4;31.8;91;100;3.6;
Tim Hardaway Jr.;35:41;.586;.500;.529;.353;0.0;17.5;8.4;13.2;2.5;0.0;4.8;22.3;127;102;6.7;
Dorian Finney-Smith;35:35;.250;.250;.500;.000;5.4;2.9;4.2;7.2;3.8;2.0;0.0;8.6;82;98;-2.1;
Dwight Powell;22:55;.750;.750;.000;.000;20.9;4.6;13.1;0.0;0.0;3.1;42.9;11.8;99;105;-5.8;
Sterling Brown;19:18;.500;.500;.667;.000;5.0;21.6;13.0;19.9;2.3;3.7;50.0;12.0;73;98;1.1;
Frank Ntilikina;16:08;.145;.000;.333;.333;11.9;12.9;12.4;7.4;0.0;0.0;12.7;18.8;53;108;-15.2;
Boban Marjanović;14:46;.723;.800;.000;.400;13.0;21.2;16.9;0.0;0.0;4.9;25.4;41.1;95;101;0.3;
Willie Cauley-Stein;10:00;.000;.000;.000;.000;9.6;10.4;10.0;12.0;0.0;0.0;0.0;3.8;89;108;-5.6;
Reggie Bullock;7:21;.000;.000;1.000;.000;0.0;14.2;6.8;0.0;0.0;0.0;50.0;10.5;0;108;-15.4;
Josh Green;5:39;.000;.000;.000;.000;17.0;18.5;17.7;21.2;0.0;0.0;0.0;6.8;89;107;-1.5;
Trey Burke;Did Not Play;
Eugene Omoruyi;Did Not Play;
Moses Brown;Did Not Play;
Team Totals;240;.515;.473;.366;.312;30.0;89.1;58.3;52.5;9.4;6.0;15.2;100.0;102.7;101.7;;
Home Basic
Derrick White;36:14;6;10;.600;1;2;.500;6;6;1.000;1;2;3;3;1;1;3;4;19;+4;
Dejounte Murray;34:26;8;18;.444;2;7;.286;5;6;.833;0;9;9;8;2;1;3;4;23;-8;
Keldon Johnson;30:52;7;18;.389;0;2;.000;2;4;.500;1;5;6;1;1;0;2;2;16;-1;
Doug McDermott;25:48;1;2;.500;0;0;;0;0;;0;1;1;1;1;0;2;6;2;-5;
Drew Eubanks;19:22;4;10;.400;0;0;;2;4;.500;0;5;5;1;0;3;1;2;10;-13;
Devin Vassell;30:32;9;12;.750;3;6;.500;0;0;;0;3;3;1;0;2;2;1;21;+10;
Lonnie Walker IV;22:31;2;5;.400;1;2;.500;0;0;;1;3;4;6;2;1;0;1;5;+12;
Thaddeus Young;22:14;4;8;.500;0;1;.000;0;0;;2;4;6;3;2;2;2;2;8;+10;
Bryn Forbes;11:06;1;3;.333;0;1;.000;0;0;;0;1;1;0;0;0;0;1;2;-13;
Keita Bates-Diop;4:40;0;0;;0;0;;0;0;;0;2;2;0;0;0;0;1;0;-4;
Tre Jones;2:15;1;2;.500;0;0;;0;0;;0;0;0;1;1;0;0;0;2;+3;
Joshua Primo;Did Not Play;
Jock Landale;Did Not Play;
Joe Wieskamp;Did Not Play;
Team Totals;240;43;88;.489;7;21;.333;15;20;.750;5;35;40;25;10;10;15;24;108;;
Home Advanced
Derrick White;36:14;.752;.650;.200;.600;2.9;5.3;4.1;11.3;1.2;2.2;19.2;18.5;125;108;1.0;
Dejounte Murray;34:26;.557;.500;.389;.333;0.0;25.1;13.1;35.0;2.6;2.4;12.7;29.5;107;98;5.7;
Keldon Johnson;30:52;.405;.389;.111;.222;3.4;15.6;9.7;4.8;1.5;0.0;9.2;30.3;76;105;-9.7;
Doug McDermott;25:48;.500;.500;.000;.000;0.0;3.7;1.9;4.5;1.8;0.0;50.0;6.7;55;108;-11.0;
Drew Eubanks;19:22;.425;.400;.000;.400;0.0;24.8;12.9;7.5;0.0;12.6;7.8;28.3;80;98;-3.8;
Devin Vassell;30:32;.875;.875;.500;.000;0.0;9.4;4.9;5.4;0.0;5.3;14.3;19.7;133;108;8.3;
Lonnie Walker IV;22:31;.500;.500;.400;.000;4.6;12.8;8.9;33.0;4.0;3.6;0.0;9.5;134;99;10.7;
Thaddeus Young;22:14;.500;.500;.125;.000;9.4;17.3;13.5;18.8;4.1;7.3;20.0;19.3;96;95;4.4;
Bryn Forbes;11:06;.333;.333;.333;.000;0.0;8.6;4.5;0.0;0.0;0.0;0.0;11.6;65;110;-11.6;
Keita Bates-Diop;4:40;;;;;0.0;41.1;21.4;0.0;0.0;0.0;;0.0;0;98;-7.0;
Tre Jones;2:15;.500;.500;.000;.000;0.0;0.0;0.0;98.5;20.1;0.0;0.0;38.2;116;71;34.8;
Joshua Primo;Did Not Play;
Jock Landale;Did Not Play;
Joe Wieskamp;Did Not Play;
Team Totals;240;.558;.528;.239;.227;10.9;70.0;41.7;58.1;9.4;16.9;13.4;100.0;101.7;102.7;;
