202110270POR-WAS;BOS;WAS;False;10:00 PM, October 27, 2021;Moda Center, Portland, Oregon;2:19
116;
107;
Guest Basic
Ja Morant;31:51;5;12;.417;3;6;.500;4;5;.800;2;7;9;10;1;0;9;2;17;-25;
De'Anthony Melton;25:15;0;8;.000;0;5;.000;0;2;.000;1;6;7;1;2;1;1;0;0;-19;
Desmond Bane;23:11;7;12;.583;4;7;.571;1;1;1.000;0;3;3;1;1;1;2;0;19;+1;
Jaren Jackson Jr.;18:18;3;13;.231;1;7;.143;0;0;;1;1;2;4;0;0;2;5;7;+2;
Steven Adams;17:47;2;8;.250;0;0;;0;0;;5;2;7;0;0;0;0;4;4;-20;
Kyle Anderson;22:23;2;6;.333;1;2;.500;1;2;.500;2;4;6;3;1;0;2;2;6;-16;
Ziaire Williams;18:52;1;3;.333;1;3;.333;2;2;1.000;1;0;1;0;0;0;0;4;5;-17;
John Konchar;16:42;3;5;.600;1;2;.500;0;2;.000;4;3;7;4;1;0;2;2;7;+5;
Brandon Clarke;15:13;3;4;.750;0;0;;0;2;.000;2;2;4;1;0;0;0;2;6;+3;
Tyus Jones;15:10;3;6;.500;2;4;.500;0;0;;0;0;0;1;0;0;0;1;8;-11;
Sam Merrill;12:00;2;6;.333;2;6;.333;0;0;;0;0;0;2;0;0;0;1;6;-10;
Xavier Tillman Sr.;6:36;1;1;1.000;1;1;1.000;0;0;;0;0;0;0;1;1;2;1;3;-11;
Santi Aldama;5:34;3;6;.500;1;2;.500;0;1;.000;2;0;2;0;0;0;0;1;7;+6;
Jarrett Culver;5:34;0;2;.000;0;2;.000;1;2;.500;0;1;1;0;0;0;0;0;1;+6;
Killian Tillie;5:34;0;4;.000;0;3;.000;0;0;;1;0;1;0;2;0;1;0;0;+6;
Team Totals;240;35;96;.365;17;50;.340;9;19;.474;21;29;50;27;9;3;21;25;96;;
Guest Advanced
Ja Morant;31:51;.599;.542;.500;.417;5.4;25.1;13.8;54.9;1.5;0.0;38.8;27.9;93;118;0.3;
De'Anthony Melton;25:15;.000;.000;.625;.250;3.4;27.2;13.6;5.4;3.9;4.0;10.1;15.0;13;110;-12.6;
Desmond Bane;23:11;.764;.750;.583;.083;0.0;14.8;6.3;10.1;2.1;4.3;13.9;23.8;125;118;14.3;
Jaren Jackson Jr.;18:18;.269;.269;.538;.000;4.7;6.2;5.4;38.7;0.0;0.0;13.3;31.4;73;127;-13.7;
Steven Adams;17:47;.250;.250;.000;.000;24.1;12.9;19.3;0.0;0.0;0.0;0.0;17.2;84;125;-14.6;
Kyle Anderson;22:23;.436;.417;.333;.333;7.7;20.4;13.1;20.9;2.2;0.0;22.5;15.2;93;118;-2.5;
Ziaire Williams;18:52;.644;.500;1.000;.667;4.5;0.0;2.6;0.0;0.0;0.0;0.0;7.9;156;129;-6.9;
John Konchar;16:42;.595;.700;.400;.400;20.5;20.5;20.5;43.6;3.0;0.0;25.4;18.1;112;116;8.9;
Brandon Clarke;15:13;.615;.750;.000;.500;11.3;15.0;12.9;12.4;0.0;0.0;0.0;12.3;131;125;-0.6;
Tyus Jones;15:10;.667;.667;.667;.000;0.0;0.0;0.0;12.4;0.0;0.0;0.0;15.1;144;130;1.8;
Sam Merrill;12:00;.500;.500;1.000;.000;0.0;0.0;0.0;29.6;0.0;0.0;0.0;19.1;129;130;2.8;
Xavier Tillman Sr.;6:36;1.500;1.500;1.000;.000;0.0;0.0;0.0;0.0;7.5;15.2;66.7;17.4;34;104;6.8;
Santi Aldama;5:34;.543;.583;.333;.167;30.8;0.0;17.6;0.0;0.0;0.0;0.0;44.3;119;130;10.7;
Jarrett Culver;5:34;.174;.000;1.000;1.000;0.0;20.5;8.8;0.0;0.0;0.0;0.0;19.8;47;123;-17.9;
Killian Tillie;5:34;.000;.000;.750;.000;15.4;0.0;8.8;0.0;17.7;0.0;20.0;34.4;10;88;-17.4;
Team Totals;240;.460;.453;.521;.198;37.5;69.0;51.0;77.1;9.2;6.3;16.8;100.0;98.7;119.2;;
Home Basic
CJ McCollum;32:25;8;21;.381;4;9;.444;5;6;.833;1;5;6;2;2;1;2;3;25;+23;
Damian Lillard;32:14;6;22;.273;4;11;.364;4;4;1.000;0;3;3;10;1;0;2;0;20;+16;
Robert Covington;27:28;1;4;.250;1;4;.250;0;0;;0;4;4;0;0;1;0;3;3;+8;
Nassir Little;26:59;3;4;.750;0;1;.000;3;3;1.000;2;4;6;0;1;1;3;4;9;+5;
Jusuf Nurkić;23:28;6;8;.750;0;1;.000;5;8;.625;2;6;8;0;3;1;0;2;17;+13;
Anfernee Simons;28:05;6;10;.600;5;7;.714;0;0;;0;3;3;2;2;0;1;0;17;+14;
Cody Zeller;24:31;3;4;.750;0;0;;4;6;.667;5;2;7;1;0;0;2;5;10;+7;
Dennis Smith Jr.;18:58;1;2;.500;1;1;1.000;2;4;.500;0;3;3;5;0;1;2;2;5;+8;
Larry Nance Jr.;15:12;4;6;.667;0;1;.000;0;0;;3;2;5;1;1;0;1;1;8;+18;
Greg Brown III;5:20;1;2;.500;0;0;;0;0;;0;2;2;1;1;1;0;0;2;-6;
CJ Elleby;5:20;0;1;.000;0;1;.000;0;0;;0;1;1;0;0;0;0;0;0;-6;
Ben McLemore;Did Not Play;
Team Totals;240;39;84;.464;15;36;.417;23;31;.742;13;35;48;22;11;6;13;20;116;;
Home Advanced
CJ McCollum;32:25;.529;.476;.429;.286;3.5;13.2;9.1;10.9;3.0;3.2;7.8;34.3;111;96;2.9;
Damian Lillard;32:14;.421;.364;.500;.182;0.0;8.0;4.6;49.5;1.5;0.0;7.8;34.7;109;105;1.3;
Robert Covington;27:28;.375;.375;1.000;.000;0.0;12.5;7.1;0.0;0.0;3.8;0.0;6.3;87;103;-5.7;
Nassir Little;26:59;.846;.750;.250;.750;8.5;12.7;10.9;0.0;1.8;3.9;36.1;13.4;112;98;-2.9;
Jusuf Nurkić;23:28;.738;.750;.125;1.000;9.7;21.9;16.7;0.0;6.3;4.4;0.0;21.3;157;82;12.6;
Anfernee Simons;28:05;.850;.850;.700;.000;0.0;9.2;5.2;11.9;3.5;0.0;9.1;17.0;154;100;12.0;
Cody Zeller;24:31;.753;.750;.000;1.500;23.3;7.0;14.0;5.9;0.0;0.0;23.1;15.3;137;107;-3.9;
Dennis Smith Jr.;18:58;.665;.750;.500;2.000;0.0;13.6;7.7;34.7;0.0;5.5;34.7;13.2;116;102;0.8;
Larry Nance Jr.;15:12;.667;.667;.167;.000;22.6;11.3;16.1;12.0;3.2;0.0;14.3;20.0;132;98;5.5;
Greg Brown III;5:20;.500;.500;.000;.000;0.0;32.1;18.4;30.0;9.2;19.6;0.0;16.3;129;65;23.3;
CJ Elleby;5:20;.000;.000;1.000;.000;0.0;16.1;9.2;0.0;0.0;0.0;0.0;8.1;0;103;-12.6;
Ben McLemore;Did Not Play;
Team Totals;240;.594;.554;.429;.369;31.0;62.5;49.0;56.4;11.3;13.0;11.7;100.0;119.2;98.7;;
