202110220LAL-TOR;BOS;TOR;False;10:00 PM, October 22, 2021;Crypto.com Arena, Los Angeles, California;2:25
115;
83;
Guest Basic
Mikal Bridges;35:09;8;11;.727;2;4;.500;3;4;.750;1;4;5;3;3;1;1;3;21;+13;
Jae Crowder;34:52;5;10;.500;1;6;.167;2;3;.667;1;5;6;0;0;0;0;4;13;+1;
Devin Booker;33:34;9;19;.474;2;6;.333;2;2;1.000;1;4;5;4;0;0;4;3;22;+8;
Deandre Ayton;32:33;4;10;.400;0;0;;0;0;;4;11;15;2;2;1;0;2;8;+5;
Chris Paul;29:14;6;12;.500;1;4;.250;10;10;1.000;0;5;5;14;2;0;5;3;23;+6;
Cameron Johnson;18:51;3;8;.375;2;5;.400;0;0;;0;2;2;3;1;0;0;2;8;+7;
Cameron Payne;18:46;1;5;.200;0;3;.000;2;3;.667;0;3;3;4;0;0;1;1;4;+4;
Landry Shamet;14:31;1;4;.250;1;3;.333;0;0;;0;1;1;0;0;0;0;2;3;+2;
JaVale McGee;13:05;4;5;.800;0;0;;1;4;.250;0;4;4;0;0;0;0;2;9;+9;
Abdel Nader;9:25;1;2;.500;1;1;1.000;1;2;.500;0;1;1;1;0;0;0;0;4;-5;
Jalen Smith;Did Not Play;
Frank Kaminsky;Did Not Play;
Elfrid Payton;Did Not Play;
Chandler Hutchison;Did Not Play;
Team Totals;240;42;86;.488;10;32;.313;21;28;.750;7;40;47;31;8;2;11;22;115;;
Guest Advanced
Mikal Bridges;35:09;.823;.818;.364;.364;3.3;10.5;7.3;13.2;4.1;2.6;7.3;17.2;150;99;12.9;
Jae Crowder;34:52;.574;.550;.600;.300;3.4;13.2;8.9;0.0;0.0;0.0;0.0;14.3;116;109;-3.4;
Devin Booker;33:34;.553;.526;.316;.105;3.5;11.0;7.7;19.6;0.0;0.0;16.8;31.2;95;110;-3.2;
Deandre Ayton;32:33;.400;.400;.000;.000;14.4;31.2;23.8;8.2;2.9;2.8;0.0;13.5;108;94;1.1;
Chris Paul;29:14;.701;.542;.333;.833;0.0;15.8;8.8;71.5;3.3;0.0;23.4;32.1;128;101;12.7;
Cameron Johnson;18:51;.500;.500;.625;.000;0.0;9.8;5.5;22.2;2.5;0.0;0.0;18.6;110;105;4.3;
Cameron Payne;18:46;.316;.200;.600;.600;0.0;14.8;8.3;25.9;0.0;0.0;13.7;17.1;82;109;-7.2;
Landry Shamet;14:31;.375;.375;.750;.000;0.0;6.4;3.6;0.0;0.0;0.0;0.0;12.1;74;112;-9.4;
JaVale McGee;13:05;.666;.800;.000;.800;0.0;28.2;15.8;0.0;0.0;0.0;0.0;22.7;119;103;1.3;
Abdel Nader;9:25;.694;.750;.500;1.000;0.0;9.8;5.5;13.8;0.0;0.0;0.0;13.4;142;111;7.0;
Jalen Smith;Did Not Play;
Frank Kaminsky;Did Not Play;
Elfrid Payton;Did Not Play;
Chandler Hutchison;Did Not Play;
Team Totals;240;.585;.547;.372;.326;17.1;76.9;50.5;73.8;8.0;3.8;10.1;100.0;114.5;104.5;;
Home Basic
Anthony Davis;38:09;6;18;.333;0;1;.000;10;11;.909;5;9;14;3;1;2;2;3;22;-6;
LeBron James;36:32;8;18;.444;5;9;.556;4;4;1.000;0;2;2;5;2;0;5;4;25;-6;
Russell Westbrook;34:35;6;15;.400;0;3;.000;3;8;.375;2;9;11;9;2;1;4;5;15;+4;
Kent Bazemore;23:28;1;5;.200;1;3;.333;1;2;.500;0;2;2;1;0;0;0;3;4;-17;
DeAndre Jordan;10:12;1;1;1.000;0;0;;0;0;;1;3;4;1;0;0;0;1;2;+4;
Carmelo Anthony;24:50;5;11;.455;4;6;.667;2;2;1.000;3;2;5;1;0;0;1;3;16;+8;
Avery Bradley;20:46;0;3;.000;0;2;.000;0;0;;0;0;0;0;0;0;0;2;0;-25;
Malik Monk;16:48;2;5;.400;1;4;.250;2;2;1.000;0;1;1;1;0;0;1;0;7;-19;
Rajon Rondo;13:53;2;5;.400;2;3;.667;0;0;;1;3;4;3;0;0;3;2;6;+1;
Austin Reaves;12:00;3;4;.750;2;3;.667;0;0;;0;0;0;0;0;0;0;1;8;+17;
Dwight Howard;8:47;0;1;.000;0;0;;0;0;;0;3;3;1;2;0;0;2;0;-11;
Kendrick Nunn;Did Not Dress;
Team Totals;240;34;86;.395;15;34;.441;22;29;.759;12;34;46;25;7;3;16;26;105;;
Home Advanced
Anthony Davis;38:09;.482;.333;.056;.611;12.1;27.6;18.9;14.3;1.3;4.7;8.1;27.2;109;111;1.3;
LeBron James;36:32;.633;.583;.500;.222;0.0;6.4;2.8;28.0;2.6;0.0;20.2;28.3;104;115;4.3;
Russell Westbrook;34:35;.405;.400;.200;.533;5.3;30.5;16.4;48.7;2.8;2.6;17.8;27.2;90;108;0.2;
Kent Bazemore;23:28;.340;.300;.600;.400;0.0;10.0;4.4;6.4;0.0;0.0;0.0;10.5;82;120;-8.1;
DeAndre Jordan;10:12;1.000;1.000;.000;.000;9.0;34.4;20.2;16.1;0.0;0.0;0.0;4.1;218;116;4.0;
Carmelo Anthony;24:50;.673;.636;.545;.182;11.2;9.4;10.4;7.9;0.0;0.0;7.8;21.7;128;120;5.0;
Avery Bradley;20:46;.000;.000;.667;.000;0.0;0.0;0.0;0.0;0.0;0.0;0.0;6.0;0;121;-13.7;
Malik Monk;16:48;.595;.500;.800;.400;0.0;7.0;3.1;10.1;0.0;0.0;14.5;17.1;107;120;-2.9;
Rajon Rondo;13:53;.600;.600;.600;.000;6.6;25.3;14.9;38.3;0.0;0.0;37.5;24.1;88;117;-3.3;
Austin Reaves;12:00;1.000;1.000;.750;.000;0.0;0.0;0.0;0.0;0.0;0.0;0.0;13.9;175;121;9.5;
Dwight Howard;8:47;.000;.000;.000;.000;0.0;40.0;17.6;16.1;10.9;0.0;0.0;4.8;56;91;4.0;
Kendrick Nunn;Did Not Dress;
Team Totals;240;.532;.483;.395;.337;23.1;82.9;49.5;73.5;7.0;5.6;13.9;100.0;104.5;114.5;;
