202111010ATL-WAS;ATL;WAS;False;7:30 PM, November 1, 2021;State Farm Arena, Atlanta, Georgia;2:12
111;
118;
Guest Basic
Bradley Beal;34:15;10;21;.476;3;11;.273;1;1;1.000;0;2;2;3;2;0;4;2;24;-19;
Kyle Kuzma;33:37;7;15;.467;4;9;.444;0;0;;1;5;6;2;0;0;2;4;18;-7;
Kentavious Caldwell-Pope;30:08;4;10;.400;2;6;.333;1;1;1.000;1;3;4;2;1;0;0;2;11;-15;
Spencer Dinwiddie;28:42;5;11;.455;1;5;.200;3;3;1.000;0;5;5;10;1;0;1;2;14;+12;
Daniel Gafford;14:31;2;6;.333;0;0;;0;0;;3;2;5;0;0;3;0;4;4;-8;
Montrezl Harrell;33:29;3;7;.429;0;0;;7;7;1.000;2;6;8;3;0;0;2;3;13;+1;
Raul Neto;19:18;2;6;.333;0;3;.000;2;2;1.000;0;1;1;5;1;0;2;3;6;-19;
Deni Avdija;17:52;4;5;.800;1;2;.500;0;0;;0;2;2;0;1;1;0;2;9;+8;
Aaron Holiday;13:45;2;2;1.000;1;1;1.000;0;0;;0;1;1;2;0;0;1;2;5;+12;
Corey Kispert;11:21;2;3;.667;1;2;.500;0;0;;0;2;2;0;1;0;0;0;5;+12;
Dāvis Bertāns;3:02;0;0;;0;0;;2;2;1.000;0;0;0;0;0;0;0;0;2;-12;
Joel Ayayi;Did Not Play;
Isaiah Todd;Did Not Play;
Team Totals;240;41;86;.477;13;39;.333;16;16;1.000;7;29;36;27;7;4;12;24;111;;
Guest Advanced
Bradley Beal;34:15;.560;.548;.524;.048;0.0;6.7;3.4;15.6;3.0;0.0;15.7;33.9;93;127;-2.9;
Kyle Kuzma;33:37;.600;.600;.600;.000;3.5;17.0;10.3;9.2;0.0;0.0;11.8;23.1;105;131;-3.1;
Kentavious Caldwell-Pope;30:08;.527;.500;.600;.100;3.9;11.4;7.7;9.2;1.7;0.0;0.0;15.8;116;129;-1.9;
Spencer Dinwiddie;28:42;.568;.500;.455;.273;0.0;19.9;10.1;51.2;1.8;0.0;7.5;21.2;132;125;7.0;
Daniel Gafford;14:31;.333;.333;.000;.000;24.2;15.7;19.9;0.0;0.0;20.2;0.0;18.9;97;120;-9.4;
Montrezl Harrell;33:29;.645;.429;.000;1.000;7.0;20.5;13.8;11.7;0.0;0.0;16.6;16.5;127;129;-3.5;
Raul Neto;19:18;.436;.333;.500;.333;0.0;5.9;3.0;34.5;2.7;0.0;22.5;21.0;93;128;-7.6;
Deni Avdija;17:52;.900;.900;.400;.000;0.0;12.8;6.5;0.0;2.9;5.5;0.0;12.8;167;122;7.4;
Aaron Holiday;13:45;1.250;1.250;.500;.000;0.0;8.3;4.2;20.5;0.0;0.0;33.3;10.0;153;134;1.0;
Corey Kispert;11:21;.833;.833;.667;.000;0.0;20.1;10.2;0.0;4.5;0.0;0.0;12.1;151;118;7.9;
Dāvis Bertāns;3:02;1.136;;;;0.0;0.0;0.0;0.0;0.0;0.0;0.0;13.3;250;137;8.2;
Joel Ayayi;Did Not Play;
Isaiah Todd;Did Not Play;
Team Totals;240;.597;.552;.453;.186;17.1;69.0;43.4;65.9;7.5;8.2;11.4;100.0;118.8;126.3;;
Home Basic
Trae Young;36:03;7;16;.438;1;6;.167;11;11;1.000;0;4;4;6;1;0;6;2;26;+19;
Bogdan Bogdanović;34:24;5;9;.556;4;6;.667;2;2;1.000;1;5;6;6;0;0;0;2;16;+20;
Clint Capela;33:02;7;9;.778;0;0;;2;2;1.000;4;8;12;1;1;2;0;3;16;+2;
John Collins;31:21;3;7;.429;0;1;.000;6;6;1.000;2;7;9;6;0;1;0;0;12;+7;
De'Andre Hunter;27:08;5;11;.455;1;4;.250;0;0;;0;2;2;0;2;0;1;4;11;+5;
Cam Reddish;27:02;4;10;.400;3;6;.500;4;4;1.000;1;3;4;2;2;0;2;1;15;+2;
Danilo Gallinari;16:39;4;10;.400;4;7;.571;0;0;;4;1;5;0;1;0;0;1;12;0;
Lou Williams;12:33;2;8;.250;0;3;.000;2;2;1.000;0;0;0;0;1;0;0;1;6;-8;
Delon Wright;11:57;1;1;1.000;0;0;;0;0;;0;0;0;3;1;0;1;0;2;-12;
Gorgui Dieng;9:51;0;2;.000;0;1;.000;2;2;1.000;1;4;5;0;0;2;1;3;2;0;
Sharife Cooper;Did Not Play;
Skylar Mays;Did Not Play;
Timothé Luwawu-Cabarrot;Did Not Play;
Jalen Johnson;Did Not Play;
Solomon Hill;Did Not Play;
Team Totals;240;38;83;.458;13;34;.382;29;29;1.000;13;34;47;24;9;5;11;17;118;;
Home Advanced
Trae Young;36:03;.624;.469;.375;.688;0.0;13.0;6.4;27.9;1.4;0.0;22.4;33.5;111;122;-4.8;
Bogdan Bogdanović;34:24;.810;.778;.667;.222;3.3;17.0;10.1;27.0;0.0;0.0;0.0;12.9;182;124;7.5;
Clint Capela;33:02;.810;.778;.000;.222;13.8;28.4;21.0;5.2;1.6;6.2;0.0;13.4;179;114;6.0;
John Collins;31:21;.622;.429;.143;.857;7.3;26.1;16.6;27.5;0.0;3.3;0.0;13.8;164;120;7.5;
De'Andre Hunter;27:08;.500;.500;.364;.000;0.0;8.6;4.3;0.0;3.8;0.0;8.3;19.9;94;117;-8.1;
Cam Reddish;27:02;.638;.550;.600;.400;4.2;13.0;8.6;11.5;3.8;0.0;14.5;22.9;122;116;2.7;
Danilo Gallinari;16:39;.600;.600;.700;.000;27.5;7.0;17.4;0.0;3.1;0.0;0.0;27.0;140;119;7.5;
Lou Williams;12:33;.338;.250;.375;.250;0.0;0.0;0.0;0.0;4.1;0.0;0.0;31.8;80;118;-16.6;
Delon Wright;11:57;1.000;1.000;.000;.000;0.0;0.0;0.0;35.5;4.3;0.0;50.0;7.5;129;118;4.4;
Gorgui Dieng;9:51;.347;.000;.500;1.000;11.6;47.5;29.4;0.0;0.0;20.7;25.8;17.7;76;103;-12.2;
Sharife Cooper;Did Not Play;
Skylar Mays;Did Not Play;
Timothé Luwawu-Cabarrot;Did Not Play;
Jalen Johnson;Did Not Play;
Solomon Hill;Did Not Play;
Team Totals;240;.616;.536;.410;.349;31.0;82.9;56.6;63.2;9.6;10.6;10.3;100.0;126.3;118.8;;
