202111030GSW-ATL;BRK;ATL;False;10:00 PM, November 3, 2021;Chase Center, San Francisco, California;2:16
108;
117;
Guest Basic
Miles Bridges;37:35;12;22;.545;5;9;.556;3;4;.750;1;8;9;2;2;2;0;1;32;-9;
Gordon Hayward;37:23;8;15;.533;2;3;.667;5;6;.833;0;11;11;2;1;0;0;2;23;-17;
Terry Rozier;34:47;2;12;.167;1;7;.143;0;0;;2;4;6;2;0;0;3;1;5;-5;
LaMelo Ball;33:33;5;14;.357;0;6;.000;4;4;1.000;1;4;5;8;4;0;4;4;14;-4;
Mason Plumlee;20:04;3;7;.429;0;0;;1;2;.500;1;3;4;1;2;0;1;2;7;-5;
Cody Martin;25:19;1;3;.333;0;1;.000;0;1;.000;3;2;5;2;1;0;0;2;2;-17;
P.J. Washington;17:22;2;8;.250;2;5;.400;1;2;.500;1;4;5;0;0;0;1;1;7;-8;
Ish Smith;14:27;1;3;.333;0;0;;0;0;;0;2;2;0;0;0;4;0;2;-18;
Kelly Oubre Jr.;13:25;0;4;.000;0;3;.000;0;0;;0;1;1;1;0;0;2;1;0;-12;
Jalen McDaniels;2:23;0;2;.000;0;2;.000;0;0;;0;1;1;0;0;0;1;0;0;-5;
James Bouknight;1:51;0;1;.000;0;0;;0;0;;0;0;0;0;0;0;0;0;0;-5;
Nick Richards;1:51;0;0;;0;0;;0;0;;0;0;0;0;0;0;0;0;0;-5;
Kai Jones;Did Not Play;
Team Totals;240;34;91;.374;10;36;.278;14;19;.737;9;40;49;18;10;2;16;14;92;;
Guest Advanced
Miles Bridges;37:35;.673;.659;.409;.182;2.3;21.7;11.3;13.7;2.5;6.2;0.0;26.3;134;105;18.5;
Gordon Hayward;37:23;.652;.600;.200;.400;0.0;30.1;13.8;10.8;1.2;0.0;0.0;19.6;134;110;7.5;
Terry Rozier;34:47;.208;.208;.583;.000;5.0;11.7;8.1;8.8;0.0;0.0;20.0;17.9;47;117;-13.5;
LaMelo Ball;33:33;.444;.357;.429;.286;2.6;12.2;7.0;42.6;5.5;0.0;20.2;24.5;89;103;2.7;
Mason Plumlee;20:04;.444;.429;.000;.286;4.3;15.3;9.4;8.9;4.6;0.0;11.3;18.4;87;105;-1.0;
Cody Martin;25:19;.291;.333;.333;.333;10.3;8.1;9.3;11.8;1.8;0.0;0.0;5.7;108;113;-2.3;
P.J. Washington;17:22;.394;.375;.625;.250;5.0;23.5;13.5;0.0;0.0;0.0;10.1;23.7;76;114;-6.1;
Ish Smith;14:27;.333;.333;.000;.000;0.0;14.1;6.5;0.0;0.0;0.0;57.1;20.2;26;116;-20.9;
Kelly Oubre Jr.;13:25;.000;.000;.750;.000;0.0;7.6;3.5;10.5;0.0;0.0;33.3;18.6;9;117;-21.6;
Jalen McDaniels;2:23;.000;.000;1.000;.000;0.0;42.9;19.7;0.0;0.0;0.0;33.3;52.4;0;112;-48.9;
James Bouknight;1:51;.000;.000;.000;.000;0.0;0.0;0.0;0.0;0.0;0.0;0.0;22.5;0;119;-24.3;
Nick Richards;1:51;;;;;0.0;0.0;0.0;0.0;0.0;0.0;;0.0;0;119;-8.2;
Kai Jones;Did Not Play;
Team Totals;240;.463;.429;.396;.209;16.4;85.1;48.0;52.9;9.7;4.9;13.9;100.0;89.0;110.2;;
Home Basic
Stephen Curry;35:25;6;15;.400;3;11;.273;0;0;;1;7;8;9;1;1;4;3;15;-1;
Draymond Green;34:48;2;5;.400;0;0;;1;3;.333;1;9;10;8;1;0;3;2;5;+26;
Jordan Poole;32:26;11;21;.524;7;16;.438;2;2;1.000;0;3;3;1;4;0;1;3;31;+28;
Andrew Wiggins;28:45;4;12;.333;2;6;.333;4;4;1.000;1;5;6;3;0;0;1;3;14;+9;
Kevon Looney;14:37;3;3;1.000;0;0;;1;4;.250;0;6;6;1;1;0;3;1;7;0;
Gary Payton II;17:26;6;9;.667;0;2;.000;2;2;1.000;2;3;5;1;3;1;1;3;14;+18;
Andre Iguodala;17:24;1;2;.500;1;1;1.000;0;0;;0;1;1;5;1;0;0;0;3;+8;
Damion Lee;15:43;5;8;.625;3;4;.750;2;2;1.000;1;4;5;0;1;0;1;2;15;+4;
Juan Toscano-Anderson;13:57;0;2;.000;0;0;;0;0;;1;1;2;1;0;0;1;0;0;+3;
Nemanja Bjelica;12:33;3;4;.750;2;2;1.000;0;1;.000;0;2;2;2;2;0;1;0;8;+9;
Otto Porter Jr.;11:20;1;3;.333;0;1;.000;0;0;;0;3;3;1;0;1;0;0;2;-9;
Jeff Dowtin;1:51;0;0;;0;0;;0;0;;0;1;1;0;0;0;0;0;0;+5;
Jonathan Kuminga;1:51;0;1;.000;0;1;.000;0;0;;0;0;0;0;0;0;0;0;0;+5;
Moses Moody;1:51;0;1;.000;0;1;.000;0;0;;0;1;1;1;0;1;0;0;0;+5;
Team Totals;240;42;86;.488;18;45;.400;12;18;.667;7;46;53;33;14;4;16;17;114;;
Home Advanced
Stephen Curry;35:25;.500;.500;.733;.000;2.9;17.2;10.6;36.0;1.3;2.5;21.1;23.4;99;91;-0.5;
Draymond Green;34:48;.396;.400;.000;.600;2.9;22.6;13.5;28.1;1.3;0.0;32.2;11.7;98;91;-2.2;
Jordan Poole;32:26;.708;.690;.762;.095;0.0;8.1;4.4;5.8;5.7;0.0;4.4;30.8;122;86;13.3;
Andrew Wiggins;28:45;.509;.417;.500;.333;3.6;15.2;9.8;14.2;0.0;0.0;6.8;22.4;108;96;-3.7;
Kevon Looney;14:37;.735;1.000;.000;1.333;0.0;35.8;19.3;10.2;3.2;0.0;38.7;23.2;74;83;-1.6;
Gary Payton II;17:26;.709;.667;.222;.222;11.7;15.0;13.5;10.8;8.0;5.0;9.2;27.3;132;75;14.0;
Andre Iguodala;17:24;.750;.750;.500;.000;0.0;5.0;2.7;35.1;2.7;0.0;0.0;5.0;188;94;9.5;
Damion Lee;15:43;.845;.813;.500;.250;6.5;22.2;15.0;0.0;3.0;0.0;10.1;27.5;136;88;12.7;
Juan Toscano-Anderson;13:57;.000;.000;.000;.000;7.3;6.3;6.7;8.2;0.0;0.0;33.3;9.4;47;99;-11.8;
Nemanja Bjelica;12:33;.901;1.000;.500;.250;0.0;13.9;7.5;25.1;7.4;0.0;18.4;18.9;129;81;19.0;
Otto Porter Jr.;11:20;.333;.333;.333;.000;0.0;23.1;12.5;11.2;0.0;7.7;0.0;11.6;84;89;-1.4;
Jeff Dowtin;1:51;;;;;0.0;47.2;25.4;0.0;0.0;0.0;;0.0;0;87;-3.2;
Jonathan Kuminga;1:51;.000;.000;1.000;.000;0.0;0.0;0.0;0.0;0.0;0.0;0.0;23.6;0;101;-29.3;
Moses Moody;1:51;.000;.000;1.000;.000;0.0;47.2;25.4;61.8;0.0;47.2;0.0;23.6;61;53;20.1;
Team Totals;240;.607;.593;.523;.209;14.9;83.6;52.0;78.6;13.5;7.3;14.6;100.0;110.2;89.0;;
