202111290UTA-CHO;CHI;CHO;False;9:00 PM, November 29, 2021;Vivint Smart Home Arena, Salt Lake City, Utah;2:06
119;
133;
Guest Basic
CJ McCollum;37:42;7;17;.412;2;5;.400;3;3;1.000;1;2;3;6;0;0;1;3;19;-17;
Damian Lillard;31:09;4;12;.333;1;4;.250;2;2;1.000;0;6;6;5;0;1;2;0;11;-11;
Jusuf Nurkić;26:53;9;13;.692;1;1;1.000;5;7;.714;5;5;10;1;0;0;0;3;24;-15;
Robert Covington;19:08;0;3;.000;0;2;.000;0;0;;1;2;3;1;0;1;3;2;0;-15;
Tony Snell;16:16;3;7;.429;2;5;.400;0;0;;0;2;2;0;1;0;0;1;8;-3;
Anfernee Simons;29:14;10;15;.667;4;7;.571;0;0;;0;1;1;2;0;1;2;3;24;-6;
Nassir Little;26:39;3;10;.300;1;4;.250;0;0;;1;5;6;2;0;0;0;1;7;0;
Cody Zeller;17:31;4;5;.800;0;0;;0;0;;2;4;6;1;0;0;0;4;8;-2;
Larry Nance Jr.;17:28;0;2;.000;0;1;.000;1;2;.500;1;2;3;0;0;0;0;0;1;-16;
Dennis Smith Jr.;3:36;1;3;.333;0;1;.000;1;2;.500;0;0;0;1;0;0;0;1;3;-5;
Trendon Watford;3:36;1;2;.500;0;0;;0;1;.000;0;0;0;0;0;0;0;0;2;-5;
Greg Brown III;3:36;0;1;.000;0;0;;0;0;;0;1;1;0;0;0;0;0;0;-5;
CJ Elleby;3:36;0;1;.000;0;1;.000;0;0;;0;0;0;0;0;0;0;0;0;-5;
Ben McLemore;3:36;0;0;;0;0;;0;0;;1;0;1;0;0;0;0;0;0;-5;
Team Totals;240;42;91;.462;11;31;.355;12;17;.706;12;30;42;19;1;3;8;18;107;;
Guest Advanced
CJ McCollum;37:42;.519;.471;.294;.176;2.7;6.7;4.5;23.1;0.0;0.0;5.2;23.1;119;142;-1.8;
Damian Lillard;31:09;.427;.375;.333;.167;0.0;24.3;10.9;21.5;0.0;3.6;13.4;21.5;94;137;-5.4;
Jusuf Nurkić;26:53;.746;.731;.077;.538;19.0;23.5;21.0;6.9;0.0;0.0;0.0;27.0;162;138;10.6;
Robert Covington;19:08;.000;.000;.667;.000;5.3;13.2;8.9;6.0;0.0;5.8;50.0;14.1;22;136;-18.2;
Tony Snell;16:16;.571;.571;.714;.000;0.0;15.5;6.9;0.0;3.2;0.0;0.0;19.4;118;133;1.3;
Anfernee Simons;29:14;.800;.800;.467;.000;0.0;4.3;1.9;12.8;0.0;3.8;11.8;26.2;138;139;8.1;
Nassir Little;26:39;.350;.350;.400;.000;3.8;23.7;12.7;9.8;0.0;0.0;0.0;16.9;92;139;-7.0;
Cody Zeller;17:31;.800;.800;.000;.000;11.7;28.8;19.3;8.8;0.0;0.0;0.0;12.9;173;137;1.1;
Larry Nance Jr.;17:28;.174;.000;.500;1.000;5.8;14.5;9.7;0.0;0.0;0.0;0.0;7.4;65;141;-11.7;
Greg Brown III;3:36;.000;.000;.000;.000;0.0;35.1;15.7;0.0;0.0;0.0;0.0;12.5;0;137;-18.0;
CJ Elleby;3:36;.000;.000;1.000;.000;0.0;0.0;0.0;0.0;0.0;0.0;0.0;12.5;0;143;-20.3;
Ben McLemore;3:36;;;;;28.4;0.0;15.7;0.0;0.0;0.0;;0.0;222;143;-3.4;
Dennis Smith Jr.;3:36;.387;.333;.333;.667;0.0;0.0;0.0;46.5;0.0;0.0;0.0;48.6;97;142;-11.1;
Trendon Watford;3:36;.410;.500;.000;.500;0.0;0.0;0.0;0.0;0.0;0.0;0.0;30.6;81;143;-11.6;
Team Totals;240;.543;.522;.341;.187;25.5;78.9;49.4;45.2;1.1;7.0;7.5;100.0;115.0;138.6;;
Home Basic
Donovan Mitchell;32:26;12;20;.600;3;8;.375;3;3;1.000;0;2;2;5;4;0;1;2;30;+11;
Bojan Bogdanović;32:26;5;10;.500;2;5;.400;1;2;.500;1;3;4;2;0;0;1;1;13;+11;
Rudy Gobert;31:56;9;11;.818;0;0;;3;4;.750;3;13;16;3;1;1;0;3;21;+29;
Joe Ingles;28:47;5;9;.556;4;8;.500;0;0;;0;2;2;6;1;0;0;2;14;+23;
Mike Conley;25:58;1;4;.250;0;2;.000;0;0;;0;0;0;6;0;0;1;2;2;+21;
Jordan Clarkson;30:15;7;15;.467;6;10;.600;2;3;.667;2;4;6;3;0;0;0;3;22;+8;
Rudy Gay;22:23;4;12;.333;3;10;.300;3;4;.750;0;5;5;1;0;0;0;2;14;-3;
Hassan Whiteside;13:48;1;3;.333;0;0;;1;2;.500;1;2;3;1;0;2;0;2;3;-8;
Trent Forrest;12:57;2;2;1.000;0;0;;1;2;.500;1;2;3;3;0;0;1;0;5;+14;
Eric Paschall;2:16;1;1;1.000;1;1;1.000;0;0;;0;2;2;0;0;0;0;0;3;+1;
Jared Butler;2:16;0;0;;0;0;;2;3;.667;0;0;0;0;0;0;0;0;2;+1;
Elijah Hughes;2:16;0;0;;0;0;;0;0;;0;0;0;0;0;0;1;1;0;+1;
Miye Oni;2:16;0;2;.000;0;2;.000;0;0;;0;0;0;0;0;0;0;1;0;+1;
Team Totals;240;47;89;.528;19;46;.413;16;23;.696;8;35;43;30;6;3;5;19;129;;
Home Advanced
Bojan Bogdanović;32:26;.597;.600;.500;.200;3.9;9.4;7.0;7.5;0.0;0.0;8.4;16.9;119;121;-4.0;
Donovan Mitchell;32:26;.704;.675;.400;.150;0.0;6.3;3.5;25.3;6.4;0.0;4.5;31.7;141;107;14.3;
Rudy Gobert;31:56;.823;.818;.000;.364;11.9;41.6;28.3;13.5;1.6;2.5;0.0;18.4;178;105;12.0;
Joe Ingles;28:47;.778;.778;.889;.000;0.0;7.1;3.9;25.9;1.8;0.0;0.0;14.4;169;117;9.7;
Mike Conley;25:58;.250;.250;.500;.000;0.0;0.0;0.0;24.6;0.0;0.0;20.0;8.9;102;124;-10.4;
Jordan Clarkson;30:15;.674;.667;.667;.200;8.4;13.5;11.2;13.3;0.0;0.0;0.0;24.9;145;119;5.9;
Rudy Gay;22:23;.509;.458;.833;.333;0.0;22.8;12.6;5.6;0.0;0.0;0.0;28.3;109;116;-5.7;
Hassan Whiteside;13:48;.387;.333;.000;.667;9.2;14.8;12.3;8.0;0.0;11.6;0.0;13.0;112;110;-3.8;
Trent Forrest;12:57;.868;1.000;.000;1.000;9.8;15.8;13.1;28.1;0.0;0.0;25.8;13.8;154;119;5.1;
Jared Butler;2:16;.758;;;;0.0;0.0;0.0;0.0;0.0;0.0;0.0;26.8;165;124;2.2;
Elijah Hughes;2:16;;;;;0.0;0.0;0.0;0.0;0.0;0.0;100.0;20.3;0;122;-37.7;
Miye Oni;2:16;.000;.000;1.000;.000;0.0;0.0;0.0;0.0;0.0;0.0;0.0;40.7;0;122;-61.3;
Eric Paschall;2:16;1.500;1.500;1.000;.000;0.0;90.1;49.8;0.0;0.0;0.0;0.0;20.3;300;95;44.8;
Team Totals;240;.651;.635;.517;.258;21.1;74.5;50.6;63.8;6.4;5.0;4.8;100.0;138.6;115.0;;
