202110290POR-IND;BRK;IND;False;10:00 PM, October 29, 2021;Moda Center, Portland, Oregon;2:07
98;
105;
Guest Basic
Reggie Jackson;33:49;3;12;.250;2;8;.250;0;0;;0;4;4;4;1;0;2;1;8;-11;
Paul George;33:37;15;24;.625;6;9;.667;6;9;.667;1;7;8;2;1;1;4;2;42;-10;
Nicolas Batum;26:18;1;6;.167;0;4;.000;0;0;;1;8;9;3;0;1;0;1;2;-2;
Ivica Zubac;22:09;1;5;.200;0;0;;1;2;.500;2;3;5;1;0;2;1;2;3;-16;
Eric Bledsoe;21:37;1;6;.167;1;3;.333;0;0;;0;0;0;1;2;0;3;1;3;-9;
Luke Kennard;32:38;6;15;.400;4;11;.364;0;0;;0;4;4;1;2;0;0;0;16;-17;
Terance Mann;29:14;3;8;.375;1;3;.333;2;3;.667;1;4;5;4;1;0;1;1;9;-16;
Isaiah Hartenstein;19:37;2;3;.667;0;0;;0;2;.000;0;3;3;1;0;1;1;5;4;+1;
Amir Coffey;14:23;2;6;.333;1;4;.250;0;0;;1;4;5;0;0;0;0;1;5;-9;
Jay Scrubb;3:19;0;0;;0;0;;0;0;;0;0;0;0;0;0;0;0;0;-3;
Justise Winslow;3:19;0;2;.000;0;0;;0;0;;0;0;0;0;0;0;0;0;0;-3;
Keon Johnson;Did Not Play;
Team Totals;240;34;87;.391;15;42;.357;9;16;.563;6;37;43;17;7;5;12;14;92;;
Guest Advanced
Reggie Jackson;33:49;.333;.333;.667;.000;0.0;10.7;5.4;19.1;1.4;0.0;14.3;18.7;70;114;-8.3;
Paul George;33:37;.751;.750;.375;.375;2.7;18.9;10.8;22.7;1.4;2.5;12.5;43.0;124;109;20.2;
Nicolas Batum;26:18;.167;.167;.667;.000;3.4;27.5;15.5;17.0;0.0;3.2;0.0;10.3;68;108;-5.6;
Ivica Zubac;22:09;.255;.200;.000;.400;8.2;12.3;10.2;6.8;0.0;7.6;14.5;14.1;68;112;-9.8;
Eric Bledsoe;21:37;.250;.250;.500;.000;0.0;0.0;0.0;7.0;4.5;0.0;33.3;18.8;38;112;-13.5;
Luke Kennard;32:38;.533;.533;.733;.000;0.0;11.1;5.6;5.8;3.0;0.0;0.0;20.8;104;111;2.9;
Terance Mann;29:14;.483;.438;.375;.375;3.1;12.4;7.7;22.6;1.7;0.0;9.7;16.0;106;113;-0.3;
Isaiah Hartenstein;19:37;.515;.667;.000;.667;0.0;13.9;6.9;8.4;0.0;4.3;20.5;11.3;83;112;-10.6;
Amir Coffey;14:23;.417;.417;.667;.000;6.3;25.2;15.7;0.0;0.0;0.0;0.0;18.9;89;111;-6.0;
Jay Scrubb;3:19;;;;;0.0;0.0;0.0;0.0;0.0;0.0;;0.0;0;123;-9.3;
Justise Winslow;3:19;.000;.000;.000;.000;0.0;0.0;0.0;0.0;0.0;0.0;0.0;27.3;0;123;-29.8;
Keon Johnson;Did Not Play;
Team Totals;240;.489;.477;.483;.184;11.3;69.8;40.6;50.0;7.0;8.8;11.3;100.0;92.5;111.6;;
Home Basic
Damian Lillard;34:09;9;17;.529;5;7;.714;2;2;1.000;1;3;4;6;1;0;6;3;25;+9;
Robert Covington;33:09;3;6;.500;3;6;.500;0;0;;1;7;8;0;2;0;0;3;9;+5;
CJ McCollum;32:23;6;18;.333;2;7;.286;0;0;;0;1;1;1;1;2;3;3;14;+11;
Norman Powell;23:52;4;10;.400;4;6;.667;0;0;;0;3;3;1;0;1;0;0;12;+27;
Jusuf Nurkić;22:46;6;14;.429;0;1;.000;2;4;.500;6;11;17;3;2;1;3;4;14;+22;
Nassir Little;24:08;2;7;.286;2;3;.667;2;2;1.000;2;6;8;1;1;0;0;0;8;-8;
Anfernee Simons;23:51;2;11;.182;1;7;.143;0;0;;0;3;3;4;0;0;0;2;5;+7;
Cody Zeller;20:14;3;7;.429;0;2;.000;3;5;.600;4;3;7;2;1;1;1;4;9;-2;
Larry Nance Jr.;16:13;1;2;.500;0;0;;1;2;.500;1;9;10;2;0;0;0;0;3;+15;
CJ Elleby;3:05;2;2;1.000;1;1;1.000;0;0;;0;1;1;0;0;0;1;0;5;+3;
Dennis Smith Jr.;3:05;2;3;.667;1;1;1.000;0;1;.000;0;0;0;0;0;0;0;0;5;+3;
Greg Brown III;3:05;1;1;1.000;0;0;;0;0;;1;0;1;1;0;1;0;0;2;+3;
Ben McLemore;Did Not Play;
Team Totals;240;41;98;.418;19;41;.463;10;16;.625;16;47;63;21;8;6;14;19;111;;
Home Advanced
Damian Lillard;34:09;.699;.676;.412;.118;2.7;8.0;5.3;29.7;1.4;0.0;25.1;28.2;114;97;5.3;
Robert Covington;33:09;.750;.750;1.000;.000;2.7;19.1;10.9;0.0;2.9;0.0;0.0;7.3;159;91;3.7;
CJ McCollum;32:23;.389;.389;.389;.000;0.0;2.8;1.4;4.6;1.5;6.6;14.3;26.1;74;93;-7.9;
Norman Powell;23:52;.600;.600;.600;.000;0.0;11.4;5.7;6.1;0.0;4.5;0.0;16.9;132;97;5.7;
Jusuf Nurkić;22:46;.444;.429;.071;.286;23.9;43.8;33.8;22.3;4.2;4.7;16.0;33.2;100;79;3.4;
Nassir Little;24:08;.508;.429;.429;.286;7.5;22.5;15.0;5.4;2.0;0.0;0.0;13.2;131;93;3.4;
Anfernee Simons;23:51;.227;.227;.636;.000;0.0;11.4;5.7;21.8;0.0;0.0;0.0;18.6;78;100;-10.5;
Cody Zeller;20:14;.489;.429;.286;.714;17.9;13.4;15.7;14.0;2.4;5.3;9.8;20.3;118;89;0.9;
Larry Nance Jr.;16:13;.521;.500;.000;1.000;5.6;50.3;27.9;15.6;0.0;0.0;0.0;7.2;145;92;4.3;
Greg Brown III;3:05;1.000;1.000;.000;.000;29.4;0.0;14.7;61.2;0.0;34.6;0.0;13.1;216;76;40.7;
CJ Elleby;3:05;1.250;1.250;.500;.000;0.0;29.4;14.7;0.0;0.0;0.0;33.3;39.2;105;97;29.8;
Dennis Smith Jr.;3:05;.727;.833;.333;.333;0.0;0.0;0.0;0.0;0.0;0.0;0.0;45.0;126;103;26.8;
Ben McLemore;Did Not Play;
Team Totals;240;.528;.515;.418;.163;30.2;88.7;59.4;51.2;8.0;13.3;11.8;100.0;111.6;92.5;;
