202111040MIA-UTA;ATL;UTA;False;7:30 PM, November 4, 2021;FTX Arena, Miami, Florida;2:13
116;
98;
Guest Basic
Marcus Smart;30:02;2;6;.333;1;5;.200;4;4;1.000;0;4;4;2;1;0;3;1;9;+2;
Al Horford;29:28;3;9;.333;2;7;.286;2;3;.667;2;5;7;1;0;2;0;4;10;+10;
Jayson Tatum;29:24;3;13;.231;2;5;.400;2;3;.667;0;8;8;2;1;0;1;4;10;+10;
Jaylen Brown;29:17;5;14;.357;3;5;.600;4;5;.800;0;5;5;2;1;1;2;2;17;+12;
Robert Williams;23:56;2;3;.667;0;0;;0;0;;5;5;10;1;2;0;2;0;4;+4;
Dennis Schröder;29:49;5;12;.417;1;4;.250;3;3;1.000;2;3;5;6;2;0;3;0;14;+26;
Romeo Langford;27:24;4;8;.500;2;5;.400;2;2;1.000;1;1;2;1;0;0;0;4;12;+25;
Aaron Nesmith;18:18;5;8;.625;3;5;.600;0;0;;1;2;3;1;0;0;0;1;13;+15;
Grant Williams;12:22;1;3;.333;1;3;.333;0;0;;0;2;2;0;0;0;2;0;3;-9;
Payton Pritchard;2:31;1;2;.500;1;2;.500;0;0;;0;0;0;0;0;0;1;0;3;-3;
Bruno Fernando;2:31;0;0;;0;0;;0;0;;0;0;0;0;0;1;1;0;0;-3;
Juancho Hernangómez;2:31;0;0;;0;0;;0;0;;0;0;0;0;0;0;0;0;0;-3;
Jabari Parker;2:27;0;0;;0;0;;0;0;;0;0;0;0;0;0;1;0;0;-1;
Enes Freedom;Did Not Play;
Team Totals;240;31;78;.397;16;41;.390;17;20;.850;11;35;46;16;7;4;16;16;95;;
Guest Advanced
Marcus Smart;30:02;.580;.417;.833;.667;0.0;13.3;7.0;11.5;1.8;0.0;27.9;16.7;95;88;-1.5;
Al Horford;29:28;.484;.444;.778;.333;7.6;17.0;12.5;6.2;0.0;8.1;0.0;16.4;118;86;3.5;
Jayson Tatum;29:24;.349;.308;.385;.231;0.0;27.2;14.4;12.5;1.8;0.0;6.5;24.3;80;81;-3.7;
Jaylen Brown;29:17;.525;.464;.357;.357;0.0;17.1;9.0;14.4;1.8;4.1;11.0;29.0;104;84;5.9;
Robert Williams;23:56;.667;.667;.000;.000;23.3;20.9;22.0;7.4;4.4;0.0;40.0;9.8;116;79;5.2;
Dennis Schröder;29:49;.526;.458;.333;.250;7.5;10.1;8.8;42.1;3.6;0.0;18.4;25.6;111;86;8.9;
Romeo Langford;27:24;.676;.625;.625;.250;4.1;3.6;3.9;7.3;0.0;0.0;0.0;15.1;149;96;5.0;
Aaron Nesmith;18:18;.813;.813;.625;.000;6.1;10.9;8.6;14.7;0.0;0.0;0.0;20.4;165;93;17.7;
Grant Williams;12:22;.500;.500;1.000;.000;0.0;16.2;8.5;0.0;0.0;0.0;40.0;18.9;56;91;-7.4;
Bruno Fernando;2:31;;;;;0.0;0.0;0.0;0.0;0.0;47.7;100.0;18.6;0;79;-8.1;
Juancho Hernangómez;2:31;;;;;0.0;0.0;0.0;0.0;0.0;0.0;;0.0;0;99;-1.4;
Payton Pritchard;2:31;.750;.750;1.000;.000;0.0;0.0;0.0;0.0;0.0;0.0;33.3;55.7;76;99;6.4;
Jabari Parker;2:27;;;;;0.0;0.0;0.0;0.0;0.0;0.0;100.0;19.1;0;99;-24.5;
Enes Freedom;Did Not Play;
Team Totals;240;.547;.500;.526;.256;25.6;72.9;50.5;51.6;7.8;10.0;15.6;100.0;105.3;86.5;;
Home Basic
Jimmy Butler;38:15;8;18;.444;0;4;.000;4;8;.500;3;1;4;2;1;0;2;3;20;-10;
Duncan Robinson;35:55;5;17;.294;5;17;.294;1;1;1.000;0;4;4;0;0;0;0;3;16;-1;
P.J. Tucker;31:43;1;6;.167;1;5;.200;0;0;;5;2;7;3;1;0;2;1;3;-8;
Bam Adebayo;29:47;4;8;.500;0;0;;5;6;.833;1;6;7;4;2;0;5;2;13;-12;
Kyle Lowry;28:03;2;9;.222;2;7;.286;0;0;;0;7;7;5;3;0;6;2;6;-10;
Tyler Herro;29:00;3;11;.273;0;4;.000;0;0;;0;7;7;1;1;0;1;3;6;-32;
Markieff Morris;19:21;3;7;.429;1;3;.333;2;2;1.000;2;2;4;0;0;0;2;2;9;-11;
Dewayne Dedmon;11:25;1;1;1.000;0;0;;0;0;;0;1;1;0;0;0;0;2;2;-8;
Caleb Martin;9:03;0;2;.000;0;1;.000;1;2;.500;1;1;2;0;0;0;0;1;1;-3;
Omer Yurtseven;3:44;1;2;.500;0;0;;0;0;;0;0;0;0;0;0;0;0;2;+5;
Gabe Vincent;3:44;0;0;;0;0;;0;0;;1;1;2;3;0;0;0;0;0;+5;
Udonis Haslem;Did Not Play;
Team Totals;240;28;81;.346;9;41;.220;13;19;.684;13;32;45;18;8;0;18;19;78;;
Home Advanced
Jimmy Butler;38:15;.465;.444;.222;.444;7.8;2.9;5.5;14.0;1.4;0.0;8.5;27.5;95;112;1.5;
Duncan Robinson;35:55;.459;.441;1.000;.059;0.0;12.4;5.9;0.0;0.0;0.0;0.0;21.7;98;111;0.4;
P.J. Tucker;31:43;.250;.250;.833;.000;15.8;7.0;11.6;17.1;1.7;0.0;25.0;11.3;76;109;-1.4;
Bam Adebayo;29:47;.611;.500;.000;.750;3.4;22.5;12.4;29.9;3.6;0.0;32.0;23.5;93;98;4.7;
Kyle Lowry;28:03;.333;.333;.778;.000;0.0;27.9;13.2;34.8;5.7;0.0;40.0;23.9;54;91;-3.9;
Tyler Herro;29:00;.273;.273;.364;.000;0.0;26.9;12.7;7.2;1.8;0.0;8.3;18.5;59;101;-8.0;
Markieff Morris;19:21;.571;.500;.429;.286;10.3;11.5;10.9;0.0;0.0;0.0;20.2;22.8;96;112;-1.5;
Dewayne Dedmon;11:25;1.000;1.000;.000;.000;0.0;9.8;4.6;0.0;0.0;0.0;0.0;3.9;200;112;-3.9;
Caleb Martin;9:03;.174;.000;.500;1.000;11.0;12.3;11.7;0.0;0.0;0.0;0.0;14.2;57;111;-10.7;
Gabe Vincent;3:44;;;;;26.8;29.9;28.3;100.0;0.0;0.0;;0.0;230;104;30.0;
Omer Yurtseven;3:44;.500;.500;.000;.000;0.0;0.0;0.0;0.0;0.0;0.0;0.0;24.0;99;116;0.9;
Udonis Haslem;Did Not Play;
Team Totals;240;.436;.401;.506;.235;27.1;74.4;49.5;64.3;8.9;0.0;16.8;100.0;86.5;105.3;;
