202111120LAL-MIL;BOS;MIL;False;10:30 PM, November 12, 2021;Crypto.com Arena, Los Angeles, California;2:15
113;
122;
Guest Basic
D'Angelo Russell;33:58;8;19;.421;5;9;.556;1;2;.500;0;5;5;7;1;0;4;2;22;+36;
Anthony Edwards;32:00;4;11;.364;1;5;.200;0;0;;0;3;3;1;1;0;5;2;9;+5;
Karl-Anthony Towns;30:22;11;17;.647;4;8;.500;3;3;1.000;2;5;7;2;2;1;0;3;29;+19;
Patrick Beverley;23:42;5;6;.833;0;1;.000;1;2;.500;2;5;7;4;1;0;1;1;11;+12;
Jarred Vanderbilt;18:01;2;4;.500;0;0;;0;0;;1;5;6;2;3;1;0;2;4;+31;
Malik Beasley;24:43;2;10;.200;1;7;.143;0;0;;1;2;3;1;0;0;2;1;5;+11;
Jaden McDaniels;21:11;4;10;.400;1;4;.250;0;0;;3;3;6;1;0;0;1;4;9;+1;
Naz Reid;18:58;6;12;.500;0;3;.000;0;0;;3;2;5;1;1;0;0;2;12;-5;
Josh Okogie;14:23;0;1;.000;0;0;;2;3;.667;2;5;7;1;0;0;1;3;2;+12;
Taurean Prince;6:04;0;0;;0;0;;0;0;;0;1;1;1;0;0;0;0;0;-4;
Jordan McLaughlin;5:52;0;1;.000;0;0;;0;0;;0;1;1;3;0;0;0;0;0;-4;
Jaylen Nowell;3:32;1;2;.500;0;0;;0;0;;0;2;2;0;1;2;0;0;2;+1;
Jake Layman;3:32;0;1;.000;0;0;;0;0;;0;0;0;0;0;0;1;0;0;+1;
Nathan Knight;1:51;0;0;;0;0;;2;2;1.000;0;0;0;0;0;0;1;1;2;+2;
Leandro Bolmaro;1:51;0;0;;0;0;;0;0;;0;1;1;0;0;0;0;0;0;+2;
Team Totals;240;43;94;.457;12;37;.324;9;12;.750;14;40;54;24;10;4;16;21;107;;
Guest Advanced
D'Angelo Russell;33:58;.553;.553;.474;.105;0.0;13.9;7.2;31.2;1.4;0.0;16.8;29.3;106;88;4.3;
Anthony Edwards;32:00;.409;.409;.455;.000;0.0;8.8;4.6;4.1;1.5;0.0;31.3;20.8;59;90;-12.0;
Karl-Anthony Towns;30:22;.791;.765;.471;.176;6.7;15.5;11.3;12.3;3.2;3.9;0.0;25.1;166;82;23.0;
Patrick Beverley;23:42;.799;.833;.167;.333;8.6;19.9;14.5;24.6;2.1;0.0;12.7;13.8;153;85;11.2;
Jarred Vanderbilt;18:01;.500;.500;.000;.000;5.7;26.1;16.3;14.1;8.2;6.5;0.0;9.2;132;65;12.6;
Malik Beasley;24:43;.250;.250;.700;.000;4.1;7.6;5.9;5.0;0.0;0.0;16.7;20.2;56;94;-13.6;
Jaden McDaniels;21:11;.450;.450;.400;.000;14.5;13.3;13.9;6.7;0.0;0.0;9.1;21.6;102;92;-5.0;
Naz Reid;18:58;.500;.500;.250;.000;16.2;9.9;12.9;9.1;2.6;0.0;0.0;26.3;118;87;3.0;
Josh Okogie;14:23;.431;.000;.000;3.000;14.2;32.7;23.8;7.8;0.0;0.0;30.1;9.6;100;84;-4.3;
Taurean Prince;6:04;;;;;0.0;15.5;8.1;18.4;0.0;0.0;;0.0;228;91;1.9;
Jordan McLaughlin;5:52;.000;.000;.000;.000;0.0;16.0;8.3;57.1;0.0;0.0;0.0;7.1;118;91;1.8;
Jake Layman;3:32;.000;.000;.000;.000;0.0;0.0;0.0;0.0;0.0;0.0;50.0;23.6;0;97;-29.4;
Jaylen Nowell;3:32;.500;.500;.000;.000;0.0;53.3;27.7;0.0;13.9;66.3;0.0;23.6;104;12;49.6;
Leandro Bolmaro;1:51;;;;;0.0;50.9;26.5;0.0;0.0;0.0;;0.0;0;77;-0.4;
Nathan Knight;1:51;1.136;;;;0.0;0.0;0.0;0.0;0.0;0.0;53.2;42.3;106;96;-13.6;
Team Totals;240;.539;.521;.394;.128;29.8;78.4;55.1;55.8;10.2;9.8;13.9;100.0;109.6;85.0;;
Home Basic
Anthony Davis;30:58;7;13;.538;0;1;.000;8;10;.800;2;6;8;2;3;3;2;4;22;-16;
Russell Westbrook;30:53;7;11;.636;2;4;.500;4;6;.667;0;5;5;3;0;0;5;1;20;-32;
Wayne Ellington;27:51;2;8;.250;2;7;.286;0;0;;0;0;0;0;0;0;1;2;6;-15;
Avery Bradley;26:47;2;6;.333;1;3;.333;0;0;;0;2;2;1;0;0;0;0;5;-15;
Kent Bazemore;15:32;0;4;.000;0;3;.000;0;0;;1;1;2;0;0;1;0;2;0;-25;
Malik Monk;28:53;3;11;.273;1;7;.143;0;0;;2;0;2;2;2;1;4;0;7;-18;
Rajon Rondo;24:20;3;8;.375;1;4;.250;0;0;;2;6;8;8;2;0;3;2;7;+17;
Carmelo Anthony;23:30;1;12;.083;1;8;.125;0;0;;0;5;5;1;2;1;1;1;3;-20;
Dwight Howard;22:56;3;5;.600;1;3;.333;2;2;1.000;3;7;10;0;2;1;2;2;9;-3;
Sekou Doumbouya;8:20;1;4;.250;0;1;.000;2;2;1.000;1;1;2;0;1;1;1;0;4;+7;
DeAndre Jordan;Did Not Play;
Austin Reaves;Did Not Dress;
Team Totals;240;29;82;.354;9;41;.220;16;20;.800;11;33;44;17;12;8;19;14;83;;
Home Advanced
Anthony Davis;30:58;.632;.538;.077;.769;6.1;19.8;12.7;17.1;4.8;8.2;10.3;27.4;122;99;10.8;
Russell Westbrook;30:53;.733;.727;.364;.545;0.0;16.5;7.9;25.7;0.0;0.0;26.8;26.4;104;116;0.2;
Wayne Ellington;27:51;.375;.375;.875;.000;0.0;0.0;0.0;0.0;0.0;0.0;11.1;14.1;68;122;-12.1;
Avery Bradley;26:47;.417;.417;.500;.000;0.0;7.6;3.7;7.1;0.0;0.0;0.0;9.8;92;119;-6.7;
Kent Bazemore;15:32;.000;.000;.750;.000;6.1;6.6;6.3;0.0;0.0;5.4;0.0;11.3;15;116;-15.1;
Malik Monk;28:53;.318;.318;.636;.000;6.5;0.0;3.4;13.8;3.4;2.9;26.7;22.7;58;113;-8.5;
Rajon Rondo;24:20;.438;.438;.500;.000;7.7;25.2;16.1;68.4;4.0;0.0;27.3;19.8;94;104;3.6;
Carmelo Anthony;23:30;.125;.125;.667;.000;0.0;21.7;10.4;7.6;4.2;3.6;7.7;24.2;30;103;-12.9;
Dwight Howard;22:56;.765;.700;.600;.400;12.3;31.2;21.4;0.0;4.3;3.7;25.4;15.0;117;99;2.8;
Sekou Doumbouya;8:20;.410;.250;.250;.500;11.3;12.3;11.8;0.0;5.9;10.1;17.0;30.8;79;98;-0.2;
DeAndre Jordan;Did Not Play;
Austin Reaves;Did Not Dress;
Team Totals;240;.457;.409;.500;.244;21.6;70.2;44.9;58.6;12.3;14.0;17.3;100.0;85.0;109.6;;
