202111120CHO-MIL;BOS;MIL;False;7:00 PM, November 12, 2021;Spectrum Center, Charlotte, North Carolina;2:15
113;
122;
Guest Basic
Julius Randle;32:52;4;15;.267;1;5;.200;1;4;.250;1;7;8;5;1;0;5;4;10;-18;
Kemba Walker;30:36;9;19;.474;4;9;.444;4;5;.800;0;3;3;3;2;0;2;2;26;-23;
Evan Fournier;26:49;2;6;.333;1;3;.333;0;0;;1;5;6;1;1;0;2;1;5;-11;
RJ Barrett;25:58;1;9;.111;0;2;.000;0;0;;0;4;4;0;0;1;1;2;2;-17;
Mitchell Robinson;23:04;4;5;.800;0;0;;3;4;.750;3;3;6;0;0;1;1;2;11;-9;
Alec Burks;25:20;6;12;.500;3;6;.500;0;0;;2;7;9;3;2;1;1;4;15;+4;
Taj Gibson;21:38;1;4;.250;0;0;;1;2;.500;2;2;4;0;1;1;4;5;3;+6;
Immanuel Quickley;21:11;3;8;.375;3;7;.429;0;0;;1;1;2;2;1;0;1;1;9;+3;
Derrick Rose;17:24;3;6;.500;1;3;.333;1;1;1.000;0;1;1;2;0;0;1;0;8;+15;
Obi Toppin;15:08;3;9;.333;0;0;;1;2;.500;4;4;8;1;0;1;1;1;7;+10;
Miles McBride;Did Not Play;
Wayne Selden;Did Not Play;
Kevin Knox;Did Not Play;
Quentin Grimes;Did Not Play;
Jericho Sims;Did Not Play;
Team Totals;240;36;93;.387;13;35;.371;11;18;.611;14;37;51;17;8;5;19;22;96;;
Guest Advanced
Julius Randle;32:52;.298;.300;.333;.267;2.9;20.9;11.7;24.2;1.5;0.0;23.0;26.5;63;104;-8.8;
Kemba Walker;30:36;.613;.579;.474;.263;0.0;9.6;4.7;21.5;3.1;0.0;8.6;30.3;121;104;12.4;
Evan Fournier;26:49;.417;.417;.500;.000;3.5;18.3;10.7;5.5;1.8;0.0;25.0;11.9;75;104;-4.7;
RJ Barrett;25:58;.111;.111;.222;.000;0.0;15.1;7.4;0.0;0.0;3.4;10.0;15.4;24;107;-15.0;
Mitchell Robinson;23:04;.814;.800;.000;.800;12.2;12.7;12.5;0.0;0.0;3.9;12.9;13.5;149;107;4.0;
Alec Burks;25:20;.625;.625;.500;.000;7.4;27.1;17.1;23.1;3.8;3.5;7.7;20.5;130;94;14.6;
Taj Gibson;21:38;.307;.250;.000;.500;8.7;9.1;8.9;0.0;2.2;4.1;45.0;16.4;44;103;-14.3;
Immanuel Quickley;21:11;.563;.563;.875;.000;4.4;4.6;4.5;15.5;2.3;0.0;11.1;17.0;115;107;4.8;
Derrick Rose;17:24;.621;.583;.500;.167;0.0;5.6;2.8;19.9;0.0;0.0;13.4;17.1;120;112;1.6;
Obi Toppin;15:08;.354;.333;.000;.222;24.9;25.9;25.4;12.0;0.0;5.9;9.2;28.8;88;102;-0.5;
Miles McBride;Did Not Play;
Wayne Selden;Did Not Play;
Kevin Knox;Did Not Play;
Quentin Grimes;Did Not Play;
Jericho Sims;Did Not Play;
Team Totals;240;.476;.457;.376;.194;27.5;75.5;51.0;47.2;8.0;9.3;15.8;100.0;95.7;103.6;;
Home Basic
Gordon Hayward;37:38;9;17;.529;0;2;.000;4;5;.800;2;3;5;7;2;1;2;3;22;+13;
LaMelo Ball;37:23;4;13;.308;0;5;.000;4;5;.800;1;16;17;9;5;1;4;2;12;+18;
Miles Bridges;36:36;8;17;.471;3;10;.300;5;8;.625;0;4;4;4;1;2;1;3;24;+20;
Terry Rozier;32:06;7;13;.538;2;5;.400;2;2;1.000;1;3;4;3;0;0;1;1;18;+11;
Mason Plumlee;28:48;3;6;.500;0;0;;0;0;;5;6;11;1;0;1;0;3;6;+4;
Kelly Oubre Jr.;27:29;4;13;.308;4;10;.400;0;0;;0;2;2;0;0;0;2;2;12;0;
Cody Martin;16:22;0;4;.000;0;1;.000;0;0;;0;1;1;0;2;0;1;1;0;-10;
Jalen McDaniels;11:28;2;4;.500;1;3;.333;0;2;.000;0;1;1;1;0;0;0;1;5;-4;
Nick Richards;10:57;2;3;.667;0;0;;1;2;.500;3;1;4;0;0;0;1;2;5;-8;
Ish Smith;1:13;0;0;;0;0;;0;0;;0;0;0;0;0;0;0;0;0;-4;
Kai Jones;Did Not Play;
James Bouknight;Did Not Play;
Vernon Carey Jr.;Did Not Play;
Team Totals;240;39;90;.433;10;36;.278;16;24;.667;12;37;49;25;10;5;12;18;104;;
Home Advanced
Gordon Hayward;37:38;.573;.529;.118;.294;5.2;7.5;6.4;32.4;2.5;2.2;9.4;24.0;120;97;7.2;
LaMelo Ball;37:23;.395;.308;.385;.385;2.6;40.3;21.8;34.1;6.4;2.2;20.8;21.9;88;75;5.3;
Miles Bridges;36:36;.585;.559;.588;.471;0.0;10.3;5.2;18.4;1.3;4.5;4.6;25.1;120;98;7.7;
Terry Rozier;32:06;.648;.615;.385;.154;3.1;8.8;6.0;15.7;0.0;0.0;6.7;19.8;128;104;3.1;
Mason Plumlee;28:48;.500;.500;.000;.000;17.0;19.6;18.3;4.9;0.0;2.9;0.0;8.9;134;97;-1.8;
Kelly Oubre Jr.;27:29;.462;.462;.769;.000;0.0;6.8;3.5;0.0;0.0;0.0;13.3;23.3;78;105;-7.8;
Cody Martin;16:22;.000;.000;.250;.000;0.0;5.8;2.9;0.0;5.8;0.0;20.0;13.0;0;92;-12.7;
Jalen McDaniels;11:28;.512;.625;.750;.500;0.0;8.2;4.2;13.7;0.0;0.0;0.0;18.1;105;104;-0.4;
Nick Richards;10:57;.644;.667;.000;.667;26.8;8.6;17.5;0.0;0.0;0.0;20.5;19.0;118;103;-5.6;
Ish Smith;1:13;;;;;0.0;0.0;0.0;0.0;0.0;0.0;;0.0;0;108;-8.4;
Kai Jones;Did Not Play;
James Bouknight;Did Not Play;
Vernon Carey Jr.;Did Not Play;
Team Totals;240;.517;.489;.400;.267;24.5;72.5;49.0;64.1;10.0;8.6;10.7;100.0;103.6;95.7;;
