202110250TOR-DET;ATL;DET;False;7:30 PM, October 25, 2021;Scotiabank Arena, Toronto, Canada;2:16
104;
122;
Guest Basic
Lonzo Ball;38:03;5;11;.455;5;9;.556;0;0;;0;3;3;5;2;1;4;0;15;+9;
DeMar DeRozan;35:49;7;19;.368;2;4;.500;10;10;1.000;0;5;5;6;0;0;2;2;26;+7;
Zach LaVine;35:20;7;16;.438;3;7;.429;5;5;1.000;0;4;4;5;1;0;2;1;22;0;
Nikola Vučević;33:59;8;15;.533;0;2;.000;1;2;.500;1;7;8;2;3;0;1;2;17;+14;
Patrick Williams;25:51;2;3;.667;0;0;;0;0;;0;0;0;2;1;2;0;2;4;-4;
Alex Caruso;27:43;2;4;.500;1;1;1.000;3;3;1.000;1;1;2;2;4;0;4;4;8;-7;
Troy Brown Jr.;16:44;5;9;.556;1;4;.250;0;0;;2;0;2;1;0;0;0;3;11;+2;
Alize Johnson;13:34;3;3;1.000;0;0;;0;0;;1;1;2;1;0;0;0;2;6;-9;
Javonte Green;12:57;0;1;.000;0;0;;2;2;1.000;0;3;3;0;0;0;0;0;2;+3;
Derrick Jones Jr.;Did Not Play;
Matt Thomas;Did Not Play;
Tony Bradley;Did Not Play;
Ayo Dosunmu;Did Not Play;
Team Totals;240;39;81;.481;12;27;.444;21;22;.955;5;24;29;24;11;3;13;16;111;;
Guest Advanced
Lonzo Ball;38:03;.682;.682;.818;.000;0.0;10.2;5.0;19.3;2.6;2.4;26.7;18.3;101;114;3.1;
DeMar DeRozan;35:49;.556;.421;.211;.526;0.0;18.1;8.8;27.1;0.0;0.0;7.9;32.8;114;118;-0.5;
Zach LaVine;35:20;.604;.531;.438;.313;0.0;14.7;7.1;23.0;1.4;0.0;9.9;26.5;116;116;2.0;
Nikola Vučević;33:59;.535;.533;.133;.133;3.6;26.7;14.9;10.2;4.4;0.0;5.9;23.0;105;105;0.0;
Patrick Williams;25:51;.667;.667;.000;.000;0.0;0.0;0.0;10.5;1.9;7.0;0.0;5.4;147;116;1.8;
Alex Caruso;27:43;.752;.625;.250;.750;4.4;4.7;4.6;9.7;7.3;0.0;42.9;15.6;95;106;-0.5;
Troy Brown Jr.;16:44;.611;.611;.444;.000;14.7;0.0;7.5;11.6;0.0;0.0;0.0;24.9;128;124;-1.0;
Alize Johnson;13:34;1.000;1.000;.000;.000;9.1;9.6;9.3;12.5;0.0;0.0;0.0;10.2;209;121;4.4;
Javonte Green;12:57;.532;.000;.000;2.000;0.0;30.1;14.6;0.0;0.0;0.0;0.0;6.7;118;114;-5.3;
Derrick Jones Jr.;Did Not Play;
Matt Thomas;Did Not Play;
Tony Bradley;Did Not Play;
Ayo Dosunmu;Did Not Play;
Team Totals;240;.612;.556;.333;.272;12.8;64.9;38.2;61.5;11.5;5.7;12.5;100.0;116.3;113.2;;
Home Basic
Fred VanVleet;42:44;6;13;.462;1;4;.250;2;2;1.000;2;4;6;17;2;0;8;2;15;-8;
Scottie Barnes;39:01;6;8;.750;0;1;.000;1;2;.500;1;3;4;0;1;1;6;2;13;-10;
OG Anunoby;38:26;8;17;.471;4;8;.500;2;2;1.000;3;5;8;5;2;0;2;4;22;+7;
Gary Trent Jr.;36:08;7;15;.467;4;9;.444;0;0;;1;4;5;1;0;0;0;4;18;+1;
Precious Achiuwa;28:39;4;12;.333;1;2;.500;2;4;.500;2;9;11;2;0;0;2;2;11;-7;
Khem Birch;18:30;5;7;.714;0;0;;1;2;.500;0;2;2;1;0;0;0;0;11;0;
Goran Dragić;13:46;1;6;.167;0;3;.000;6;6;1.000;0;3;3;0;2;0;0;1;8;+5;
Svi Mykhailiuk;12:44;2;2;1.000;1;1;1.000;0;0;;2;1;3;1;0;0;1;2;5;+3;
Dalano Banton;5:11;0;0;;0;0;;2;2;1.000;0;1;1;0;1;0;0;0;2;+4;
Chris Boucher;4:51;1;3;.333;1;2;.500;0;0;;2;2;4;0;0;0;0;1;3;-10;
Justin Champagnie;Did Not Play;
Isaac Bonga;Did Not Play;
David Johnson;Did Not Play;
Malachi Flynn;Did Not Play;
Sam Dekker;Did Not Play;
Team Totals;240;40;83;.482;12;30;.400;16;20;.800;13;34;47;27;8;1;19;18;108;;
Home Advanced
Fred VanVleet;42:44;.540;.500;.308;.154;6.1;11.5;8.9;57.4;2.4;0.0;36.6;22.2;106;116;1.1;
Scottie Barnes;39:01;.732;.750;.125;.250;3.3;9.5;6.5;0.0;1.3;2.3;40.3;16.5;77;116;-7.2;
OG Anunoby;38:26;.615;.588;.471;.118;10.1;16.0;13.1;20.8;2.6;0.0;10.1;22.4;131;114;6.4;
Gary Trent Jr.;36:08;.600;.600;.600;.000;3.6;13.6;8.7;4.3;0.0;0.0;0.0;18.0;134;121;-1.0;
Precious Achiuwa;28:39;.400;.375;.167;.333;9.1;38.7;24.2;10.1;0.0;0.0;12.7;23.8;90;118;-7.7;
Khem Birch;18:30;.698;.714;.000;.286;0.0;13.3;6.8;9.6;0.0;0.0;0.0;18.5;146;121;4.3;
Goran Dragić;13:46;.463;.167;.500;1.000;0.0;26.8;13.8;0.0;7.3;0.0;0.0;27.2;118;102;0.6;
Svi Mykhailiuk;12:44;1.250;1.250;.500;.000;20.4;9.7;14.9;11.6;0.0;0.0;33.3;10.2;154;121;5.6;
Dalano Banton;5:11;1.136;;;;0.0;23.7;12.2;0.0;9.7;0.0;0.0;7.4;250;97;15.6;
Chris Boucher;4:51;.500;.500;.667;.000;53.5;50.8;52.1;0.0;0.0;0.0;0.0;26.8;134;116;1.2;
Justin Champagnie;Did Not Play;
Isaac Bonga;Did Not Play;
David Johnson;Did Not Play;
Malachi Flynn;Did Not Play;
Sam Dekker;Did Not Play;
Team Totals;240;.588;.554;.361;.241;35.1;87.2;61.8;67.5;8.4;1.9;17.1;100.0;113.2;116.3;;
