202111190BRK-LAL;BOS;LAL;False;7:30 PM, November 19, 2021;Barclays Center, Brooklyn, New York;2:23
108;
130;
Guest Basic
Mo Bamba;34:31;6;9;.667;0;2;.000;0;0;;2;8;10;1;1;3;2;3;12;-1;
Cole Anthony;32:17;6;17;.353;1;5;.200;3;4;.750;0;5;5;9;0;0;1;3;16;-13;
Jalen Suggs;32:08;8;18;.444;4;9;.444;1;2;.500;2;2;4;3;2;1;2;3;21;-4;
Franz Wagner;28:43;5;13;.385;2;6;.333;5;6;.833;1;1;2;5;1;1;1;6;17;-5;
Wendell Carter Jr.;26:41;0;5;.000;0;4;.000;1;2;.500;2;7;9;3;0;1;3;3;1;-13;
Terrence Ross;33:55;3;9;.333;3;6;.500;6;7;.857;0;3;3;4;1;0;0;2;15;+4;
Chuma Okeke;19:35;6;8;.750;2;2;1.000;3;4;.750;1;2;3;1;1;0;1;0;17;+10;
Gary Harris;18:23;2;4;.500;1;1;1.000;0;0;;2;1;3;0;0;0;0;4;5;+11;
R.J. Hampton;9:31;3;3;1.000;1;1;1.000;0;0;;0;4;4;0;1;0;3;0;7;+1;
Moritz Wagner;4:16;1;3;.333;0;2;.000;0;0;;1;1;2;0;0;0;0;1;2;0;
Mychal Mulder;Did Not Play;
Ignas Brazdeikis;Did Not Play;
Robin Lopez;Did Not Play;
Team Totals;240;40;89;.449;14;38;.368;19;25;.760;11;34;45;26;7;6;13;25;113;;
Guest Advanced
Mo Bamba;34:31;.667;.667;.222;.000;7.0;23.2;15.8;4.4;1.4;7.2;18.2;13.5;113;112;-1.4;
Cole Anthony;32:17;.426;.382;.294;.235;0.0;15.5;8.4;43.1;0.0;0.0;5.1;26.0;110;123;-3.6;
Jalen Suggs;32:08;.556;.556;.500;.111;7.5;6.2;6.8;16.0;3.1;2.6;9.6;27.6;111;118;2.7;
Franz Wagner;28:43;.543;.462;.462;.462;4.2;3.5;3.8;26.4;1.7;2.9;6.0;24.6;124;122;0.8;
Wendell Carter Jr.;26:41;.085;.000;.800;.400;9.0;26.2;18.4;13.5;0.0;3.1;33.8;14.1;48;117;-15.4;
Terrence Ross;33:55;.621;.500;.667;.778;0.0;8.8;4.8;15.8;1.5;0.0;0.0;15.1;147;122;1.7;
Chuma Okeke;19:35;.871;.875;.250;.500;6.1;10.2;8.4;9.7;2.5;0.0;9.3;23.3;154;119;13.4;
Gary Harris;18:23;.625;.625;.250;.000;13.1;5.4;8.9;0.0;0.0;0.0;0.0;9.2;144;127;-7.4;
R.J. Hampton;9:31;1.167;1.167;.333;.000;0.0;42.0;22.9;0.0;5.2;0.0;50.0;26.8;69;101;4.8;
Moritz Wagner;4:16;.333;.333;.667;.000;28.1;23.4;25.6;0.0;0.0;0.0;0.0;29.9;91;120;-16.2;
Mychal Mulder;Did Not Play;
Ignas Brazdeikis;Did Not Play;
Robin Lopez;Did Not Play;
Team Totals;240;.565;.528;.427;.281;27.5;70.8;51.1;65.0;7.2;10.3;11.5;100.0;116.5;118.6;;
Home Basic
DeAndre' Bembry;41:06;3;7;.429;0;2;.000;1;2;.500;0;3;3;1;0;2;1;2;7;+8;
James Harden;41:01;7;25;.280;3;13;.231;19;20;.950;1;9;10;8;3;2;6;4;36;+10;
Patty Mills;34:10;9;13;.692;4;8;.500;0;0;;1;1;2;3;1;1;1;0;22;+7;
Blake Griffin;24:32;3;7;.429;0;1;.000;0;0;;2;4;6;1;2;3;0;3;6;+15;
Bruce Brown;16:42;2;5;.400;0;1;.000;2;2;1.000;1;2;3;1;0;1;1;2;6;-16;
James Johnson;25:49;8;11;.727;1;2;.500;0;0;;3;7;10;4;0;1;1;5;17;+7;
Jevon Carter;23:25;2;6;.333;2;6;.333;0;0;;2;2;4;1;0;1;0;3;6;-6;
LaMarcus Aldridge;23:16;7;16;.438;0;0;;1;1;1.000;4;1;5;0;0;2;1;0;15;-10;
Cam Thomas;9:59;0;1;.000;0;0;;0;0;;0;0;0;0;0;0;0;0;0;-5;
Kessler Edwards;Did Not Play;
Day'Ron Sharpe;Did Not Play;
Team Totals;240;41;91;.451;10;33;.303;23;25;.920;14;29;43;19;6;13;11;19;115;;
Home Advanced
DeAndre' Bembry;41:06;.444;.429;.286;.286;0.0;8.8;4.0;3.1;0.0;4.6;11.3;9.2;88;122;-9.0;
James Harden;41:01;.533;.340;.520;.800;2.4;26.3;13.3;28.5;3.6;4.6;15.1;41.2;110;108;4.3;
Patty Mills;34:10;.846;.846;.615;.000;2.9;3.5;3.2;14.9;1.4;2.8;7.1;17.4;161;122;9.4;
Blake Griffin;24:32;.429;.429;.143;.000;8.2;19.6;13.3;5.6;4.0;11.5;0.0;12.1;113;105;0.7;
Bruce Brown;16:42;.510;.400;.200;.400;6.0;14.4;9.8;8.2;0.0;5.6;14.5;17.5;106;120;-7.2;
James Johnson;25:49;.773;.773;.182;.000;11.6;32.5;21.1;28.5;0.0;3.6;8.3;19.7;155;115;8.2;
Jevon Carter;23:25;.500;.500;1.000;.000;8.5;10.2;9.3;5.6;0.0;4.0;0.0;10.9;129;122;-4.0;
LaMarcus Aldridge;23:16;.456;.438;.000;.063;17.2;5.2;11.7;0.0;0.0;8.1;5.7;31.8;103;121;-7.9;
Cam Thomas;9:59;.000;.000;.000;.000;0.0;0.0;0.0;0.0;0.0;0.0;0.0;4.3;0;128;-14.6;
Kessler Edwards;Did Not Play;
Day'Ron Sharpe;Did Not Play;
Team Totals;240;.564;.505;.363;.275;29.2;72.5;48.9;46.3;6.2;25.5;9.7;100.0;118.6;116.5;;
