202111290PHI-CHO;CHI;CHO;False;7:00 PM, November 29, 2021;Wells Fargo Center, Philadelphia, Pennsylvania;2:03
119;
133;
Guest Basic
Franz Wagner;38:17;11;24;.458;1;5;.200;4;6;.667;0;6;6;5;1;0;2;1;27;+4;
Mo Bamba;34:38;5;11;.455;1;3;.333;0;0;;4;13;17;1;0;6;0;5;11;-8;
Wendell Carter Jr.;33:40;4;11;.364;0;6;.000;0;0;;2;10;12;2;1;0;0;4;8;+6;
Gary Harris;32:13;6;11;.545;3;8;.375;1;1;1.000;0;5;5;2;0;0;2;4;16;+7;
Jalen Suggs;29:20;5;13;.385;1;1;1.000;6;8;.750;1;2;3;5;1;0;2;1;17;+5;
Chuma Okeke;27:42;2;5;.400;1;2;.500;0;0;;0;6;6;3;2;0;0;1;5;-8;
Terrence Ross;23:08;2;11;.182;0;6;.000;1;1;1.000;1;2;3;1;0;0;2;2;5;-12;
R.J. Hampton;14:20;2;4;.500;1;2;.500;2;2;1.000;0;3;3;1;1;0;4;2;7;-11;
Ignas Brazdeikis;6:42;0;0;;0;0;;0;0;;0;0;0;0;1;0;0;1;0;-8;
Moritz Wagner;Did Not Play;
Mychal Mulder;Did Not Play;
Robin Lopez;Did Not Play;
Team Totals;240;37;90;.411;8;33;.242;14;18;.778;8;47;55;20;7;6;12;21;96;;
Guest Advanced
Franz Wagner;38:17;.507;.479;.208;.250;0.0;12.8;6.8;27.0;1.2;0.0;7.0;32.7;100;103;3.2;
Mo Bamba;34:38;.500;.500;.273;.000;10.9;30.5;21.4;4.6;0.0;13.0;0.0;13.9;115;89;3.9;
Wendell Carter Jr.;33:40;.364;.364;.545;.000;5.6;24.2;15.6;9.1;1.4;0.0;0.0;14.3;89;98;-4.4;
Gary Harris;32:13;.699;.682;.727;.091;0.0;12.6;6.8;10.6;0.0;0.0;14.9;18.2;115;105;-0.3;
Jalen Suggs;29:20;.515;.423;.077;.615;3.2;5.5;4.5;28.4;1.6;0.0;10.8;27.6;105;105;2.5;
Chuma Okeke;27:42;.500;.500;.400;.000;0.0;17.6;9.5;15.5;3.4;0.0;0.0;7.9;116;96;3.5;
Terrence Ross;23:08;.219;.182;.545;.091;4.1;7.0;5.7;6.3;0.0;0.0;14.9;25.4;47;107;-18.1;
R.J. Hampton;14:20;.717;.625;.500;.500;0.0;17.0;9.1;11.1;3.3;0.0;45.0;27.1;76;96;-5.6;
Ignas Brazdeikis;6:42;;;;;0.0;0.0;0.0;0.0;7.1;0.0;;0.0;0;94;-2.2;
Moritz Wagner;Did Not Play;
Mychal Mulder;Did Not Play;
Robin Lopez;Did Not Play;
Team Totals;240;.490;.456;.367;.200;15.7;79.7;50.0;54.1;6.9;9.4;10.9;100.0;95.1;100.1;;
Home Basic
Tobias Harris;34:44;8;20;.400;1;4;.250;0;0;;0;9;9;2;1;0;0;3;17;-1;
Seth Curry;32:54;10;13;.769;3;5;.600;1;1;1.000;0;2;2;1;2;0;0;1;24;+3;
Tyrese Maxey;31:38;2;12;.167;1;4;.250;4;4;1.000;1;7;8;9;0;1;0;3;9;0;
Joel Embiid;29:45;4;16;.250;1;2;.500;7;10;.700;4;9;13;5;0;2;3;4;16;+1;
Danny Green;23:32;2;4;.500;1;3;.333;0;0;;1;2;3;1;1;0;0;1;5;+1;
Matisse Thybulle;19:49;3;5;.600;1;2;.500;0;0;;0;1;1;0;0;1;2;3;7;+2;
Shake Milton;18:18;3;8;.375;0;2;.000;0;0;;0;2;2;3;2;0;0;3;6;+8;
Andre Drummond;18:08;3;4;.750;0;0;;1;3;.333;6;6;12;1;0;2;3;1;7;+2;
Furkan Korkmaz;16:09;1;6;.167;0;4;.000;0;0;;0;3;3;1;1;0;1;0;2;+8;
Georges Niang;15:03;3;9;.333;2;7;.286;0;0;;0;2;2;1;0;0;1;0;8;+1;
Isaiah Joe;Did Not Play;
Paul Reed;Did Not Play;
Charles Bassey;Did Not Play;
Team Totals;240;39;97;.402;10;33;.303;13;18;.722;12;43;55;24;7;6;10;19;101;;
Home Advanced
Tobias Harris;34:44;.425;.425;.200;.000;0.0;24.4;11.3;9.9;1.4;0.0;0.0;24.1;89;95;-2.5;
Seth Curry;32:54;.893;.885;.385;.077;0.0;5.7;2.7;6.0;2.9;0.0;0.0;17.1;171;96;13.3;
Tyrese Maxey;31:38;.327;.208;.333;.333;2.6;20.8;11.0;38.0;0.0;2.7;0.0;18.2;99;97;0.3;
Joel Embiid;29:45;.392;.281;.125;.625;10.9;28.5;19.1;24.8;0.0;5.7;12.8;32.9;88;93;0.1;
Danny Green;23:32;.625;.625;.750;.000;3.5;8.0;5.6;5.8;2.0;0.0;0.0;7.1;135;98;0.3;
Matisse Thybulle;19:49;.700;.700;.400;.000;0.0;4.7;2.2;0.0;0.0;4.2;28.6;14.8;85;99;-5.6;
Shake Milton;18:18;.375;.375;.250;.000;0.0;10.3;4.8;25.3;5.2;0.0;0.0;18.3;91;90;0.2;
Andre Drummond;18:08;.658;.750;.000;.750;26.9;31.1;28.9;8.5;0.0;9.3;36.1;19.2;105;89;0.8;
Furkan Korkmaz;16:09;.167;.167;.667;.000;0.0;17.5;8.1;8.2;2.9;0.0;14.3;18.1;37;94;-11.7;
Georges Niang;15:03;.444;.444;.778;.000;0.0;12.5;5.8;10.8;0.0;0.0;10.0;27.8;81;101;-3.5;
Isaiah Joe;Did Not Play;
Paul Reed;Did Not Play;
Charles Bassey;Did Not Play;
Team Totals;240;.481;.454;.340;.186;20.3;84.3;50.0;61.5;6.9;10.5;8.7;100.0;100.1;95.1;;
