202111140LAC-MIL;ATL;MIL;False;9:30 PM, November 14, 2021;Crypto.com Arena, Los Angeles, California;2:10
100;
120;
Guest Basic
Alex Caruso;38:40;2;11;.182;1;5;.200;2;2;1.000;3;6;9;5;3;1;1;4;7;+16;
Zach LaVine;37:57;11;27;.407;6;13;.462;1;1;1.000;0;8;8;2;0;0;4;1;29;+12;
DeMar DeRozan;37:45;12;16;.750;1;1;1.000;10;11;.909;1;6;7;5;0;0;2;3;35;+14;
Lonzo Ball;33:55;4;14;.286;2;6;.333;0;0;;1;4;5;3;3;0;2;4;10;+7;
Tony Bradley;23:45;2;5;.400;0;0;;0;0;;1;4;5;0;1;1;2;3;4;+10;
Javonte Green;22:13;4;6;.667;1;2;.500;0;0;;1;0;1;1;0;1;0;1;9;+9;
Ayo Dosunmu;18:36;2;4;.500;0;1;.000;0;0;;0;4;4;2;1;0;2;2;4;-8;
Derrick Jones Jr.;18:00;1;2;.500;0;0;;0;0;;0;1;1;1;1;1;2;2;2;-6;
Troy Brown Jr.;9:09;0;1;.000;0;1;.000;0;0;;0;5;5;0;0;0;0;0;0;-4;
Alize Johnson;Did Not Play;
Marko Simonovic;Did Not Play;
Matt Thomas;Did Not Play;
Tyler Cook;Did Not Play;
Team Totals;240;38;86;.442;11;29;.379;13;14;.929;7;38;45;19;9;4;15;20;100;;
Guest Advanced
Alex Caruso;38:40;.295;.227;.455;.182;8.9;15.8;12.6;17.5;3.8;2.6;7.8;14.9;87;87;1.0;
Zach LaVine;37:57;.528;.519;.481;.037;0.0;21.5;11.4;10.5;0.0;0.0;12.7;37.1;92;96;1.1;
DeMar DeRozan;37:45;.840;.781;.063;.688;3.0;16.2;10.0;28.0;0.0;0.0;8.8;27.1;160;98;15.7;
Lonzo Ball;33:55;.357;.357;.429;.000;3.4;12.0;8.0;13.1;4.3;0.0;12.5;21.1;75;89;-3.0;
Tony Bradley;23:45;.400;.400;.000;.000;4.8;17.2;11.4;0.0;2.1;4.3;28.6;13.2;63;90;-6.7;
Javonte Green;22:13;.750;.750;.333;.000;5.1;0.0;2.4;7.4;0.0;4.6;0.0;12.1;154;101;6.5;
Ayo Dosunmu;18:36;.500;.500;.250;.000;0.0;22.0;11.6;15.7;2.6;0.0;33.3;14.4;77;90;-3.8;
Derrick Jones Jr.;18:00;.500;.500;.000;.000;0.0;5.7;3.0;7.5;2.7;5.7;50.0;10.0;57;91;-3.4;
Troy Brown Jr.;9:09;.000;.000;1.000;.000;0.0;55.8;29.5;0.0;0.0;0.0;0.0;4.9;0;84;-4.7;
Alize Johnson;Did Not Play;
Marko Simonovic;Did Not Play;
Matt Thomas;Did Not Play;
Tyler Cook;Did Not Play;
Team Totals;240;.543;.506;.337;.163;16.7;80.9;50.6;50.0;9.2;8.5;14.0;100.0;102.2;91.9;;
Home Basic
Paul George;41:19;7;25;.280;2;10;.200;11;11;1.000;1;10;11;4;1;1;3;2;27;-3;
Eric Bledsoe;35:50;7;14;.500;2;4;.500;5;5;1.000;1;5;6;3;0;0;4;2;21;-12;
Reggie Jackson;35:23;4;17;.235;3;11;.273;2;2;1.000;2;1;3;2;2;0;1;1;13;-12;
Nicolas Batum;34:36;2;4;.500;1;3;.333;0;0;;0;7;7;2;1;1;4;3;5;-8;
Ivica Zubac;23:15;1;3;.333;0;0;;2;2;1.000;2;5;7;0;0;4;5;1;4;-2;
Terance Mann;32:33;3;7;.429;2;3;.667;0;0;;2;3;5;3;1;0;2;4;8;-5;
Luke Kennard;23:10;2;6;.333;1;3;.333;0;0;;0;3;3;2;1;0;0;1;5;+2;
Isaiah Hartenstein;13:35;3;5;.600;0;0;;1;1;1.000;1;1;2;0;1;1;0;1;7;-10;
Amir Coffey;0:19;0;0;;0;0;;0;0;;0;0;0;0;0;0;0;0;0;0;
Jay Scrubb;Did Not Play;
Justise Winslow;Did Not Play;
Team Totals;240;29;81;.358;11;34;.324;21;21;1.000;9;35;44;16;7;7;19;15;90;;
Home Advanced
Paul George;41:19;.452;.320;.400;.440;2.5;27.7;14.4;22.3;1.2;2.0;9.1;34.9;94;101;2.0;
Eric Bledsoe;35:50;.648;.571;.286;.357;2.9;15.9;9.0;20.5;0.0;0.0;19.8;24.8;109;108;1.0;
Reggie Jackson;35:23;.364;.324;.647;.118;5.8;3.2;4.6;11.5;2.8;0.0;5.3;23.4;82;104;-2.0;
Nicolas Batum;34:36;.625;.625;.750;.000;0.0;23.1;10.9;10.6;1.4;2.4;50.0;10.2;64;101;-4.0;
Ivica Zubac;23:15;.515;.333;.000;.667;8.8;24.6;16.2;0.0;0.0;14.5;56.3;16.8;55;94;-7.9;
Terance Mann;32:33;.571;.571;.429;.000;6.3;10.5;8.3;18.0;1.5;0.0;22.2;12.1;104;106;-0.4;
Luke Kennard;23:10;.417;.417;.500;.000;0.0;14.8;7.0;16.7;2.1;0.0;0.0;11.4;98;103;-0.3;
Isaiah Hartenstein;13:35;.643;.600;.000;.200;7.5;8.4;7.9;0.0;3.6;6.2;0.0;17.6;133;96;7.8;
Amir Coffey;0:19;;;;;0.0;0.0;0.0;0.0;0.0;0.0;;0.0;0;111;-7.2;
Jay Scrubb;Did Not Play;
Justise Winslow;Did Not Play;
Team Totals;240;.499;.426;.420;.259;19.1;83.3;49.4;55.2;7.2;12.3;17.4;100.0;91.9;102.2;;
