202110240HOU-CHO;BRK;CHO;False;7:00 PM, October 24, 2021;Toyota Center, Houston, Texas;2:14
111;
95;
Guest Basic
Jayson Tatum;36:54;12;24;.500;4;11;.364;3;4;.750;0;9;9;2;1;1;1;4;31;+4;
Marcus Smart;35:41;3;8;.375;1;5;.200;1;1;1.000;0;6;6;5;3;0;1;4;8;+12;
Dennis Schröder;33:23;7;14;.500;1;4;.250;3;4;.750;1;4;5;5;1;0;4;4;18;+15;
Al Horford;29:35;4;12;.333;1;6;.167;8;9;.889;2;8;10;1;3;3;1;3;17;+18;
Robert Williams;27:42;1;2;.500;0;0;;0;0;;0;3;3;1;1;1;0;0;2;0;
Grant Williams;30:34;6;8;.750;5;7;.714;1;2;.500;1;2;3;2;0;0;0;2;18;+8;
Josh Richardson;18:53;3;8;.375;1;5;.200;0;0;;0;2;2;2;0;1;2;1;7;+2;
Payton Pritchard;15:42;2;6;.333;2;5;.400;0;0;;1;2;3;3;0;0;1;1;6;0;
Aaron Nesmith;11:34;0;4;.000;0;4;.000;0;0;;1;1;2;1;1;0;1;3;0;-9;
Juancho Hernangómez;Did Not Play;
Bruno Fernando;Did Not Play;
Enes Freedom;Did Not Play;
Jabari Parker;Did Not Play;
Team Totals;240;38;86;.442;15;47;.319;16;20;.800;6;37;43;22;10;6;11;22;107;;
Guest Advanced
Jayson Tatum;36:54;.602;.583;.458;.167;0.0;27.9;14.1;11.6;1.3;3.0;3.7;32.9;114;100;6.7;
Marcus Smart;35:41;.474;.438;.625;.125;0.0;19.2;9.7;19.8;4.1;0.0;10.6;12.0;106;97;-1.2;
Dennis Schröder;33:23;.571;.536;.286;.286;3.5;13.7;8.7;25.7;1.5;0.0;20.2;26.9;102;104;-3.2;
Al Horford;29:35;.533;.375;.500;.750;7.9;30.9;19.5;5.1;5.0;11.3;5.9;26.0;113;84;6.8;
Robert Williams;27:42;.500;.500;.000;.000;0.0;12.4;6.3;4.8;1.8;4.0;0.0;3.3;117;100;-2.1;
Grant Williams;30:34;1.014;1.063;.875;.250;3.8;7.5;5.7;11.0;0.0;0.0;0.0;13.2;193;108;11.7;
Josh Richardson;18:53;.438;.438;.625;.000;0.0;12.1;6.1;16.7;0.0;5.9;20.0;24.0;77;103;-6.5;
Payton Pritchard;15:42;.500;.500;.833;.000;7.5;14.6;11.1;28.8;0.0;0.0;14.3;20.2;107;107;-0.2;
Aaron Nesmith;11:34;.000;.000;1.000;.000;10.1;9.9;10.0;10.9;4.3;0.0;20.0;19.6;29;98;-19.0;
Juancho Hernangómez;Did Not Play;
Bruno Fernando;Did Not Play;
Enes Freedom;Did Not Play;
Jabari Parker;Did Not Play;
Team Totals;240;.564;.529;.547;.233;14.6;88.1;51.8;57.9;10.3;14.0;10.4;100.0;110.0;99.7;;
Home Basic
Kevin Porter Jr.;36:35;5;12;.417;3;7;.429;2;4;.500;0;3;3;3;0;0;8;6;15;-8;
Jalen Green;35:50;11;18;.611;8;10;.800;0;0;;1;3;4;3;1;2;3;1;30;-12;
Christian Wood;35:31;5;14;.357;2;4;.500;8;10;.800;1;8;9;1;1;0;0;1;20;-9;
Jae'Sean Tate;35:18;4;8;.500;0;2;.000;4;4;1.000;2;6;8;4;2;0;1;3;12;+1;
Daniel Theis;22:35;3;7;.429;0;3;.000;0;0;;0;5;5;2;0;1;0;2;6;-11;
Eric Gordon;26:28;1;6;.167;0;3;.000;0;0;;0;4;4;2;0;0;2;1;2;-6;
Alperen Şengün;19:26;1;5;.200;0;1;.000;5;6;.833;0;4;4;4;3;1;1;5;7;-3;
Danuel House Jr.;13:43;0;2;.000;0;1;.000;0;0;;0;2;2;0;0;0;1;0;0;-3;
D.J. Augustin;10:16;1;1;1.000;1;1;1.000;0;0;;0;0;0;1;0;0;1;1;3;-2;
David Nwaba;3:45;0;1;.000;0;0;;0;0;;1;0;1;0;0;0;0;0;0;+1;
Josh Christopher;0:32;1;1;1.000;0;0;;0;0;;0;0;0;0;0;0;1;0;2;+2;
Usman Garuba;Did Not Play;
Armoni Brooks;Did Not Play;
Kenyon Martin Jr.;Did Not Play;
Team Totals;240;32;75;.427;14;32;.438;19;24;.792;5;35;40;20;7;4;18;20;97;;
Home Advanced
Kevin Porter Jr.;36:35;.545;.542;.583;.333;0.0;9.6;4.7;15.5;0.0;0.0;36.8;27.6;69;116;-14.6;
Jalen Green;35:50;.833;.833;.556;.000;3.2;9.8;6.5;23.3;1.4;6.9;14.3;27.2;129;109;16.8;
Christian Wood;35:31;.543;.429;.286;.714;3.2;26.4;14.7;5.4;1.4;0.0;0.0;24.0;115;110;1.7;
Jae'Sean Tate;35:18;.615;.500;.250;.500;6.5;19.9;13.1;20.5;2.8;0.0;9.3;14.1;132;108;3.2;
Daniel Theis;22:35;.429;.429;.429;.000;0.0;25.9;12.8;16.6;0.0;5.4;0.0;14.4;96;110;-1.7;
Eric Gordon;26:28;.167;.167;.500;.000;0.0;17.7;8.7;12.0;0.0;0.0;25.0;14.0;40;115;-14.7;
Alperen Şengün;19:26;.458;.200;.200;1.200;0.0;24.1;11.9;33.5;7.6;6.3;11.6;20.6;105;92;6.7;
Danuel House Jr.;13:43;.000;.000;.500;.000;0.0;17.1;8.4;0.0;0.0;0.0;33.3;10.1;0;115;-14.6;
D.J. Augustin;10:16;1.500;1.500;1.000;.000;0.0;0.0;0.0;17.1;0.0;0.0;50.0;9.0;124;118;-1.7;
David Nwaba;3:45;.000;.000;.000;.000;30.5;0.0;15.4;0.0;0.0;0.0;0.0;12.4;65;118;-13.8;
Josh Christopher;0:32;1.000;1.000;.000;.000;0.0;0.0;0.0;0.0;0.0;0.0;50.0;100.0;98;118;-11.2;
Usman Garuba;Did Not Play;
Armoni Brooks;Did Not Play;
Kenyon Martin Jr.;Did Not Play;
Team Totals;240;.567;.520;.427;.320;11.9;85.4;48.2;62.5;7.2;10.3;17.4;100.0;99.7;110.0;;
