202110270BOS-WAS;BOS;WAS;False;7:30 PM, October 27, 2021;TD Garden, Boston, Massachusetts;2:18
116;
107;
Guest Basic
Bradley Beal;35:15;7;25;.280;0;6;.000;3;3;1.000;3;7;10;2;3;1;5;3;17;0;
Kyle Kuzma;33:04;4;11;.364;1;5;.200;3;6;.500;3;5;8;2;2;1;1;4;12;-2;
Kentavious Caldwell-Pope;31:06;4;6;.667;3;4;.750;0;0;;0;2;2;2;0;0;0;2;11;+2;
Spencer Dinwiddie;29:31;8;16;.500;2;5;.400;4;4;1.000;0;3;3;3;1;0;2;3;22;-2;
Daniel Gafford;7:08;1;1;1.000;0;0;;1;3;.333;1;3;4;0;1;1;1;0;3;-3;
Montrezl Harrell;38:12;10;13;.769;0;0;;5;7;.714;4;7;11;1;0;2;1;1;25;+21;
Aaron Holiday;18:46;4;6;.667;1;2;.500;0;0;;0;2;2;3;0;1;3;3;9;+11;
Dāvis Bertāns;17:36;3;3;1.000;1;1;1.000;0;0;;0;3;3;1;0;0;1;2;7;+2;
Deni Avdija;16:54;2;2;1.000;1;1;1.000;3;4;.750;0;2;2;2;0;1;0;2;8;+7;
Corey Kispert;12:28;0;1;.000;0;1;.000;2;2;1.000;0;2;2;2;1;0;1;0;2;+9;
Isaiah Todd;Did Not Play;
Joel Ayayi;Did Not Play;
Team Totals;240;43;84;.512;9;25;.360;21;29;.724;11;36;47;18;8;7;15;20;116;;
Guest Advanced
Bradley Beal;35:15;.323;.280;.240;.120;10.8;20.7;16.2;8.1;4.2;2.4;16.0;38.2;71;102;-12.3;
Kyle Kuzma;33:04;.440;.409;.455;.545;11.5;15.8;13.8;7.8;3.0;2.6;6.8;19.0;106;106;-1.3;
Kentavious Caldwell-Pope;31:06;.917;.917;.667;.000;0.0;6.7;3.7;8.4;0.0;0.0;0.0;8.3;191;117;4.2;
Spencer Dinwiddie;29:31;.619;.563;.313;.250;0.0;10.6;5.8;16.3;1.7;0.0;10.1;28.8;124;112;2.5;
Daniel Gafford;7:08;.647;1.000;.000;3.000;17.7;43.9;32.0;0.0;6.9;12.0;30.1;20.0;96;83;7.9;
Montrezl Harrell;38:12;.777;.769;.000;.538;13.2;19.1;16.5;4.1;0.0;4.5;5.9;19.2;157;111;7.9;
Aaron Holiday;18:46;.750;.750;.333;.000;0.0;11.1;6.1;23.4;0.0;4.6;33.3;20.6;107;113;0.0;
Dāvis Bertāns;17:36;1.167;1.167;.333;.000;0.0;17.8;9.7;7.8;0.0;0.0;25.0;9.8;162;114;4.5;
Deni Avdija;16:54;1.064;1.250;.500;2.000;0.0;12.3;6.8;15.2;0.0;5.1;0.0;9.6;218;112;12.7;
Corey Kispert;12:28;.532;.000;1.000;2.000;0.0;16.7;9.2;17.9;3.9;0.0;34.7;9.9;102;106;3.2;
Isaiah Todd;Did Not Play;
Joel Ayayi;Did Not Play;
Team Totals;240;.599;.565;.298;.345;28.9;78.3;56.0;41.9;8.2;12.5;13.4;100.0;118.4;109.2;;
Home Basic
Jaylen Brown;37:21;5;16;.313;1;4;.250;2;2;1.000;0;4;4;1;0;0;3;3;13;-8;
Marcus Smart;35:55;1;7;.143;1;5;.200;4;4;1.000;0;2;2;3;3;0;3;5;7;+3;
Jayson Tatum;35:40;9;22;.409;1;8;.125;4;8;.500;1;6;7;2;0;0;2;2;23;-8;
Robert Williams;30:29;6;8;.750;0;0;;1;2;.500;5;6;11;1;1;4;1;2;13;-9;
Al Horford;26:09;7;12;.583;2;4;.500;0;0;;3;8;11;4;1;1;1;2;16;-2;
Dennis Schröder;34:18;6;15;.400;4;6;.667;6;6;1.000;1;0;1;6;2;0;3;2;22;-8;
Grant Williams;15:40;0;2;.000;0;1;.000;6;6;1.000;0;0;0;0;0;0;0;2;6;-1;
Josh Richardson;15:27;0;0;;0;0;;0;0;;0;1;1;1;1;0;0;1;0;-8;
Jabari Parker;9:01;3;3;1.000;1;1;1.000;0;0;;0;0;0;0;1;0;0;2;7;-4;
Aaron Nesmith;Did Not Play;
Bruno Fernando;Did Not Play;
Juancho Hernangómez;Did Not Play;
Payton Pritchard;Did Not Play;
Enes Freedom;Did Not Play;
Team Totals;240;37;85;.435;10;29;.345;23;28;.821;10;27;37;18;9;5;13;21;107;;
Home Advanced
Jaylen Brown;37:21;.385;.344;.250;.125;0.0;13.5;6.1;4.2;0.0;0.0;15.1;23.2;70;124;-13.3;
Marcus Smart;35:55;.400;.214;.714;.571;0.0;7.0;3.2;11.2;4.1;0.0;25.5;14.2;75;116;-7.5;
Jayson Tatum;35:40;.451;.432;.364;.364;2.9;21.2;11.2;10.8;0.0;0.0;7.3;33.6;91;122;-5.8;
Robert Williams;30:29;.732;.750;.000;.250;17.1;24.9;20.6;5.7;1.6;10.7;10.1;14.1;146;111;7.5;
Al Horford;26:09;.667;.667;.333;.000;12.0;38.6;24.0;30.4;1.9;3.1;7.7;21.6;138;112;13.7;
Dennis Schröder;34:18;.624;.533;.400;.400;3.0;0.0;1.7;29.4;2.9;0.0;14.5;26.2;121;121;6.7;
Grant Williams;15:40;.647;.000;.500;3.000;0.0;0.0;0.0;0.0;0.0;0.0;0.0;12.9;148;127;-4.6;
Josh Richardson;15:27;;;;;0.0;8.2;3.7;8.4;3.2;0.0;;0.0;227;118;-1.5;
Jabari Parker;9:01;1.167;1.167;.333;.000;0.0;0.0;0.0;0.0;5.4;0.0;0.0;14.5;233;115;16.8;
Aaron Nesmith;Did Not Play;
Bruno Fernando;Did Not Play;
Juancho Hernangómez;Did Not Play;
Payton Pritchard;Did Not Play;
Enes Freedom;Did Not Play;
Team Totals;240;.550;.494;.341;.329;21.7;71.1;44.0;48.6;9.2;8.5;11.8;100.0;109.2;118.4;;
