202112030IND-PHI;ATL;PHI;False;7:00 PM, December 3, 2021;Gainbridge Fieldhouse, Indianapolis, Indiana;2:21
98;
96;
Guest Basic
Kyle Lowry;38:26;9;18;.500;6;13;.462;2;2;1.000;0;3;3;9;0;0;4;5;26;+7;
Tyler Herro;34:23;7;16;.438;3;4;.750;1;1;1.000;0;5;5;1;1;0;2;3;18;-2;
P.J. Tucker;30:50;3;6;.500;0;0;;0;0;;2;4;6;4;2;2;0;2;6;+4;
Duncan Robinson;29:30;7;11;.636;4;7;.571;6;7;.857;0;2;2;1;0;0;1;1;24;+10;
Dewayne Dedmon;22:33;3;5;.600;1;1;1.000;0;0;;2;4;6;2;1;0;0;2;7;+11;
Gabe Vincent;27:38;5;9;.556;2;5;.400;0;0;;0;2;2;4;1;1;4;3;12;+3;
Omer Yurtseven;19:18;6;8;.750;0;1;.000;0;0;;2;3;5;0;0;2;1;3;12;+1;
Caleb Martin;17:31;1;4;.250;0;1;.000;2;3;.667;2;3;5;3;0;1;0;1;4;+8;
Max Strus;13:39;2;4;.500;0;2;.000;0;0;;1;2;3;0;0;0;1;2;4;+6;
Udonis Haslem;6:09;0;0;;0;0;;0;0;;0;1;1;0;0;0;0;0;0;-3;
KZ Okpala;Did Not Play;
Team Totals;240;43;81;.531;16;34;.471;11;13;.846;9;29;38;24;5;6;13;22;113;;
Guest Advanced
Kyle Lowry;38:26;.689;.667;.722;.111;0.0;9.1;4.9;35.4;0.0;0.0;17.5;28.7;128;121;2.8;
Tyler Herro;34:23;.547;.531;.250;.063;0.0;17.0;9.1;4.2;1.5;0.0;10.8;25.8;101;115;-6.1;
P.J. Tucker;30:50;.500;.500;.000;.000;8.6;15.2;12.1;16.2;3.5;7.1;0.0;9.4;144;108;6.8;
Duncan Robinson;29:30;.852;.818;.636;.636;0.0;7.9;4.2;5.1;0.0;0.0;6.6;24.6;160;122;8.3;
Dewayne Dedmon;22:33;.700;.700;.200;.000;11.8;20.8;16.6;11.6;2.4;0.0;0.0;10.7;166;112;5.3;
Gabe Vincent;27:38;.667;.667;.556;.000;0.0;8.5;4.5;20.2;1.9;3.9;30.8;22.6;101;115;-1.8;
Omer Yurtseven;19:18;.750;.750;.125;.000;13.8;18.2;16.1;0.0;0.0;11.3;11.1;22.4;135;112;1.3;
Caleb Martin;17:31;.376;.250;.250;.750;15.2;20.1;17.8;20.4;0.0;6.2;0.0;14.6;128;114;1.4;
Max Strus;13:39;.500;.500;.500;.000;9.8;17.2;13.7;0.0;0.0;0.0;20.0;17.6;90;118;-12.3;
Udonis Haslem;6:09;;;;;0.0;19.0;10.1;0.0;0.0;0.0;;0.0;0;118;-4.0;
KZ Okpala;Did Not Play;
Team Totals;240;.652;.630;.420;.160;25.0;70.7;49.4;55.8;5.6;13.6;13.0;100.0;125.5;115.5;;
Home Basic
Malcolm Brogdon;38:40;4;14;.286;1;7;.143;5;6;.833;1;3;4;7;0;0;4;3;14;0;
Caris LeVert;37:29;8;16;.500;1;5;.200;10;11;.909;1;1;2;3;2;0;1;0;27;-10;
Chris Duarte;36:38;6;15;.400;1;6;.167;2;3;.667;0;4;4;1;2;0;1;2;15;-5;
Myles Turner;34:19;7;11;.636;3;6;.500;3;5;.600;1;3;4;1;0;3;1;5;20;-4;
Torrey Craig;3:41;0;1;.000;0;1;.000;0;0;;0;0;0;0;1;0;0;0;0;-7;
Domantas Sabonis;37:01;5;8;.625;0;1;.000;4;4;1.000;4;12;16;3;2;0;5;4;14;+1;
Oshae Brissett;20:59;2;4;.500;1;2;.500;0;2;.000;2;1;3;0;0;0;0;2;5;-8;
Kelan Martin;15:36;1;3;.333;1;3;.333;1;2;.500;1;0;1;0;0;0;0;1;4;-8;
Jeremy Lamb;11:22;1;7;.143;1;5;.200;0;0;;1;3;4;2;0;0;0;1;3;-4;
Brad Wanamaker;4:15;1;1;1.000;0;0;;0;0;;1;0;1;3;0;0;0;1;2;0;
Isaiah Jackson;Did Not Play;
Goga Bitadze;Did Not Play;
Duane Washington Jr.;Did Not Play;
Team Totals;240;35;80;.438;9;36;.250;25;33;.758;12;27;39;20;7;3;12;19;104;;
Home Advanced
Malcolm Brogdon;38:40;.421;.321;.500;.429;3.0;10.3;6.4;28.9;0.0;0.0;19.4;24.1;91;131;-8.8;
Caris LeVert;37:29;.648;.531;.313;.688;3.1;3.6;3.3;15.5;2.8;0.0;4.6;26.3;139;126;7.8;
Chris Duarte;36:38;.460;.433;.400;.200;0.0;14.6;6.8;4.8;2.9;0.0;5.8;21.3;96;124;-5.0;
Myles Turner;34:19;.758;.773;.545;.455;3.4;11.7;7.3;5.5;0.0;8.9;7.0;18.6;143;125;5.6;
Torrey Craig;3:41;.000;.000;1.000;.000;0.0;0.0;0.0;0.0;14.5;0.0;0.0;12.2;0;99;-3.0;
Domantas Sabonis;37:01;.717;.625;.125;.500;12.7;43.2;26.9;13.6;2.9;0.0;33.9;18.0;109;117;-0.9;
Oshae Brissett;20:59;.512;.625;.500;.500;11.2;6.4;8.9;0.0;0.0;0.0;0.0;10.5;118;132;-5.8;
Kelan Martin;15:36;.515;.500;1.000;.667;7.5;0.0;4.0;0.0;0.0;0.0;0.0;11.2;122;134;-5.2;
Jeremy Lamb;11:22;.214;.214;.714;.000;10.3;35.2;21.9;27.4;0.0;0.0;0.0;27.8;76;126;-10.9;
Brad Wanamaker;4:15;1.000;1.000;.000;.000;27.5;0.0;14.7;100.0;0.0;0.0;0.0;10.6;213;134;31.1;
Isaiah Jackson;Did Not Play;
Goga Bitadze;Did Not Play;
Duane Washington Jr.;Did Not Play;
Team Totals;240;.550;.494;.450;.413;29.3;75.0;50.6;57.1;7.8;6.4;11.3;100.0;115.5;125.5;;
