202112030UTA-PHI;ATL;PHI;False;9:00 PM, December 3, 2021;Vivint Smart Home Arena, Salt Lake City, Utah;2:19
98;
96;
Guest Basic
Dennis Schröder;38:49;10;21;.476;3;8;.375;3;3;1.000;0;2;2;3;1;0;2;2;26;-4;
Jayson Tatum;38:09;12;25;.480;2;11;.182;11;11;1.000;1;5;6;5;0;1;0;1;37;-5;
Marcus Smart;37:24;5;11;.455;3;5;.600;2;2;1.000;1;1;2;2;4;0;0;4;15;-17;
Al Horford;34:24;8;15;.533;3;8;.375;2;2;1.000;1;5;6;9;1;1;1;3;21;-18;
Robert Williams;15:01;3;3;1.000;0;0;;2;2;1.000;2;3;5;0;0;1;0;2;8;+1;
Josh Richardson;28:44;4;8;.500;1;3;.333;2;2;1.000;0;3;3;1;2;0;1;3;11;-1;
Grant Williams;26:57;2;3;.667;2;3;.667;0;0;;0;1;1;3;0;0;2;5;6;+9;
Romeo Langford;11:14;3;4;.750;0;1;.000;0;0;;0;2;2;0;1;0;0;0;6;+5;
Aaron Nesmith;5:59;0;0;;0;0;;0;0;;0;2;2;0;0;0;0;2;0;-4;
Enes Freedom;3:19;0;1;.000;0;0;;0;0;;0;1;1;0;0;0;0;0;0;-1;
Juancho Hernangómez;Did Not Play;
Jabari Parker;Did Not Play;
Payton Pritchard;Did Not Play;
Bruno Fernando;Did Not Play;
Team Totals;240;47;91;.516;14;39;.359;22;22;1.000;5;25;30;23;9;3;6;22;130;;
Guest Advanced
Dennis Schröder;38:49;.582;.548;.381;.143;0.0;7.3;3.3;10.7;1.2;0.0;8.2;28.2;110;142;-5.1;
Jayson Tatum;38:09;.620;.520;.440;.440;3.1;18.5;10.2;19.7;0.0;4.2;0.0;35.2;134;141;5.4;
Marcus Smart;37:24;.631;.591;.455;.182;3.2;3.8;3.5;6.3;5.2;0.0;0.0;14.3;134;132;1.2;
Al Horford;34:24;.661;.633;.533;.133;3.5;20.5;11.3;35.0;1.4;4.7;5.9;22.1;142;137;10.1;
Robert Williams;15:01;1.031;1.000;.000;.667;16.0;28.2;21.6;0.0;0.0;10.7;0.0;11.6;219;136;4.1;
Josh Richardson;28:44;.619;.563;.375;.250;0.0;14.7;6.8;4.1;3.4;0.0;10.1;15.5;113;135;-3.7;
Grant Williams;26:57;1.000;1.000;1.000;.000;0.0;5.2;2.4;12.3;0.0;0.0;40.0;8.3;122;145;-4.6;
Romeo Langford;11:14;.750;.750;.250;.000;0.0;25.1;11.5;0.0;4.3;0.0;0.0;16.0;143;131;4.1;
Aaron Nesmith;5:59;;;;;0.0;47.2;21.7;0.0;0.0;0.0;;0.0;0;137;-10.7;
Enes Freedom;3:19;.000;.000;.000;.000;0.0;42.6;19.6;0.0;0.0;0.0;0.0;13.6;0;138;-19.3;
Juancho Hernangómez;Did Not Play;
Jabari Parker;Did Not Play;
Payton Pritchard;Did Not Play;
Bruno Fernando;Did Not Play;
Team Totals;240;.646;.593;.429;.242;12.5;73.5;40.5;48.9;9.0;10.0;5.6;100.0;130.7;137.7;;
Home Basic
Rudy Gobert;35:23;5;5;1.000;0;0;;8;10;.800;3;9;12;0;1;2;4;5;18;+17;
Donovan Mitchell;32:44;12;22;.545;6;14;.429;4;4;1.000;0;1;1;6;0;0;2;2;34;+12;
Royce O'Neale;32:13;4;4;1.000;2;2;1.000;2;2;1.000;3;7;10;5;0;0;2;2;12;+3;
Mike Conley;31:46;9;13;.692;7;7;1.000;4;5;.800;1;3;4;7;0;1;3;4;29;+21;
Bojan Bogdanović;30:38;5;10;.500;4;7;.571;2;2;1.000;0;3;3;2;1;0;0;2;16;+10;
Joe Ingles;22:28;3;5;.600;3;5;.600;0;0;;0;3;3;2;0;0;3;3;9;+3;
Jordan Clarkson;21:18;4;13;.308;3;9;.333;0;0;;0;2;2;2;1;0;1;3;11;-7;
Rudy Gay;17:22;2;7;.286;2;7;.286;0;0;;0;4;4;1;0;0;1;3;6;-3;
Hassan Whiteside;12:37;1;1;1.000;0;0;;0;0;;1;2;3;1;0;0;1;3;2;-10;
Trent Forrest;3:31;0;1;.000;0;0;;0;0;;1;1;2;0;0;0;2;0;0;-11;
Jared Butler;Did Not Play;
Miye Oni;Did Not Play;
Eric Paschall;Did Not Play;
Team Totals;240;45;81;.556;27;51;.529;20;23;.870;9;35;44;26;3;3;19;27;137;;
Home Advanced
Rudy Gobert;35:23;.957;1.000;.000;2.000;12.0;30.5;22.0;0.0;1.4;5.2;29.9;16.5;138;124;0.9;
Donovan Mitchell;32:44;.715;.682;.636;.182;0.0;3.7;2.0;32.1;0.0;0.0;7.8;34.3;147;135;6.1;
Royce O'Neale;32:13;1.230;1.250;.500;.500;13.1;26.1;20.1;19.1;0.0;0.0;29.1;9.3;190;132;10.3;
Mike Conley;31:46;.954;.962;.538;.385;4.4;11.3;8.2;33.7;0.0;2.9;16.5;25.0;169;131;14.7;
Bojan Bogdanović;30:38;.735;.700;.700;.200;0.0;11.8;6.4;8.4;1.6;0.0;0.0;15.5;160;130;4.7;
Joe Ingles;22:28;.900;.900;1.000;.000;0.0;16.0;8.7;11.1;0.0;0.0;37.5;15.5;111;133;-1.9;
Jordan Clarkson;21:18;.423;.423;.692;.000;0.0;11.3;6.1;12.5;2.3;0.0;7.1;28.6;95;129;-10.9;
Rudy Gay;17:22;.429;.429;1.000;.000;0.0;27.6;14.9;7.0;0.0;0.0;12.5;20.1;89;132;-10.4;
Hassan Whiteside;12:37;1.000;1.000;.000;.000;11.2;19.0;15.4;9.2;0.0;0.0;50.0;6.9;133;133;-3.3;
Trent Forrest;3:31;.000;.000;.000;.000;40.1;34.1;36.9;0.0;0.0;0.0;66.7;37.2;30;131;-37.5;
Jared Butler;Did Not Play;
Miye Oni;Did Not Play;
Eric Paschall;Did Not Play;
Team Totals;240;.752;.722;.630;.284;26.5;87.5;59.5;57.8;3.0;5.8;17.3;100.0;137.7;130.7;;
