202110270TOR-WAS;BOS;WAS;False;7:30 PM, October 27, 2021;Scotiabank Arena, Toronto, Canada;2:14
116;
107;
Guest Basic
Domantas Sabonis;33:44;3;4;.750;0;0;;3;4;.750;3;5;8;3;2;1;4;2;9;-13;
Chris Duarte;32:06;6;15;.400;2;7;.286;0;0;;0;4;4;1;1;0;1;2;14;-9;
Justin Holiday;28:17;1;8;.125;1;5;.200;0;0;;0;1;1;1;0;1;2;3;3;-3;
Myles Turner;22:30;3;7;.429;1;3;.333;3;4;.750;1;6;7;0;0;3;1;0;10;-6;
Malcolm Brogdon;21:48;7;13;.538;1;3;.333;3;3;1.000;2;3;5;5;1;0;2;0;18;-3;
Oshae Brissett;21:14;3;7;.429;0;3;.000;0;0;;0;3;3;0;0;0;3;1;6;-22;
T.J. McConnell;20:20;4;6;.667;0;0;;0;0;;0;1;1;3;0;0;4;3;8;-14;
Brad Wanamaker;19:33;2;5;.400;1;2;.500;3;4;.750;1;2;3;4;0;1;2;2;8;-7;
Jeremy Lamb;16:28;4;6;.667;2;2;1.000;2;2;1.000;0;2;2;1;1;1;2;3;12;-9;
Torrey Craig;12:00;3;5;.600;2;4;.500;0;0;;0;0;0;1;0;0;1;0;8;-2;
Isaiah Jackson;9:59;1;2;.500;0;0;;0;0;;1;3;4;0;1;0;0;3;2;-2;
Goga Bitadze;2:01;1;1;1.000;0;0;;0;0;;1;1;2;0;0;0;0;0;2;0;
Team Totals;240;38;79;.481;10;29;.345;14;17;.824;9;31;40;19;6;7;22;19;100;;
Guest Advanced
Domantas Sabonis;33:44;.781;.750;.000;1.000;12.6;15.1;14.1;12.7;2.9;2.0;41.0;12.8;109;117;-0.6;
Chris Duarte;32:06;.467;.467;.467;.000;0.0;12.7;7.4;5.2;1.5;0.0;6.3;22.1;96;123;-5.7;
Justin Holiday;28:17;.188;.188;.625;.000;0.0;3.6;2.1;4.7;0.0;2.4;20.0;15.6;40;128;-15.7;
Myles Turner;22:30;.571;.500;.429;.571;6.3;27.2;18.4;0.0;0.0;9.1;10.2;19.2;113;115;1.8;
Malcolm Brogdon;21:48;.628;.577;.231;.231;13.0;14.1;13.6;48.7;2.3;0.0;12.3;33.1;129;121;11.7;
Oshae Brissett;21:14;.429;.429;.429;.000;0.0;14.4;8.4;0.0;0.0;0.0;30.0;20.8;59;126;-15.0;
T.J. McConnell;20:20;.667;.667;.000;.000;0.0;5.0;2.9;24.8;0.0;0.0;40.0;21.8;87;129;-10.9;
Brad Wanamaker;19:33;.592;.500;.400;.800;7.2;10.4;9.1;29.7;0.0;3.5;22.8;19.8;116;125;1.8;
Jeremy Lamb;16:28;.872;.833;.333;.333;0.0;12.4;7.2;11.1;3.0;4.2;22.5;23.9;131;116;9.7;
Torrey Craig;12:00;.800;.800;.800;.000;0.0;0.0;0.0;15.4;0.0;0.0;16.7;22.1;131;132;6.9;
Isaiah Jackson;9:59;.500;.500;.000;.000;14.1;30.7;23.7;0.0;5.0;0.0;0.0;8.9;124;107;-3.9;
Goga Bitadze;2:01;1.000;1.000;.000;.000;70.0;50.6;58.8;0.0;0.0;0.0;0.0;21.9;209;111;24.4;
Team Totals;240;.578;.544;.367;.215;26.5;66.0;49.4;50.0;6.2;10.0;20.3;100.0;103.0;121.6;;
Home Basic
Fred VanVleet;36:43;10;18;.556;6;7;.857;0;0;;4;6;10;6;1;0;3;3;26;+20;
Scottie Barnes;36:07;8;17;.471;0;0;;2;2;1.000;3;4;7;7;0;2;2;3;18;+6;
Gary Trent Jr.;34:39;4;14;.286;1;6;.167;3;5;.600;1;3;4;2;5;0;0;3;12;+18;
OG Anunoby;34:18;9;21;.429;4;10;.400;3;4;.750;1;2;3;3;5;1;1;2;25;+18;
Precious Achiuwa;27:30;4;9;.444;0;1;.000;2;4;.500;2;4;6;0;1;1;0;2;10;+18;
Khem Birch;19:36;2;5;.400;0;0;;1;1;1.000;3;3;6;0;2;0;1;1;5;+5;
Chris Boucher;17:50;2;4;.500;0;1;.000;1;2;.500;1;2;3;1;2;1;0;2;5;+7;
Dalano Banton;16:13;4;7;.571;2;3;.667;0;1;.000;0;1;1;3;0;1;2;3;10;+11;
Svi Mykhailiuk;10:46;3;4;.750;1;2;.500;0;0;;1;0;1;0;2;0;1;1;7;0;
Justin Champagnie;2:01;0;0;;0;0;;0;0;;0;0;0;0;0;0;0;0;0;0;
Malachi Flynn;2:01;0;1;.000;0;0;;0;0;;0;0;0;0;0;0;0;0;0;0;
Isaac Bonga;0:54;0;0;;0;0;;0;0;;0;0;0;0;0;0;0;0;0;-5;
Sam Dekker;0:54;0;0;;0;0;;0;0;;0;0;0;0;0;0;0;0;0;-5;
David Johnson;0:28;0;0;;0;0;;0;0;;0;0;0;0;0;0;0;0;0;-3;
Goran Dragić;Did Not Play;
Team Totals;240;46;100;.460;14;30;.467;12;19;.632;16;25;41;22;18;6;10;20;118;;
Home Advanced
Fred VanVleet;36:43;.722;.722;.389;.000;11.1;23.1;16.1;23.8;1.3;0.0;14.3;23.2;141;109;8.9;
Scottie Barnes;36:07;.503;.471;.000;.118;8.5;15.6;11.5;26.3;0.0;5.3;10.1;22.3;120;110;0.7;
Gary Trent Jr.;34:39;.370;.321;.429;.357;2.9;12.2;6.8;6.8;7.1;0.0;0.0;19.0;98;98;-2.6;
OG Anunoby;34:18;.549;.524;.476;.190;3.0;8.2;5.2;12.6;7.2;2.8;4.2;28.1;124;97;9.7;
Precious Achiuwa;27:30;.465;.444;.111;.444;7.4;20.5;12.9;0.0;1.8;3.5;0.0;15.9;112;106;-5.6;
Khem Birch;19:36;.460;.400;.000;.200;15.6;21.6;18.1;0.0;5.0;0.0;15.5;13.3;105;101;-4.2;
Chris Boucher;17:50;.512;.500;.250;.500;5.7;15.8;10.0;6.6;5.5;5.4;0.0;11.1;128;98;1.2;
Dalano Banton;16:13;.672;.714;.429;.143;0.0;8.7;3.7;26.0;0.0;5.9;21.2;23.6;116;111;1.7;
Svi Mykhailiuk;10:46;.875;.875;.500;.000;9.5;0.0;5.5;0.0;9.2;0.0;20.0;18.8;134;96;12.1;
Justin Champagnie;2:01;;;;;0.0;0.0;0.0;0.0;0.0;0.0;;0.0;0;117;-9.4;
Malachi Flynn;2:01;.000;.000;.000;.000;0.0;0.0;0.0;0.0;0.0;0.0;0.0;20.1;0;117;-29.9;
Isaac Bonga;0:54;;;;;0.0;0.0;0.0;0.0;0.0;0.0;;0.0;0;117;-9.0;
Sam Dekker;0:54;;;;;0.0;0.0;0.0;0.0;0.0;0.0;;0.0;0;117;-9.6;
David Johnson;0:28;;;;;0.0;0.0;0.0;0.0;0.0;0.0;;0.0;0;117;-9.7;
Goran Dragić;Did Not Play;
Team Totals;240;.544;.530;.300;.190;34.0;73.5;50.6;47.8;18.5;12.0;8.4;100.0;121.6;103.0;;
