202111150NYK-ORL;ATL;ORL;False;7:30 PM, November 15, 2021;Madison Square Garden (IV), New York, New York;2:05
111;
129;
Guest Basic
Domantas Sabonis;40:14;8;15;.533;3;4;.750;2;5;.400;4;11;15;3;1;0;1;1;21;+1;
Malcolm Brogdon;37:25;9;20;.450;2;7;.286;2;3;.667;2;6;8;7;0;0;2;1;22;-9;
Myles Turner;31:31;1;4;.250;1;4;.250;0;0;;1;2;3;0;1;2;1;3;3;+1;
Justin Holiday;31:23;3;10;.300;2;7;.286;0;0;;1;2;3;2;0;0;0;3;8;+8;
Caris LeVert;31:09;5;14;.357;0;3;.000;7;7;1.000;0;3;3;3;2;0;1;3;17;+2;
T.J. McConnell;23:08;1;8;.125;0;3;.000;0;0;;0;3;3;1;0;0;1;2;2;-14;
Goga Bitadze;16:29;2;5;.400;0;3;.000;1;1;1.000;1;1;2;0;1;3;0;0;5;-9;
Kelan Martin;13:11;3;8;.375;0;4;.000;0;0;;0;3;3;0;0;1;0;0;6;-6;
Torrey Craig;7:46;0;1;.000;0;1;.000;0;0;;0;1;1;0;1;0;0;1;0;-9;
Jeremy Lamb;7:44;0;1;.000;0;1;.000;0;0;;0;3;3;0;0;0;1;1;0;-5;
Oshae Brissett;Did Not Play;
Brad Wanamaker;Did Not Play;
Team Totals;240;32;86;.372;8;37;.216;12;16;.750;9;35;44;16;6;6;7;15;84;;
Guest Advanced
Domantas Sabonis;40:14;.610;.633;.267;.333;10.2;30.5;19.9;15.9;1.3;0.0;5.5;21.7;125;102;9.6;
Malcolm Brogdon;37:25;.516;.500;.350;.150;5.5;17.9;11.4;43.9;0.0;0.0;8.6;29.9;108;108;6.9;
Myles Turner;31:31;.375;.375;1.000;.000;3.2;7.1;5.1;0.0;1.7;5.9;20.0;7.6;69;102;-6.6;
Justin Holiday;31:23;.400;.400;.700;.000;3.3;7.1;5.1;11.2;0.0;0.0;0.0;15.3;94;110;-4.7;
Caris LeVert;31:09;.498;.357;.214;.500;0.0;10.8;5.1;19.0;3.5;0.0;5.5;27.8;105;102;3.1;
T.J. McConnell;23:08;.125;.125;.375;.000;0.0;14.5;6.9;6.9;0.0;0.0;11.1;18.7;30;109;-19.1;
Goga Bitadze;16:29;.460;.400;.600;.200;6.2;6.8;6.5;0.0;3.3;16.8;0.0;15.8;103;90;6.2;
Kelan Martin;13:11;.375;.375;.500;.000;0.0;25.4;12.1;0.0;0.0;7.0;0.0;29.1;76;100;-2.5;
Torrey Craig;7:46;.000;.000;1.000;.000;0.0;14.4;6.9;0.0;6.9;0.0;0.0;6.2;0;93;-6.3;
Jeremy Lamb;7:44;.000;.000;1.000;.000;0.0;43.3;20.7;0.0;0.0;0.0;50.0;12.4;0;101;-19.6;
Oshae Brissett;Did Not Play;
Brad Wanamaker;Did Not Play;
Team Totals;240;.451;.419;.430;.186;19.1;81.4;48.9;50.0;6.7;11.5;7.0;100.0;94.1;103.0;;
Home Basic
Julius Randle;35:29;5;15;.333;1;6;.167;0;1;.000;1;10;11;5;0;1;5;1;11;-2;
RJ Barrett;30:23;4;13;.308;3;7;.429;1;2;.500;0;6;6;1;0;0;1;1;12;-1;
Evan Fournier;23:33;3;9;.333;1;4;.250;0;0;;0;3;3;3;0;0;0;2;7;-10;
Kemba Walker;20:29;8;11;.727;0;1;.000;0;0;;1;0;1;2;0;0;0;0;16;-15;
Mitchell Robinson;15:51;1;2;.500;0;0;;0;0;;0;2;2;0;0;3;0;3;2;-14;
Taj Gibson;28:52;0;2;.000;0;0;;2;2;1.000;3;5;8;3;1;1;0;3;2;+22;
Derrick Rose;24:33;7;14;.500;0;4;.000;0;0;;1;4;5;7;0;0;1;0;14;+21;
Immanuel Quickley;23:00;5;9;.556;4;4;1.000;2;2;1.000;2;3;5;1;0;0;1;2;16;+20;
Alec Burks;22:02;2;6;.333;2;6;.333;2;3;.667;0;1;1;0;0;0;1;1;8;+9;
Obi Toppin;15:48;2;5;.400;0;2;.000;0;0;;0;4;4;0;0;0;1;2;4;+10;
Wayne Selden;Did Not Play;
Quentin Grimes;Did Not Play;
Jericho Sims;Did Not Play;
Kevin Knox;Did Not Play;
Miles McBride;Did Not Play;
Team Totals;240;37;86;.430;11;34;.324;7;10;.700;8;38;46;22;1;5;10;15;92;;
Home Advanced
Julius Randle;35:29;.356;.367;.400;.067;3.1;28.8;16.5;22.4;0.0;2.8;24.5;27.5;67;91;-5.1;
RJ Barrett;30:23;.432;.423;.538;.154;0.0;20.2;10.5;5.1;0.0;0.0;6.7;23.4;83;96;-3.0;
Evan Fournier;23:33;.389;.389;.444;.000;0.0;13.0;6.8;19.8;0.0;0.0;0.0;18.3;93;98;-2.8;
Kemba Walker;20:29;.727;.727;.091;.000;5.4;0.0;2.6;25.7;0.0;0.0;0.0;25.7;146;103;13.8;
Mitchell Robinson;15:51;.500;.500;.000;.000;0.0;12.9;6.7;0.0;0.0;18.5;0.0;6.0;99;85;-0.4;
Taj Gibson;28:52;.347;.000;.000;1.000;11.6;17.7;14.8;13.5;1.9;3.4;0.0;4.8;140;90;3.8;
Derrick Rose;24:33;.500;.500;.286;.000;4.5;16.6;10.9;58.7;0.0;0.0;6.7;29.2;113;97;8.2;
Immanuel Quickley;23:00;.810;.778;.444;.222;9.7;13.3;11.6;7.9;0.0;0.0;9.2;22.6;145;98;13.4;
Alec Burks;22:02;.546;.500;1.000;.500;0.0;4.6;2.4;0.0;0.0;0.0;12.0;18.1;95;101;-3.7;
Obi Toppin;15:48;.400;.400;.400;.000;0.0;25.9;13.5;0.0;0.0;0.0;16.7;18.2;64;93;-10.7;
Wayne Selden;Did Not Play;
Quentin Grimes;Did Not Play;
Jericho Sims;Did Not Play;
Kevin Knox;Did Not Play;
Miles McBride;Did Not Play;
Team Totals;240;.509;.494;.395;.116;18.6;80.9;51.1;59.5;1.1;10.2;10.0;100.0;103.0;94.1;;
