202111170CHO-BOS;ATL;BOS;False;7:00 PM, November 17, 2021;Spectrum Center, Charlotte, North Carolina;1:59
99;
110;
Guest Basic
Bradley Beal;35:07;9;20;.450;5;11;.455;1;1;1.000;0;3;3;7;2;0;2;3;24;-9;
Kyle Kuzma;30:28;2;12;.167;1;8;.125;0;0;;1;4;5;3;1;2;1;1;5;-14;
Spencer Dinwiddie;28:34;0;5;.000;0;4;.000;0;0;;0;3;3;2;0;0;2;1;0;-5;
Kentavious Caldwell-Pope;27:41;1;6;.167;0;5;.000;1;1;1.000;1;5;6;2;1;0;1;0;3;+2;
Daniel Gafford;24:21;9;12;.750;0;0;;2;5;.400;2;7;9;1;2;1;1;4;20;-2;
Deni Avdija;24:59;2;9;.222;1;7;.143;4;4;1.000;2;9;11;0;0;1;0;1;9;-10;
Montrezl Harrell;22:12;6;9;.667;0;0;;3;3;1.000;5;4;9;2;0;1;0;0;15;-11;
Raul Neto;17:59;1;6;.167;0;2;.000;0;0;;0;0;0;3;0;0;3;2;2;-8;
Aaron Holiday;12:53;1;6;.167;1;3;.333;0;0;;0;0;0;1;1;0;0;0;3;-1;
Corey Kispert;11:25;2;4;.500;0;2;.000;2;2;1.000;0;1;1;1;0;0;0;0;6;-1;
Joel Ayayi;1:27;0;0;;0;0;;0;0;;0;0;0;1;0;0;0;0;0;+3;
Anthony Gill;1:27;0;0;;0;0;;0;0;;0;1;1;0;0;0;0;0;0;+3;
Isaiah Todd;1:27;0;1;.000;0;0;;0;0;;0;0;0;0;0;0;0;0;0;+3;
Team Totals;240;33;90;.367;8;42;.190;13;16;.813;11;37;48;23;7;5;10;12;87;;
Guest Advanced
Bradley Beal;35:07;.587;.575;.550;.050;0.0;7.7;3.8;46.2;2.9;0.0;8.9;28.7;111;105;11.4;
Kyle Kuzma;30:28;.208;.208;.667;.000;2.9;11.9;7.4;15.8;1.7;4.9;7.7;19.1;55;103;-6.2;
Spencer Dinwiddie;28:34;.000;.000;.800;.000;0.0;9.5;4.7;10.2;0.0;0.0;28.6;11.0;14;111;-18.1;
Kentavious Caldwell-Pope;27:41;.233;.167;.833;.167;3.2;16.4;9.7;11.1;1.9;0.0;13.4;12.1;61;104;-7.8;
Daniel Gafford;24:21;.704;.750;.000;.417;7.3;26.0;16.6;12.9;4.2;3.1;6.6;28.0;126;91;14.1;
Deni Avdija;24:59;.418;.278;.778;.444;7.1;32.6;19.8;0.0;0.0;3.0;0.0;19.3;98;98;-1.6;
Montrezl Harrell;22:12;.727;.667;.000;.333;20.0;16.3;18.2;21.6;0.0;3.4;0.0;20.8;159;106;15.6;
Raul Neto;17:59;.167;.167;.333;.000;0.0;0.0;0.0;26.4;0.0;0.0;33.3;22.4;37;115;-22.1;
Aaron Holiday;12:53;.250;.250;.500;.000;0.0;0.0;0.0;12.7;4.0;0.0;0.0;20.9;60;107;-5.8;
Corey Kispert;11:25;.615;.500;.500;.500;0.0;7.9;3.9;17.1;0.0;0.0;0.0;19.2;132;112;3.6;
Joel Ayayi;1:27;;;;;0.0;0.0;0.0;100.0;0.0;0.0;;0.0;224;116;15.1;
Anthony Gill;1:27;;;;;0.0;62.5;30.9;0.0;0.0;0.0;;0.0;0;87;-5.0;
Isaiah Todd;1:27;.000;.000;.000;.000;0.0;0.0;0.0;0.0;0.0;0.0;0.0;30.9;0;116;-33.0;
Team Totals;240;.448;.411;.467;.178;20.4;69.8;44.9;69.7;7.5;7.8;9.3;100.0;93.6;104.3;;
Home Basic
Miles Bridges;37:23;8;15;.533;1;4;.250;0;1;.000;1;9;10;5;0;1;4;1;17;+15;
LaMelo Ball;35:54;4;18;.222;2;7;.286;1;1;1.000;2;4;6;14;2;0;5;3;11;+19;
Terry Rozier;33:27;9;19;.474;1;7;.143;0;0;;1;7;8;4;1;1;1;2;19;-4;
Mason Plumlee;25:52;5;7;.714;0;0;;1;2;.500;8;5;13;2;1;0;0;2;11;-4;
Gordon Hayward;25:15;4;14;.286;0;3;.000;0;0;;0;6;6;1;0;0;0;2;8;-7;
Cody Martin;26:33;0;4;.000;0;1;.000;0;0;;2;3;5;2;1;2;0;0;0;+20;
Kelly Oubre Jr.;23:45;5;10;.500;3;7;.429;1;2;.500;1;2;3;1;1;2;0;1;14;+10;
Jalen McDaniels;17:19;4;5;.800;3;3;1.000;0;0;;0;6;6;1;0;0;0;1;11;+8;
Nick Richards;13:32;3;4;.750;0;0;;0;0;;1;1;2;0;0;2;1;4;6;-1;
James Bouknight;0:30;0;0;;0;0;;0;0;;0;0;0;0;0;0;0;0;0;-3;
Kai Jones;0:30;0;0;;0;0;;0;0;;0;0;0;0;0;0;0;0;0;-3;
JT Thor;Did Not Play;
Vernon Carey Jr.;Did Not Play;
Ish Smith;Did Not Play;
Team Totals;240;42;96;.438;10;32;.313;3;6;.500;16;43;59;30;6;8;11;16;97;;
Home Advanced
Miles Bridges;37:23;.551;.567;.267;.067;2.4;21.4;12.0;20.2;0.0;2.7;20.6;22.8;95;95;-0.5;
LaMelo Ball;35:54;.298;.278;.389;.056;5.0;9.9;7.5;51.1;2.9;0.0;21.3;28.6;82;95;-2.2;
Terry Rozier;33:27;.500;.500;.368;.000;2.7;18.6;10.7;19.7;1.5;3.0;5.0;26.2;107;92;3.1;
Mason Plumlee;25:52;.698;.714;.000;.286;28.0;17.2;22.5;11.3;2.0;0.0;0.0;13.3;164;94;7.9;
Gordon Hayward;25:15;.286;.286;.214;.000;0.0;21.1;10.7;5.5;0.0;0.0;0.0;24.3;68;96;-14.1;
Cody Martin;26:33;.000;.000;.250;.000;6.8;10.0;8.4;8.6;1.9;7.5;0.0;6.6;58;92;-3.3;
Kelly Oubre Jr.;23:45;.643;.650;.700;.200;3.8;7.5;5.7;6.3;2.2;8.4;0.0;20.1;133;92;11.7;
Jalen McDaniels;17:19;1.100;1.100;.600;.000;0.0;30.8;15.5;9.0;0.0;0.0;0.0;12.6;205;93;15.7;
Nick Richards;13:32;.750;.750;.000;.000;6.7;6.6;6.6;0.0;0.0;14.8;20.0;16.2;111;93;-3.3;
James Bouknight;0:30;;;;;0.0;0.0;0.0;0.0;0.0;0.0;;0.0;0;105;-9.2;
Kai Jones;0:30;;;;;0.0;0.0;0.0;0.0;0.0;0.0;;0.0;0;105;-9.8;
JT Thor;Did Not Play;
Vernon Carey Jr.;Did Not Play;
Ish Smith;Did Not Play;
Team Totals;240;.492;.490;.333;.063;30.2;79.6;55.1;71.4;6.5;16.7;10.0;100.0;104.3;93.6;;
