202110220ORL-TOR;BOS;TOR;False;7:00 PM, October 22, 2021;Amway Center, Orlando, Florida;2:06
115;
83;
Guest Basic
Julius Randle;30:07;9;16;.563;2;6;.333;1;2;.500;0;10;10;7;2;0;4;3;21;+24;
Mitchell Robinson;28:13;3;5;.600;0;0;;0;0;;4;5;9;0;0;0;1;5;6;+4;
Evan Fournier;27:04;5;12;.417;4;9;.444;4;5;.800;0;2;2;3;2;0;2;2;18;+16;
RJ Barrett;25:21;3;8;.375;0;5;.000;1;3;.333;1;6;7;3;1;1;2;1;7;+12;
Kemba Walker;21:46;4;8;.500;3;5;.600;0;0;;0;0;0;1;1;1;1;1;11;-2;
Derrick Rose;23:34;4;8;.500;4;6;.667;0;0;;0;0;0;7;0;0;0;1;12;+34;
Obi Toppin;23:21;5;8;.625;2;4;.500;1;5;.200;0;2;2;2;2;1;0;3;13;+14;
Immanuel Quickley;19:58;5;10;.500;4;8;.500;2;2;1.000;1;1;2;3;1;0;0;0;16;+11;
Alec Burks;18:11;4;7;.571;4;7;.571;0;0;;0;2;2;7;0;0;0;1;12;+20;
Jericho Sims;9:45;1;1;1.000;0;0;;0;0;;0;4;4;0;1;0;0;1;2;+15;
Quentin Grimes;4:34;1;2;.500;1;2;.500;0;0;;0;0;0;0;0;0;0;0;3;-7;
Kevin Knox;4:28;0;0;;0;0;;0;0;;0;0;0;1;0;0;1;1;0;-7;
Miles McBride;2:40;0;3;.000;0;2;.000;0;0;;0;0;0;0;0;1;0;0;0;-7;
Wayne Selden;0:58;0;0;;0;0;;0;0;;0;0;0;0;0;0;0;0;0;-2;
Team Totals;240;44;88;.500;24;54;.444;9;17;.529;6;32;38;34;10;4;11;19;121;;
Guest Advanced
Julius Randle;30:07;.622;.625;.375;.125;0.0;38.9;19.0;37.6;3.3;0.0;19.2;31.3;109;91;4.7;
Mitchell Robinson;28:13;.600;.600;.000;.000;15.8;20.7;18.2;0.0;0.0;0.0;16.7;9.6;126;105;-9.8;
Evan Fournier;27:04;.634;.583;.750;.417;0.0;8.7;4.2;15.1;3.6;0.0;12.3;27.0;113;99;1.9;
RJ Barrett;25:21;.376;.375;.625;.375;4.4;27.7;15.8;14.8;1.9;4.7;17.7;20.1;83;95;-7.2;
Kemba Walker;21:46;.688;.688;.625;.000;0.0;0.0;0.0;6.3;2.3;5.5;11.1;18.6;110;103;1.7;
Derrick Rose;23:34;.750;.750;.750;.000;0.0;0.0;0.0;39.8;0.0;0.0;0.0;15.3;166;111;7.9;
Obi Toppin;23:21;.637;.750;.500;.625;0.0;10.0;4.9;12.2;4.2;5.1;0.0;19.7;123;95;5.0;
Immanuel Quickley;19:58;.735;.700;.800;.200;5.6;5.9;5.7;22.6;2.5;0.0;0.0;24.6;151;103;13.5;
Alec Burks;18:11;.857;.857;1.000;.000;0.0;12.9;6.3;55.3;0.0;0.0;0.0;17.4;184;107;19.4;
Jericho Sims;9:45;1.000;1.000;.000;.000;0.0;48.0;23.4;0.0;5.1;0.0;0.0;4.6;200;83;3.2;
Quentin Grimes;4:34;.750;.750;1.000;.000;0.0;0.0;0.0;0.0;0.0;0.0;0.0;19.7;124;111;3.0;
Kevin Knox;4:28;;;;;0.0;0.0;0.0;24.4;0.0;0.0;100.0;10.1;59;111;-13.4;
Miles McBride;2:40;.000;.000;.667;.000;0.0;0.0;0.0;0.0;0.0;45.0;0.0;50.7;0;86;-39.8;
Wayne Selden;0:58;;;;;0.0;0.0;0.0;0.0;0.0;0.0;;0.0;0;111;-8.2;
Team Totals;240;.634;.636;.614;.193;14.0;78.0;45.2;77.3;10.3;10.0;10.3;100.0;124.4;98.7;;
Home Basic
Mo Bamba;33:52;6;9;.667;3;5;.600;0;0;;0;10;10;1;1;2;1;1;15;-8;
Franz Wagner;33:48;6;12;.500;4;5;.800;0;0;;1;3;4;0;0;0;3;1;16;-8;
Jalen Suggs;31:43;4;17;.235;0;6;.000;6;6;1.000;4;3;7;8;2;0;2;2;14;-4;
Cole Anthony;31:36;3;14;.214;2;7;.286;2;2;1.000;0;2;2;6;1;0;4;3;10;-20;
Wendell Carter Jr.;30:08;3;7;.429;1;4;.250;3;4;.750;2;9;11;4;1;1;1;3;10;-12;
Terrence Ross;24:05;4;8;.500;4;7;.571;0;1;.000;0;1;1;1;0;0;2;1;12;-34;
R.J. Hampton;19:57;3;6;.500;2;3;.667;0;0;;1;3;4;2;0;0;2;2;8;-10;
Moritz Wagner;13:24;2;6;.333;1;5;.200;1;1;1.000;0;2;2;0;0;0;3;4;6;-8;
Robin Lopez;13:10;2;3;.667;0;0;;1;1;1.000;1;3;4;1;0;0;0;0;5;-19;
Ignas Brazdeikis;8:17;0;1;.000;0;1;.000;0;0;;0;1;1;1;0;0;0;1;0;-2;
E'Twaun Moore;Did Not Play;
Gary Harris;Did Not Play;
Team Totals;240;33;83;.398;17;43;.395;13;15;.867;9;37;46;24;5;3;18;18;96;;
Home Advanced
Mo Bamba;33:52;.833;.833;.556;.000;0.0;33.0;16.9;5.8;1.5;8.3;10.0;13.2;136;117;6.0;
Franz Wagner;33:48;.667;.667;.417;.000;3.5;9.9;6.8;0.0;0.0;0.0;20.0;19.8;95;129;-5.2;
Jalen Suggs;31:43;.356;.235;.353;.353;14.8;10.6;12.6;44.9;3.1;0.0;9.2;30.4;99;121;-2.9;
Cole Anthony;31:36;.336;.286;.500;.143;0.0;7.1;3.6;32.0;1.6;0.0;21.2;26.7;73;125;-12.3;
Wendell Carter Jr.;30:08;.571;.500;.571;.571;7.8;33.3;20.9;22.6;1.6;4.7;10.2;14.4;127;118;2.4;
Terrence Ross;24:05;.711;.750;.875;.125;0.0;4.6;2.4;8.0;0.0;0.0;19.2;19.3;101;130;-2.2;
R.J. Hampton;19:57;.667;.667;.500;.000;5.9;16.8;11.5;18.7;0.0;0.0;25.0;17.9;104;127;-3.6;
Moritz Wagner;13:24;.466;.417;.833;.167;0.0;16.7;8.5;0.0;0.0;0.0;31.8;31.4;60;125;-22.8;
Robin Lopez;13:10;.727;.667;.000;.333;8.9;25.4;17.4;14.2;0.0;0.0;0.0;11.7;163;127;2.2;
Ignas Brazdeikis;8:17;.000;.000;1.000;.000;0.0;13.5;6.9;17.6;0.0;0.0;0.0;5.4;60;128;-11.3;
E'Twaun Moore;Did Not Play;
Gary Harris;Did Not Play;
Team Totals;240;.536;.500;.518;.181;22.0;86.0;54.8;72.7;5.1;8.8;16.7;100.0;98.7;124.4;;
