202111170MIA-BOS;ATL;BOS;False;7:30 PM, November 17, 2021;FTX Arena, Miami, Florida;2:14
99;
110;
Guest Basic
Josh Hart;38:27;5;8;.625;2;4;.500;6;8;.750;1;6;7;4;2;0;2;1;18;-8;
Brandon Ingram;37:27;6;14;.429;1;6;.167;6;6;1.000;0;4;4;5;0;0;5;2;19;-13;
Devonte' Graham;31:20;4;9;.444;3;7;.429;0;0;;0;1;1;4;0;0;3;2;11;-7;
Jonas Valančiūnas;28:13;5;9;.556;0;2;.000;3;4;.750;1;7;8;0;0;1;2;5;13;-14;
Nickeil Alexander-Walker;27:46;8;18;.444;4;8;.500;4;6;.667;4;0;4;2;1;0;0;4;24;-1;
Herbert Jones;24:10;2;2;1.000;0;0;;0;0;;2;3;5;1;2;1;0;4;4;-10;
Tomáš Satoranský;16:40;1;4;.250;0;2;.000;1;2;.500;1;2;3;1;0;0;0;1;3;-8;
Garrett Temple;14:46;1;3;.333;0;1;.000;0;0;;1;0;1;1;1;1;4;1;2;-1;
Jaxson Hayes;13:13;1;2;.500;0;0;;2;2;1.000;0;5;5;0;0;0;0;1;4;-2;
Trey Murphy III;7:58;0;6;.000;0;5;.000;0;0;;0;0;0;0;0;0;0;0;0;-11;
Jose Alvarado;Did Not Play;
Didi Louzada;Did Not Play;
Kira Lewis Jr.;Did Not Play;
Naji Marshall;Did Not Play;
Willy Hernangómez;Did Not Play;
Team Totals;240;33;75;.440;10;35;.286;22;28;.786;10;28;38;18;6;3;16;21;98;;
Guest Advanced
Josh Hart;38:27;.781;.750;.500;1.000;3.2;19.7;11.3;18.7;2.7;0.0;14.8;16.3;143;121;8.1;
Brandon Ingram;37:27;.571;.464;.429;.429;0.0;13.5;6.7;25.3;0.0;0.0;23.1;26.8;100;129;-4.7;
Devonte' Graham;31:20;.611;.611;.778;.000;0.0;4.0;2.0;22.8;0.0;0.0;25.0;17.8;101;132;-4.3;
Jonas Valančiūnas;28:13;.604;.556;.222;.444;4.4;31.3;17.7;0.0;0.0;3.6;15.7;21.0;105;122;-6.1;
Nickeil Alexander-Walker;27:46;.581;.556;.444;.333;17.7;0.0;9.0;18.0;1.9;0.0;0.0;34.5;132;128;8.8;
Herbert Jones;24:10;1.000;1.000;.000;.000;10.2;15.7;12.9;6.8;4.4;4.2;0.0;3.8;210;116;5.7;
Tomáš Satoranský;16:40;.307;.250;.500;.500;7.4;15.2;11.2;9.6;0.0;0.0;0.0;13.6;90;129;-8.4;
Garrett Temple;14:46;.333;.333;.333;.000;8.3;0.0;4.2;10.9;3.6;6.9;57.1;22.0;43;120;-12.1;
Jaxson Hayes;13:13;.694;.500;.000;1.000;0.0;47.8;23.6;0.0;0.0;0.0;0.0;10.1;152;120;-1.2;
Trey Murphy III;7:58;.000;.000;.833;.000;0.0;0.0;0.0;0.0;0.0;0.0;0.0;35.0;0;133;-39.8;
Jose Alvarado;Did Not Play;
Didi Louzada;Did Not Play;
Kira Lewis Jr.;Did Not Play;
Naji Marshall;Did Not Play;
Willy Hernangómez;Did Not Play;
Team Totals;240;.561;.507;.467;.373;25.6;73.7;49.4;54.5;6.6;6.4;15.5;100.0;107.8;124.3;;
Home Basic
Tyler Herro;36:59;7;19;.368;3;9;.333;2;2;1.000;1;2;3;5;1;0;4;1;19;+19;
Jimmy Butler;36:34;10;18;.556;1;2;.500;10;12;.833;2;8;10;10;0;1;3;1;31;+9;
Duncan Robinson;25:38;2;7;.286;2;6;.333;0;0;;0;0;0;2;2;0;0;2;6;+6;
Dewayne Dedmon;25:27;1;3;.333;0;1;.000;0;0;;4;4;8;2;1;0;1;4;2;+9;
P.J. Tucker;20:48;6;7;.857;1;2;.500;0;0;;0;4;4;2;0;0;1;5;13;+15;
Gabe Vincent;27:08;5;12;.417;3;6;.500;0;0;;1;0;1;1;0;0;0;4;13;+6;
Caleb Martin;23:04;5;9;.556;1;4;.250;1;1;1.000;1;5;6;3;2;0;0;1;12;+7;
Max Strus;21:02;5;7;.714;4;6;.667;1;2;.500;0;3;3;1;0;0;1;2;15;+10;
KZ Okpala;11:49;0;4;.000;0;4;.000;0;0;;1;0;1;1;0;0;0;2;0;-16;
Udonis Haslem;7:21;1;1;1.000;0;0;;0;0;;0;3;3;1;0;1;0;2;2;+12;
Omer Yurtseven;2:50;0;0;;0;0;;0;0;;0;0;0;1;0;0;0;1;0;-1;
Marcus Garrett;1:20;0;0;;0;0;;0;0;;0;0;0;0;0;0;0;0;0;-1;
Team Totals;240;42;87;.483;15;40;.375;14;17;.824;10;29;39;29;6;2;10;25;113;;
Home Advanced
Tyler Herro;36:59;.478;.447;.474;.105;3.4;6.7;5.1;19.7;1.4;0.0;16.8;29.7;94;111;-4.9;
Jimmy Butler;36:34;.666;.583;.111;.667;6.9;26.9;17.0;45.5;0.0;3.3;11.4;33.0;139;107;13.5;
Duncan Robinson;25:38;.429;.429;.857;.000;0.0;0.0;0.0;9.8;4.1;0.0;0.0;12.5;105;107;-1.1;
Dewayne Dedmon;25:27;.333;.333;.333;.000;19.9;19.3;19.6;9.4;2.1;0.0;25.0;7.2;117;105;-4.7;
P.J. Tucker;20:48;.929;.929;.286;.000;0.0;23.7;12.0;16.4;0.0;0.0;12.5;17.7;153;109;5.5;
Gabe Vincent;27:08;.542;.542;.500;.000;4.7;0.0;2.3;5.3;0.0;0.0;0.0;20.3;118;116;-4.7;
Caleb Martin;23:04;.636;.611;.444;.111;5.5;26.7;16.2;19.8;4.6;0.0;0.0;18.8;145;98;11.3;
Max Strus;21:02;.952;1.000;.857;.286;0.0;17.6;8.9;7.5;0.0;0.0;11.3;19.4;148;111;10.6;
KZ Okpala;11:49;.000;.000;1.000;.000;10.7;0.0;5.3;9.7;0.0;0.0;0.0;15.6;41;116;-20.5;
Udonis Haslem;7:21;1.000;1.000;.000;.000;0.0;50.2;25.4;18.4;0.0;16.3;0.0;6.3;211;93;10.7;
Omer Yurtseven;2:50;;;;;0.0;0.0;0.0;40.3;0.0;0.0;;0.0;236;115;5.4;
Marcus Garrett;1:20;;;;;0.0;0.0;0.0;0.0;0.0;0.0;;0.0;0;116;-5.4;
Team Totals;240;.598;.569;.460;.195;26.3;74.4;50.6;69.0;6.6;5.0;9.6;100.0;124.3;107.8;;
