202111150DET-ORL;ATL;ORL;False;7:00 PM, November 15, 2021;Little Caesars Arena, Detroit, Michigan;2:02
111;
129;
Guest Basic
Tyrese Haliburton;34:49;7;11;.636;3;3;1.000;0;0;;1;1;2;10;2;1;5;2;17;+15;
De'Aaron Fox;33:02;8;19;.421;1;4;.250;2;3;.667;1;5;6;9;3;0;0;4;19;+8;
Chimezie Metu;31:40;6;11;.545;2;6;.333;2;2;1.000;1;9;10;0;2;1;1;2;16;+11;
Harrison Barnes;29:59;6;12;.500;1;3;.333;2;2;1.000;0;6;6;1;1;0;1;1;15;+14;
Richaun Holmes;29:55;9;10;.900;0;0;;1;2;.500;4;5;9;1;0;0;2;1;19;+11;
Buddy Hield;24:17;8;14;.571;6;10;.600;0;0;;1;1;2;2;1;0;2;0;22;+11;
Davion Mitchell;19:19;3;6;.500;1;2;.500;0;0;;0;0;0;7;2;1;1;4;7;+11;
Marvin Bagley III;17:42;3;9;.333;1;3;.333;0;0;;1;2;3;0;0;1;1;1;7;+8;
Tristan Thompson;15:19;1;4;.250;0;0;;2;2;1.000;1;7;8;1;0;1;0;1;4;+11;
Jahmi'us Ramsey;2:10;0;1;.000;0;1;.000;0;0;;0;0;0;1;0;0;0;1;0;+5;
Damian Jones;1:48;1;1;1.000;1;1;1.000;0;0;;1;0;1;0;0;0;0;0;3;+5;
Alex Len;Did Not Play;
Maurice Harkless;Did Not Play;
Terence Davis;Did Not Play;
Team Totals;240;52;98;.531;16;33;.485;9;11;.818;11;36;47;32;11;5;13;17;129;;
Guest Advanced
Tyrese Haliburton;34:49;.773;.773;.273;.000;3.3;2.7;2.9;32.6;2.7;2.8;31.3;19.0;123;109;3.9;
De'Aaron Fox;33:02;.468;.447;.211;.158;3.5;14.0;9.3;32.4;4.3;0.0;0.0;25.5;123;102;2.0;
Chimezie Metu;31:40;.673;.636;.545;.182;3.6;26.2;16.1;0.0;3.0;3.1;7.8;16.9;127;97;1.2;
Harrison Barnes;29:59;.582;.542;.250;.167;0.0;18.5;10.2;3.8;1.6;0.0;7.2;19.2;114;106;-4.4;
Richaun Holmes;29:55;.873;.900;.000;.200;15.3;15.4;15.4;4.3;0.0;0.0;15.5;17.8;149;111;1.5;
Buddy Hield;24:17;.786;.786;.714;.000;4.7;3.8;4.2;10.9;1.9;0.0;12.5;27.3;133;112;10.0;
Davion Mitchell;19:19;.583;.583;.333;.000;0.0;0.0;0.0;39.0;4.9;5.1;14.3;15.0;136;104;7.0;
Marvin Bagley III;17:42;.389;.389;.333;.000;6.5;10.4;8.7;0.0;0.0;5.5;10.0;23.4;79;111;-14.0;
Tristan Thompson;15:19;.410;.250;.000;.500;7.5;42.2;26.7;6.4;0.0;6.4;0.0;13.2;115;95;-3.1;
Jahmi'us Ramsey;2:10;.000;.000;1.000;.000;0.0;0.0;0.0;42.6;0.0;0.0;0.0;19.1;66;118;-20.5;
Damian Jones;1:48;1.500;1.500;1.000;.000;63.5;0.0;28.4;0.0;0.0;0.0;0.0;23.0;258;118;50.7;
Alex Len;Did Not Play;
Maurice Harkless;Did Not Play;
Terence Davis;Did Not Play;
Team Totals;240;.627;.612;.337;.112;26.2;69.2;50.0;61.5;10.8;10.2;11.2;100.0;126.8;105.1;;
Home Basic
Cade Cunningham;35:21;10;20;.500;5;11;.455;0;0;;2;6;8;8;2;0;4;1;25;-15;
Saddiq Bey;27:58;9;17;.529;4;9;.444;6;7;.857;2;2;4;3;2;0;3;3;28;-9;
Jerami Grant;27:29;3;10;.300;1;5;.200;0;0;;0;1;1;1;0;0;1;1;7;-20;
Isaiah Stewart;27:22;4;11;.364;0;1;.000;0;0;;7;8;15;1;0;0;0;0;8;-9;
Killian Hayes;22:43;0;5;.000;0;4;.000;0;0;;0;5;5;3;1;1;2;1;0;-18;
Frank Jackson;18:20;3;6;.500;2;3;.667;0;0;;0;0;0;0;1;0;2;0;8;+4;
Luka Garza;17:15;2;4;.500;1;2;.500;0;0;;3;4;7;1;0;0;0;2;5;-4;
Trey Lyles;14:58;1;5;.200;0;3;.000;1;1;1.000;0;1;1;0;0;1;2;0;3;-14;
Josh Jackson;13:51;0;3;.000;0;3;.000;4;4;1.000;0;2;2;3;0;0;1;1;4;-23;
Rodney McGruder;10:30;2;4;.500;0;2;.000;2;2;1.000;2;0;2;1;0;0;0;0;6;+1;
Hamidou Diallo;9:17;3;4;.750;0;1;.000;1;1;1.000;0;1;1;1;1;0;1;1;7;+8;
Saben Lee;8:57;1;2;.500;0;1;.000;2;2;1.000;0;0;0;1;0;0;0;0;4;0;
Cory Joseph;5:59;1;5;.200;0;2;.000;0;0;;0;1;1;0;0;0;1;0;2;-11;
Team Totals;240;39;96;.406;13;47;.277;16;17;.941;16;31;47;23;7;2;17;10;107;;
Home Advanced
Cade Cunningham;35:21;.625;.625;.550;.000;5.2;19.4;11.6;42.7;2.7;0.0;16.7;27.0;118;123;8.1;
Saddiq Bey;27:58;.697;.647;.529;.412;6.6;8.2;7.3;21.9;3.4;0.0;13.0;32.9;129;124;10.4;
Jerami Grant;27:29;.350;.350;.500;.000;0.0;4.2;1.9;5.2;0.0;0.0;9.1;15.9;75;133;-14.1;
Isaiah Stewart;27:22;.364;.364;.091;.000;23.6;33.4;28.0;5.5;0.0;0.0;0.0;16.0;110;126;-6.8;
Killian Hayes;22:43;.000;.000;.800;.000;0.0;25.2;11.2;16.3;2.1;3.3;28.6;12.3;27;121;-14.0;
Frank Jackson;18:20;.667;.667;.500;.000;0.0;0.0;0.0;0.0;2.6;0.0;25.0;17.4;92;128;-5.1;
Luka Garza;17:15;.625;.625;.500;.000;16.1;26.5;20.7;8.3;0.0;0.0;0.0;9.2;156;128;-2.2;
Trey Lyles;14:58;.276;.200;.600;.200;0.0;7.6;3.4;0.0;0.0;4.9;26.9;19.8;45;128;-19.2;
Josh Jackson;13:51;.420;.000;1.000;1.333;0.0;16.5;7.4;26.7;0.0;0.0;17.4;16.6;102;130;-6.3;
Rodney McGruder;10:30;.615;.500;.500;.500;17.6;0.0;9.7;15.3;0.0;0.0;0.0;18.5;151;134;2.9;
Hamidou Diallo;9:17;.788;.750;.250;.250;0.0;12.3;5.5;22.0;5.1;0.0;18.4;23.3;128;119;6.8;
Saben Lee;8:57;.694;.500;.500;1.000;0.0;0.0;0.0;15.9;0.0;0.0;0.0;12.8;163;134;-2.1;
Cory Joseph;5:59;.200;.200;.400;.000;0.0;19.1;8.5;0.0;0.0;0.0;16.7;40.0;38;130;-32.9;
Team Totals;240;.517;.474;.490;.177;30.8;73.8;50.0;59.0;6.9;3.1;14.1;100.0;105.1;126.8;;
