202110200MIN-IND;CHO;IND;False;8:00 PM, October 20, 2021;Target Center, Minneapolis, Minnesota;2:12
122;
123;
Guest Basic
Jalen Green;32:11;4;14;.286;1;6;.167;0;0;;0;4;4;4;1;0;0;0;9;-37;
Christian Wood;32:02;6;15;.400;2;6;.333;2;4;.500;2;7;9;3;0;1;1;3;16;-24;
Kevin Porter Jr.;24:45;4;12;.333;2;7;.286;1;2;.500;1;2;3;3;1;0;9;3;11;-18;
Jae'Sean Tate;21:10;1;4;.250;0;0;;0;0;;1;2;3;2;0;0;2;4;2;-16;
Daniel Theis;20:34;4;6;.667;1;2;.500;2;2;1.000;2;3;5;0;0;0;1;2;11;-23;
Eric Gordon;22:47;6;8;.750;3;4;.750;0;0;;0;2;2;0;1;0;3;0;15;-27;
Alperen Şengün;18:34;3;4;.750;0;0;;5;5;1.000;3;3;6;2;3;0;3;4;11;-8;
David Nwaba;17:02;3;7;.429;0;2;.000;1;4;.250;0;4;4;2;2;0;1;6;7;+18;
D.J. Augustin;16:40;1;4;.250;0;2;.000;0;0;;0;0;0;2;1;0;3;1;2;-19;
Kenyon Martin Jr.;9:09;3;4;.750;0;0;;1;2;.500;1;1;2;1;1;0;0;0;7;+13;
Armoni Brooks;8:22;2;4;.500;1;3;.333;1;1;1.000;0;0;0;0;0;0;0;1;6;+17;
Josh Christopher;8:22;1;3;.333;1;1;1.000;2;2;1.000;1;0;1;1;2;0;1;0;5;+17;
Usman Garuba;8:22;2;3;.667;0;0;;0;0;;1;1;2;1;1;2;0;1;4;+17;
Team Totals;240;40;88;.455;11;33;.333;15;22;.682;12;29;41;21;13;3;24;25;106;;
Guest Advanced
Jalen Green;32:11;.321;.321;.429;.000;0.0;14.2;6.9;17.5;1.4;0.0;0.0;17.2;87;122;-5.9;
Christian Wood;32:02;.477;.467;.400;.267;6.7;25.0;15.5;14.5;0.0;3.1;5.6;21.9;107;121;-1.4;
Kevin Porter Jr.;24:45;.427;.417;.583;.167;4.3;9.2;6.7;18.0;1.9;0.0;41.1;34.9;58;122;-19.1;
Jae'Sean Tate;21:10;.250;.250;.000;.000;5.0;10.8;7.8;12.0;0.0;0.0;33.3;11.2;60;126;-14.2;
Daniel Theis;20:34;.799;.750;.333;.333;10.4;16.7;13.4;0.0;0.0;0.0;12.7;15.1;144;125;0.5;
Eric Gordon;22:47;.938;.938;.500;.000;0.0;10.0;4.8;0.0;2.0;0.0;27.3;19.0;116;122;3.9;
Alperen Şengün;18:34;.887;.750;.000;1.250;17.2;18.5;17.8;16.0;7.4;0.0;32.6;19.5;132;106;7.8;
David Nwaba;17:02;.400;.429;.286;.571;0.0;26.8;13.0;17.9;5.4;0.0;10.2;22.6;84;108;-6.3;
D.J. Augustin;16:40;.250;.250;.500;.000;0.0;0.0;0.0;15.5;2.7;0.0;42.9;16.6;44;123;-15.3;
Kenyon Martin Jr.;9:09;.717;.750;.000;.500;11.7;12.5;12.1;21.6;5.0;0.0;0.0;21.0;154;114;15.4;
Armoni Brooks;8:22;.676;.625;.750;.250;0.0;0.0;0.0;0.0;0.0;0.0;0.0;20.9;140;130;1.0;
Josh Christopher;8:22;.644;.500;.333;.667;12.7;0.0;6.6;16.7;10.9;0.0;20.5;23.0;121;104;15.6;
Usman Garuba;8:22;.667;.667;.000;.000;12.7;13.7;13.2;20.1;5.5;23.4;0.0;14.1;152;101;17.4;
Team Totals;240;.543;.517;.375;.250;26.7;69.0;47.1;52.5;12.4;6.1;19.7;100.0;101.1;118.3;;
Home Basic
Anthony Edwards;31:11;10;21;.476;6;12;.500;3;4;.750;2;4;6;3;1;0;4;2;29;+26;
Karl-Anthony Towns;29:23;11;15;.733;3;4;.750;5;5;1.000;5;5;10;2;2;2;3;3;30;+34;
Jaden McDaniels;25:31;2;3;.667;0;1;.000;0;0;;0;4;4;1;4;2;1;3;4;+26;
D'Angelo Russell;24:41;6;16;.375;4;8;.500;6;8;.750;0;3;3;7;1;1;3;3;22;+9;
Josh Okogie;21:11;2;5;.400;0;1;.000;2;2;1.000;2;3;5;0;2;2;0;1;6;+20;
Malik Beasley;20:31;4;8;.500;1;4;.250;0;2;.000;0;1;1;4;2;2;0;1;9;+6;
Jordan McLaughlin;18:39;1;3;.333;0;1;.000;1;2;.500;1;1;2;4;2;0;1;1;3;+20;
Naz Reid;18:37;2;5;.400;0;2;.000;1;2;.500;2;5;7;1;1;3;2;3;5;-16;
Taurean Prince;16:08;1;3;.333;1;3;.333;2;2;1.000;0;3;3;2;1;0;1;1;5;+2;
Jarred Vanderbilt;15:07;0;0;;0;0;;2;2;1.000;0;3;3;1;2;0;0;3;2;+4;
Jaylen Nowell;5:33;1;3;.333;0;0;;0;0;;1;1;2;1;0;0;1;1;2;-13;
Leandro Bolmaro;4:40;0;1;.000;0;0;;2;2;1.000;0;0;0;0;0;0;1;0;2;-11;
Jake Layman;4:40;1;3;.333;0;1;.000;0;0;;0;0;0;0;0;0;0;0;2;-11;
McKinley Wright IV;4:08;1;1;1.000;1;1;1.000;0;0;;0;0;0;0;0;0;1;0;3;-6;
Patrick Beverley;Did Not Play;
Team Totals;240;42;87;.483;16;38;.421;24;31;.774;13;33;46;26;18;12;18;22;124;;
Home Advanced
Anthony Edwards;31:11;.637;.619;.571;.190;7.3;13.7;10.6;17.4;1.5;0.0;14.9;34.7;116;108;0.6;
Karl-Anthony Towns;29:23;.872;.833;.267;.333;19.4;18.2;18.8;13.6;3.1;5.9;14.9;27.8;152;100;13.9;
Jaden McDaniels;25:31;.667;.667;.333;.000;0.0;16.7;8.6;4.9;7.2;6.8;25.0;6.3;104;91;2.6;
D'Angelo Russell;24:41;.564;.500;.500;.500;0.0;13.0;6.7;44.9;1.9;3.5;13.3;36.9;119;105;2.0;
Josh Okogie;21:11;.510;.400;.200;.400;10.8;15.1;13.0;0.0;4.3;8.2;0.0;11.2;130;97;2.1;
Malik Beasley;20:31;.507;.563;.500;.250;0.0;5.2;2.7;28.7;4.5;8.5;0.0;17.5;125;99;6.7;
Jordan McLaughlin;18:39;.387;.333;.333;.667;6.1;5.7;5.9;26.1;4.9;0.0;20.5;10.6;111;103;-2.8;
Naz Reid;18:37;.425;.400;.400;.400;12.3;28.6;20.7;7.0;2.5;14.1;25.4;17.1;85;93;-6.2;
Taurean Prince;16:08;.644;.500;1.000;.667;0.0;19.8;10.3;15.2;2.8;0.0;20.5;12.2;125;103;-1.2;
Jarred Vanderbilt;15:07;1.136;;;;0.0;21.2;10.9;7.6;6.1;0.0;0.0;2.4;247;95;1.2;
Jaylen Nowell;5:33;.333;.333;.000;.000;20.6;19.2;19.9;25.9;0.0;0.0;25.0;29.2;81;109;-18.5;
Leandro Bolmaro;4:40;.532;.000;.000;2.000;0.0;0.0;0.0;0.0;0.0;0.0;34.7;25.0;77;115;-18.9;
Jake Layman;4:40;.333;.333;.333;.000;0.0;0.0;0.0;0.0;0.0;0.0;0.0;26.0;75;115;-19.9;
McKinley Wright IV;4:08;1.500;1.500;1.000;.000;0.0;0.0;0.0;0.0;0.0;0.0;50.0;19.6;76;115;1.3;
Patrick Beverley;Did Not Play;
Team Totals;240;.616;.575;.437;.356;31.0;73.3;52.9;61.9;17.2;21.8;15.2;100.0;118.3;101.1;;
