202111020UTA-MIA;DAL;MIA;False;9:00 PM, November 2, 2021;Vivint Smart Home Arena, Salt Lake City, Utah;2:28
125;
110;
Guest Basic
De'Aaron Fox;35:25;4;15;.267;0;4;.000;5;7;.714;1;1;2;9;3;1;3;6;13;+5;
Harrison Barnes;35:12;7;14;.500;2;5;.400;7;9;.778;1;5;6;0;1;0;2;0;23;-16;
Richaun Holmes;32:41;5;10;.500;0;0;;0;0;;2;8;10;4;0;1;3;4;10;0;
Tyrese Haliburton;31:40;6;16;.375;1;3;.333;1;2;.500;0;3;3;3;1;2;1;1;14;-15;
Maurice Harkless;29:46;5;8;.625;2;4;.500;0;0;;0;3;3;0;1;2;0;0;12;+1;
Buddy Hield;30:20;6;10;.600;5;7;.714;2;2;1.000;1;4;5;3;1;0;0;4;19;+2;
Davion Mitchell;29:36;7;15;.467;2;7;.286;2;4;.500;0;4;4;2;0;1;2;4;18;-1;
Alex Len;15:19;2;5;.400;0;1;.000;0;0;;1;4;5;3;1;1;0;5;4;-6;
Chimezie Metu;Did Not Play;
Tristan Thompson;Did Not Play;
Terence Davis;Did Not Play;
Damian Jones;Did Not Play;
Marvin Bagley III;Did Not Play;
Team Totals;240;42;93;.452;12;31;.387;17;24;.708;6;32;38;24;8;8;11;24;113;;
Guest Advanced
De'Aaron Fox;35:25;.360;.267;.267;.467;2.7;2.9;2.8;33.3;3.8;2.7;14.2;24.9;85;111;-4.6;
Harrison Barnes;35:12;.640;.571;.357;.643;2.7;14.5;8.4;0.0;1.3;0.0;10.0;23.8;115;114;0.1;
Richaun Holmes;32:41;.500;.500;.000;.000;5.9;25.0;15.1;17.0;0.0;2.9;23.1;16.7;93;112;-4.7;
Tyrese Haliburton;31:40;.415;.406;.188;.125;0.0;9.7;4.7;13.8;1.4;6.1;5.6;23.7;84;113;-3.8;
Maurice Harkless;29:46;.750;.750;.500;.000;0.0;10.3;5.0;0.0;1.5;6.5;0.0;11.3;139;113;4.9;
Buddy Hield;30:20;.873;.850;.700;.200;3.2;13.5;8.2;14.6;1.5;0.0;0.0;15.0;171;114;10.2;
Davion Mitchell;29:36;.537;.533;.467;.267;0.0;13.8;6.7;10.6;0.0;3.2;10.7;26.6;95;116;-4.9;
Alex Len;15:19;.400;.400;.200;.000;6.3;26.7;16.2;26.3;2.9;6.3;0.0;13.7;110;102;1.4;
Chimezie Metu;Did Not Play;
Tristan Thompson;Did Not Play;
Terence Davis;Did Not Play;
Damian Jones;Did Not Play;
Marvin Bagley III;Did Not Play;
Team Totals;240;.546;.516;.333;.258;12.0;68.1;39.2;57.1;7.5;16.0;9.6;100.0;106.1;111.7;;
Home Basic
Rudy Gobert;32:41;3;4;.750;0;0;;6;9;.667;1;19;20;1;1;4;3;4;12;+10;
Donovan Mitchell;32:18;14;30;.467;5;12;.417;3;4;.750;5;3;8;6;1;0;3;4;36;+12;
Bojan Bogdanović;30:54;7;11;.636;2;5;.400;4;5;.800;0;3;3;0;0;0;2;2;20;+10;
Mike Conley;30:50;11;19;.579;6;9;.667;2;2;1.000;0;3;3;2;1;0;4;2;30;+9;
Royce O'Neale;30:01;1;5;.200;0;4;.000;0;0;;2;3;5;2;0;0;1;2;2;+13;
Joe Ingles;26:10;1;4;.250;1;4;.250;0;0;;1;1;2;4;0;0;0;1;3;-7;
Jordan Clarkson;22:30;1;13;.077;0;11;.000;0;2;.000;0;3;3;1;2;1;1;3;2;-4;
Eric Paschall;16:08;1;2;.500;0;1;.000;0;0;;2;1;3;0;1;0;1;1;2;-9;
Hassan Whiteside;15:19;3;7;.429;0;0;;3;3;1.000;4;8;12;0;1;1;1;3;9;-4;
Jared Butler;3:08;1;3;.333;0;2;.000;1;2;.500;0;0;0;0;0;0;0;1;3;0;
Elijah Hughes;Did Not Play;
Miye Oni;Did Not Play;
Trent Forrest;Did Not Play;
Udoka Azubuike;Did Not Play;
Team Totals;240;43;98;.439;14;48;.292;19;27;.704;15;44;59;16;7;6;16;23;119;;
Home Advanced
Rudy Gobert;32:41;.754;.750;.000;2.250;3.1;55.8;30.3;3.8;1.4;9.5;27.4;12.8;116;93;4.9;
Donovan Mitchell;32:18;.567;.550;.400;.133;15.8;8.9;12.3;40.2;1.4;0.0;8.6;41.0;125;109;13.2;
Bojan Bogdanović;30:54;.758;.727;.455;.455;0.0;9.3;4.8;0.0;0.0;0.0;13.2;18.8;135;112;1.9;
Mike Conley;30:50;.755;.737;.474;.105;0.0;9.3;4.8;12.0;1.5;0.0;16.8;29.5;130;109;10.0;
Royce O'Neale;30:01;.200;.200;.800;.000;6.8;9.6;8.2;7.7;0.0;0.0;16.7;7.6;74;112;-7.1;
Joe Ingles;26:10;.375;.375;1.000;.000;3.9;3.7;3.8;17.8;0.0;0.0;0.0;5.8;133;113;-1.5;
Jordan Clarkson;22:30;.072;.077;.846;.154;0.0;12.8;6.6;5.2;4.0;3.4;6.7;25.2;23;99;-18.8;
Eric Paschall;16:08;.500;.500;.500;.000;12.7;6.0;9.2;0.0;2.8;0.0;33.3;7.1;94;106;-3.6;
Hassan Whiteside;15:19;.541;.429;.000;.429;26.7;50.1;38.8;0.0;2.9;5.1;10.7;23.2;122;94;3.2;
Jared Butler;3:08;.387;.333;.667;.667;0.0;0.0;0.0;0.0;0.0;0.0;0.0;47.2;89;113;-16.3;
Elijah Hughes;Did Not Play;
Miye Oni;Did Not Play;
Trent Forrest;Did Not Play;
Udoka Azubuike;Did Not Play;
Team Totals;240;.541;.510;.490;.276;31.9;88.0;60.8;37.2;6.6;9.7;12.7;100.0;111.7;106.1;;
