202111130IND-BOS;CLE;BOS;False;7:00 PM, November 13, 2021;Gainbridge Fieldhouse, Indianapolis, Indiana;2:13
89;
91;
Guest Basic
Tyrese Maxey;42:56;10;15;.667;3;4;.750;1;1;1.000;1;1;2;3;0;0;1;5;24;-4;
Tobias Harris;34:46;10;22;.455;3;4;.750;9;10;.900;2;9;11;3;0;0;4;1;32;+2;
Seth Curry;33:09;3;10;.300;2;5;.400;3;3;1.000;2;2;4;5;1;0;3;3;11;+1;
Andre Drummond;30:47;4;12;.333;0;0;;3;6;.500;8;8;16;2;1;1;1;2;11;+11;
Danny Green;21:52;4;6;.667;2;2;1.000;4;4;1.000;3;1;4;0;3;0;1;3;14;-3;
Georges Niang;26:03;2;7;.286;0;3;.000;2;2;1.000;1;2;3;1;4;0;2;2;6;-9;
Shake Milton;21:39;2;8;.250;0;1;.000;3;3;1.000;0;1;1;0;0;0;1;4;7;-2;
Furkan Korkmaz;17:42;3;8;.375;2;4;.500;0;0;;1;2;3;0;2;0;0;0;8;-10;
Paul Reed;7:08;0;1;.000;0;0;;0;0;;0;1;1;1;0;1;1;1;0;-10;
Charles Bassey;3:58;0;0;;0;0;;0;0;;0;1;1;1;0;0;0;1;0;-1;
Aaron Henry;Did Not Play;
Isaiah Joe;Did Not Play;
Jaden Springer;Did Not Play;
Team Totals;240;38;89;.427;12;23;.522;25;29;.862;18;28;46;16;11;2;14;22;113;;
Guest Advanced
Tyrese Maxey;42:56;.777;.767;.267;.067;2.3;3.2;2.7;12.5;0.0;0.0;6.1;15.9;160;132;1.6;
Tobias Harris;34:46;.606;.523;.182;.455;5.8;35.5;18.3;17.1;0.0;0.0;13.2;36.3;123;128;3.7;
Seth Curry;33:09;.486;.400;.500;.300;6.0;8.3;7.0;21.5;1.5;0.0;20.9;17.9;107;128;-4.5;
Andre Drummond;30:47;.376;.333;.000;.500;26.0;35.6;30.1;9.8;1.6;2.9;6.4;21.1;109;121;-4.1;
Danny Green;21:52;.902;.833;.333;.667;13.7;6.3;10.6;0.0;6.9;0.0;11.4;16.6;172;116;13.8;
Georges Niang;26:03;.381;.286;.429;.286;3.8;10.5;6.7;5.4;7.8;0.0;20.2;15.7;80;113;-3.9;
Shake Milton;21:39;.376;.250;.125;.375;0.0;6.3;2.7;0.0;0.0;0.0;9.7;19.8;83;131;-17.6;
Furkan Korkmaz;17:42;.500;.500;.500;.000;5.6;15.5;9.8;0.0;5.7;0.0;0.0;18.7;123;118;4.0;
Paul Reed;7:08;.000;.000;.000;.000;0.0;19.2;8.1;17.7;0.0;12.5;50.0;11.6;29;119;-9.7;
Charles Bassey;3:58;;;;;0.0;34.6;14.6;31.8;0.0;0.0;;0.0;232;127;1.6;
Aaron Henry;Did Not Play;
Isaiah Joe;Did Not Play;
Jaden Springer;Did Not Play;
Team Totals;240;.555;.494;.258;.326;37.5;80.0;55.4;42.1;11.6;3.7;12.1;100.0;119.2;124.4;;
Home Basic
Malcolm Brogdon;37:12;4;13;.308;1;4;.250;4;6;.667;0;10;10;10;0;0;3;1;13;-4;
Myles Turner;34:56;8;12;.667;2;5;.400;2;3;.667;0;2;2;0;2;6;2;4;20;-4;
Domantas Sabonis;30:14;8;11;.727;2;3;.667;0;0;;4;8;12;5;0;0;1;3;18;+5;
Chris Duarte;26:36;3;6;.500;1;2;.500;0;0;;2;3;5;3;2;0;2;1;7;-6;
Caris LeVert;24:46;5;10;.500;1;2;.500;1;2;.500;0;2;2;3;0;1;3;2;12;-3;
Justin Holiday;28:14;9;11;.818;6;8;.750;3;4;.750;0;2;2;1;0;0;1;3;27;+6;
Kelan Martin;25:04;6;10;.600;1;3;.333;0;0;;1;3;4;1;1;2;0;2;13;+5;
T.J. McConnell;22:07;4;9;.444;0;1;.000;0;0;;0;0;0;9;1;1;2;2;8;+10;
Torrey Craig;10:51;0;0;;0;0;;0;0;;0;0;0;1;1;0;1;3;0;+16;
Oshae Brissett;Did Not Play;
Jeremy Lamb;Did Not Play;
Brad Wanamaker;Did Not Play;
Team Totals;240;47;82;.573;14;28;.500;10;15;.667;7;30;37;33;7;10;15;21;118;;
Home Advanced
Malcolm Brogdon;37:12;.416;.346;.308;.462;0.0;26.9;15.5;30.8;0.0;0.0;16.1;23.2;101;117;-8.0;
Myles Turner;34:56;.751;.750;.417;.250;0.0;5.7;3.3;0.0;2.9;12.5;13.1;20.3;118;115;2.6;
Domantas Sabonis;30:14;.818;.818;.273;.000;18.1;26.5;23.0;23.1;0.0;0.0;8.3;18.4;162;117;7.8;
Chris Duarte;26:36;.583;.583;.333;.000;10.3;11.3;10.9;13.0;3.8;0.0;25.0;13.9;111;116;-1.2;
Caris LeVert;24:46;.551;.550;.200;.200;0.0;8.1;4.7;15.6;0.0;2.9;21.6;26.0;92;125;-9.8;
Justin Holiday;28:14;1.058;1.091;.727;.364;0.0;7.1;4.1;5.4;0.0;0.0;7.3;22.6;174;127;12.1;
Kelan Martin;25:04;.650;.650;.300;.000;5.5;12.0;9.2;5.4;2.0;5.8;0.0;18.5;133;117;3.0;
T.J. McConnell;22:07;.444;.444;.111;.000;0.0;0.0;0.0;51.0;2.3;3.3;18.2;23.0;111;124;-1.4;
Torrey Craig;10:51;;;;;0.0;0.0;0.0;9.4;4.7;0.0;100.0;4.3;55;120;-8.6;
Oshae Brissett;Did Not Play;
Jeremy Lamb;Did Not Play;
Brad Wanamaker;Did Not Play;
Team Totals;240;.666;.659;.341;.183;20.0;62.5;44.6;70.2;7.4;15.2;14.5;100.0;124.4;119.2;;
