202112030DAL-PHI;ATL;PHI;False;8:30 PM, December 3, 2021;American Airlines Center, Dallas, Texas;2:20
98;
96;
Guest Basic
Brandon Ingram;37:53;7;20;.350;1;4;.250;9;11;.818;2;6;8;12;2;0;2;2;24;+12;
Herbert Jones;35:39;5;11;.455;2;3;.667;1;2;.500;0;2;2;4;1;1;0;4;13;+5;
Devonte' Graham;31:09;5;11;.455;3;8;.375;0;0;;0;3;3;0;0;0;1;2;13;+9;
Jonas Valančiūnas;25:09;5;7;.714;0;2;.000;4;7;.571;2;9;11;3;1;0;3;5;14;+12;
Garrett Temple;23:50;1;5;.200;1;4;.250;2;2;1.000;1;8;9;3;1;2;0;4;5;+13;
Nickeil Alexander-Walker;26:50;4;11;.364;1;2;.500;0;0;;0;3;3;2;0;0;4;0;9;+9;
Willy Hernangómez;22:49;4;11;.364;0;0;;4;5;.800;7;8;15;3;0;1;0;3;12;+4;
Tomáš Satoranský;14:34;1;4;.250;0;0;;1;1;1.000;1;2;3;1;0;0;0;2;3;+6;
Kira Lewis Jr.;11:27;2;6;.333;1;4;.250;0;0;;0;0;0;1;0;1;0;0;5;+3;
Trey Murphy III;9:41;3;4;.750;3;3;1.000;0;0;;0;1;1;0;0;0;0;4;9;+5;
Naji Marshall;0:59;0;0;;0;0;;0;0;;0;0;0;1;0;0;0;0;0;+2;
Jose Alvarado;Did Not Play;
Jaxson Hayes;Did Not Play;
Gary Clark;Did Not Play;
Team Totals;240;37;90;.411;12;30;.400;21;28;.750;13;42;55;30;5;5;10;26;107;;
Guest Advanced
Brandon Ingram;37:53;.483;.375;.200;.550;5.1;16.2;10.4;54.0;2.6;0.0;7.5;30.3;116;92;10.1;
Herbert Jones;35:39;.547;.545;.273;.182;0.0;5.7;2.8;17.8;1.4;3.0;0.0;14.2;121;93;2.2;
Devonte' Graham;31:09;.591;.591;.727;.000;0.0;9.8;4.8;0.0;0.0;0.0;8.3;16.5;100;98;-4.2;
Jonas Valančiūnas;25:09;.694;.714;.286;1.000;7.6;36.5;21.6;20.9;2.0;0.0;22.9;22.2;112;89;3.3;
Garrett Temple;23:50;.425;.300;.800;.400;4.0;34.3;18.7;17.3;2.1;9.0;0.0;10.5;120;83;5.2;
Nickeil Alexander-Walker;26:50;.409;.409;.182;.000;0.0;11.4;5.5;12.0;0.0;0.0;26.7;23.9;63;98;-11.7;
Willy Hernangómez;22:49;.455;.364;.000;.455;29.5;35.8;32.5;22.1;0.0;4.7;0.0;24.7;127;90;5.1;
Tomáš Satoranský;14:34;.338;.250;.000;.250;6.6;14.0;10.2;9.8;0.0;0.0;0.0;13.0;97;97;-7.9;
Kira Lewis Jr.;11:27;.417;.417;.667;.000;0.0;0.0;0.0;14.6;0.0;9.3;0.0;22.4;92;93;0.7;
Trey Murphy III;9:41;1.125;1.125;.750;.000;0.0;10.5;5.1;0.0;0.0;0.0;0.0;17.7;189;96;15.7;
Naji Marshall;0:59;;;;;0.0;0.0;0.0;100.0;0.0;0.0;;0.0;232;100;32.8;
Jose Alvarado;Did Not Play;
Jaxson Hayes;Did Not Play;
Gary Clark;Did Not Play;
Team Totals;240;.523;.478;.333;.311;26.0;89.4;56.7;81.1;5.1;11.1;8.9;100.0;109.5;93.1;;
Home Basic
Luka Dončić;34:51;7;20;.350;0;6;.000;7;9;.778;1;9;10;7;0;0;7;4;21;-10;
Dorian Finney-Smith;32:05;3;7;.429;2;5;.400;0;2;.000;0;3;3;2;1;1;0;2;8;-10;
Maxi Kleber;31:08;4;8;.500;4;8;.500;1;2;.500;1;8;9;1;1;0;2;5;13;-8;
Reggie Bullock;27:40;1;4;.250;1;4;.250;1;1;1.000;0;2;2;0;0;0;1;3;4;-1;
Dwight Powell;19:04;2;4;.500;1;2;.500;0;0;;0;1;1;0;0;0;0;3;5;-7;
Jalen Brunson;32:19;7;11;.636;0;1;.000;2;2;1.000;1;2;3;3;1;0;1;3;16;-13;
Tim Hardaway Jr.;24:35;3;11;.273;2;6;.333;4;6;.667;1;3;4;3;1;0;0;0;12;-12;
Sterling Brown;16:10;1;4;.250;0;2;.000;0;0;;1;3;4;0;0;1;2;1;2;-12;
Trey Burke;8:28;1;5;.200;0;0;;0;0;;0;1;1;1;0;0;1;0;2;-4;
Boban Marjanović;7:37;2;4;.500;0;0;;0;0;;0;3;3;0;0;1;1;1;4;-3;
Moses Brown;2:01;0;0;;0;0;;2;2;1.000;0;1;1;0;0;0;0;0;2;0;
Josh Green;2:01;1;1;1.000;0;0;;0;2;.000;0;0;0;0;0;0;0;1;2;0;
Eugene Omoruyi;2:01;0;0;;0;0;;0;0;;0;1;1;0;0;0;0;0;0;0;
Frank Ntilikina;Did Not Play;
Team Totals;240;32;79;.405;10;34;.294;17;26;.654;5;37;42;17;4;3;15;23;91;;
Home Advanced
Luka Dončić;34:51;.438;.350;.300;.450;2.9;24.8;14.2;43.1;0.0;0.0;22.6;40.4;80;109;-6.0;
Dorian Finney-Smith;32:05;.508;.571;.714;.286;0.0;9.0;4.6;10.9;1.5;2.5;0.0;11.2;104;110;1.7;
Maxi Kleber;31:08;.732;.750;1.000;.250;3.3;24.7;14.3;6.0;1.6;0.0;18.4;15.9;113;105;3.6;
Reggie Bullock;27:40;.450;.375;1.000;.250;0.0;6.9;3.6;0.0;0.0;0.0;18.4;9.0;72;116;-8.3;
Dwight Powell;19:04;.625;.625;.500;.000;0.0;5.0;2.6;0.0;0.0;0.0;0.0;9.6;117;116;-5.1;
Jalen Brunson;32:19;.673;.636;.091;.182;3.2;5.9;4.6;20.6;1.5;0.0;7.8;18.1;129;112;3.2;
Tim Hardaway Jr.;24:35;.440;.364;.545;.545;4.2;11.7;8.1;22.4;2.0;0.0;0.0;25.3;101;109;4.4;
Sterling Brown;16:10;.250;.250;.500;.000;6.3;17.8;12.2;0.0;0.0;4.9;33.3;16.9;43;108;-11.4;
Trey Burke;8:28;.200;.200;.000;.000;0.0;11.3;5.8;21.5;0.0;0.0;16.7;32.3;42;114;-19.2;
Boban Marjanović;7:37;.500;.500;.000;.000;0.0;37.8;19.5;0.0;0.0;10.5;20.0;29.9;71;96;-3.4;
Moses Brown;2:01;1.136;;;;0.0;47.6;24.5;0.0;0.0;0.0;0.0;19.9;250;100;24.3;
Josh Green;2:01;.532;1.000;.000;2.000;0.0;0.0;0.0;0.0;0.0;0.0;0.0;42.4;76;117;-6.4;
Eugene Omoruyi;2:01;;;;;0.0;47.6;24.5;0.0;0.0;0.0;;0.0;0;100;-2.9;
Frank Ntilikina;Did Not Play;
Team Totals;240;.503;.468;.430;.329;10.6;74.0;43.3;53.1;4.1;5.0;14.2;100.0;93.1;109.5;;
