202110250ATL-DET;ATL;DET;False;7:30 PM, October 25, 2021;State Farm Arena, Atlanta, Georgia;2:04
104;
122;
Guest Basic
Saddiq Bey;33:16;8;16;.500;3;8;.375;2;2;1.000;2;5;7;3;2;0;2;1;21;-9;
Josh Jackson;32:15;7;12;.583;1;4;.250;3;4;.750;1;5;6;4;0;0;1;0;18;-2;
Kelly Olynyk;29:43;8;15;.533;2;5;.400;3;5;.600;3;3;6;4;2;0;3;1;21;-6;
Isaiah Stewart;28:56;6;9;.667;0;0;;1;1;1.000;3;4;7;5;1;3;2;3;13;-6;
Killian Hayes;26:33;4;11;.364;2;3;.667;2;2;1.000;0;1;1;3;1;1;0;2;12;-6;
Trey Lyles;21:26;2;7;.286;0;1;.000;4;4;1.000;2;2;4;2;0;1;1;0;8;-7;
Cory Joseph;15:36;0;5;.000;0;2;.000;0;0;;0;0;0;3;0;0;1;2;0;-17;
Frank Jackson;14:23;2;7;.286;0;4;.000;0;0;;0;0;0;0;0;0;2;1;4;-21;
Luka Garza;12:44;1;2;.500;0;1;.000;0;0;;0;2;2;0;0;1;1;4;2;-22;
Hamidou Diallo;11:23;1;3;.333;0;2;.000;0;0;;0;2;2;1;1;0;0;0;2;-9;
Saben Lee;7:23;0;2;.000;0;1;.000;0;0;;0;1;1;0;0;0;0;1;0;+5;
Rodney McGruder;3:11;1;2;.500;1;2;.500;0;0;;0;0;0;1;0;0;0;0;3;+5;
Jamorko Pickett;3:11;0;0;;0;0;;0;0;;0;0;0;0;0;0;1;0;0;+5;
Team Totals;240;40;91;.440;9;33;.273;15;18;.833;11;25;36;26;7;6;14;15;104;;
Guest Advanced
Saddiq Bey;33:16;.622;.594;.500;.125;5.8;20.6;11.9;15.2;2.9;0.0;10.6;24.1;116;121;4.2;
Josh Jackson;32:15;.654;.625;.333;.333;3.0;21.3;10.5;20.1;0.0;0.0;6.8;19.5;130;127;2.6;
Kelly Olynyk;29:43;.610;.600;.333;.333;9.7;13.8;11.4;23.9;3.3;0.0;14.9;28.9;112;121;5.3;
Isaiah Stewart;28:56;.689;.667;.000;.111;10.0;19.0;13.7;27.6;1.7;8.6;17.5;16.8;129;118;6.9;
Killian Hayes;26:33;.505;.455;.273;.182;0.0;5.2;2.1;16.6;1.8;3.1;0.0;19.0;114;125;-0.6;
Trey Lyles;21:26;.457;.286;.143;.571;9.0;12.8;10.5;12.6;0.0;3.9;10.2;19.4;105;127;-4.8;
Cory Joseph;15:36;.000;.000;.400;.000;0.0;0.0;0.0;23.1;0.0;0.0;16.7;16.3;29;132;-22.7;
Frank Jackson;14:23;.286;.286;.571;.000;0.0;0.0;0.0;0.0;0.0;0.0;22.2;26.6;44;132;-25.2;
Luka Garza;12:44;.500;.500;.500;.000;0.0;21.5;8.9;0.0;0.0;6.5;33.3;10.0;60;122;-15.4;
Hamidou Diallo;11:23;.333;.333;.667;.000;0.0;24.1;9.9;11.8;4.3;0.0;0.0;11.2;84;117;-3.9;
Saben Lee;7:23;.000;.000;.500;.000;0.0;18.6;7.6;0.0;0.0;0.0;0.0;11.5;0;128;-23.8;
Rodney McGruder;3:11;.750;.750;1.000;.000;0.0;0.0;0.0;60.5;0.0;0.0;0.0;26.7;159;132;23.2;
Jamorko Pickett;3:11;;;;;0.0;0.0;0.0;0.0;0.0;0.0;100.0;13.4;0;132;-24.7;
Team Totals;240;.526;.489;.363;.198;22.0;71.4;42.4;65.0;7.1;10.3;12.4;100.0;105.0;123.1;;
Home Basic
Trae Young;32:04;13;21;.619;2;5;.400;4;4;1.000;0;4;4;9;1;0;2;2;32;+17;
Kevin Huerter;27:20;5;8;.625;2;3;.667;2;2;1.000;0;1;1;4;1;0;1;2;14;+12;
Clint Capela;25:54;2;3;.667;0;0;;0;0;;1;7;8;0;2;1;0;1;4;+11;
Bogdan Bogdanović;25:01;5;9;.556;2;6;.333;2;2;1.000;1;2;3;1;0;0;0;1;14;+6;
John Collins;23:56;9;14;.643;1;3;.333;3;5;.600;1;6;7;2;2;1;4;4;22;+12;
Cam Reddish;27:16;5;14;.357;3;7;.429;4;4;1.000;1;3;4;1;3;0;2;2;17;+6;
Delon Wright;18:28;1;3;.333;0;1;.000;0;0;;1;3;4;0;1;0;0;0;2;+6;
Lou Williams;17:16;3;6;.500;1;2;.500;2;2;1.000;0;2;2;2;1;1;1;0;9;+12;
Gorgui Dieng;15:45;2;5;.400;1;1;1.000;1;2;.500;4;8;12;2;0;0;1;4;6;+16;
Solomon Hill;14:16;0;3;.000;0;3;.000;0;0;;1;1;2;2;0;0;1;3;0;+12;
Jalen Johnson;3:11;1;1;1.000;0;0;;0;0;;0;1;1;0;0;0;0;0;2;-5;
Sharife Cooper;3:11;0;0;;0;0;;0;0;;0;0;0;1;0;0;1;0;0;-5;
Timothé Luwawu-Cabarrot;3:11;0;3;.000;0;1;.000;0;0;;0;1;1;0;0;0;0;0;0;-5;
Skylar Mays;3:11;0;0;;0;0;;0;0;;0;0;0;0;0;0;0;0;0;-5;
Team Totals;240;46;90;.511;12;32;.375;18;21;.857;10;39;49;24;11;3;13;19;122;;
Home Advanced
Trae Young;32:04;.703;.667;.238;.190;0.0;12.0;7.0;50.8;1.5;0.0;8.1;33.0;145;108;11.8;
Kevin Huerter;27:20;.788;.750;.375;.250;0.0;3.5;2.1;18.9;1.8;0.0;10.1;15.5;154;110;5.8;
Clint Capela;25:54;.667;.667;.000;.000;5.3;25.9;17.4;0.0;3.7;3.2;0.0;5.0;149;97;1.3;
Bogdan Bogdanović;25:01;.709;.667;.667;.222;5.5;7.7;6.8;5.3;0.0;0.0;0.0;16.9;155;113;2.1;
John Collins;23:56;.679;.679;.214;.357;5.7;24.1;16.5;14.4;4.0;3.5;19.8;36.1;111;96;4.3;
Cam Reddish;27:16;.539;.464;.500;.286;5.0;10.6;8.3;4.7;5.3;0.0;11.3;27.9;109;100;0.2;
Delon Wright;18:28;.333;.333;.333;.000;7.4;15.6;12.2;0.0;2.6;0.0;0.0;6.9;96;105;-4.7;
Lou Williams;17:16;.654;.583;.333;.333;0.0;11.1;6.5;14.8;2.8;4.8;12.7;19.5;128;102;6.5;
Gorgui Dieng;15:45;.510;.500;.200;.400;34.8;48.8;43.0;15.3;0.0;0.0;14.5;18.7;126;100;-1.1;
Solomon Hill;14:16;.000;.000;1.000;.000;9.6;6.7;7.9;14.6;0.0;0.0;25.0;12.0;51;113;-14.7;
Sharife Cooper;3:11;;;;;0.0;0.0;0.0;32.8;0.0;0.0;100.0;13.4;48;115;-11.0;
Jalen Johnson;3:11;1.000;1.000;.000;.000;0.0;30.2;17.7;0.0;0.0;0.0;0.0;13.4;200;106;8.0;
Timothé Luwawu-Cabarrot;3:11;.000;.000;.333;.000;0.0;30.2;17.7;0.0;0.0;0.0;0.0;40.3;0;106;-46.4;
Skylar Mays;3:11;;;;;0.0;0.0;0.0;0.0;0.0;0.0;;0.0;0;115;-7.7;
Team Totals;240;.615;.578;.356;.233;28.6;78.0;57.6;52.2;11.1;5.2;11.6;100.0;123.1;105.0;;
