202111100PHO-TOR;BOS;TOR;False;9:00 PM, November 10, 2021;Phoenix Suns Arena, Phoenix, Arizona;2:08
88;
104;
Guest Basic
CJ McCollum;40:12;7;16;.438;1;7;.143;3;3;1.000;2;2;4;7;0;1;1;3;18;-6;
Damian Lillard;38:03;12;23;.522;1;4;.250;3;4;.750;0;7;7;7;0;0;2;0;28;-13;
Norman Powell;28:36;8;17;.471;3;8;.375;4;5;.800;2;1;3;1;1;0;0;3;23;-9;
Robert Covington;23:15;3;4;.750;1;2;.500;0;0;;0;3;3;0;1;0;1;2;7;-13;
Jusuf Nurkić;19:22;4;7;.571;0;0;;0;0;;1;5;6;3;0;0;3;5;8;-6;
Larry Nance Jr.;26:32;6;7;.857;1;2;.500;0;0;;3;2;5;3;0;0;3;1;13;-5;
Nassir Little;22:16;3;5;.600;0;2;.000;2;2;1.000;1;6;7;1;1;1;2;4;8;0;
Anfernee Simons;20:52;1;9;.111;0;4;.000;0;0;;1;2;3;1;1;0;0;0;2;-6;
Cody Zeller;12:39;0;2;.000;0;0;;2;2;1.000;4;2;6;1;1;0;2;2;2;+2;
Tony Snell;8:13;0;1;.000;0;1;.000;0;0;;0;2;2;0;0;0;0;1;0;+6;
Dennis Smith Jr.;Did Not Play;
CJ Elleby;Did Not Play;
Ben McLemore;Did Not Play;
Greg Brown III;Did Not Play;
Team Totals;240;44;91;.484;7;30;.233;14;16;.875;14;32;46;24;5;2;14;21;109;;
Guest Advanced
CJ McCollum;40:12;.520;.469;.438;.188;5.4;5.8;5.6;23.5;0.0;1.8;5.5;19.5;125;126;1.2;
Damian Lillard;38:03;.565;.543;.174;.174;0.0;21.5;10.4;30.6;0.0;0.0;7.5;30.1;120;125;3.8;
Norman Powell;28:36;.599;.559;.471;.294;7.6;4.1;5.9;5.5;1.7;0.0;0.0;28.8;135;124;6.0;
Robert Covington;23:15;.875;.875;.500;.000;0.0;15.1;7.3;0.0;2.1;0.0;20.0;9.2;128;121;0.2;
Jusuf Nurkić;19:22;.571;.571;.000;.000;5.6;30.2;17.5;21.8;0.0;0.0;30.0;22.1;93;123;-5.9;
Larry Nance Jr.;26:32;.929;.929;.286;.000;12.3;8.8;10.6;16.4;0.0;0.0;30.0;16.1;131;127;5.1;
Nassir Little;22:16;.680;.600;.400;.400;4.9;31.5;17.8;5.7;2.2;3.3;25.4;15.2;110;115;-0.7;
Anfernee Simons;20:52;.111;.111;.444;.000;5.2;11.2;8.1;5.5;2.4;0.0;0.0;18.5;44;121;-14.6;
Cody Zeller;12:39;.347;.000;.000;1.000;34.5;18.5;26.8;8.6;3.9;0.0;41.0;16.5;89;116;-8.0;
Tony Snell;8:13;.000;.000;1.000;.000;0.0;28.5;13.7;0.0;0.0;0.0;0.0;5.2;0;123;-11.2;
Dennis Smith Jr.;Did Not Play;
CJ Elleby;Did Not Play;
Ben McLemore;Did Not Play;
Greg Brown III;Did Not Play;
Team Totals;240;.556;.522;.330;.176;31.8;78.0;54.1;54.5;5.2;3.0;12.5;100.0;112.6;122.9;;
Home Basic
Mikal Bridges;38:37;4;10;.400;1;3;.333;1;1;1.000;0;2;2;5;0;1;0;2;10;+11;
Devin Booker;37:26;5;15;.333;2;6;.333;0;0;;0;8;8;6;1;0;4;2;12;+9;
Chris Paul;36:39;9;16;.563;1;3;.333;2;3;.667;1;3;4;7;0;1;2;2;21;+4;
Jae Crowder;30:56;5;9;.556;2;4;.500;0;0;;2;3;5;2;3;0;1;2;12;+2;
JaVale McGee;16:29;6;10;.600;0;0;;2;3;.667;2;6;8;1;0;0;1;5;14;-6;
Frank Kaminsky;31:31;12;18;.667;2;5;.400;5;5;1.000;2;5;7;3;0;1;1;2;31;+16;
Cameron Johnson;21:44;2;6;.333;2;4;.500;0;0;;0;2;2;1;2;1;0;0;6;+7;
Cameron Payne;16:01;4;8;.500;1;3;.333;0;0;;0;1;1;1;0;1;1;2;9;+10;
Abdel Nader;10:37;2;2;1.000;0;0;;0;0;;2;0;2;1;0;1;0;3;4;-3;
Ish Wainright;Did Not Play;
Elfrid Payton;Did Not Play;
Landry Shamet;Did Not Dress;
Chandler Hutchison;Did Not Play;
Jalen Smith;Did Not Play;
Deandre Ayton;Did Not Play;
Team Totals;240;49;94;.521;11;28;.393;10;12;.833;9;30;39;27;6;6;10;20;119;;
Home Advanced
Mikal Bridges;38:37;.479;.450;.300;.100;0.0;5.6;2.9;14.1;0.0;2.0;0.0;11.9;119;118;-1.6;
Devin Booker;37:26;.400;.400;.400;.000;0.0;23.3;12.1;18.1;1.3;0.0;21.1;22.3;79;111;-7.4;
Chris Paul;36:39;.606;.594;.188;.188;3.2;8.9;6.2;24.6;0.0;2.1;10.4;23.2;124;117;1.4;
Jae Crowder;30:56;.667;.667;.444;.000;7.6;10.6;9.1;7.5;4.8;0.0;10.0;14.2;131;107;6.0;
JaVale McGee;16:29;.618;.600;.000;.300;14.2;39.7;27.4;9.2;0.0;0.0;8.1;32.8;122;108;-1.2;
Frank Kaminsky;31:31;.767;.722;.278;.278;7.4;17.3;12.5;14.9;0.0;2.5;4.7;29.5;152;114;13.8;
Cameron Johnson;21:44;.500;.500;.667;.000;0.0;10.0;5.2;5.0;4.6;3.6;0.0;12.1;109;106;4.6;
Cameron Payne;16:01;.563;.563;.375;.000;0.0;6.8;3.5;8.1;0.0;4.9;11.1;24.7;102;116;-3.0;
Abdel Nader;10:37;1.000;1.000;.000;.000;22.1;0.0;10.6;11.3;0.0;7.4;0.0;8.3;210;117;8.6;
Ish Wainright;Did Not Play;
Elfrid Payton;Did Not Play;
Landry Shamet;Did Not Dress;
Chandler Hutchison;Did Not Play;
Jalen Smith;Did Not Play;
Deandre Ayton;Did Not Play;
Team Totals;240;.599;.580;.298;.128;22.0;68.2;45.9;55.1;6.2;9.8;9.2;100.0;122.9;112.6;;
