202111220ATL-OKC;ATL;OKC;False;7:30 PM, November 22, 2021;State Farm Arena, Atlanta, Georgia;1:58
101;
113;
Guest Basic
Darius Bazley;32:31;2;11;.182;0;4;.000;0;0;;0;4;4;3;0;1;1;2;4;-23;
Jeremiah Robinson-Earl;31:42;4;9;.444;2;5;.400;3;4;.750;2;8;10;1;1;1;0;2;13;-11;
Josh Giddey;31:07;6;13;.462;0;5;.000;3;3;1.000;2;5;7;8;1;2;3;1;15;-13;
Luguentz Dort;30:27;5;16;.313;3;8;.375;2;2;1.000;1;4;5;1;0;0;2;3;15;-12;
Derrick Favors;17:04;5;9;.556;0;1;.000;0;0;;1;3;4;0;0;1;0;0;10;-16;
Aleksej Pokusevski;21:58;4;13;.308;1;5;.200;0;0;;3;6;9;2;0;0;0;1;9;+2;
Aaron Wiggins;17:38;1;1;1.000;1;1;1.000;0;0;;0;0;0;1;0;0;1;2;3;-2;
Mike Muscala;16:18;4;11;.364;1;5;.200;0;0;;2;1;3;1;0;0;0;2;9;-1;
Ty Jerome;15:38;4;7;.571;2;4;.500;5;5;1.000;1;0;1;4;3;0;0;1;15;-4;
Kenrich Williams;13:50;2;3;.667;0;0;;0;0;;3;1;4;3;0;0;0;1;4;+6;
Isaiah Roby;10:20;2;4;.500;0;0;;0;0;;1;2;3;0;0;0;1;0;4;+9;
Gabriel Deck;1:27;0;0;;0;0;;0;0;;0;0;0;0;0;0;0;0;0;+5;
Team Totals;240;39;97;.402;10;38;.263;13;14;.929;16;34;50;24;5;5;8;15;101;;
Guest Advanced
Darius Bazley;32:31;.182;.182;.364;.000;0.0;14.1;6.3;12.3;0.0;2.8;8.3;15.9;53;126;-15.0;
Jeremiah Robinson-Earl;31:42;.604;.556;.556;.444;5.8;28.8;16.1;4.6;1.7;2.9;0.0;14.7;138;119;1.9;
Josh Giddey;31:07;.524;.462;.385;.231;5.9;18.4;11.5;41.5;1.7;5.8;17.3;24.0;110;119;5.5;
Luguentz Dort;30:27;.444;.406;.500;.125;3.0;15.0;8.4;5.1;0.0;0.0;10.6;26.8;90;128;-10.4;
Derrick Favors;17:04;.556;.556;.111;.000;5.4;20.1;12.0;0.0;0.0;5.3;0.0;22.8;117;123;-0.4;
Aleksej Pokusevski;21:58;.346;.346;.385;.000;12.6;31.2;20.9;14.4;0.0;0.0;0.0;25.6;95;125;-6.4;
Aaron Wiggins;17:38;1.500;1.500;1.000;.000;0.0;0.0;0.0;7.5;0.0;0.0;50.0;4.9;114;132;-8.5;
Mike Muscala;16:18;.409;.409;.455;.000;11.3;7.0;9.4;10.8;0.0;0.0;0.0;29.1;101;130;-7.1;
Ty Jerome;15:38;.815;.714;.571;.714;5.9;0.0;3.3;46.0;10.1;0.0;0.0;25.4;183;108;34.5;
Kenrich Williams;13:50;.667;.667;.000;.000;20.0;8.3;14.8;32.5;0.0;0.0;0.0;9.4;172;130;5.1;
Isaiah Roby;10:20;.500;.500;.000;.000;8.9;22.1;14.8;0.0;0.0;0.0;20.0;20.9;86;127;-11.0;
Gabriel Deck;1:27;;;;;0.0;0.0;0.0;0.0;0.0;0.0;;0.0;0;132;-12.9;
Team Totals;240;.490;.454;.392;.144;30.8;81.0;53.2;61.5;5.5;9.4;7.2;100.0;110.5;123.7;;
Home Basic
John Collins;34:54;4;8;.500;1;3;.333;2;2;1.000;1;5;6;5;1;5;1;2;11;+11;
Trae Young;31:55;9;20;.450;5;9;.556;7;7;1.000;1;3;4;6;1;0;2;2;30;+8;
Kevin Huerter;29:36;6;10;.600;1;3;.333;0;0;;1;4;5;5;1;0;0;2;13;+16;
Clint Capela;29:35;5;9;.556;0;0;;0;0;;4;10;14;0;0;0;1;4;10;+20;
Bogdan Bogdanović;27:10;5;13;.385;3;8;.375;0;0;;0;5;5;0;1;0;0;1;13;+16;
Danilo Gallinari;25:01;4;5;.800;1;2;.500;2;2;1.000;0;6;6;3;1;1;1;2;11;-1;
Cam Reddish;22:59;4;11;.364;1;4;.250;0;0;;1;2;3;1;1;0;0;1;9;+5;
Lou Williams;16:57;3;6;.500;1;2;.500;1;2;.500;0;0;0;3;0;0;2;1;8;+1;
Delon Wright;14:38;2;3;.667;1;2;.500;3;3;1.000;0;1;1;2;0;0;0;1;8;+9;
Sharife Cooper;1:27;0;0;;0;0;;0;0;;0;0;0;0;0;0;0;0;0;-5;
Gorgui Dieng;1:27;0;0;;0;0;;0;0;;0;0;0;0;0;0;0;0;0;-5;
Jalen Johnson;1:27;0;0;;0;0;;0;0;;0;0;0;0;0;0;0;0;0;-5;
Timothé Luwawu-Cabarrot;1:27;0;2;.000;0;1;.000;0;0;;0;0;0;0;0;0;0;0;0;-5;
Skylar Mays;1:27;0;0;;0;0;;0;0;;0;0;0;0;0;0;0;0;0;-5;
Solomon Hill;Did Not Play;
Team Totals;240;42;87;.483;14;34;.412;15;16;.938;8;36;44;25;6;6;7;16;113;;
Home Advanced
John Collins;34:54;.619;.563;.375;.250;3.3;13.2;8.8;18.8;1.5;11.7;10.1;13.4;133;105;7.3;
Trae Young;31:55;.650;.575;.450;.350;3.6;8.7;6.4;31.7;1.6;0.0;8.0;37.3;130;114;9.4;
Kevin Huerter;29:36;.650;.650;.300;.000;3.9;12.5;8.6;25.1;1.8;0.0;0.0;16.0;147;112;4.9;
Clint Capela;29:35;.556;.556;.000;.000;15.5;31.2;24.2;0.0;0.0;0.0;10.0;16.1;117;106;-7.7;
Bogdan Bogdanović;27:10;.500;.500;.615;.000;0.0;17.0;9.4;0.0;1.9;0.0;0.0;22.7;98;109;-4.5;
Danilo Gallinari;25:01;.935;.900;.400;.400;0.0;22.1;12.2;16.8;2.1;3.3;14.5;13.1;163;104;8.7;
Cam Reddish;22:59;.409;.409;.364;.000;5.0;8.0;6.7;6.2;2.3;0.0;0.0;22.7;93;113;-7.4;
Lou Williams;16:57;.581;.583;.333;.333;0.0;0.0;0.0;25.4;0.0;0.0;22.5;24.9;100;122;-6.7;
Delon Wright;14:38;.926;.833;.667;1.000;0.0;6.3;3.5;18.5;0.0;0.0;0.0;14.0;196;119;6.8;
Sharife Cooper;1:27;;;;;0.0;0.0;0.0;0.0;0.0;0.0;;0.0;0;122;-8.4;
Gorgui Dieng;1:27;;;;;0.0;0.0;0.0;0.0;0.0;0.0;;0.0;0;122;-10.1;
Jalen Johnson;1:27;;;;;0.0;0.0;0.0;0.0;0.0;0.0;;0.0;0;122;-8.9;
Timothé Luwawu-Cabarrot;1:27;.000;.000;.500;.000;0.0;0.0;0.0;0.0;0.0;0.0;0.0;65.5;0;122;-73.5;
Skylar Mays;1:27;;;;;0.0;0.0;0.0;0.0;0.0;0.0;;0.0;0;122;-9.7;
Solomon Hill;Did Not Play;
Team Totals;240;.601;.563;.391;.184;19.0;69.2;46.8;59.5;6.6;10.2;6.9;100.0;123.7;110.5;;
