202111020LAL-MIA;DAL;MIA;False;10:30 PM, November 2, 2021;Crypto.com Arena, Los Angeles, California;2:17
125;
110;
Guest Basic
Kevin Porter Jr.;39:49;5;14;.357;1;6;.167;0;1;.000;1;4;5;8;4;1;5;2;11;-1;
Jalen Green;37:50;9;15;.600;5;10;.500;1;2;.500;2;0;2;5;0;0;7;4;24;0;
Christian Wood;37:00;11;19;.579;3;9;.333;1;5;.200;1;15;16;3;1;0;1;4;26;+3;
Jae'Sean Tate;35:12;9;15;.600;2;4;.500;0;0;;4;1;5;2;1;2;3;4;20;+1;
Alperen Şengün;25:45;3;7;.429;0;1;.000;0;0;;2;2;4;4;1;0;5;4;6;-2;
Kenyon Martin Jr.;28:04;6;8;.750;2;3;.667;0;0;;1;3;4;3;0;0;2;1;14;+4;
David Nwaba;13:55;2;6;.333;0;3;.000;1;2;.500;0;1;1;0;1;1;0;1;5;-14;
D.J. Augustin;13:24;2;3;.667;2;3;.667;1;1;1.000;0;1;1;1;0;0;1;1;7;-4;
Armoni Brooks;9:01;1;4;.250;1;3;.333;1;1;1.000;0;0;0;1;0;0;0;0;4;+3;
Eric Gordon;Did Not Dress;
Josh Christopher;Did Not Play;
Usman Garuba;Did Not Play;
Team Totals;240;48;91;.527;16;42;.381;5;12;.417;11;27;38;27;8;4;24;21;117;;
Guest Advanced
Kevin Porter Jr.;39:49;.381;.393;.429;.071;2.8;12.7;7.4;23.0;4.5;1.8;25.7;19.5;84;106;-3.4;
Jalen Green;37:50;.756;.767;.667;.133;5.9;0.0;3.1;17.3;0.0;0.0;30.6;24.1;109;120;-1.4;
Christian Wood;37:00;.613;.658;.474;.263;3.0;51.2;25.6;11.5;1.2;0.0;4.5;23.9;123;107;4.6;
Jae'Sean Tate;35:12;.667;.667;.267;.000;12.7;3.6;8.4;7.6;1.3;4.0;16.7;20.4;120;113;1.6;
Alperen Şengün;25:45;.429;.429;.143;.000;8.7;9.8;9.2;17.6;1.8;0.0;41.7;18.6;75;114;-10.3;
Kenyon Martin Jr.;28:04;.875;.875;.375;.000;4.0;13.5;8.4;13.6;0.0;0.0;20.0;14.2;141;117;4.1;
David Nwaba;13:55;.363;.333;.500;.333;0.0;9.1;4.3;0.0;3.2;5.1;0.0;19.7;80;107;-6.9;
D.J. Augustin;13:24;1.017;1.000;1.000;.333;0.0;9.4;4.4;8.8;0.0;0.0;22.5;13.2;150;118;2.5;
Armoni Brooks;9:01;.450;.375;.750;.250;0.0;0.0;0.0;12.5;0.0;0.0;0.0;19.7;112;120;-3.7;
Eric Gordon;Did Not Dress;
Josh Christopher;Did Not Play;
Usman Garuba;Did Not Play;
Team Totals;240;.608;.615;.462;.132;25.6;71.1;46.9;56.3;7.5;5.9;20.0;100.0;110.2;112.1;;
Home Basic
Russell Westbrook;37:11;10;21;.476;0;4;.000;7;8;.875;5;4;9;7;0;0;3;1;27;-6;
LeBron James;36:16;13;21;.619;2;4;.500;2;2;1.000;0;4;4;10;2;0;4;3;30;+8;
Anthony Davis;32:02;11;18;.611;0;3;.000;5;8;.625;1;8;9;3;3;3;4;2;27;-1;
Avery Bradley;28:31;1;6;.167;0;3;.000;0;0;;1;2;3;2;1;0;1;0;2;+2;
Kent Bazemore;26:43;3;7;.429;1;3;.333;0;0;;1;3;4;1;2;0;0;5;7;+2;
Carmelo Anthony;29:21;6;9;.667;3;5;.600;0;0;;0;2;2;1;0;0;0;2;15;+1;
Austin Reaves;20:48;1;3;.333;0;2;.000;0;0;;0;2;2;0;1;1;1;3;2;+2;
DeAndre Jordan;15:58;4;5;.800;0;0;;0;0;;3;6;9;0;0;0;3;2;8;+3;
Malik Monk;13:10;0;3;.000;0;1;.000;1;2;.500;0;1;1;2;1;0;1;1;1;-1;
Wayne Ellington;Did Not Play;
Rajon Rondo;Did Not Play;
Dwight Howard;Did Not Dress;
Team Totals;240;49;93;.527;6;25;.240;15;20;.750;11;32;43;26;10;4;17;19;119;;
Home Advanced
Russell Westbrook;37:11;.551;.476;.190;.381;17.0;12.0;14.3;25.0;0.0;0.0;10.9;29.9;121;116;0.9;
LeBron James;36:16;.686;.667;.190;.095;0.0;12.3;6.5;41.6;2.5;0.0;15.5;28.8;128;110;9.7;
Anthony Davis;32:02;.627;.611;.167;.444;3.9;27.9;16.6;13.8;4.2;9.2;15.7;32.2;112;97;6.9;
Avery Bradley;28:31;.167;.167;.500;.000;4.4;7.8;6.2;7.1;1.6;0.0;14.3;9.9;59;114;-9.0;
Kent Bazemore;26:43;.500;.500;.429;.000;4.7;12.5;8.9;4.1;3.4;0.0;0.0;10.6;119;107;-2.9;
Carmelo Anthony;29:21;.833;.833;.556;.000;0.0;7.6;4.0;4.2;0.0;0.0;0.0;12.4;169;117;2.4;
Austin Reaves;20:48;.333;.333;.667;.000;0.0;10.7;5.7;0.0;2.2;4.7;25.0;7.8;52;108;-9.0;
DeAndre Jordan;15:58;.800;.800;.000;.000;23.7;41.9;33.4;0.0;0.0;0.0;37.5;20.2;102;109;-6.1;
Malik Monk;13:10;.129;.000;.333;.667;0.0;8.5;4.5;14.9;3.4;0.0;20.5;15.0;48;109;-12.2;
Wayne Ellington;Did Not Play;
Rajon Rondo;Did Not Play;
Dwight Howard;Did Not Dress;
Team Totals;240;.584;.559;.269;.215;28.9;74.4;53.1;53.1;9.4;8.2;14.3;100.0;112.1;110.2;;
