202111070NYK-HOU;GSW;HOU;False;6:00 PM, November 7, 2021;Madison Square Garden (IV), New York, New York;2:05
107;
120;
Guest Basic
Evan Mobley;35:36;11;15;.733;2;4;.500;2;2;1.000;3;6;9;5;1;1;1;1;26;+26;
Darius Garland;35:17;6;14;.429;4;5;.800;0;0;;0;3;3;5;1;0;3;1;16;+19;
Jarrett Allen;34:27;8;15;.533;0;0;;2;4;.500;6;11;17;4;2;0;3;3;18;+17;
Dean Wade;26:32;2;6;.333;2;5;.400;0;0;;0;3;3;0;3;0;0;4;6;+8;
Collin Sexton;12:31;4;8;.500;0;3;.000;0;0;;0;1;1;4;0;0;0;1;8;+2;
Ricky Rubio;31:20;13;19;.684;8;9;.889;3;3;1.000;0;3;3;10;1;0;4;1;37;+6;
Cedi Osman;31:03;0;5;.000;0;5;.000;2;2;1.000;1;4;5;2;0;1;3;3;2;+1;
Dylan Windler;16:41;3;5;.600;3;4;.750;0;0;;0;4;4;1;0;0;1;2;9;+2;
Lamar Stevens;14:17;1;2;.500;0;0;;0;0;;1;2;3;0;0;0;0;2;2;0;
Denzel Valentine;1:08;1;1;1.000;0;0;;0;0;;0;0;0;0;0;0;0;0;2;+2;
Tacko Fall;1:08;0;0;;0;0;;0;0;;0;0;0;0;0;0;0;0;0;+2;
Team Totals;240;49;90;.544;19;35;.543;9;11;.818;11;37;48;31;8;2;15;18;126;;
Guest Advanced
Evan Mobley;35:36;.819;.800;.267;.133;11.2;18.4;15.2;19.7;1.4;2.5;5.9;20.7;168;112;13.9;
Darius Garland;35:17;.571;.571;.357;.000;0.0;9.3;5.1;16.7;1.4;0.0;17.6;21.1;110;116;-4.0;
Jarrett Allen;34:27;.537;.533;.000;.267;23.2;34.8;29.6;14.7;2.9;0.0;15.2;25.1;118;108;-0.5;
Dean Wade;26:32;.500;.500;.833;.000;0.0;12.3;6.8;0.0;5.6;0.0;0.0;9.9;109;106;-1.2;
Collin Sexton;12:31;.500;.500;.375;.000;0.0;8.7;4.8;45.6;0.0;0.0;0.0;27.9;132;119;-0.3;
Ricky Rubio;31:20;.910;.895;.474;.158;0.0;10.4;5.7;52.7;1.6;0.0;16.4;33.9;158;115;22.7;
Cedi Osman;31:03;.170;.000;1.000;.400;4.3;14.1;9.7;6.3;0.0;2.9;33.8;12.5;52;116;-14.5;
Dylan Windler;16:41;.900;.900;.800;.000;0.0;26.2;14.4;7.1;0.0;0.0;16.7;15.7;141;116;5.0;
Lamar Stevens;14:17;.500;.500;.000;.000;9.3;15.3;12.6;0.0;0.0;0.0;0.0;6.1;131;118;-7.1;
Tacko Fall;1:08;;;;;0.0;0.0;0.0;0.0;0.0;0.0;;0.0;0;121;-4.8;
Denzel Valentine;1:08;1.000;1.000;.000;.000;0.0;0.0;0.0;0.0;0.0;0.0;0.0;38.6;200;121;25.0;
Team Totals;240;.664;.650;.389;.122;30.6;84.1;60.0;63.3;8.3;3.7;13.7;100.0;130.7;113.1;;
Home Basic
Julius Randle;36:55;7;17;.412;1;5;.200;4;5;.800;0;7;7;7;1;1;2;3;19;-22;
RJ Barrett;29:52;3;13;.231;0;6;.000;0;0;;1;2;3;1;0;0;4;2;6;-14;
Evan Fournier;29:07;5;13;.385;2;7;.286;3;3;1.000;1;2;3;1;2;0;1;0;15;-9;
Derrick Rose;28:58;8;14;.571;1;2;.500;0;0;;0;1;1;5;1;0;0;0;17;-20;
Mitchell Robinson;16:56;3;3;1.000;0;0;;2;2;1.000;4;3;7;1;0;5;0;2;8;-11;
Nerlens Noel;30:02;2;2;1.000;0;0;;1;1;1.000;1;5;6;0;3;3;2;3;5;-4;
Alec Burks;21:57;2;7;.286;1;2;.500;5;6;.833;0;1;1;0;1;0;0;1;10;+3;
Immanuel Quickley;20:06;3;8;.375;2;5;.400;4;4;1.000;0;1;1;5;1;0;0;0;12;-4;
Quentin Grimes;12:00;2;3;.667;2;3;.667;0;0;;0;1;1;0;0;0;0;0;6;-3;
Obi Toppin;11:05;4;4;1.000;0;0;;3;3;1.000;0;2;2;1;0;0;1;3;11;+5;
Miles McBride;1:08;0;1;.000;0;1;.000;0;0;;0;0;0;0;0;0;0;0;0;-2;
Kevin Knox;1:02;0;0;;0;0;;0;0;;0;0;0;0;0;0;0;0;0;-2;
Jericho Sims;0:52;0;0;;0;0;;0;0;;0;0;0;0;0;0;0;0;0;-2;
Team Totals;240;39;85;.459;9;31;.290;22;24;.917;7;25;32;21;9;9;10;14;109;;
Home Advanced
Julius Randle;36:55;.495;.441;.294;.294;0.0;25.3;11.4;30.4;1.3;2.4;9.4;26.1;103;130;-1.0;
RJ Barrett;29:52;.231;.231;.462;.000;3.7;8.9;6.0;4.7;0.0;0.0;23.5;25.9;43;139;-25.3;
Evan Fournier;29:07;.524;.462;.538;.231;3.7;9.2;6.2;5.4;3.4;0.0;6.5;23.9;104;131;-2.7;
Derrick Rose;28:58;.607;.607;.143;.000;0.0;4.6;2.1;32.2;1.7;0.0;0.0;22.0;130;136;2.7;
Mitchell Robinson;16:56;1.031;1.000;.000;.667;25.8;23.6;24.8;9.3;0.0;25.8;0.0;10.4;218;118;15.2;
Nerlens Noel;30:02;1.025;1.000;.000;.500;3.6;22.2;12.0;0.0;5.0;8.7;45.0;6.7;109;118;0.6;
Alec Burks;21:57;.519;.357;.286;.857;0.0;6.1;2.7;0.0;2.3;0.0;0.0;20.0;110;134;-6.3;
Immanuel Quickley;20:06;.615;.500;.625;.500;0.0;6.6;3.0;37.5;2.5;0.0;0.0;22.1;141;134;8.1;
Quentin Grimes;12:00;1.000;1.000;1.000;.000;0.0;11.1;5.0;0.0;0.0;0.0;0.0;11.4;181;139;4.2;
Obi Toppin;11:05;1.034;1.000;.000;.750;0.0;24.1;10.8;20.0;0.0;0.0;15.8;25.9;171;135;8.3;
Miles McBride;1:08;.000;.000;1.000;.000;0.0;0.0;0.0;0.0;0.0;0.0;0.0;40.1;0;141;-48.1;
Kevin Knox;1:02;;;;;0.0;0.0;0.0;0.0;0.0;0.0;;0.0;0;141;-10.0;
Jericho Sims;0:52;;;;;0.0;0.0;0.0;0.0;0.0;0.0;;0.0;0;141;-9.4;
Team Totals;240;.570;.512;.365;.282;15.9;69.4;40.0;53.8;9.3;16.4;9.5;100.0;113.1;130.7;;
