202111170ATL-BOS;ATL;BOS;False;7:30 PM, November 17, 2021;State Farm Arena, Atlanta, Georgia;2:02
99;
110;
Guest Basic
Jayson Tatum;37:46;12;22;.545;5;12;.417;5;6;.833;3;6;9;5;1;1;4;2;34;-7;
Marcus Smart;35:25;3;10;.300;0;4;.000;2;2;1.000;1;2;3;11;2;0;2;1;8;-4;
Al Horford;32:55;5;9;.556;1;4;.250;2;4;.500;2;5;7;2;2;1;2;1;13;-10;
Dennis Schröder;31:55;6;12;.500;1;4;.250;2;2;1.000;0;1;1;3;3;0;3;4;15;-10;
Grant Williams;30:11;6;12;.500;3;8;.375;3;3;1.000;2;4;6;0;0;0;0;4;18;-13;
Josh Richardson;27:01;5;10;.500;1;4;.250;0;0;;0;2;2;2;1;0;1;2;11;-4;
Romeo Langford;13:57;0;2;.000;0;1;.000;0;0;;0;5;5;0;0;0;1;0;0;-5;
Enes Freedom;13:33;0;3;.000;0;0;;0;0;;4;1;5;1;0;0;0;2;0;-1;
Aaron Nesmith;11:09;0;2;.000;0;2;.000;0;0;;0;4;4;0;0;0;0;1;0;-1;
Bruno Fernando;1:32;0;0;;0;0;;0;0;;0;0;0;0;0;0;0;0;0;0;
Juancho Hernangómez;1:32;0;0;;0;0;;0;0;;0;0;0;0;0;0;0;0;0;0;
Payton Pritchard;1:32;0;2;.000;0;2;.000;0;0;;0;0;0;0;0;0;1;0;0;0;
Brodric Thomas;1:32;0;0;;0;0;;0;0;;0;0;0;0;0;0;0;0;0;0;
Jabari Parker;Did Not Play;
Team Totals;240;37;84;.440;11;41;.268;14;17;.824;12;30;42;24;9;2;14;17;99;;
Guest Advanced
Jayson Tatum;37:46;.690;.659;.545;.273;8.3;21.2;13.9;29.2;1.4;2.9;14.0;34.5;125;119;14.1;
Marcus Smart;35:25;.368;.300;.400;.200;2.9;7.5;5.0;45.3;3.0;0.0;15.5;16.5;105;120;-0.7;
Al Horford;32:55;.604;.611;.444;.444;6.3;20.3;12.4;9.8;3.2;3.3;15.7;17.6;110;115;2.6;
Dennis Schröder;31:55;.582;.542;.333;.167;0.0;4.2;1.8;16.1;4.9;0.0;18.9;22.6;100;116;-1.3;
Grant Williams;30:11;.676;.625;.667;.250;6.9;17.7;11.6;0.0;0.0;0.0;0.0;20.1;142;125;2.0;
Josh Richardson;27:01;.550;.550;.400;.000;0.0;9.9;4.3;12.6;1.9;0.0;9.1;18.5;105;122;-2.3;
Romeo Langford;13:57;.000;.000;.500;.000;0.0;47.8;21.0;0.0;0.0;0.0;33.3;9.8;0;121;-14.2;
Enes Freedom;13:33;.000;.000;.000;.000;30.8;9.8;21.6;9.6;0.0;0.0;0.0;10.1;88;126;-12.4;
Aaron Nesmith;11:09;.000;.000;1.000;.000;0.0;47.8;21.0;0.0;0.0;0.0;0.0;8.2;0;120;-14.1;
Bruno Fernando;1:32;;;;;0.0;0.0;0.0;0.0;0.0;0.0;;0.0;0;128;-8.3;
Juancho Hernangómez;1:32;;;;;0.0;0.0;0.0;0.0;0.0;0.0;;0.0;0;128;-6.9;
Payton Pritchard;1:32;.000;.000;1.000;.000;0.0;0.0;0.0;0.0;0.0;0.0;33.3;89.0;0;128;-92.5;
Brodric Thomas;1:32;;;;;0.0;0.0;0.0;0.0;0.0;0.0;;0.0;0;128;-9.5;
Jabari Parker;Did Not Play;
Team Totals;240;.541;.506;.488;.202;26.1;83.3;51.2;64.9;9.8;4.5;13.3;100.0;107.8;119.7;;
Home Basic
Trae Young;35:05;4;12;.333;0;6;.000;10;10;1.000;0;0;0;11;1;0;6;2;18;+9;
John Collins;34:10;9;13;.692;1;1;1.000;1;2;.500;1;10;11;1;2;1;1;4;20;+12;
Kevin Huerter;31:49;7;9;.778;5;7;.714;0;0;;0;5;5;2;1;0;0;3;19;+7;
Clint Capela;31:47;4;7;.571;0;1;.000;1;2;.500;2;10;12;3;1;1;1;0;9;+11;
Bogdan Bogdanović;31:37;4;12;.333;4;10;.400;0;0;;0;1;1;6;0;0;0;2;12;+8;
Cam Reddish;26:57;8;14;.571;1;6;.167;2;2;1.000;1;1;2;1;3;1;1;1;19;-1;
Danilo Gallinari;20:12;3;6;.500;1;4;.250;1;2;.500;0;4;4;0;0;0;0;3;8;+5;
Lou Williams;13:10;1;5;.200;0;0;;0;0;;0;1;1;3;0;0;2;1;2;+2;
Delon Wright;12:55;1;3;.333;1;2;.500;0;0;;2;2;4;1;1;0;0;0;3;+2;
Gorgui Dieng;1:58;0;0;;0;0;;0;0;;0;0;0;0;0;1;0;1;0;+2;
Timothé Luwawu-Cabarrot;0:17;0;0;;0;0;;0;0;;0;0;0;0;0;0;0;0;0;-2;
Jalen Johnson;Did Not Play;
Sharife Cooper;Did Not Play;
Solomon Hill;Did Not Play;
Skylar Mays;Did Not Play;
Team Totals;240;41;81;.506;13;37;.351;15;18;.833;6;34;40;28;9;4;11;17;110;;
Home Advanced
Trae Young;35:05;.549;.333;.500;.833;0.0;0.0;0.0;42.4;1.5;0.0;26.8;30.7;105;115;-5.2;
John Collins;34:10;.720;.731;.077;.154;3.9;30.5;18.8;5.0;3.1;3.3;6.7;20.9;130;99;5.7;
Kevin Huerter;31:49;1.056;1.056;.778;.000;0.0;16.4;9.2;9.9;1.6;0.0;0.0;13.6;195;109;13.1;
Clint Capela;31:47;.571;.571;.143;.286;8.4;32.8;22.1;13.0;1.6;3.5;11.3;13.4;122;101;3.9;
Bogdan Bogdanović;31:37;.500;.500;.833;.000;0.0;3.3;1.9;26.1;0.0;0.0;0.0;18.2;118;117;0.5;
Cam Reddish;26:57;.638;.607;.429;.143;4.9;3.9;4.3;6.7;5.8;4.1;6.3;28.3;119;102;8.4;
Danilo Gallinari;20:12;.581;.583;.667;.333;0.0;20.7;11.6;0.0;0.0;0.0;0.0;16.4;111;111;-5.6;
Lou Williams;13:10;.200;.200;.000;.000;0.0;7.9;4.4;29.3;0.0;0.0;28.6;25.5;54;116;-19.3;
Delon Wright;12:55;.500;.500;.667;.000;20.6;16.2;18.1;10.0;4.0;0.0;0.0;11.2;138;104;6.5;
Gorgui Dieng;1:58;;;;;0.0;0.0;0.0;0.0;0.0;56.8;;0.0;0;88;1.0;
Timothé Luwawu-Cabarrot;0:17;;;;;0.0;0.0;0.0;0.0;0.0;0.0;;0.0;0;119;-6.6;
Jalen Johnson;Did Not Play;
Sharife Cooper;Did Not Play;
Solomon Hill;Did Not Play;
Skylar Mays;Did Not Play;
Team Totals;240;.619;.586;.457;.222;16.7;73.9;48.8;68.3;9.8;9.3;11.0;100.0;119.7;107.8;;
