202111060MIA-PHI;CHI;PHI;False;7:30 PM, November 6, 2021;FTX Arena, Miami, Florida;2:16
114;
105;
Guest Basic
Donovan Mitchell;36:43;14;28;.500;4;15;.267;5;6;.833;0;0;0;7;2;0;2;3;37;+12;
Bojan Bogdanović;33:47;5;11;.455;2;5;.400;4;4;1.000;0;5;5;4;0;0;0;0;16;+16;
Royce O'Neale;32:25;5;7;.714;3;4;.750;2;4;.500;2;3;5;2;6;0;2;2;15;+17;
Mike Conley;32:20;7;11;.636;3;7;.429;1;1;1.000;1;2;3;7;1;1;0;2;18;-3;
Rudy Gobert;28:54;4;5;.800;0;0;;0;2;.000;2;6;8;0;0;1;1;1;8;-20;
Joe Ingles;26:40;1;4;.250;1;4;.250;0;0;;0;1;1;5;0;0;0;0;3;-10;
Hassan Whiteside;18:56;3;4;.750;0;0;;0;0;;2;6;8;1;0;1;0;5;6;+17;
Jordan Clarkson;17:57;3;9;.333;1;6;.167;0;0;;0;0;0;0;1;0;1;4;7;-27;
Eric Paschall;12:18;1;4;.250;1;4;.250;2;2;1.000;0;1;1;0;0;0;0;2;5;-17;
Malik Fitts;Did Not Play;
Jared Butler;Did Not Play;
Miye Oni;Did Not Play;
Trent Forrest;Did Not Play;
Team Totals;240;43;83;.518;15;45;.333;14;19;.737;7;24;31;26;10;3;6;19;115;;
Guest Advanced
Donovan Mitchell;36:43;.604;.571;.536;.214;0.0;0.0;0.0;37.1;2.9;0.0;6.1;43.8;123;132;6.3;
Bojan Bogdanović;33:47;.627;.545;.455;.364;0.0;22.9;10.6;15.8;0.0;0.0;0.0;18.6;141;136;1.3;
Royce O'Neale;32:25;.856;.929;.571;.571;8.2;14.3;11.1;8.3;9.9;0.0;18.6;16.4;139;115;12.9;
Mike Conley;32:20;.787;.773;.636;.091;4.1;9.6;6.6;31.9;1.7;2.6;0.0;17.4;172;132;11.2;
Rudy Gobert;28:54;.680;.800;.000;.400;9.2;32.1;19.8;0.0;0.0;2.9;14.5;11.7;120;132;-5.6;
Joe Ingles;26:40;.375;.375;1.000;.000;0.0;5.8;2.7;21.8;0.0;0.0;0.0;7.4;127;138;-3.9;
Hassan Whiteside;18:56;.750;.750;.000;.000;14.1;49.1;30.3;7.2;0.0;4.4;0.0;10.4;170;128;-1.3;
Jordan Clarkson;17:57;.389;.389;.667;.000;0.0;0.0;0.0;0.0;3.0;0.0;10.0;27.5;69;132;-18.7;
Eric Paschall;12:18;.512;.375;1.000;.500;0.0;12.6;5.8;0.0;0.0;0.0;0.0;19.6;110;137;-11.0;
Malik Fitts;Did Not Play;
Jared Butler;Did Not Play;
Miye Oni;Did Not Play;
Trent Forrest;Did Not Play;
Team Totals;240;.629;.608;.542;.229;19.4;77.4;46.3;60.5;11.1;5.3;6.2;100.0;128.1;131.4;;
Home Basic
Kyle Lowry;36:28;8;11;.727;3;5;.600;1;2;.500;2;10;12;10;1;0;1;3;20;+9;
Jimmy Butler;35:58;11;15;.733;0;0;;5;6;.833;0;3;3;6;0;0;3;0;27;-12;
Bam Adebayo;35:43;7;12;.583;0;0;;3;4;.750;2;4;6;6;1;0;5;4;17;+4;
P.J. Tucker;24:23;2;2;1.000;0;0;;2;2;1.000;1;2;3;1;0;0;0;1;6;-9;
Duncan Robinson;22:37;1;5;.200;1;5;.200;0;0;;0;2;2;1;1;0;0;4;3;-6;
Tyler Herro;34:23;11;18;.611;6;8;.750;1;2;.500;0;2;2;3;0;0;3;2;29;-1;
Markieff Morris;19:47;2;4;.500;0;1;.000;0;0;;1;2;3;3;0;0;2;0;4;+20;
Caleb Martin;18:24;4;6;.667;1;2;.500;0;0;;1;3;4;0;0;1;0;3;9;+11;
Dewayne Dedmon;12:17;1;5;.200;0;0;;1;1;1.000;0;1;1;0;0;0;0;1;3;-1;
Udonis Haslem;Did Not Play;
KZ Okpala;Did Not Play;
Omer Yurtseven;Did Not Play;
Gabe Vincent;Did Not Play;
Team Totals;240;47;78;.603;11;21;.524;13;17;.765;7;29;36;30;3;1;14;18;118;;
Home Advanced
Kyle Lowry;36:28;.842;.864;.455;.182;8.5;36.6;23.6;36.1;1.5;0.0;7.8;17.0;171;124;14.7;
Jimmy Butler;35:58;.765;.733;.000;.400;0.0;11.1;6.0;24.8;0.0;0.0;14.5;27.7;138;132;5.2;
Bam Adebayo;35:43;.618;.583;.000;.333;8.7;14.9;12.0;21.4;1.5;0.0;26.7;25.3;108;127;-2.0;
P.J. Tucker;24:23;1.042;1.000;.000;1.000;6.4;10.9;8.8;4.6;0.0;0.0;0.0;5.7;220;132;2.8;
Duncan Robinson;22:37;.300;.300;1.000;.000;0.0;11.8;6.3;4.7;2.4;0.0;0.0;10.7;78;126;-8.3;
Tyler Herro;34:23;.768;.778;.444;.111;0.0;7.8;4.2;13.2;0.0;0.0;13.7;30.7;126;132;5.6;
Markieff Morris;19:47;.500;.500;.250;.000;7.8;13.5;10.9;17.3;0.0;0.0;33.3;14.6;97;131;-3.4;
Caleb Martin;18:24;.750;.750;.333;.000;8.4;21.7;15.6;0.0;0.0;6.9;0.0;15.7;151;125;2.7;
Dewayne Dedmon;12:17;.276;.200;.000;.200;0.0;10.9;5.8;0.0;0.0;0.0;0.0;21.4;63;132;-18.9;
Udonis Haslem;Did Not Play;
KZ Okpala;Did Not Play;
Omer Yurtseven;Did Not Play;
Gabe Vincent;Did Not Play;
Team Totals;240;.690;.673;.269;.218;22.6;80.6;53.7;63.8;3.3;2.6;14.1;100.0;131.4;128.1;;
