202111140CHO-MIL;ATL;MIL;False;7:00 PM, November 14, 2021;Spectrum Center, Charlotte, North Carolina;2:14
100;
120;
Guest Basic
Stephen Curry;35:42;7;22;.318;3;13;.231;7;7;1.000;1;5;6;10;3;1;3;2;24;+14;
Draymond Green;32:27;5;7;.714;1;2;.500;0;0;;0;6;6;6;0;2;3;3;11;-8;
Andrew Wiggins;32:10;12;19;.632;3;7;.429;1;3;.333;0;6;6;2;0;0;0;1;28;-4;
Jordan Poole;28:36;4;12;.333;2;8;.250;3;3;1.000;0;1;1;3;1;0;3;0;13;-8;
Kevon Looney;20:18;2;4;.500;0;0;;2;4;.500;3;5;8;3;0;0;1;2;6;-7;
Andre Iguodala;24:32;0;1;.000;0;0;;0;0;;0;1;1;3;0;1;1;3;0;-11;
Otto Porter Jr.;15:46;0;2;.000;0;2;.000;0;0;;0;4;4;1;0;1;1;0;0;+5;
Gary Payton II;15:21;2;3;.667;0;1;.000;1;3;.333;2;5;7;1;2;0;0;3;5;-6;
Damion Lee;14:53;2;10;.200;0;4;.000;0;0;;2;1;3;1;0;0;1;0;4;-1;
Nemanja Bjelica;10:25;0;4;.000;0;2;.000;2;2;1.000;0;2;2;1;0;1;2;1;2;-5;
Jonathan Kuminga;9:50;4;6;.667;0;0;;1;3;.333;3;2;5;0;2;1;0;2;9;+11;
Moses Moody;Did Not Play;
Juan Toscano-Anderson;Did Not Play;
Team Totals;240;38;90;.422;9;39;.231;17;25;.680;11;38;49;31;8;7;15;17;102;;
Guest Advanced
Stephen Curry;35:42;.478;.386;.591;.318;2.9;16.0;9.2;47.0;4.0;2.6;10.7;32.5;104;101;9.8;
Draymond Green;32:27;.786;.786;.286;.000;0.0;21.1;10.1;29.0;0.0;5.7;30.0;12.8;111;106;2.8;
Andrew Wiggins;32:10;.689;.711;.368;.158;0.0;21.3;10.2;14.9;0.0;0.0;0.0;26.1;131;112;10.2;
Jordan Poole;28:36;.488;.417;.667;.250;0.0;4.0;1.9;16.1;1.7;0.0;18.4;23.6;87;110;-4.3;
Kevon Looney;20:18;.521;.500;.000;1.000;15.4;28.1;21.5;21.3;0.0;0.0;14.8;13.8;117;111;0.4;
Andre Iguodala;24:32;.000;.000;.000;.000;0.0;4.7;2.2;15.4;0.0;3.8;50.0;3.4;62;110;-7.9;
Otto Porter Jr.;15:46;.000;.000;1.000;.000;0.0;29.0;13.8;8.0;0.0;5.9;33.3;7.9;19;106;-8.5;
Gary Payton II;15:21;.579;.667;.333;1.000;13.6;37.2;24.9;9.9;6.2;0.0;0.0;11.6;132;96;6.1;
Damion Lee;14:53;.200;.200;.400;.000;14.0;7.7;11.0;10.2;0.0;0.0;9.1;30.6;55;114;-18.4;
Nemanja Bjelica;10:25;.205;.000;.500;.500;0.0;21.9;10.5;12.1;0.0;8.9;29.1;27.3;40;103;-17.9;
Jonathan Kuminga;9:50;.615;.667;.000;.500;31.8;23.2;27.7;0.0;9.7;9.4;0.0;30.8;130;80;21.8;
Moses Moody;Did Not Play;
Juan Toscano-Anderson;Did Not Play;
Team Totals;240;.505;.472;.433;.278;23.9;90.5;55.7;81.6;8.0;13.5;12.9;100.0;101.6;105.6;;
Home Basic
Miles Bridges;41:35;9;16;.563;2;6;.333;2;3;.667;1;7;8;3;1;0;1;4;22;+12;
LaMelo Ball;37:32;8;17;.471;4;8;.500;1;1;1.000;0;7;7;5;3;0;4;5;21;+13;
Terry Rozier;32:10;7;14;.500;3;8;.375;3;3;1.000;0;0;0;1;1;2;2;1;20;-4;
Gordon Hayward;31:20;4;12;.333;2;5;.400;0;0;;0;3;3;4;0;0;0;0;10;+5;
Mason Plumlee;28:46;2;4;.500;0;0;;1;2;.500;1;2;3;6;1;0;1;3;5;+4;
Cody Martin;28:15;5;9;.556;1;2;.500;1;3;.333;2;6;8;3;2;0;0;3;12;+4;
Jalen McDaniels;21:02;3;7;.429;0;2;.000;0;0;;0;5;5;1;1;0;1;2;6;-7;
Kelly Oubre Jr.;15:57;4;8;.500;2;5;.400;0;0;;0;4;4;0;1;0;1;3;10;-2;
Ish Smith;3:23;0;1;.000;0;0;;0;0;;0;1;1;0;0;0;1;0;0;-5;
Vernon Carey Jr.;Did Not Play;
Nick Richards;Did Not Play;
Kai Jones;Did Not Play;
James Bouknight;Did Not Play;
Team Totals;240;42;88;.477;14;36;.389;8;12;.667;4;35;39;23;10;2;11;21;106;;
Home Advanced
Miles Bridges;41:35;.635;.625;.375;.188;2.7;17.6;10.5;11.0;1.1;0.0;5.5;20.3;123;103;2.8;
LaMelo Ball;37:32;.602;.588;.471;.059;0.0;19.5;10.2;20.1;3.8;0.0;18.7;26.3;101;97;3.1;
Terry Rozier;32:10;.653;.607;.571;.214;0.0;0.0;0.0;4.7;1.5;5.9;11.5;24.8;111;105;4.7;
Gordon Hayward;31:20;.417;.417;.417;.000;0.0;10.0;5.2;17.1;0.0;0.0;0.0;17.6;96;109;-2.2;
Mason Plumlee;28:46;.512;.500;.000;.500;4.0;7.3;5.7;25.9;1.7;0.0;17.0;9.4;125;105;3.1;
Cody Martin;28:15;.581;.611;.222;.333;8.1;22.2;15.4;15.2;3.4;0.0;0.0;16.8;130;97;6.5;
Jalen McDaniels;21:02;.429;.429;.286;.000;0.0;24.8;13.0;6.5;2.3;0.0;12.5;17.5;77;99;-5.1;
Kelly Oubre Jr.;15:57;.625;.625;.625;.000;0.0;26.2;13.7;0.0;3.0;0.0;11.1;26.0;99;96;1.3;
Ish Smith;3:23;.000;.000;.000;.000;0.0;30.8;16.1;0.0;0.0;0.0;50.0;27.2;0;102;-30.3;
Vernon Carey Jr.;Did Not Play;
Nick Richards;Did Not Play;
Kai Jones;Did Not Play;
James Bouknight;Did Not Play;
Team Totals;240;.568;.557;.409;.136;9.5;76.1;44.3;54.8;10.0;3.9;10.5;100.0;105.6;101.6;;
