202111150CLE-ORL;ATL;ORL;False;7:00 PM, November 15, 2021;Rocket Mortgage Fieldhouse, Cleveland, Ohio;2:09
111;
129;
Guest Basic
Marcus Smart;36:48;6;13;.462;1;5;.200;1;2;.500;0;4;4;5;2;0;3;0;14;+1;
Jayson Tatum;35:40;7;20;.350;2;8;.250;7;7;1.000;1;7;8;5;1;2;2;2;23;+4;
Dennis Schröder;34:26;5;11;.455;0;1;.000;4;4;1.000;0;2;2;3;1;0;3;4;14;+2;
Al Horford;31:41;7;10;.700;3;4;.750;0;0;;0;9;9;3;0;2;1;3;17;+8;
Robert Williams;13:13;0;2;.000;0;0;;0;0;;1;5;6;0;0;0;1;1;0;-8;
Josh Richardson;25:29;4;6;.667;1;2;.500;0;0;;1;4;5;1;0;2;1;2;9;0;
Grant Williams;23:31;4;7;.571;3;6;.500;0;0;;0;4;4;1;1;0;0;2;11;+10;
Romeo Langford;15:28;0;1;.000;0;0;;1;4;.250;1;2;3;2;2;0;0;0;1;+1;
Aaron Nesmith;10:50;1;3;.333;0;2;.000;2;2;1.000;0;3;3;1;0;0;1;1;4;+3;
Enes Freedom;8:02;2;3;.667;0;0;;1;1;1.000;2;0;2;0;0;0;2;1;5;+5;
Payton Pritchard;4:52;0;2;.000;0;1;.000;0;0;;0;0;0;2;0;0;0;0;0;+4;
Juancho Hernangómez;Did Not Play;
Bruno Fernando;Did Not Play;
Jabari Parker;Did Not Play;
Team Totals;240;36;78;.462;10;29;.345;16;20;.800;6;40;46;23;7;6;14;16;98;;
Guest Advanced
Marcus Smart;36:48;.504;.500;.385;.154;0.0;11.1;5.9;23.1;2.8;0.0;17.8;21.8;91;99;-1.8;
Jayson Tatum;35:40;.498;.400;.400;.350;3.3;20.0;12.2;25.3;1.4;6.3;8.0;33.5;103;95;5.1;
Dennis Schröder;34:26;.549;.455;.091;.364;0.0;5.9;3.2;14.4;1.5;0.0;19.0;21.8;95;103;-6.5;
Al Horford;31:41;.850;.850;.400;.000;0.0;29.0;15.5;17.9;0.0;7.0;9.1;16.5;146;96;11.5;
Robert Williams;13:13;.000;.000;.000;.000;8.9;38.6;24.8;0.0;0.0;0.0;33.3;10.8;26;98;-14.5;
Josh Richardson;25:29;.750;.750;.333;.000;4.6;16.0;10.7;6.6;0.0;8.8;14.3;13.1;125;98;4.1;
Grant Williams;23:31;.786;.786;.857;.000;0.0;17.4;9.3;7.3;2.2;0.0;0.0;14.2;146;98;8.1;
Romeo Langford;15:28;.181;.000;.000;4.000;7.6;13.2;10.6;17.2;6.6;0.0;0.0;8.5;89;89;5.1;
Aaron Nesmith;10:50;.515;.333;.667;.667;0.0;28.3;15.1;14.0;0.0;0.0;20.5;21.5;92;101;-5.6;
Enes Freedom;8:02;.727;.667;.000;.333;29.1;0.0;13.6;0.0;0.0;0.0;36.8;32.2;99;108;-9.5;
Payton Pritchard;4:52;.000;.000;.500;.000;0.0;0.0;0.0;54.8;0.0;0.0;0.0;19.6;53;109;-9.9;
Juancho Hernangómez;Did Not Play;
Bruno Fernando;Did Not Play;
Jabari Parker;Did Not Play;
Team Totals;240;.565;.526;.372;.256;14.6;85.1;52.3;63.9;7.5;14.0;13.9;100.0;104.4;98.0;;
Home Basic
Ricky Rubio;37:13;9;20;.450;4;8;.500;6;7;.857;0;6;6;2;0;0;3;2;28;-7;
Dean Wade;35:08;0;4;.000;0;2;.000;0;0;;0;8;8;0;0;0;0;4;0;-5;
Darius Garland;34:43;6;15;.400;3;7;.429;2;3;.667;0;1;1;2;1;0;3;2;17;-9;
Isaac Okoro;31:32;4;8;.500;1;4;.250;3;4;.750;1;4;5;3;3;0;1;3;12;-4;
Evan Mobley;28:40;0;11;.000;0;2;.000;1;2;.500;3;6;9;5;0;2;3;1;1;-8;
Cedi Osman;31:19;10;17;.588;6;12;.500;0;0;;0;2;2;5;2;0;0;2;26;-2;
Denzel Valentine;22:02;2;7;.286;2;5;.400;0;0;;3;6;9;1;0;0;3;2;6;-4;
Dylan Windler;11:05;1;1;1.000;0;0;;0;0;;0;0;0;0;0;1;0;2;2;+2;
Tacko Fall;8:18;0;0;;0;0;;0;0;;0;2;2;0;0;0;0;0;0;+7;
Kevin Pangos;Did Not Play;
Jarrett Allen;Did Not Dress;
Ed Davis;Did Not Play;
Team Totals;240;32;83;.386;16;40;.400;12;16;.750;7;35;42;18;6;3;13;18;92;;
Home Advanced
Ricky Rubio;37:13;.607;.550;.400;.350;0.0;18.9;8.8;12.6;0.0;0.0;11.5;32.6;108;108;2.4;
Dean Wade;35:08;.000;.000;.500;.000;0.0;26.7;12.4;0.0;0.0;0.0;0.0;5.3;0;107;-11.4;
Darius Garland;34:43;.521;.500;.467;.200;0.0;3.4;1.6;11.7;1.5;0.0;15.5;25.9;89;107;-3.9;
Isaac Okoro;31:32;.615;.563;.500;.500;3.2;14.9;8.6;17.6;4.9;0.0;9.3;15.9;124;98;6.5;
Evan Mobley;28:40;.042;.000;.182;.182;10.7;24.5;17.1;26.2;0.0;6.8;20.2;24.2;42;102;-12.4;
Cedi Osman;31:19;.765;.765;.706;.000;0.0;7.5;3.5;46.0;3.3;0.0;0.0;25.3;153;103;21.7;
Denzel Valentine;22:02;.429;.429;.714;.000;13.9;31.9;22.3;7.9;0.0;0.0;30.0;21.1;77;106;-6.7;
Dylan Windler;11:05;1.000;1.000;.000;.000;0.0;0.0;0.0;0.0;0.0;8.8;0.0;4.2;200;104;-0.8;
Tacko Fall;8:18;;;;;0.0;28.2;13.1;0.0;0.0;0.0;;0.0;0;107;-3.5;
Kevin Pangos;Did Not Play;
Jarrett Allen;Did Not Dress;
Ed Davis;Did Not Play;
Team Totals;240;.511;.482;.482;.193;14.9;85.4;47.7;56.3;6.4;6.1;12.6;100.0;98.0;104.4;;
