202110300DET-UTA;CHI;UTA;False;7:00 PM, October 30, 2021;Little Caesars Arena, Detroit, Michigan;2:12
99;
107;
Guest Basic
Cole Anthony;35:21;6;11;.545;3;4;.750;0;0;;1;9;10;3;0;0;2;2;15;+15;
Mo Bamba;29:27;4;5;.800;2;2;1.000;0;0;;1;2;3;2;0;2;1;3;10;+2;
Franz Wagner;28:25;8;15;.533;3;6;.500;0;0;;1;2;3;2;1;0;1;1;19;-6;
Jalen Suggs;26:18;3;13;.231;0;4;.000;4;4;1.000;2;3;5;6;2;1;2;1;10;+2;
Wendell Carter Jr.;16:47;3;9;.333;1;1;1.000;1;2;.500;2;4;6;2;0;1;3;3;8;-4;
Terrence Ross;24:59;0;5;.000;0;3;.000;3;3;1.000;0;3;3;1;1;2;1;1;3;-22;
R.J. Hampton;19:13;4;7;.571;1;2;.500;2;2;1.000;1;2;3;2;0;0;0;2;11;-6;
Gary Harris;17:32;2;5;.400;0;1;.000;0;0;;2;1;3;1;0;0;3;1;4;-23;
Moritz Wagner;17:09;4;7;.571;4;6;.667;1;4;.250;0;5;5;1;0;0;0;5;13;+9;
Chuma Okeke;14:00;1;3;.333;0;1;.000;0;0;;0;1;1;1;1;0;3;0;2;-14;
Ignas Brazdeikis;7:29;2;3;.667;1;1;1.000;0;0;;1;2;3;0;0;0;1;1;5;+4;
Mychal Mulder;3:20;1;4;.250;1;1;1.000;0;0;;1;0;1;0;0;0;0;1;3;+8;
Robin Lopez;Did Not Play;
Team Totals;240;38;87;.437;16;32;.500;11;15;.733;12;34;46;21;5;6;17;21;103;;
Guest Advanced
Cole Anthony;35:21;.682;.682;.364;.000;3.2;24.0;14.4;13.6;0.0;0.0;15.4;16.0;124;114;-1.2;
Mo Bamba;29:27;1.000;1.000;.400;.000;3.8;6.4;5.2;10.4;0.0;7.1;16.7;8.8;165;120;3.2;
Franz Wagner;28:25;.633;.633;.400;.000;3.9;6.6;5.4;13.8;1.8;0.0;6.3;24.4;126;119;4.4;
Jalen Suggs;26:18;.339;.231;.308;.308;8.5;10.7;9.7;33.7;3.8;4.0;11.9;27.7;93;110;-2.2;
Wendell Carter Jr.;16:47;.405;.389;.111;.222;13.3;22.4;18.3;19.4;0.0;6.2;23.3;33.3;80;111;-11.0;
Terrence Ross;24:59;.237;.000;.600;.600;0.0;11.3;6.1;5.1;2.0;8.4;13.7;12.7;58;112;-8.0;
R.J. Hampton;19:13;.698;.643;.286;.286;5.8;9.8;8.0;17.8;0.0;0.0;0.0;17.8;158;121;3.7;
Gary Harris;17:32;.400;.400;.200;.000;12.7;5.4;8.7;8.4;0.0;0.0;37.5;19.8;68;123;-15.4;
Moritz Wagner;17:09;.742;.857;.857;.571;0.0;27.4;14.9;10.4;0.0;0.0;0.0;22.2;145;111;7.5;
Chuma Okeke;14:00;.333;.333;.333;.000;0.0;6.7;3.6;9.9;3.6;0.0;50.0;18.6;42;114;-14.1;
Ignas Brazdeikis;7:29;.833;.833;.333;.000;14.9;25.2;20.5;0.0;0.0;0.0;25.0;23.2;116;113;2.0;
Mychal Mulder;3:20;.375;.375;.250;.000;33.5;0.0;15.3;0.0;0.0;0.0;0.0;52.1;93;126;-13.8;
Robin Lopez;Did Not Play;
Team Totals;240;.550;.529;.368;.172;27.9;66.7;48.9;55.3;5.3;13.0;15.4;100.0;108.2;115.5;;
Home Basic
Jerami Grant;35:05;6;14;.429;1;6;.167;9;10;.900;2;5;7;5;1;0;1;2;22;-3;
Saddiq Bey;33:52;4;17;.235;3;8;.375;2;2;1.000;3;4;7;1;1;1;0;2;13;-4;
Killian Hayes;21:45;1;5;.200;1;4;.250;0;0;;1;0;1;3;0;0;3;2;3;-8;
Isaiah Stewart;21:23;5;8;.625;0;1;.000;1;2;.500;3;5;8;0;2;1;2;2;11;-6;
Cade Cunningham;18:55;1;8;.125;0;5;.000;0;0;;2;5;7;2;0;1;2;0;2;+1;
Kelly Olynyk;27:56;6;12;.500;3;6;.500;3;5;.600;1;5;6;4;3;2;0;3;18;+10;
Cory Joseph;26:37;3;6;.500;2;3;.667;3;4;.750;0;1;1;6;2;0;1;4;11;+13;
Josh Jackson;23:17;5;8;.625;3;5;.600;0;1;.000;2;5;7;2;2;1;1;3;13;+21;
Frank Jackson;18:15;2;3;.667;1;2;.500;0;0;;2;1;3;1;1;0;1;0;5;+1;
Trey Lyles;12:55;3;8;.375;0;3;.000;6;6;1.000;1;0;1;2;0;0;2;0;12;+10;
Hamidou Diallo;Did Not Play;
Jamorko Pickett;Did Not Play;
Rodney McGruder;Did Not Play;
Luka Garza;Did Not Play;
Saben Lee;Did Not Play;
Team Totals;240;36;89;.404;14;43;.326;24;30;.800;17;31;48;26;12;6;13;18;110;;
Home Advanced
Jerami Grant;35:05;.598;.464;.429;.714;5.4;15.9;10.2;24.6;1.4;0.0;5.2;23.0;138;112;3.1;
Saddiq Bey;33:52;.364;.324;.471;.118;8.3;13.2;10.6;4.7;1.5;2.6;0.0;22.0;97;111;-7.6;
Killian Hayes;21:45;.300;.300;.800;.000;4.3;0.0;2.3;19.6;0.0;0.0;37.5;15.3;63;121;-17.0;
Isaiah Stewart;21:23;.619;.625;.125;.250;13.2;26.1;19.1;0.0;4.7;4.1;18.4;21.2;105;98;-1.8;
Cade Cunningham;18:55;.125;.125;.625;.000;10.0;29.5;18.9;15.2;0.0;4.6;20.0;22.0;48;108;-18.0;
Kelly Olynyk;27:56;.634;.625;.500;.417;3.4;20.0;11.0;26.8;5.4;6.2;0.0;21.2;144;97;14.6;
Cory Joseph;26:37;.709;.667;.500;.667;0.0;4.2;1.9;35.4;3.8;0.0;11.4;13.7;148;110;3.7;
Josh Jackson;23:17;.770;.813;.625;.125;8.1;24.0;15.4;16.0;4.3;3.7;10.6;16.9;138;100;10.6;
Frank Jackson;18:15;.833;.833;.667;.000;10.3;6.1;8.4;8.6;2.8;0.0;25.0;9.1;132;113;0.4;
Trey Lyles;12:55;.564;.375;.375;.750;7.3;0.0;4.0;29.9;0.0;0.0;15.8;40.8;113;121;-1.6;
Hamidou Diallo;Did Not Play;
Jamorko Pickett;Did Not Play;
Rodney McGruder;Did Not Play;
Luka Garza;Did Not Play;
Saben Lee;Did Not Play;
Team Totals;240;.538;.483;.483;.337;33.3;72.1;51.1;72.2;12.6;10.9;11.3;100.0;115.5;108.2;;
