202111130ORL-BOS;CLE;BOS;False;7:00 PM, November 13, 2021;Amway Center, Orlando, Florida;2:03
89;
91;
Guest Basic
Kyle Kuzma;34:39;6;14;.429;3;10;.300;2;4;.500;0;10;10;1;1;2;3;1;17;-2;
Aaron Holiday;34:34;5;9;.556;1;1;1.000;0;0;;0;2;2;4;2;1;2;3;11;-8;
Kentavious Caldwell-Pope;31:37;3;13;.231;2;9;.222;2;2;1.000;1;3;4;1;1;1;2;1;10;-6;
Spencer Dinwiddie;31:20;10;18;.556;3;9;.333;0;0;;1;10;11;6;0;1;3;4;23;-3;
Daniel Gafford;26:32;1;3;.333;0;0;;2;2;1.000;1;3;4;2;0;1;0;5;4;-2;
Montrezl Harrell;20:56;9;13;.692;0;0;;2;2;1.000;0;6;6;7;0;0;0;0;20;+14;
Deni Avdija;18:15;3;4;.750;2;3;.667;0;0;;1;5;6;1;1;1;1;0;8;+22;
Raul Neto;16:40;4;6;.667;1;1;1.000;0;0;;0;1;1;5;1;0;4;3;9;+15;
Corey Kispert;15:43;0;3;.000;0;2;.000;0;0;;1;1;2;2;0;0;0;0;0;+16;
Anthony Gill;9:44;1;1;1.000;0;0;;0;0;;2;0;2;0;0;0;0;0;2;+14;
Bradley Beal;Not With Team;
Team Totals;240;42;84;.500;12;35;.343;8;10;.800;7;41;48;29;6;7;15;17;104;;
Guest Advanced
Kyle Kuzma;34:39;.539;.536;.714;.286;0.0;25.2;15.1;4.1;1.5;5.3;16.0;25.1;88;89;-2.3;
Aaron Holiday;34:34;.611;.611;.111;.000;0.0;5.0;3.0;15.8;2.9;2.7;18.2;14.8;107;98;-0.8;
Kentavious Caldwell-Pope;31:37;.360;.308;.692;.154;4.1;8.3;6.6;4.1;1.6;2.9;12.6;23.3;72;100;-10.2;
Spencer Dinwiddie;31:20;.639;.639;.500;.000;4.1;27.9;18.3;34.4;0.0;2.9;14.3;31.1;115;93;4.6;
Daniel Gafford;26:32;.515;.333;.000;.667;4.9;9.9;7.9;9.0;0.0;3.5;0.0;6.8;137;102;-6.1;
Montrezl Harrell;20:56;.720;.692;.000;.154;0.0;25.0;15.0;75.1;0.0;0.0;0.0;30.8;157;96;23.7;
Deni Avdija;18:15;1.000;1.000;.750;.000;7.1;23.9;17.2;7.7;2.8;5.1;20.0;12.7;145;87;11.7;
Raul Neto;16:40;.750;.750;.167;.000;0.0;5.2;3.1;47.2;3.0;0.0;40.0;27.9;99;99;-1.9;
Corey Kispert;15:43;.000;.000;.667;.000;8.3;5.6;6.6;14.5;0.0;0.0;0.0;8.9;63;106;-9.9;
Anthony Gill;9:44;1.000;1.000;.000;.000;26.7;0.0;10.7;0.0;0.0;0.0;0.0;4.8;215;110;-1.5;
Bradley Beal;Not With Team;
Team Totals;240;.588;.571;.417;.119;18.9;74.5;52.2;69.0;6.3;13.5;14.5;100.0;109.0;96.4;;
Home Basic
Franz Wagner;34:52;2;11;.182;0;1;.000;4;4;1.000;1;3;4;0;1;1;0;3;8;+8;
Cole Anthony;33:48;4;16;.250;3;9;.333;11;12;.917;0;4;4;8;0;1;4;2;22;-1;
Wendell Carter Jr.;32:06;6;11;.545;4;6;.667;1;2;.500;3;4;7;2;3;0;2;3;17;+10;
Mo Bamba;26:18;6;17;.353;2;9;.222;0;0;;6;11;17;3;1;3;2;2;14;-17;
Jalen Suggs;24:14;4;10;.400;0;1;.000;0;0;;2;1;3;2;1;0;3;0;8;-7;
Terrence Ross;31:07;3;9;.333;1;5;.200;0;0;;1;1;2;4;0;0;1;0;7;-21;
R.J. Hampton;24:00;3;8;.375;1;3;.333;1;2;.500;0;3;3;2;1;0;0;2;8;+8;
Chuma Okeke;18:34;2;6;.333;2;4;.500;0;0;;0;2;2;0;0;0;1;1;6;-21;
Gary Harris;14:12;1;4;.250;0;2;.000;0;0;;1;0;1;0;0;0;0;2;2;-17;
Moritz Wagner;0:49;0;0;;0;0;;0;0;;0;1;1;0;0;0;0;0;0;-2;
Ignas Brazdeikis;Did Not Play;
Robin Lopez;Did Not Play;
Mychal Mulder;Did Not Play;
Team Totals;240;31;92;.337;13;40;.325;17;20;.850;14;30;44;21;7;5;13;15;92;;
Home Advanced
Franz Wagner;34:52;.313;.182;.091;.364;2.5;11.2;6.0;0.0;1.4;2.8;0.0;15.4;77;110;-10.1;
Cole Anthony;33:48;.517;.344;.563;.750;0.0;15.4;6.2;44.9;0.0;2.9;15.8;31.5;105;112;3.7;
Wendell Carter Jr.;32:06;.715;.727;.545;.182;8.2;16.2;11.4;13.6;4.7;0.0;14.4;18.2;123;104;7.5;
Mo Bamba;26:18;.412;.412;.529;.000;19.9;54.3;33.7;27.3;1.9;11.2;10.5;30.5;93;95;5.9;
Jalen Suggs;24:14;.400;.400;.100;.000;7.2;5.4;6.5;17.2;2.1;0.0;23.1;22.6;73;112;-8.4;
Terrence Ross;31:07;.389;.389;.556;.000;2.8;4.2;3.4;23.4;0.0;0.0;10.0;13.6;92;117;-5.9;
R.J. Hampton;24:00;.450;.438;.375;.250;0.0;16.2;6.5;16.0;2.1;0.0;0.0;15.6;103;110;-2.7;
Chuma Okeke;18:34;.500;.500;.667;.000;0.0;14.0;5.6;0.0;0.0;0.0;14.3;15.9;82;115;-7.7;
Gary Harris;14:12;.250;.250;.500;.000;6.1;0.0;3.7;0.0;0.0;0.0;0.0;11.9;67;117;-15.1;
Moritz Wagner;0:49;;;;;0.0;100.0;63.9;0.0;0.0;0.0;;0.0;0;91;-3.3;
Ignas Brazdeikis;Did Not Play;
Robin Lopez;Did Not Play;
Mychal Mulder;Did Not Play;
Team Totals;240;.456;.408;.435;.217;25.5;81.1;47.8;67.7;7.3;10.2;11.4;100.0;96.4;109.0;;
