202112010OKC-PHI;BOS;PHI;False;8:00 PM, December 1, 2021;Paycom Center, Oklahoma City, Oklahoma;2:19
87;
88;
Guest Basic
Garrison Mathews;36:00;4;7;.571;4;7;.571;2;2;1.000;0;2;2;0;1;0;0;3;14;+13;
Jae'Sean Tate;35:24;11;15;.733;1;2;.500;9;10;.900;4;6;10;7;2;5;3;3;32;+6;
Eric Gordon;32:08;3;12;.250;2;7;.286;0;0;;0;1;1;6;0;0;6;1;8;+1;
Kevin Porter Jr.;13:03;3;7;.429;3;5;.600;1;2;.500;0;2;2;1;2;0;1;1;10;-1;
Christian Wood;9:18;0;1;.000;0;1;.000;0;0;;0;0;0;0;0;1;0;0;0;-11;
Armoni Brooks;29:34;7;10;.700;4;7;.571;0;0;;0;4;4;0;1;2;1;3;18;+15;
Daniel Theis;21:02;0;1;.000;0;1;.000;1;2;.500;1;8;9;2;0;1;1;2;1;+12;
Kenyon Martin Jr.;18:49;6;8;.750;0;2;.000;0;0;;1;3;4;2;1;0;1;3;12;0;
Josh Christopher;15:48;3;8;.375;1;2;.500;3;3;1.000;2;3;5;1;0;0;1;4;10;-3;
Danuel House Jr.;15:29;1;6;.167;0;3;.000;2;2;1.000;0;1;1;2;0;1;4;1;4;-6;
Alperen Şengün;13:25;2;4;.500;0;0;;1;1;1.000;0;2;2;4;2;2;0;4;5;-6;
David Nwaba;Did Not Play;
Daishen Nix;Did Not Play;
Team Totals;240;40;79;.506;15;37;.405;19;22;.864;8;32;40;25;9;12;18;25;114;;
Guest Advanced
Garrison Mathews;36:00;.888;.857;1.000;.286;0.0;6.3;3.6;0.0;1.4;0.0;0.0;9.8;174;120;-1.4;
Jae'Sean Tate;35:24;.825;.767;.133;.667;16.4;19.4;18.1;37.8;2.8;12.8;13.4;28.5;158;105;18.9;
Eric Gordon;32:08;.333;.333;.583;.000;0.0;3.6;2.0;25.2;0.0;0.0;33.3;25.2;66;123;-19.9;
Kevin Porter Jr.;13:03;.635;.643;.714;.286;0.0;17.5;9.8;12.7;7.6;0.0;11.3;30.6;113;104;6.5;
Christian Wood;9:18;.000;.000;1.000;.000;0.0;0.0;0.0;0.0;0.0;9.7;0.0;4.8;0;118;-12.9;
Armoni Brooks;29:34;.900;.900;.700;.000;0.0;15.5;8.7;0.0;1.7;6.1;9.1;16.7;147;113;5.4;
Daniel Theis;21:02;.266;.000;1.000;2.000;6.9;43.5;27.4;11.4;0.0;4.3;34.7;6.2;91;111;-5.8;
Kenyon Martin Jr.;18:49;.750;.750;.250;.000;7.7;18.2;13.6;20.7;2.6;0.0;11.1;21.5;138;114;0.9;
Josh Christopher;15:48;.536;.438;.250;.375;18.4;21.7;20.3;9.8;0.0;0.0;9.7;29.4;116;118;-11.3;
Danuel House Jr.;15:29;.291;.167;.500;.333;0.0;7.4;4.1;16.8;0.0;5.8;36.8;31.6;51;119;-24.8;
Alperen Şengün;13:25;.563;.500;.000;.250;0.0;17.0;9.5;43.6;7.4;13.5;0.0;14.9;151;95;13.3;
David Nwaba;Did Not Play;
Daishen Nix;Did Not Play;
Team Totals;240;.643;.601;.468;.278;24.2;76.2;53.3;62.5;9.3;22.6;16.9;100.0;117.6;113.5;;
Home Basic
Shai Gilgeous-Alexander;37:39;12;26;.462;1;8;.125;14;16;.875;1;3;4;2;0;1;1;2;39;-15;
Luguentz Dort;36:02;7;13;.538;4;8;.500;1;2;.500;0;2;2;4;2;1;2;4;19;+11;
Jeremiah Robinson-Earl;33:55;5;9;.556;0;2;.000;2;4;.500;4;5;9;4;1;0;1;4;12;-8;
Tre Mann;32:04;4;13;.308;2;7;.286;1;1;1.000;1;1;2;0;0;0;3;1;11;-7;
Darius Bazley;25:19;2;6;.333;0;0;;0;0;;2;5;7;1;3;1;2;0;4;-2;
Paul Watson;18:39;1;2;.500;1;2;.500;0;0;;0;2;2;1;0;0;0;0;3;-3;
Ty Jerome;15:56;5;7;.714;0;1;.000;1;1;1.000;0;0;0;0;0;0;1;3;11;+5;
Isaiah Roby;14:05;2;5;.400;0;2;.000;2;3;.667;0;3;3;3;1;2;0;0;6;+4;
Aaron Wiggins;10:07;0;0;;0;0;;0;0;;0;1;1;0;0;0;0;5;0;-10;
Aleksej Pokusevski;8:28;2;4;.500;0;2;.000;0;0;;1;1;2;1;1;1;0;1;4;+11;
Théo Maledon;7:46;0;0;;0;0;;1;2;.500;1;2;3;0;1;0;3;1;1;-6;
Gabriel Deck;Did Not Play;
Vit Krejci;Did Not Play;
Team Totals;240;40;85;.471;8;32;.250;22;29;.759;10;25;35;16;9;6;13;21;110;;
Home Advanced
Shai Gilgeous-Alexander;37:39;.590;.481;.308;.615;3.0;11.6;6.8;10.3;0.0;3.0;2.9;39.2;127;123;3.8;
Luguentz Dort;36:02;.684;.692;.615;.154;0.0;8.1;3.6;17.4;2.7;3.2;12.6;19.1;127;117;3.5;
Jeremiah Robinson-Earl;33:55;.558;.556;.222;.444;13.5;21.4;17.0;17.2;1.5;0.0;8.5;15.0;128;120;-1.3;
Tre Mann;32:04;.409;.385;.538;.077;3.6;4.5;4.0;0.0;0.0;0.0;18.2;22.2;74;127;-15.5;
Darius Bazley;25:19;.333;.333;.000;.000;9.0;28.7;17.7;5.2;5.9;4.5;25.0;13.7;72;105;-3.8;
Paul Watson;18:39;.750;.750;1.000;.000;0.0;15.6;6.9;6.9;0.0;0.0;0.0;4.6;164;124;-2.4;
Ty Jerome;15:56;.739;.714;.143;.143;0.0;0.0;0.0;0.0;0.0;0.0;11.8;23.0;127;127;-6.6;
Isaiah Roby;14:05;.475;.400;.400;.600;0.0;31.0;13.6;30.8;3.5;16.2;0.0;19.4;120;104;11.2;
Aaron Wiggins;10:07;;;;;0.0;14.4;6.3;0.0;0.0;0.0;;0.0;0;124;-18.4;
Aleksej Pokusevski;8:28;.500;.500;.500;.000;13.5;17.2;15.1;19.8;5.9;13.5;0.0;20.5;124;102;8.7;
Théo Maledon;7:46;.568;;;;14.7;37.5;24.7;0.0;6.4;0.0;77.3;21.6;41;105;-18.2;
Gabriel Deck;Did Not Play;
Vit Krejci;Did Not Play;
Team Totals;240;.563;.518;.376;.341;23.8;75.8;46.7;40.0;9.3;14.3;11.7;100.0;113.5;117.6;;
