202110200UTA-IND;CHO;IND;False;9:00 PM, October 20, 2021;Vivint Smart Home Arena, Salt Lake City, Utah;2:04
122;
123;
Guest Basic
Shai Gilgeous-Alexander;32:40;7;17;.412;1;7;.143;3;5;.600;1;3;4;2;0;0;1;2;18;-21;
Darius Bazley;30:23;5;14;.357;1;7;.143;4;5;.800;1;6;7;2;0;0;1;0;15;-19;
Luguentz Dort;30:07;2;10;.200;1;6;.167;2;4;.500;2;4;6;2;2;0;3;3;7;-21;
Josh Giddey;28:42;2;7;.286;0;0;;0;0;;2;8;10;3;0;0;1;2;4;-16;
Derrick Favors;20:19;2;9;.222;0;0;;0;0;;4;5;9;1;0;1;1;1;4;-13;
Théo Maledon;21:10;1;6;.167;0;3;.000;2;2;1.000;0;2;2;3;0;0;2;1;4;-3;
Kenrich Williams;15:52;3;5;.600;1;2;.500;0;0;;0;0;0;1;0;0;1;2;7;-1;
Aleksej Pokusevski;14:56;0;2;.000;0;2;.000;0;2;.000;1;2;3;3;1;0;2;1;0;-2;
Tre Mann;14:54;4;7;.571;1;2;.500;0;0;;0;0;0;1;1;1;1;0;9;-4;
Isaiah Roby;14:23;4;8;.500;0;3;.000;0;0;;4;2;6;1;0;0;1;2;8;+3;
Jeremiah Robinson-Earl;13:18;4;6;.667;2;3;.667;0;0;;0;2;2;0;0;0;0;1;10;-11;
Vit Krejci;3:14;0;0;;0;0;;0;0;;0;1;1;0;0;0;0;0;0;+3;
Ty Jerome;Did Not Play;
Mike Muscala;Did Not Play;
Gabriel Deck;Did Not Play;
Team Totals;240;34;91;.374;7;35;.200;11;18;.611;15;35;50;19;4;2;14;15;86;;
Guest Advanced
Shai Gilgeous-Alexander;32:40;.469;.441;.412;.294;2.6;9.4;5.7;12.4;0.0;0.0;5.0;26.3;99;118;-0.9;
Darius Bazley;30:23;.463;.393;.500;.357;2.8;20.2;10.7;12.1;0.0;0.0;5.8;24.1;100;115;0.7;
Luguentz Dort;30:07;.298;.250;.600;.400;5.7;13.6;9.3;10.3;3.4;0.0;20.3;20.8;62;109;-7.9;
Josh Giddey;28:42;.286;.286;.000;.000;6.0;28.5;16.2;16.4;0.0;0.0;12.5;11.8;77;112;-7.1;
Derrick Favors;20:19;.222;.222;.000;.000;16.9;25.1;20.6;8.1;0.0;5.4;10.0;20.9;65;110;-8.0;
Théo Maledon;21:10;.291;.167;.500;.333;0.0;9.6;4.4;21.4;0.0;0.0;22.5;17.8;63;118;-11.0;
Kenrich Williams;15:52;.700;.700;.400;.000;0.0;0.0;0.0;12.1;0.0;0.0;16.7;16.1;114;122;-1.2;
Aleksej Pokusevski;14:56;.000;.000;1.000;1.000;5.7;13.7;9.4;28.4;3.4;0.0;41.0;13.9;35;109;-7.9;
Tre Mann;14:54;.643;.643;.286;.000;0.0;0.0;0.0;15.3;3.4;7.3;12.5;22.8;110;110;11.6;
Isaiah Roby;14:23;.500;.500;.375;.000;23.8;14.2;19.4;16.2;0.0;0.0;11.1;26.6;105;117;1.4;
Jeremiah Robinson-Earl;13:18;.833;.833;.500;.000;0.0;15.4;7.0;0.0;0.0;0.0;0.0;19.2;155;116;13.1;
Vit Krejci;3:14;;;;;0.0;31.6;14.4;0.0;0.0;0.0;;0.0;0;111;-6.8;
Ty Jerome;Did Not Play;
Mike Muscala;Did Not Play;
Gabriel Deck;Did Not Play;
Team Totals;240;.435;.412;.385;.198;26.8;74.5;48.5;55.9;4.2;4.5;12.4;100.0;91.0;113.3;;
Home Basic
Rudy Gobert;29:29;6;9;.667;0;0;;4;6;.667;5;16;21;0;0;1;1;1;16;+20;
Donovan Mitchell;28:28;6;17;.353;3;10;.300;1;1;1.000;2;1;3;4;2;1;1;2;16;+20;
Bojan Bogdanović;28:12;10;17;.588;2;6;.333;0;0;;2;2;4;2;1;0;1;1;22;+17;
Royce O'Neale;28:04;0;4;.000;0;4;.000;0;0;;0;6;6;2;0;1;1;0;0;+14;
Mike Conley;25:09;4;12;.333;2;7;.286;0;0;;0;0;0;4;2;0;1;4;10;+16;
Jordan Clarkson;26:40;6;11;.545;2;6;.333;4;4;1.000;1;0;1;1;0;0;3;2;18;+4;
Joe Ingles;26:05;5;8;.625;4;7;.571;0;0;;0;3;3;3;0;0;0;1;14;+11;
Hassan Whiteside;18:31;2;4;.500;0;0;;2;2;1.000;2;8;10;0;1;2;1;5;6;+1;
Eric Paschall;14:13;1;4;.250;1;3;.333;0;0;;0;3;3;1;0;0;0;1;3;+4;
Jared Butler;8:45;0;5;.000;0;4;.000;0;0;;0;1;1;1;0;0;1;1;0;+1;
Elijah Hughes;3:14;0;0;;0;0;;2;2;1.000;0;0;0;0;0;0;0;0;2;-3;
Malik Fitts;1:35;0;0;;0;0;;0;0;;0;1;1;0;0;0;0;0;0;0;
Miye Oni;1:35;0;0;;0;0;;0;0;;0;0;0;0;0;0;0;1;0;0;
Udoka Azubuike;Did Not Play;
Team Totals;240;40;91;.440;14;47;.298;13;15;.867;12;41;53;18;6;5;10;19;107;;
Home Advanced
Rudy Gobert;29:29;.687;.667;.000;.667;17.3;46.5;33.2;0.0;0.0;2.9;7.9;19.1;142;78;7.5;
Donovan Mitchell;28:28;.459;.441;.588;.059;7.2;3.0;4.9;22.6;3.6;3.0;5.4;28.9;108;91;7.4;
Bojan Bogdanović;28:12;.647;.647;.353;.000;7.2;6.1;6.6;14.8;1.8;0.0;5.6;28.5;130;95;10.5;
Royce O'Neale;28:04;.000;.000;1.000;.000;0.0;18.3;10.0;8.6;0.0;3.1;20.0;7.9;27;91;-6.5;
Mike Conley;25:09;.417;.417;.583;.000;0.0;0.0;0.0;23.6;4.0;0.0;7.7;23.1;97;92;-1.0;
Jordan Clarkson;26:40;.705;.636;.545;.364;3.8;0.0;1.7;6.2;0.0;0.0;19.0;26.4;119;101;1.4;
Joe Ingles;26:05;.875;.875;.875;.000;0.0;9.9;5.4;17.9;0.0;0.0;0.0;13.7;183;97;12.3;
Hassan Whiteside;18:31;.615;.500;.000;.500;11.0;37.0;25.2;0.0;2.7;9.3;17.0;14.2;119;72;1.8;
Eric Paschall;14:13;.375;.375;.750;.000;0.0;18.1;9.8;9.2;0.0;0.0;0.0;12.6;95;93;-3.0;
Jared Butler;8:45;.000;.000;.800;.000;0.0;9.8;5.3;13.7;0.0;0.0;16.7;30.6;12;96;-31.6;
Elijah Hughes;3:14;1.136;;;;0.0;0.0;0.0;0.0;0.0;0.0;0.0;12.1;250;102;10.7;
Malik Fitts;1:35;;;;;0.0;54.1;29.4;0.0;0.0;0.0;;0.0;0;76;1.7;
Miye Oni;1:35;;;;;0.0;0.0;0.0;0.0;0.0;0.0;;0.0;0;98;-16.2;
Udoka Azubuike;Did Not Play;
Team Totals;240;.548;.516;.516;.165;25.5;73.2;51.5;45.0;6.4;8.9;9.3;100.0;113.3;91.0;;
