202111080LAL-BRK;CHI;BRK;False;10:30 PM, November 8, 2021;Crypto.com Arena, Los Angeles, California;2:44
95;
118;
Guest Basic
Miles Bridges;43:13;6;18;.333;3;11;.273;4;6;.667;2;6;8;2;2;0;4;2;19;+12;
LaMelo Ball;41:43;8;19;.421;3;8;.375;6;6;1.000;3;13;16;11;1;1;3;2;25;+6;
Gordon Hayward;41:18;7;14;.500;2;6;.333;5;5;1.000;0;6;6;3;0;0;4;1;21;+6;
Terry Rozier;40:19;11;22;.500;3;10;.300;4;4;1.000;0;2;2;3;1;0;2;4;29;+11;
Mason Plumlee;34:35;6;7;.857;0;0;;1;3;.333;1;8;9;2;0;1;0;6;13;+13;
Cody Martin;21:50;1;5;.200;1;3;.333;0;0;;1;4;5;0;0;0;0;1;3;-22;
Kelly Oubre Jr.;17:37;3;10;.300;2;4;.500;0;0;;3;0;3;1;0;0;2;3;8;-24;
Nick Richards;15:35;1;4;.250;0;0;;1;1;1.000;2;2;4;0;1;1;3;3;3;-18;
Jalen McDaniels;8:48;0;0;;0;0;;2;3;.667;2;0;2;1;0;0;0;1;2;+1;
Ish Smith;Did Not Play;
James Bouknight;Did Not Play;
Kai Jones;Did Not Play;
Team Totals;265;43;99;.434;14;42;.333;23;28;.821;14;41;55;23;5;3;18;23;123;;
Guest Advanced
Miles Bridges;43:13;.460;.417;.611;.333;4.3;15.0;9.3;6.9;2.2;0.0;16.2;23.4;87;110;-4.3;
LaMelo Ball;41:43;.578;.500;.421;.316;6.7;33.7;19.2;42.6;1.1;2.2;12.2;24.2;126;108;10.3;
Gordon Hayward;41:18;.648;.571;.429;.357;0.0;15.7;7.3;11.3;0.0;0.0;19.8;20.0;109;115;-1.4;
Terry Rozier;40:19;.610;.568;.455;.182;0.0;5.4;2.5;13.8;1.2;0.0;7.8;26.2;119;114;2.0;
Mason Plumlee;34:35;.781;.857;.000;.429;2.7;25.0;13.0;9.1;0.0;2.6;0.0;9.9;162;111;2.5;
Cody Martin;21:50;.300;.300;.600;.000;4.3;19.8;11.5;0.0;0.0;0.0;0.0;9.4;78;114;-7.3;
Kelly Oubre Jr.;17:37;.400;.400;.400;.000;15.8;0.0;8.5;8.9;0.0;0.0;16.7;27.9;85;117;-10.0;
Nick Richards;15:35;.338;.250;.000;.250;11.9;13.9;12.8;0.0;3.0;5.8;40.3;19.6;56;103;-13.9;
Jalen McDaniels;8:48;.758;;;;21.1;0.0;11.4;14.0;0.0;0.0;0.0;6.1;192;117;3.5;
Ish Smith;Did Not Play;
James Bouknight;Did Not Play;
Kai Jones;Did Not Play;
Team Totals;265;.552;.505;.424;.283;24.6;83.7;51.9;53.5;4.4;5.1;13.9;100.0;109.2;111.9;;
Home Basic
Anthony Davis;43:35;13;25;.520;0;3;.000;6;8;.750;2;10;12;4;3;5;4;4;32;-1;
Russell Westbrook;41:01;5;15;.333;0;2;.000;7;10;.700;0;12;12;14;3;0;7;3;17;-17;
Avery Bradley;23:45;3;8;.375;2;5;.400;0;0;;0;1;1;0;0;0;0;3;8;-21;
Kent Bazemore;14:20;0;4;.000;0;1;.000;0;0;;0;2;2;0;0;0;0;0;0;-12;
DeAndre Jordan;10:33;4;4;1.000;0;0;;2;2;1.000;2;6;8;0;0;0;0;1;10;-9;
Carmelo Anthony;36:33;9;13;.692;7;10;.700;4;5;.800;0;3;3;1;1;1;0;2;29;+13;
Austin Reaves;27:00;3;6;.500;0;3;.000;2;2;1.000;0;1;1;1;1;0;0;5;8;+3;
Wayne Ellington;23:46;2;3;.667;2;3;.667;2;2;1.000;1;1;2;0;0;0;0;1;8;+21;
Malik Monk;17:11;4;8;.500;2;4;.500;0;0;;0;0;0;1;1;0;0;1;10;+15;
Dwight Howard;15:14;1;2;.500;0;0;;2;6;.333;3;6;9;1;1;1;3;2;4;+3;
Rajon Rondo;11:59;0;3;.000;0;1;.000;0;0;;0;1;1;8;1;1;1;1;0;+20;
Sekou Doumbouya;Did Not Play;
Team Totals;265;44;91;.484;13;32;.406;25;35;.714;8;43;51;30;11;8;15;23;126;;
Home Advanced
Anthony Davis;43:35;.561;.520;.120;.320;5.0;21.3;13.8;17.3;3.2;10.7;12.3;32.6;104;99;3.1;
Russell Westbrook;41:01;.438;.333;.133;.667;0.0;27.2;14.6;48.2;3.4;0.0;26.5;28.1;90;103;-2.6;
Avery Bradley;23:45;.500;.500;.625;.000;0.0;3.9;2.1;0.0;0.0;0.0;0.0;14.7;95;119;-9.0;
Kent Bazemore;14:20;.000;.000;.250;.000;0.0;13.0;7.0;0.0;0.0;0.0;0.0;12.2;0;116;-18.6;
DeAndre Jordan;10:33;1.025;1.000;.000;.500;20.5;52.9;37.9;0.0;0.0;0.0;0.0;20.2;216;102;15.7;
Carmelo Anthony;36:33;.954;.962;.769;.385;0.0;7.6;4.1;4.7;1.3;2.5;0.0;18.2;176;113;13.3;
Austin Reaves;27:00;.581;.500;.500;.333;0.0;3.4;1.9;5.2;1.7;0.0;0.0;11.1;123;115;-6.8;
Wayne Ellington;23:46;1.031;1.000;1.000;.667;4.6;3.9;4.2;0.0;0.0;0.0;0.0;7.1;199;119;0.3;
Malik Monk;17:11;.625;.625;.500;.000;0.0;0.0;0.0;9.7;2.7;0.0;0.0;20.3;120;114;1.9;
Dwight Howard;15:14;.431;.500;.000;3.000;21.3;36.6;29.5;8.6;3.1;6.1;39.3;21.9;80;97;-8.3;
Rajon Rondo;11:59;.000;.000;.333;.000;0.0;7.8;4.2;80.4;3.9;7.8;25.0;14.6;88;104;6.0;
Sekou Doumbouya;Did Not Play;
Team Totals;265;.592;.555;.352;.385;16.3;75.4;48.1;68.2;9.8;14.0;12.4;100.0;111.9;109.2;;
