202111180MIA-GSW;CLE;GSW;False;7:30 PM, November 18, 2021;FTX Arena, Miami, Florida;2:01
104;
89;
Guest Basic
Kyle Kuzma;40:08;7;12;.583;4;9;.444;1;2;.500;0;13;13;7;1;0;3;2;19;-12;
Montrezl Harrell;36:25;6;9;.667;0;0;;0;0;;3;6;9;2;0;0;0;2;12;-8;
Bradley Beal;36:19;11;18;.611;3;8;.375;5;6;.833;0;6;6;5;1;0;6;1;30;-9;
Kentavious Caldwell-Pope;29:32;3;7;.429;2;6;.333;0;0;;0;1;1;2;1;0;3;4;8;-13;
Aaron Holiday;29:12;2;7;.286;0;1;.000;0;0;;0;0;0;5;1;0;4;3;4;-9;
Corey Kispert;24:15;5;10;.500;3;7;.429;0;0;;1;3;4;0;0;0;0;1;13;-6;
Deni Avdija;19:35;2;6;.333;2;3;.667;0;0;;0;1;1;1;0;1;1;0;6;-9;
Raul Neto;13:01;0;3;.000;0;1;.000;0;2;.000;0;0;0;1;0;0;0;4;0;-2;
Anthony Gill;8:49;1;3;.333;0;0;;0;0;;1;1;2;1;0;1;0;2;2;-9;
Isaiah Todd;1:22;1;2;.500;1;1;1.000;0;0;;0;0;0;0;0;1;0;0;3;+1;
Joel Ayayi;1:22;0;0;;0;0;;0;0;;0;1;1;1;0;0;0;0;0;+1;
Team Totals;240;38;77;.494;15;36;.417;6;10;.600;5;32;37;25;4;3;17;19;97;;
Guest Advanced
Kyle Kuzma;40:08;.738;.750;.750;.167;0.0;39.9;19.9;28.3;1.3;0.0;18.9;19.3;125;119;9.0;
Montrezl Harrell;36:25;.667;.667;.000;.000;10.1;20.3;15.2;8.8;0.0;0.0;0.0;12.1;147;126;-0.7;
Bradley Beal;36:19;.727;.694;.444;.333;0.0;20.3;10.2;28.2;1.4;0.0;22.5;35.8;112;122;4.8;
Kentavious Caldwell-Pope;29:32;.571;.571;.857;.000;0.0;4.2;2.1;9.8;1.8;0.0;30.0;16.5;81;124;-7.6;
Aaron Holiday;29:12;.286;.286;.143;.000;0.0;0.0;0.0;23.7;1.8;0.0;36.4;18.4;62;125;-13.4;
Corey Kispert;24:15;.650;.650;.700;.000;5.1;15.2;10.2;0.0;0.0;0.0;0.0;20.1;122;127;1.6;
Deni Avdija;19:35;.500;.500;.500;.000;0.0;6.3;3.1;7.4;0.0;4.4;14.3;17.4;86;124;-2.7;
Raul Neto;13:01;.000;.000;.333;.667;0.0;0.0;0.0;9.7;0.0;0.0;0.0;14.5;19;129;-25.6;
Anthony Gill;8:49;.333;.333;.000;.000;14.0;14.0;14.0;16.7;0.0;9.7;0.0;16.6;100;118;-3.8;
Joel Ayayi;1:22;;;;;0.0;90.1;45.0;92.4;0.0;0.0;;0.0;239;114;25.2;
Isaiah Todd;1:22;.750;.750;.500;.000;0.0;0.0;0.0;0.0;0.0;62.7;0.0;71.4;123;72;73.7;
Team Totals;240;.596;.591;.468;.130;12.8;82.1;47.4;65.8;4.4;5.4;17.3;100.0;106.4;122.8;;
Home Basic
Kyle Lowry;35:11;3;8;.375;1;5;.200;1;2;.500;0;5;5;12;1;0;2;1;8;+13;
Jimmy Butler;34:12;11;19;.579;0;1;.000;10;10;1.000;1;2;3;5;4;0;1;0;32;+11;
P.J. Tucker;31:48;6;7;.857;3;3;1.000;0;0;;1;4;5;2;1;0;0;3;15;+7;
Bam Adebayo;30:09;9;16;.563;0;0;;2;2;1.000;4;5;9;2;0;0;2;4;20;+16;
Duncan Robinson;26:34;2;9;.222;2;8;.250;0;0;;0;3;3;0;2;0;0;2;6;+5;
Gabe Vincent;25:15;6;12;.500;3;6;.500;3;4;.750;1;1;2;3;0;0;1;1;18;+7;
Caleb Martin;23:37;3;7;.429;1;2;.500;0;0;;0;5;5;0;1;1;0;0;7;+3;
Max Strus;20:04;1;3;.333;0;1;.000;1;2;.500;0;4;4;2;1;0;0;1;3;+11;
Dewayne Dedmon;9:04;0;1;.000;0;0;;1;2;.500;0;4;4;1;0;0;0;1;1;+5;
Omer Yurtseven;1:22;0;0;;0;0;;2;2;1.000;0;0;0;0;0;0;0;0;2;-1;
Marcus Garrett;1:22;0;0;;0;0;;0;0;;0;1;1;0;0;0;0;0;0;-1;
KZ Okpala;1:22;0;0;;0;0;;0;0;;0;0;0;0;0;0;0;0;0;-1;
Udonis Haslem;Did Not Play;
Team Totals;240;41;82;.500;10;26;.385;20;24;.833;7;34;41;27;10;1;6;13;112;;
Home Advanced
Kyle Lowry;35:11;.450;.438;.625;.250;0.0;17.5;8.7;44.4;1.5;0.0;18.4;15.1;113;108;0.5;
Jimmy Butler;34:12;.684;.579;.053;.526;3.6;7.2;5.4;27.5;6.2;0.0;4.1;34.7;141;99;16.3;
P.J. Tucker;31:48;1.071;1.071;.429;.000;3.9;15.5;9.7;9.5;1.7;0.0;0.0;10.7;206;108;9.7;
Bam Adebayo;30:09;.592;.563;.000;.125;16.3;20.4;18.4;11.9;0.0;0.0;10.6;30.5;117;111;-3.2;
Duncan Robinson;26:34;.333;.333;.889;.000;0.0;13.9;6.9;0.0;4.0;0.0;0.0;16.5;68;103;-8.0;
Gabe Vincent;25:15;.654;.625;.500;.333;4.9;4.9;4.9;19.3;0.0;0.0;6.8;28.5;127;113;3.5;
Caleb Martin;23:37;.500;.500;.286;.000;0.0;26.1;13.0;0.0;2.2;5.0;0.0;14.4;97;102;-1.2;
Max Strus;20:04;.387;.333;.333;.667;0.0;24.5;12.3;12.4;2.6;0.0;0.0;9.4;102;105;-2.6;
Dewayne Dedmon;9:04;.266;.000;.000;2.000;0.0;54.3;27.1;12.9;0.0;0.0;0.0;10.1;84;106;-4.7;
Marcus Garrett;1:22;;;;;0.0;90.1;45.0;0.0;0.0;0.0;;0.0;0;102;-0.4;
KZ Okpala;1:22;;;;;0.0;0.0;0.0;0.0;0.0;0.0;;0.0;0;114;-7.1;
Omer Yurtseven;1:22;1.136;;;;0.0;0.0;0.0;0.0;0.0;0.0;0.0;31.4;250;114;28.0;
Udonis Haslem;Did Not Play;
Team Totals;240;.605;.561;.317;.293;17.9;87.2;52.6;65.9;11.0;2.4;6.1;100.0;122.8;106.4;;
