202110220PHI-TOR;BOS;TOR;False;7:30 PM, October 22, 2021;Wells Fargo Center, Philadelphia, Pennsylvania;2:21
115;
83;
Guest Basic
James Harden;38:25;7;17;.412;3;7;.429;3;4;.750;1;6;7;8;2;0;5;0;20;-1;
Kevin Durant;36:54;9;20;.450;1;6;.167;10;10;1.000;3;12;15;12;1;1;2;1;29;+11;
Joe Harris;33:02;5;14;.357;3;10;.300;1;2;.500;1;4;5;1;1;0;4;2;14;-3;
Blake Griffin;19:01;1;6;.167;0;5;.000;2;3;.667;0;3;3;0;1;1;0;2;4;-7;
Nic Claxton;16:50;1;4;.250;0;0;;1;2;.500;1;2;3;1;0;1;1;0;3;-19;
Patty Mills;30:08;4;5;.800;3;3;1.000;0;0;;0;2;2;2;1;0;0;3;11;+21;
Jevon Carter;23:03;1;2;.500;1;2;.500;0;0;;1;0;1;2;0;1;0;2;3;+9;
LaMarcus Aldridge;22:40;10;12;.833;0;1;.000;3;3;1.000;2;3;5;0;0;2;0;3;23;+21;
Paul Millsap;16:30;3;6;.500;1;4;.250;0;0;;1;3;4;0;0;0;0;2;7;-7;
James Johnson;3:26;0;2;.000;0;0;;0;0;;1;1;2;0;0;0;0;1;0;0;
Day'Ron Sharpe;Did Not Play;
Cam Thomas;Did Not Play;
Bruce Brown;Did Not Play;
DeAndre' Bembry;Did Not Play;
Team Totals;240;41;88;.466;12;38;.316;20;24;.833;11;36;47;26;6;6;12;16;114;;
Guest Advanced
James Harden;38:25;.533;.500;.412;.235;3.0;18.3;10.7;31.0;2.6;0.0;21.0;26.9;101;112;0.8;
Kevin Durant;36:54;.594;.475;.300;.500;9.5;38.1;23.8;53.3;1.3;2.4;7.6;31.1;138;110;16.3;
Joe Harris;33:02;.470;.464;.714;.143;3.5;14.2;8.9;4.3;1.5;0.0;21.2;24.8;79;115;-9.3;
Blake Griffin;19:01;.273;.167;.833;.500;0.0;18.5;9.2;0.0;2.6;4.6;0.0;16.7;65;107;-10.4;
Nic Claxton;16:50;.307;.250;.000;.500;7.0;13.9;10.4;7.5;0.0;5.2;17.0;15.2;74;114;-8.8;
Patty Mills;30:08;1.100;1.100;.600;.000;0.0;7.8;3.9;9.2;1.6;0.0;0.0;7.2;213;116;5.1;
Jevon Carter;23:03;.750;.750;1.000;.000;5.1;0.0;2.5;10.7;0.0;3.8;0.0;3.8;178;117;0.4;
LaMarcus Aldridge;22:40;.863;.833;.083;.250;10.3;15.5;12.9;0.0;0.0;7.7;0.0;25.5;177;111;13.9;
Paul Millsap;16:30;.583;.583;.667;.000;7.1;21.3;14.2;0.0;0.0;0.0;0.0;15.8;125;118;-3.6;
James Johnson;3:26;.000;.000;.000;.000;34.1;34.1;34.1;0.0;0.0;0.0;0.0;25.3;42;116;-30.2;
Day'Ron Sharpe;Did Not Play;
Cam Thomas;Did Not Play;
Bruce Brown;Did Not Play;
DeAndre' Bembry;Did Not Play;
Team Totals;240;.578;.534;.432;.273;26.8;87.8;57.3;63.4;6.2;10.9;10.9;100.0;118.0;112.8;;
Home Basic
Tobias Harris;36:59;10;20;.500;3;4;.750;0;0;;0;7;7;4;0;0;1;1;23;-8;
Tyrese Maxey;36:15;7;17;.412;1;5;.200;0;0;;0;2;2;2;1;0;0;3;15;-9;
Seth Curry;35:36;9;12;.750;4;4;1.000;1;2;.500;0;4;4;0;1;2;0;1;23;-5;
Joel Embiid;29:43;6;15;.400;2;5;.400;5;6;.833;2;6;8;4;2;4;3;4;19;-4;
Danny Green;22:11;2;6;.333;2;6;.333;0;0;;0;1;1;0;1;0;0;5;6;-8;
Matisse Thybulle;23:25;2;3;.667;0;1;.000;0;0;;0;1;1;3;1;0;2;2;4;-1;
Furkan Korkmaz;20:17;3;7;.429;1;4;.250;3;3;1.000;0;2;2;2;0;0;1;0;10;+4;
Andre Drummond;18:17;2;3;.667;0;1;.000;0;0;;3;7;10;2;2;2;1;2;4;-1;
Georges Niang;13:28;2;7;.286;1;5;.200;0;0;;0;0;0;0;0;1;0;3;5;+7;
Isaiah Joe;3:46;0;1;.000;0;1;.000;0;0;;0;0;0;0;0;0;0;0;0;0;
Jaden Springer;Did Not Play;
Paul Reed;Did Not Play;
Aaron Henry;Did Not Play;
Charles Bassey;Did Not Play;
Team Totals;240;43;91;.473;14;36;.389;9;11;.818;5;30;35;17;8;9;8;21;109;;
Home Advanced
Tobias Harris;36:59;.575;.575;.200;.000;0.0;22.2;11.1;17.3;0.0;0.0;4.8;26.2;115;122;1.7;
Tyrese Maxey;36:15;.441;.441;.294;.000;0.0;6.5;3.2;7.9;1.4;0.0;0.0;21.7;94;124;-7.6;
Seth Curry;35:36;.893;.917;.333;.167;0.0;13.2;6.6;0.0;1.4;5.4;0.0;16.7;172;119;10.8;
Joel Embiid;29:43;.539;.467;.333;.400;7.9;23.6;15.8;19.4;3.3;12.9;14.5;32.1;106;107;6.5;
Danny Green;22:11;.500;.500;1.000;.000;0.0;5.3;2.6;0.0;2.2;0.0;0.0;12.5;99;122;-7.1;
Matisse Thybulle;23:25;.667;.667;.333;.000;0.0;5.0;2.5;15.8;2.1;0.0;40.0;9.9;98;122;-4.0;
Furkan Korkmaz;20:17;.601;.500;.571;.429;0.0;11.5;5.8;13.2;0.0;0.0;10.7;21.2;116;126;-1.6;
Andre Drummond;18:17;.667;.667;.333;.000;19.2;44.8;32.0;13.9;5.4;10.5;25.0;10.1;139;97;9.1;
Georges Niang;13:28;.357;.357;.714;.000;0.0;0.0;0.0;0.0;0.0;7.1;0.0;24.0;72;124;-12.9;
Isaiah Joe;3:46;.000;.000;1.000;.000;0.0;0.0;0.0;0.0;0.0;0.0;0.0;12.3;0;129;-19.3;
Jaden Springer;Did Not Play;
Paul Reed;Did Not Play;
Aaron Henry;Did Not Play;
Charles Bassey;Did Not Play;
Team Totals;240;.569;.549;.396;.121;12.2;73.2;42.7;39.5;8.3;18.0;7.7;100.0;112.8;118.0;;
