202111220UTA-OKC;ATL;OKC;False;9:00 PM, November 22, 2021;Vivint Smart Home Arena, Salt Lake City, Utah;2:17
101;
113;
Guest Basic
Ja Morant;36:31;9;30;.300;3;10;.300;11;14;.786;2;2;4;7;2;0;1;2;32;+1;
Desmond Bane;34:21;12;20;.600;4;8;.500;0;0;;0;4;4;4;2;0;2;4;28;+15;
Jaren Jackson Jr.;33:45;9;19;.474;4;11;.364;4;5;.800;3;5;8;0;2;2;0;3;26;-2;
Steven Adams;24:29;0;3;.000;0;0;;2;2;1.000;4;4;8;4;3;1;0;2;2;+4;
Kyle Anderson;23:24;4;6;.667;1;2;.500;0;0;;2;6;8;4;1;0;2;0;9;+2;
Ziaire Williams;29:18;3;6;.500;1;3;.333;1;2;.500;0;4;4;1;0;0;0;2;8;-8;
Brandon Clarke;25:47;3;5;.600;0;1;.000;4;4;1.000;4;5;9;1;0;1;1;5;10;-1;
John Konchar;20:56;2;4;.500;0;0;;0;0;;1;2;3;1;0;0;1;2;4;-6;
Tyus Jones;11:29;0;2;.000;0;0;;0;0;;0;2;2;2;0;0;0;0;0;0;
Killian Tillie;Did Not Play;
Jarrett Culver;Did Not Play;
Santi Aldama;Did Not Play;
Xavier Tillman Sr.;Did Not Play;
Team Totals;240;42;95;.442;13;35;.371;22;27;.815;16;34;50;24;10;4;7;20;119;;
Guest Advanced
Ja Morant;36:31;.442;.350;.333;.467;5.1;6.0;5.5;30.5;2.7;0.0;2.7;42.9;110;123;2.9;
Desmond Bane;34:21;.700;.700;.400;.000;0.0;12.7;5.8;22.2;2.9;0.0;9.1;27.0;131;120;8.6;
Jaren Jackson Jr.;33:45;.613;.579;.579;.263;8.2;16.2;11.9;0.0;2.9;6.5;0.0;26.5;135;116;7.4;
Steven Adams;24:29;.258;.000;.000;.667;15.1;17.8;16.3;18.7;6.0;4.5;0.0;6.7;138;109;5.7;
Kyle Anderson;23:24;.750;.750;.333;.000;7.9;28.0;17.1;24.3;2.1;0.0;25.0;14.4;129;118;6.8;
Ziaire Williams;29:18;.581;.583;.500;.333;0.0;14.9;6.8;4.4;0.0;0.0;0.0;9.9;127;126;-5.0;
Brandon Clarke;25:47;.740;.600;.200;.800;14.3;21.2;17.5;5.1;0.0;4.2;12.9;12.7;152;122;-2.0;
John Konchar;20:56;.500;.500;.000;.000;4.4;10.4;7.2;6.1;0.0;0.0;20.0;10.1;98;127;-8.7;
Tyus Jones;11:29;.000;.000;.000;.000;0.0;19.0;8.7;19.9;0.0;0.0;0.0;7.3;60;126;-12.0;
Killian Tillie;Did Not Play;
Jarrett Culver;Did Not Play;
Santi Aldama;Did Not Play;
Xavier Tillman Sr.;Did Not Play;
Team Totals;240;.557;.511;.368;.284;30.8;77.3;52.1;57.1;10.2;9.1;6.1;100.0;121.9;120.9;;
Home Basic
Donovan Mitchell;35:31;5;20;.250;3;10;.300;5;6;.833;4;2;6;8;1;0;4;3;18;-11;
Rudy Gobert;32:52;9;10;.900;0;0;;5;6;.833;2;11;13;0;0;5;0;3;23;+10;
Mike Conley;30:10;7;12;.583;3;5;.600;2;3;.667;0;4;4;8;1;0;4;2;19;+13;
Bojan Bogdanović;29:43;8;14;.571;7;11;.636;1;1;1.000;0;3;3;3;0;0;2;2;24;-4;
Royce O'Neale;29:37;3;6;.500;3;6;.500;0;0;;0;6;6;1;1;0;1;3;9;-4;
Joe Ingles;24:07;1;3;.333;0;2;.000;0;0;;1;0;1;2;2;0;2;1;2;-6;
Jordan Clarkson;22:57;3;9;.333;1;6;.167;2;3;.667;0;3;3;4;0;1;0;1;9;+7;
Rudy Gay;18:17;1;6;.167;0;3;.000;0;0;;0;3;3;0;0;2;0;0;2;+3;
Hassan Whiteside;15:08;4;7;.571;0;0;;4;6;.667;3;3;6;0;0;2;1;4;12;-11;
Trent Forrest;1:36;0;0;;0;0;;0;0;;0;1;1;0;0;0;0;1;0;-2;
Jared Butler;Did Not Play;
Udoka Azubuike;Did Not Play;
Elijah Hughes;Did Not Play;
Eric Paschall;Did Not Play;
Miye Oni;Did Not Play;
Team Totals;240;41;87;.471;17;43;.395;19;25;.760;10;36;46;26;5;10;14;20;118;;
Home Advanced
Donovan Mitchell;35:31;.398;.325;.500;.300;12.3;5.2;8.4;31.6;1.4;0.0;15.0;32.1;96;127;-5.5;
Rudy Gobert;32:52;.910;.900;.000;.600;6.6;30.9;19.8;0.0;0.0;12.2;0.0;16.5;188;112;12.9;
Mike Conley;30:10;.713;.708;.417;.250;0.0;12.2;6.6;42.6;1.6;0.0;23.1;24.6;122;124;5.2;
Bojan Bogdanović;29:43;.831;.821;.786;.071;0.0;9.3;5.0;17.3;0.0;0.0;12.2;23.7;139;129;11.1;
Royce O'Neale;29:37;.750;.750;1.000;.000;0.0;18.7;10.1;4.5;1.7;0.0;14.3;10.1;122;121;0.7;
Joe Ingles;24:07;.333;.333;.667;.000;4.5;0.0;2.1;10.2;4.1;0.0;40.0;8.9;72;124;-5.2;
Jordan Clarkson;22:57;.436;.389;.667;.333;0.0;12.1;6.5;24.1;0.0;3.5;0.0;19.3;112;126;-0.3;
Rudy Gay;18:17;.167;.167;.500;.000;0.0;15.1;8.2;0.0;0.0;8.8;0.0;14.1;38;121;-10.4;
Hassan Whiteside;15:08;.622;.571;.000;.857;21.6;18.3;19.8;0.0;0.0;10.6;9.4;30.1;125;118;-0.7;
Trent Forrest;1:36;;;;;0.0;57.7;31.3;0.0;0.0;0.0;;0.0;0;106;-15.0;
Jared Butler;Did Not Play;
Udoka Azubuike;Did Not Play;
Elijah Hughes;Did Not Play;
Eric Paschall;Did Not Play;
Miye Oni;Did Not Play;
Team Totals;240;.602;.569;.494;.287;22.7;69.2;47.9;63.4;5.1;16.7;12.5;100.0;120.9;121.9;;
