202111050WAS-BRK;DET;BRK;False;7:00 PM, November 5, 2021;Capital One Arena, Washington, District of Columbia;2:06
96;
90;
Guest Basic
Ja Morant;29:25;4;17;.235;0;2;.000;3;4;.750;2;4;6;4;0;0;1;0;11;-16;
Jaren Jackson Jr.;24:39;4;14;.286;1;6;.167;4;4;1.000;3;6;9;2;1;2;3;0;13;-20;
Desmond Bane;21:45;4;8;.500;1;4;.250;1;1;1.000;0;0;0;0;0;0;0;1;10;-14;
De'Anthony Melton;20:20;2;9;.222;0;4;.000;0;0;;1;1;2;1;1;1;0;1;4;-19;
Steven Adams;19:36;2;5;.400;0;0;;1;2;.500;3;3;6;2;0;0;0;1;5;-20;
Kyle Anderson;19:08;0;4;.000;0;0;;0;0;;0;4;4;4;2;0;2;3;0;-8;
Ziaire Williams;18:50;3;6;.500;3;6;.500;0;0;;0;0;0;0;2;0;2;3;9;-13;
Tyus Jones;17:08;3;6;.500;0;1;.000;1;1;1.000;1;2;3;2;2;0;0;1;7;-9;
Xavier Tillman Sr.;12:39;3;5;.600;0;1;.000;0;0;;0;0;0;2;1;0;0;0;6;-4;
Brandon Clarke;9:59;3;7;.429;0;1;.000;0;0;;0;0;0;0;1;0;1;2;6;-2;
Jarrett Culver;9:59;2;3;.667;0;0;;2;2;1.000;1;1;2;2;0;0;0;0;6;-2;
Sam Merrill;9:59;1;2;.500;1;2;.500;1;3;.333;0;2;2;0;0;0;0;1;4;-2;
Santi Aldama;9:59;1;4;.250;0;2;.000;0;0;;0;2;2;0;0;0;0;1;2;-2;
Killian Tillie;9:59;0;3;.000;0;1;.000;0;0;;0;1;1;0;1;1;0;1;0;-2;
John Konchar;6:35;2;3;.667;0;1;.000;0;0;;1;1;2;0;1;0;0;0;4;-7;
Team Totals;240;34;96;.354;6;31;.194;13;17;.765;12;27;39;19;12;4;9;15;87;;
Guest Advanced
Ja Morant;29:25;.293;.235;.118;.235;5.4;20.4;10.6;23.8;0.0;0.0;5.1;28.7;72;121;-8.5;
Jaren Jackson Jr.;24:39;.412;.321;.429;.286;9.7;36.5;19.0;14.9;1.9;6.6;16.0;32.5;81;110;-0.4;
Desmond Bane;21:45;.592;.563;.500;.125;0.0;0.0;0.0;0.0;0.0;0.0;0.0;16.6;117;123;-4.5;
De'Anthony Melton;20:20;.222;.222;.444;.000;3.9;7.4;5.1;8.1;2.4;4.0;0.0;18.9;57;113;-8.8;
Steven Adams;19:36;.425;.400;.000;.400;12.2;23.0;16.0;16.8;0.0;0.0;0.0;12.8;113;121;-3.2;
Kyle Anderson;19:08;.000;.000;.000;.000;0.0;31.4;10.9;29.5;5.0;0.0;33.3;13.4;28;109;-10.0;
Ziaire Williams;18:50;.750;.750;1.000;.000;0.0;0.0;0.0;0.0;5.1;0.0;25.0;18.1;96;111;0.3;
Tyus Jones;17:08;.543;.500;.167;.167;4.7;17.5;9.1;21.9;5.6;0.0;0.0;16.0;123;109;5.2;
Xavier Tillman Sr.;12:39;.600;.600;.200;.000;0.0;0.0;0.0;33.6;3.8;0.0;0.0;16.9;128;115;7.2;
Santi Aldama;9:59;.250;.250;.500;.000;0.0;30.1;10.5;0.0;0.0;0.0;0.0;17.1;53;120;-14.9;
Brandon Clarke;9:59;.429;.429;.143;.000;0.0;0.0;0.0;0.0;4.8;0.0;12.5;34.2;70;111;-9.1;
Jarrett Culver;9:59;.773;.667;.000;.667;8.0;15.0;10.5;39.4;0.0;0.0;0.0;16.6;170;122;11.7;
Sam Merrill;9:59;.602;.750;1.000;1.500;0.0;30.1;10.5;0.0;0.0;0.0;0.0;14.2;115;120;-3.5;
Killian Tillie;9:59;.000;.000;.333;.000;0.0;15.0;5.2;0.0;4.8;8.1;0.0;12.8;0;103;-10.3;
John Konchar;6:35;.667;.667;.333;.000;12.2;22.8;15.9;0.0;7.3;0.0;0.0;19.4;134;106;12.4;
Team Totals;240;.420;.385;.323;.177;20.0;84.4;42.4;55.9;12.0;6.8;8.0;100.0;87.1;115.1;;
Home Basic
Bradley Beal;27:18;7;12;.583;0;3;.000;3;3;1.000;0;3;3;7;0;0;5;1;17;+16;
Kentavious Caldwell-Pope;26:01;4;10;.400;4;7;.571;0;0;;1;6;7;3;2;0;0;1;12;+23;
Kyle Kuzma;24:59;5;10;.500;3;4;.750;0;0;;0;6;6;3;0;0;1;1;13;+17;
Daniel Gafford;23:23;7;8;.875;0;0;;1;2;.500;2;2;4;3;0;2;3;1;15;+13;
Spencer Dinwiddie;22:15;5;11;.455;2;5;.400;0;0;;1;3;4;6;0;1;2;1;12;+11;
Deni Avdija;28:20;2;6;.333;0;2;.000;1;4;.250;1;6;7;3;0;1;2;2;5;+10;
Raul Neto;25:45;7;8;.875;1;1;1.000;0;0;;0;5;5;3;0;0;2;3;15;+17;
Montrezl Harrell;24:37;9;11;.818;0;0;;0;2;.000;0;8;8;0;1;1;2;2;18;+15;
Aaron Holiday;20:42;2;5;.400;0;1;.000;2;2;1.000;0;5;5;3;1;1;1;1;6;+12;
Corey Kispert;16:40;1;3;.333;0;2;.000;0;0;;0;4;4;3;0;0;0;0;2;+6;
Anthony Gill;Did Not Play;
Team Totals;240;49;84;.583;10;25;.400;7;13;.538;5;48;53;34;4;6;18;13;115;;
Home Advanced
Bradley Beal;27:18;.638;.583;.250;.250;0.0;8.8;5.7;33.5;0.0;0.0;27.3;29.9;104;94;-1.7;
Kentavious Caldwell-Pope;26:01;.600;.600;.700;.000;5.8;18.4;14.0;13.3;3.7;0.0;0.0;17.1;128;82;10.1;
Kyle Kuzma;24:59;.650;.650;.400;.000;0.0;19.2;12.5;14.6;0.0;0.0;9.1;19.6;118;89;5.5;
Daniel Gafford;23:23;.845;.875;.000;.250;12.8;6.8;8.9;17.8;0.0;6.3;25.3;22.6;127;90;8.5;
Spencer Dinwiddie;22:15;.545;.545;.455;.000;6.7;10.8;9.4;33.9;0.0;3.3;15.4;26.0;110;90;5.1;
Deni Avdija;28:20;.322;.333;.333;.667;5.3;16.9;12.9;11.1;0.0;2.6;20.5;15.3;74;88;-5.8;
Raul Neto;25:45;.938;.938;.125;.000;0.0;15.5;10.1;15.6;0.0;0.0;20.0;17.3;140;91;4.0;
Montrezl Harrell;24:37;.758;.818;.000;.182;0.0;26.0;17.0;0.0;2.0;3.0;14.4;25.1;110;80;4.7;
Aaron Holiday;20:42;.510;.400;.200;.400;0.0;19.3;12.6;15.7;2.3;3.6;14.5;14.8;107;81;2.8;
Corey Kispert;16:40;.333;.333;.667;.000;0.0;19.2;12.5;18.7;0.0;0.0;0.0;8.0;110;89;0.9;
Anthony Gill;Did Not Play;
Team Totals;240;.641;.643;.298;.155;15.6;80.0;57.6;69.4;4.0;9.2;16.7;100.0;115.1;87.1;;
