202110300PHO-UTA;CHI;UTA;False;10:00 PM, October 30, 2021;Phoenix Suns Arena, Phoenix, Arizona;2:06
99;
107;
Guest Basic
Darius Garland;31:31;5;11;.455;1;5;.200;0;0;;0;3;3;5;2;1;6;1;11;-8;
Lauri Markkanen;25:09;3;5;.600;2;4;.500;3;3;1.000;0;1;1;2;1;2;0;2;11;-4;
Jarrett Allen;22:29;2;3;.667;0;0;;0;0;;1;7;8;0;1;0;0;1;4;-22;
Evan Mobley;21:20;1;6;.167;0;1;.000;0;0;;1;3;4;4;0;0;0;1;2;-6;
Collin Sexton;18:41;4;7;.571;0;2;.000;2;3;.667;0;1;1;0;0;0;6;2;10;-15;
Cedi Osman;30:07;7;15;.467;6;12;.500;0;0;;1;2;3;2;2;0;3;3;20;+3;
Ricky Rubio;25:00;3;15;.200;2;6;.333;0;0;;0;4;4;3;1;0;2;1;8;-10;
Kevin Love;19:33;4;12;.333;2;6;.333;1;1;1.000;1;11;12;2;0;0;1;3;11;-4;
Dean Wade;18:54;2;5;.400;1;4;.250;0;0;;4;2;6;1;0;0;0;3;5;+6;
Dylan Windler;15:48;4;8;.500;0;3;.000;0;0;;2;2;4;1;1;0;0;1;8;+7;
Lamar Stevens;6:06;1;2;.500;0;0;;0;0;;0;0;0;1;0;0;1;0;2;+3;
Denzel Valentine;5:22;0;2;.000;0;1;.000;0;0;;0;1;1;0;0;0;0;3;0;+5;
Ed Davis;Did Not Play;
Team Totals;240;36;91;.396;14;44;.318;6;7;.857;10;37;47;21;8;3;19;21;92;;
Guest Advanced
Darius Garland;31:31;.500;.500;.455;.000;0.0;10.2;4.6;26.8;3.0;2.6;35.3;22.9;73;98;-2.8;
Lauri Markkanen;25:09;.870;.800;.800;.600;0.0;4.2;1.9;12.6;1.9;6.6;0.0;10.7;180;98;13.1;
Jarrett Allen;22:29;.667;.667;.000;.000;4.0;33.2;17.3;0.0;2.1;0.0;0.0;5.7;140;97;0.3;
Evan Mobley;21:20;.167;.167;.167;.000;4.2;15.0;9.1;26.7;0.0;0.0;0.0;11.9;76;105;-1.8;
Collin Sexton;18:41;.601;.571;.286;.429;0.0;5.7;2.6;0.0;0.0;0.0;41.9;32.5;62;107;-15.2;
Cedi Osman;30:07;.667;.667;.800;.000;3.0;7.1;4.8;12.8;3.2;0.0;16.7;25.4;107;100;9.4;
Ricky Rubio;25:00;.267;.267;.400;.000;0.0;17.1;7.8;19.0;1.9;0.0;11.8;28.9;58;101;-8.8;
Kevin Love;19:33;.442;.417;.500;.083;4.5;60.0;29.8;18.8;0.0;0.0;7.4;29.2;92;96;3.5;
Dean Wade;18:54;.500;.500;.800;.000;18.8;11.3;15.4;8.2;0.0;0.0;0.0;11.2;131;105;1.6;
Dylan Windler;15:48;.500;.500;.375;.000;11.3;13.5;12.3;12.7;3.0;0.0;0.0;21.5;112;99;6.4;
Lamar Stevens;6:06;.500;.500;.000;.000;0.0;0.0;0.0;28.0;0.0;0.0;33.3;20.9;77;109;-3.9;
Denzel Valentine;5:22;.000;.000;.500;.000;0.0;19.9;9.0;0.0;0.0;0.0;0.0;15.8;0;101;-26.4;
Ed Davis;Did Not Play;
Team Totals;240;.489;.473;.484;.077;18.5;82.2;47.5;58.3;8.0;5.2;16.8;100.0;91.5;100.4;;
Home Basic
Chris Paul;36:44;6;10;.600;2;2;1.000;2;6;.333;0;2;2;10;4;0;2;2;16;+18;
Devin Booker;35:19;9;20;.450;0;4;.000;9;10;.900;1;3;4;9;0;0;4;1;27;+8;
Jae Crowder;33:06;2;7;.286;2;5;.400;0;0;;1;6;7;2;2;1;1;1;6;+17;
Mikal Bridges;30:28;5;9;.556;0;2;.000;0;0;;0;5;5;3;0;0;2;3;10;+25;
Deandre Ayton;24:14;8;10;.800;0;1;.000;1;3;.333;1;11;12;1;3;0;2;1;17;+30;
Cameron Johnson;24:35;4;12;.333;2;6;.333;0;0;;1;5;6;0;2;1;0;1;10;-2;
JaVale McGee;18:11;3;3;1.000;0;0;;2;2;1.000;1;6;7;1;0;0;0;2;8;-21;
Landry Shamet;17:32;1;7;.143;0;5;.000;1;2;.500;1;0;1;1;0;0;0;1;3;-16;
Elfrid Payton;11:16;0;2;.000;0;0;;0;2;.000;0;3;3;0;0;0;1;2;0;-9;
Jalen Smith;8:35;1;4;.250;0;1;.000;2;2;1.000;2;3;5;0;1;1;1;0;4;-5;
Abdel Nader;Did Not Play;
Chandler Hutchison;Did Not Play;
Frank Kaminsky;Did Not Play;
Cameron Payne;Did Not Play;
Team Totals;240;39;84;.464;6;26;.231;17;27;.630;8;44;52;27;12;3;13;14;101;;
Home Advanced
Chris Paul;36:44;.633;.700;.200;.600;0.0;4.8;2.6;41.9;5.2;0.0;13.7;17.6;121;89;9.4;
Devin Booker;35:19;.553;.450;.200;.500;3.0;7.6;5.5;45.7;0.0;0.0;14.1;35.5;108;101;5.4;
Jae Crowder;33:06;.429;.429;.714;.000;3.2;16.1;10.3;8.0;2.9;3.1;12.5;10.7;87;89;2.0;
Mikal Bridges;30:28;.556;.556;.222;.000;0.0;14.6;8.0;15.2;0.0;0.0;18.2;15.9;93;98;-3.8;
Deandre Ayton;24:14;.751;.800;.100;.300;4.4;40.3;24.0;8.6;5.9;0.0;15.0;24.2;116;76;13.1;
Cameron Johnson;24:35;.417;.417;.500;.000;4.3;18.1;11.8;0.0;3.9;4.2;0.0;21.5;86;85;2.1;
JaVale McGee;18:11;1.031;1.000;.000;.667;5.9;29.3;18.7;8.5;0.0;0.0;0.0;9.4;215;93;7.4;
Landry Shamet;17:32;.190;.143;.714;.286;6.1;0.0;2.8;7.5;0.0;0.0;0.0;19.8;56;103;-13.5;
Elfrid Payton;11:16;.000;.000;.000;1.000;0.0;23.7;12.9;0.0;0.0;0.0;25.8;15.2;0;95;-21.3;
Jalen Smith;8:35;.410;.250;.250;.500;24.9;31.1;28.2;0.0;5.6;11.9;17.0;30.2;88;72;1.6;
Abdel Nader;Did Not Play;
Chandler Hutchison;Did Not Play;
Frank Kaminsky;Did Not Play;
Cameron Payne;Did Not Play;
Team Totals;240;.527;.500;.310;.321;17.8;81.5;52.5;69.2;11.9;6.4;11.9;100.0;100.4;91.5;;
