202111040DET-UTA;ATL;UTA;False;7:00 PM, November 4, 2021;Little Caesars Arena, Detroit, Michigan;2:12
116;
98;
Guest Basic
Tyrese Maxey;44:41;8;12;.667;2;4;.500;2;2;1.000;0;4;4;5;2;0;1;2;20;+3;
Seth Curry;36:42;9;14;.643;4;8;.500;1;1;1.000;0;0;0;2;0;0;3;1;23;+3;
Shake Milton;33:47;7;13;.538;2;5;.400;0;1;.000;2;6;8;5;2;0;3;3;16;+13;
Matisse Thybulle;30:22;2;7;.286;1;4;.250;0;0;;1;1;2;1;1;3;1;1;5;-2;
Joel Embiid;30:02;6;15;.400;0;0;;7;8;.875;4;5;9;3;1;0;2;3;19;-9;
Georges Niang;31:36;4;11;.364;3;10;.300;3;4;.750;0;7;7;2;1;0;1;3;14;+18;
Andre Drummond;17:58;3;6;.500;0;0;;2;6;.333;5;5;10;3;1;0;1;2;8;+20;
Paul Reed;14:52;2;5;.400;0;1;.000;0;0;;3;6;9;1;0;0;0;2;4;+9;
Danny Green;Did Not Dress;
Charles Bassey;Did Not Play;
Furkan Korkmaz;Did Not Dress;
Team Totals;240;41;83;.494;12;32;.375;15;22;.682;15;34;49;22;8;3;12;17;109;;
Guest Advanced
Tyrese Maxey;44:41;.776;.750;.333;.167;0.0;9.3;4.8;16.6;2.4;0.0;7.2;14.2;158;111;5.1;
Seth Curry;36:42;.796;.786;.571;.071;0.0;0.0;0.0;8.9;0.0;0.0;17.2;21.8;131;120;1.8;
Shake Milton;33:47;.595;.615;.385;.077;6.5;18.5;12.6;22.9;3.2;0.0;18.2;22.3;115;106;2.8;
Matisse Thybulle;30:22;.357;.357;.571;.000;3.6;3.4;3.5;4.2;1.8;9.3;12.5;12.1;84;109;-1.9;
Joel Embiid;30:02;.513;.400;.000;.533;14.5;17.4;16.0;15.3;1.8;0.0;9.7;31.3;118;109;-1.1;
Georges Niang;31:36;.549;.500;.909;.364;0.0;23.1;11.8;8.7;1.7;0.0;7.3;20.0;118;107;-1.2;
Andre Drummond;17:58;.463;.500;.000;1.000;30.4;29.0;29.7;24.3;3.0;0.0;10.4;24.6;119;102;3.1;
Paul Reed;14:52;.400;.400;.200;.000;22.0;42.1;32.3;9.3;0.0;0.0;0.0;15.4;125;103;-3.6;
Danny Green;Did Not Dress;
Charles Bassey;Did Not Play;
Furkan Korkmaz;Did Not Dress;
Team Totals;240;.588;.566;.386;.265;34.1;73.9;54.4;53.7;8.9;5.9;11.5;100.0;121.4;109.2;;
Home Basic
Jerami Grant;37:58;11;22;.500;2;6;.333;3;3;1.000;0;6;6;4;1;1;4;1;27;-2;
Saddiq Bey;37:43;3;9;.333;1;5;.200;0;0;;4;1;5;4;1;0;0;2;7;+3;
Cade Cunningham;31:50;4;17;.235;1;7;.143;9;10;.900;4;6;10;4;1;0;3;3;18;+7;
Isaiah Stewart;31:03;3;5;.600;0;1;.000;0;0;;0;7;7;2;1;1;0;3;6;0;
Killian Hayes;28:32;4;8;.500;2;3;.667;0;0;;2;2;4;2;1;0;0;1;10;+6;
Kelly Olynyk;16:57;4;10;.400;2;6;.333;1;2;.500;2;3;5;0;1;0;2;4;11;-11;
Cory Joseph;16:47;1;2;.500;0;0;;0;0;;0;1;1;5;0;0;1;1;2;-19;
Josh Jackson;15:23;2;4;.500;1;2;.500;2;2;1.000;0;1;1;0;0;0;1;1;7;-19;
Frank Jackson;13:45;3;6;.500;2;4;.500;0;0;;0;1;1;0;0;0;0;2;8;-11;
Trey Lyles;10:02;0;4;.000;0;2;.000;2;2;1.000;0;1;1;0;0;0;0;0;2;-9;
Saben Lee;Did Not Play;
Hamidou Diallo;Did Not Play;
Luka Garza;Did Not Play;
Rodney McGruder;Did Not Play;
Team Totals;240;35;87;.402;11;36;.306;17;19;.895;12;29;41;21;6;2;11;18;98;;
Home Advanced
Jerami Grant;37:58;.579;.545;.273;.136;0.0;17.2;8.4;24.0;1.4;2.5;14.6;32.5;104;119;3.5;
Saddiq Bey;37:43;.389;.389;.556;.000;11.1;2.9;7.1;16.3;1.4;0.0;0.0;10.8;117;126;-2.9;
Cade Cunningham;31:50;.421;.265;.412;.588;13.1;20.6;16.8;20.8;1.7;0.0;12.3;34.6;96;118;-3.8;
Isaiah Stewart;31:03;.600;.600;.200;.000;0.0;24.6;12.0;10.2;1.7;3.0;0.0;7.3;134;115;-0.1;
Killian Hayes;28:32;.625;.625;.375;.000;7.3;7.6;7.5;11.9;1.9;0.0;0.0;12.7;141;123;2.7;
Kelly Olynyk;16:57;.506;.500;.600;.200;12.3;19.3;15.7;0.0;3.2;0.0;15.5;34.3;90;114;-5.2;
Cory Joseph;16:47;.500;.500;.000;.000;0.0;6.5;3.2;44.5;0.0;0.0;33.3;8.1;115;127;-3.5;
Josh Jackson;15:23;.717;.625;.500;.500;0.0;7.1;3.5;0.0;0.0;0.0;17.0;17.3;118;127;-4.0;
Frank Jackson;13:45;.667;.667;.667;.000;0.0;7.9;3.9;0.0;0.0;0.0;0.0;19.7;129;126;0.3;
Trey Lyles;10:02;.205;.000;.500;.500;0.0;10.9;5.3;0.0;0.0;0.0;0.0;22.0;51;126;-18.7;
Saben Lee;Did Not Play;
Hamidou Diallo;Did Not Play;
Luka Garza;Did Not Play;
Rodney McGruder;Did Not Play;
Team Totals;240;.514;.466;.414;.218;26.1;65.9;45.6;60.0;6.7;3.9;10.3;100.0;109.2;121.4;;
