202110230CLE-DET;CHI;DET;False;6:00 PM, October 23, 2021;Rocket Mortgage Fieldhouse, Cleveland, Ohio;2:14
82;
97;
Guest Basic
Trae Young;35:27;8;22;.364;1;6;.167;7;7;1.000;0;1;1;7;3;0;2;1;24;-14;
De'Andre Hunter;30:01;5;16;.313;2;8;.250;0;0;;1;2;3;1;0;0;0;3;12;-11;
Clint Capela;27:18;5;12;.417;0;0;;0;2;.000;7;7;14;1;0;2;1;3;10;-10;
Bogdan Bogdanović;27:13;2;7;.286;1;3;.333;0;0;;0;2;2;2;0;0;0;2;5;-21;
John Collins;26:36;3;8;.375;0;3;.000;0;2;.000;3;9;12;1;1;1;2;5;6;+10;
Cam Reddish;27:38;7;14;.500;3;5;.600;2;4;.500;2;4;6;0;0;0;0;3;19;-12;
Kevin Huerter;21:33;2;9;.222;0;4;.000;0;0;;0;1;1;2;1;0;1;2;4;+10;
Gorgui Dieng;18:46;2;3;.667;1;1;1.000;0;0;;3;5;8;1;0;0;2;1;5;+7;
Solomon Hill;12:54;2;4;.500;2;4;.500;0;0;;0;3;3;1;0;0;0;3;6;+3;
Delon Wright;12:33;2;4;.500;0;0;;0;0;;1;3;4;4;0;0;1;0;4;+8;
Timothé Luwawu-Cabarrot;Did Not Play;
Sharife Cooper;Did Not Play;
Lou Williams;Did Not Play;
Jalen Johnson;Did Not Play;
Skylar Mays;Did Not Play;
Team Totals;240;38;99;.384;10;34;.294;9;15;.600;17;37;54;20;5;3;9;23;95;;
Guest Advanced
Trae Young;35:27;.478;.386;.273;.318;0.0;2.8;1.3;34.9;4.2;0.0;7.4;32.0;107;104;9.0;
De'Andre Hunter;30:01;.375;.375;.500;.000;2.7;6.5;4.4;5.3;0.0;0.0;0.0;22.3;88;111;-5.2;
Clint Capela;27:18;.388;.417;.000;.167;20.9;25.1;22.8;6.0;0.0;5.8;7.2;21.3;96;101;-1.4;
Bogdan Bogdanović;27:13;.357;.357;.429;.000;0.0;7.2;3.3;10.2;0.0;0.0;0.0;10.8;91;111;-6.2;
John Collins;26:36;.338;.375;.375;.250;9.2;33.1;20.1;5.5;1.9;3.0;18.4;17.1;71;96;-6.5;
Cam Reddish;27:38;.603;.607;.357;.286;5.9;14.2;9.7;0.0;0.0;0.0;0.0;23.9;128;109;6.6;
Kevin Huerter;21:33;.222;.222;.444;.000;0.0;4.5;2.1;13.3;2.3;0.0;10.0;19.4;55;107;-10.4;
Gorgui Dieng;18:46;.833;.833;.333;.000;13.0;26.1;18.9;7.8;0.0;0.0;40.0;11.2;110;105;-0.5;
Solomon Hill;12:54;.750;.750;1.000;.000;0.0;22.8;10.3;12.2;0.0;0.0;0.0;13.0;158;105;7.1;
Delon Wright;12:33;.500;.500;.000;.000;6.5;23.4;14.2;50.4;0.0;0.0;20.0;16.7;112;106;6.1;
Timothé Luwawu-Cabarrot;Did Not Play;
Sharife Cooper;Did Not Play;
Lou Williams;Did Not Play;
Jalen Johnson;Did Not Play;
Skylar Mays;Did Not Play;
Team Totals;240;.450;.434;.343;.152;28.8;75.5;50.0;52.6;5.2;4.9;7.9;100.0;99.3;105.6;;
Home Basic
Evan Mobley;35:09;7;12;.583;0;2;.000;3;3;1.000;2;9;11;1;2;4;1;3;17;+6;
Ricky Rubio;35:05;9;15;.600;3;7;.429;2;2;1.000;0;6;6;8;1;0;3;3;23;+16;
Jarrett Allen;32:41;5;9;.556;0;0;;1;2;.500;1;13;14;0;2;0;3;1;11;0;
Lauri Markkanen;31:42;3;15;.200;1;6;.167;5;6;.833;3;5;8;2;1;2;0;0;12;-4;
Collin Sexton;27:30;5;14;.357;0;2;.000;2;4;.500;0;1;1;5;0;0;3;5;12;+4;
Isaac Okoro;33:36;3;8;.375;1;2;.500;2;4;.500;3;1;4;3;0;0;0;3;9;+2;
Kevin Love;23:45;3;7;.429;1;3;.333;5;6;.833;2;4;6;3;0;0;0;0;12;+11;
Cedi Osman;20:30;2;9;.222;1;6;.167;0;0;;1;3;4;1;0;0;0;1;5;-5;
Denzel Valentine;Did Not Play;
Ed Davis;Did Not Play;
Lamar Stevens;Did Not Play;
Dean Wade;Did Not Play;
RJ Nembhard Jr.;Did Not Play;
Kevin Pangos;Did Not Play;
Tacko Fall;Did Not Play;
Team Totals;240;37;89;.416;7;28;.250;20;27;.741;12;42;54;23;6;6;10;16;101;;
Home Advanced
Evan Mobley;35:09;.638;.583;.167;.250;5.6;20.8;13.9;5.0;2.9;8.4;7.0;17.6;126;88;8.8;
Ricky Rubio;35:05;.724;.700;.467;.133;0.0;13.9;7.6;44.3;1.4;0.0;15.9;23.3;128;100;9.8;
Jarrett Allen;32:41;.557;.556;.000;.222;3.0;32.4;19.0;0.0;3.1;0.0;23.3;17.1;84;87;-2.2;
Lauri Markkanen;31:42;.340;.233;.400;.400;9.3;12.8;11.2;9.3;1.6;4.7;0.0;24.1;90;98;0.2;
Collin Sexton;27:30;.381;.357;.143;.286;0.0;3.0;1.6;30.9;0.0;0.0;16.0;29.5;77;109;-11.1;
Isaac Okoro;33:36;.461;.438;.250;.500;8.7;2.4;5.3;13.1;0.0;0.0;0.0;12.6;118;110;-1.7;
Kevin Love;23:45;.622;.500;.429;.857;8.2;13.7;11.2;19.6;0.0;0.0;0.0;17.6;146;104;9.0;
Cedi Osman;20:30;.278;.278;.667;.000;4.8;11.9;8.7;7.2;0.0;0.0;0.0;19.0;72;105;-9.0;
Denzel Valentine;Did Not Play;
Ed Davis;Did Not Play;
Lamar Stevens;Did Not Play;
Dean Wade;Did Not Play;
RJ Nembhard Jr.;Did Not Play;
Kevin Pangos;Did Not Play;
Tacko Fall;Did Not Play;
Team Totals;240;.501;.455;.315;.303;24.5;71.2;50.0;62.2;6.3;9.2;9.0;100.0;105.6;99.3;;
