202111020DAL-MIA;DAL;MIA;False;7:30 PM, November 2, 2021;American Airlines Center, Dallas, Texas;2:21
125;
110;
Guest Basic
Kyle Lowry;35:42;7;10;.700;6;9;.667;2;2;1.000;0;5;5;9;0;0;1;2;22;+9;
Jimmy Butler;33:08;4;11;.364;0;1;.000;15;17;.882;2;4;6;6;3;1;1;4;23;+14;
Bam Adebayo;32:42;8;18;.444;0;0;;6;7;.857;3;10;13;1;0;2;2;3;22;+12;
P.J. Tucker;30:23;2;4;.500;1;3;.333;1;2;.500;0;3;3;2;1;0;0;3;6;+13;
Duncan Robinson;23:55;2;3;.667;2;2;1.000;0;0;;0;1;1;0;1;0;2;6;6;+5;
Tyler Herro;34:48;11;20;.550;3;6;.500;0;0;;1;2;3;4;0;0;0;1;25;+21;
Caleb Martin;17:01;0;2;.000;0;1;.000;0;0;;0;3;3;1;0;1;0;2;0;0;
Markieff Morris;13:38;4;6;.667;1;2;.500;0;0;;2;1;3;2;0;0;0;3;9;-1;
Dewayne Dedmon;13:34;4;7;.571;0;0;;2;2;1.000;0;5;5;0;1;1;0;1;10;+4;
Omer Yurtseven;1:44;1;1;1.000;0;0;;0;0;;1;1;2;0;0;0;0;0;2;-1;
Gabe Vincent;1:44;0;0;;0;0;;0;0;;0;0;0;0;0;0;0;0;0;-1;
Udonis Haslem;1:41;0;1;.000;0;1;.000;0;0;;0;1;1;0;0;0;0;0;0;0;
Team Totals;240;43;83;.518;13;25;.520;26;30;.867;9;36;45;25;6;5;6;25;125;;
Guest Advanced
Kyle Lowry;35:42;1.011;1.000;.900;.200;0.0;14.3;7.8;36.0;0.0;0.0;8.4;15.6;189;123;14.7;
Jimmy Butler;33:08;.622;.364;.091;1.545;7.4;12.3;10.1;23.4;4.7;3.4;5.1;27.6;144;111;9.8;
Bam Adebayo;32:42;.522;.444;.000;.389;11.3;31.2;22.2;4.7;0.0;7.0;8.7;33.1;109;114;-5.0;
P.J. Tucker;30:23;.615;.625;.750;.500;0.0;10.1;5.5;7.9;1.7;0.0;0.0;7.5;138;121;-1.0;
Duncan Robinson;23:55;1.000;1.000;.667;.000;0.0;4.3;2.3;0.0;2.2;0.0;40.0;9.8;94;121;-6.0;
Tyler Herro;34:48;.625;.625;.300;.000;3.5;5.9;4.8;19.8;0.0;0.0;0.0;27.0;135;126;3.8;
Caleb Martin;17:01;.000;.000;.500;.000;0.0;18.0;9.8;6.6;0.0;6.7;0.0;5.5;37;118;-7.6;
Markieff Morris;13:38;.750;.750;.333;.000;18.1;7.5;12.3;24.4;0.0;0.0;0.0;20.7;167;125;8.0;
Dewayne Dedmon;13:34;.635;.571;.000;.286;0.0;37.6;20.6;0.0;3.8;8.4;0.0;27.3;129;103;5.9;
Gabe Vincent;1:44;;;;;0.0;0.0;0.0;0.0;0.0;0.0;;0.0;0;128;-7.7;
Omer Yurtseven;1:44;1.000;1.000;.000;.000;71.0;58.9;64.4;0.0;0.0;0.0;0.0;27.1;213;109;27.0;
Udonis Haslem;1:41;.000;.000;1.000;.000;0.0;60.7;33.2;0.0;0.0;0.0;0.0;27.9;0;109;-30.9;
Team Totals;240;.650;.596;.301;.361;23.1;76.6;52.3;58.1;6.5;11.9;5.9;100.0;135.3;119.1;;
Home Basic
Luka Dončić;35:33;10;24;.417;3;9;.333;10;12;.833;2;1;3;5;0;0;3;2;33;-13;
Tim Hardaway Jr.;31:06;5;15;.333;4;13;.308;3;4;.750;0;3;3;3;0;1;0;3;17;-9;
Dorian Finney-Smith;30:40;3;6;.500;2;4;.500;0;0;;1;4;5;1;0;1;1;3;8;-12;
Jalen Brunson;30:36;10;13;.769;2;2;1.000;3;5;.600;1;6;7;3;0;0;3;1;25;-3;
Dwight Powell;25:00;2;3;.667;0;0;;2;5;.400;2;6;8;2;1;1;0;5;6;-10;
Reggie Bullock;25:20;3;7;.429;3;7;.429;1;1;1.000;0;2;2;1;0;0;0;3;10;-7;
Willie Cauley-Stein;19:05;0;2;.000;0;0;;0;0;;2;1;3;1;0;0;1;1;0;-8;
Frank Ntilikina;18:37;2;7;.286;0;5;.000;0;0;;1;0;1;0;0;0;0;2;4;-6;
Sterling Brown;12:38;1;4;.250;0;2;.000;2;2;1.000;1;4;5;0;0;0;0;1;4;-6;
Josh Green;4:02;0;1;.000;0;0;;0;0;;1;0;1;0;0;0;0;0;0;-6;
Boban Marjanović;2:11;0;1;.000;0;0;;0;0;;0;1;1;0;0;0;1;0;0;+2;
Moses Brown;1:44;1;1;1.000;0;0;;0;0;;0;0;0;0;0;0;0;0;2;+1;
Eugene Omoruyi;1:44;0;0;;0;0;;1;2;.500;0;2;2;0;0;0;0;0;1;+1;
JaQuori McLaughlin;1:44;0;0;;0;0;;0;0;;0;0;0;1;0;0;0;0;0;+1;
Team Totals;240;37;84;.440;14;42;.333;22;31;.710;11;30;41;17;1;3;9;21;110;;
Home Advanced
Luka Dončić;35:33;.564;.479;.375;.500;5.7;3.5;4.7;28.7;0.0;0.0;9.3;40.9;117;140;4.8;
Tim Hardaway Jr.;31:06;.507;.467;.867;.267;0.0;11.9;5.4;15.8;0.0;2.7;0.0;24.3;116;136;0.7;
Dorian Finney-Smith;30:40;.667;.667;.667;.000;3.3;16.1;9.1;4.8;0.0;2.7;14.3;10.3;122;135;-1.7;
Jalen Brunson;30:36;.822;.846;.154;.385;3.3;24.1;12.8;22.1;0.0;0.0;16.5;26.8;138;135;8.8;
Dwight Powell;25:00;.577;.667;.000;1.667;8.2;29.5;17.9;11.6;2.1;3.3;0.0;9.4;143;126;0.9;
Reggie Bullock;25:20;.672;.643;1.000;.143;0.0;9.7;4.4;6.1;0.0;0.0;0.0;13.2;143;138;0.1;
Willie Cauley-Stein;19:05;.000;.000;.000;.000;10.7;6.4;8.8;6.8;0.0;0.0;33.3;7.1;62;139;-10.1;
Frank Ntilikina;18:37;.286;.286;.714;.000;5.5;0.0;3.0;0.0;0.0;0.0;0.0;16.9;72;140;-15.0;
Sterling Brown;12:38;.410;.250;.500;.500;8.1;39.0;22.1;0.0;0.0;0.0;0.0;17.4;104;132;-7.2;
Josh Green;4:02;.000;.000;.000;.000;25.3;0.0;13.8;0.0;0.0;0.0;0.0;11.2;71;140;-12.7;
Boban Marjanović;2:11;.000;.000;.000;.000;0.0;56.4;25.6;0.0;0.0;0.0;50.0;41.2;0;128;-45.7;
Moses Brown;1:44;1.000;1.000;.000;.000;0.0;0.0;0.0;0.0;0.0;0.0;0.0;26.0;200;140;19.5;
JaQuori McLaughlin;1:44;;;;;0.0;0.0;0.0;74.8;0.0;0.0;;0.0;238;140;9.6;
Eugene Omoruyi;1:44;.568;;;;0.0;100.0;64.4;0.0;0.0;0.0;0.0;22.9;122;110;6.1;
Team Totals;240;.563;.524;.500;.369;23.4;76.9;47.7;45.9;1.1;5.2;8.4;100.0;119.1;135.3;;
