202110280WAS-NYK;CHI;NYK;False;7:00 PM, October 28, 2021;Capital One Arena, Washington, District of Columbia;2:16
104;
103;
Guest Basic
John Collins;38:18;14;16;.875;0;0;;0;0;;3;9;12;3;0;0;2;4;28;-9;
Trae Young;34:46;6;17;.353;1;5;.200;2;3;.667;0;3;3;13;2;1;3;0;15;-8;
Bogdan Bogdanović;33:37;6;11;.545;1;4;.250;1;1;1.000;0;6;6;4;1;0;0;5;14;-11;
De'Andre Hunter;30:45;4;9;.444;2;3;.667;0;0;;0;4;4;1;0;0;2;3;10;-6;
Clint Capela;23:21;5;7;.714;0;0;;1;2;.500;0;4;4;1;0;1;0;2;11;-10;
Cam Reddish;26:56;8;14;.571;1;5;.200;3;4;.750;1;2;3;0;1;1;4;0;20;-4;
Danilo Gallinari;18:03;2;4;.500;1;1;1.000;1;1;1.000;0;1;1;0;0;0;0;0;6;-2;
Kevin Huerter;14:23;0;4;.000;0;3;.000;0;0;;0;2;2;3;0;0;1;2;0;0;
Lou Williams;7:43;2;4;.500;0;0;;1;1;1.000;1;2;3;0;0;0;0;0;5;+4;
Gorgui Dieng;6:37;0;1;.000;0;0;;0;2;.000;1;4;5;1;0;0;0;0;0;-2;
Delon Wright;5:31;1;1;1.000;0;0;;0;0;;0;0;0;0;0;0;1;0;2;-7;
Timothé Luwawu-Cabarrot;Did Not Play;
Solomon Hill;Did Not Play;
Jalen Johnson;Did Not Play;
Skylar Mays;Did Not Play;
Team Totals;240;48;88;.545;6;21;.286;9;14;.643;6;37;43;26;4;3;13;16;111;;
Guest Advanced
John Collins;38:18;.875;.875;.000;.000;8.7;22.1;16.0;12.3;0.0;0.0;11.1;21.1;154;123;7.3;
Trae Young;34:46;.409;.382;.294;.176;0.0;8.1;4.4;45.2;2.8;2.1;14.1;27.5;96;120;0.6;
Bogdan Bogdanović;33:37;.612;.591;.364;.091;0.0;16.8;9.1;14.5;1.4;0.0;0.0;15.2;130;122;-0.2;
De'Andre Hunter;30:45;.556;.556;.333;.000;0.0;12.2;6.6;3.7;0.0;0.0;18.2;16.0;88;127;-7.7;
Clint Capela;23:21;.698;.714;.000;.286;0.0;16.1;8.7;5.4;0.0;3.2;0.0;15.1;139;123;1.3;
Cam Reddish;26:56;.635;.607;.357;.286;4.1;7.0;5.7;0.0;1.8;2.7;20.2;32.9;97;123;-2.2;
Danilo Gallinari;18:03;.676;.625;.250;.250;0.0;5.2;2.8;0.0;0.0;0.0;0.0;11.0;133;129;-3.0;
Kevin Huerter;14:23;.000;.000;.750;.000;0.0;13.1;7.1;20.9;0.0;0.0;20.0;15.6;35;126;-17.0;
Lou Williams;7:43;.563;.500;.000;.250;14.5;24.4;19.9;0.0;0.0;0.0;0.0;25.8;122;122;-0.3;
Gorgui Dieng;6:37;.000;.000;.000;2.000;16.9;56.9;38.6;15.1;0.0;0.0;0.0;12.7;63;111;-5.9;
Delon Wright;5:31;1.000;1.000;.000;.000;0.0;0.0;0.0;0.0;0.0;0.0;50.0;16.2;78;131;-9.5;
Timothé Luwawu-Cabarrot;Did Not Play;
Solomon Hill;Did Not Play;
Jalen Johnson;Did Not Play;
Skylar Mays;Did Not Play;
Team Totals;240;.589;.580;.239;.159;14.0;72.5;45.7;54.2;4.0;4.6;12.1;100.0;111.9;122.9;;
Home Basic
Kyle Kuzma;39:50;8;17;.471;2;6;.333;3;6;.500;1;7;8;0;3;0;0;1;21;+9;
Bradley Beal;37:43;11;26;.423;1;4;.250;4;4;1.000;1;7;8;8;0;1;1;3;27;+7;
Montrezl Harrell;34:00;10;16;.625;0;2;.000;5;5;1.000;6;7;13;5;2;1;0;2;25;+16;
Kentavious Caldwell-Pope;29:57;7;10;.700;5;7;.714;2;3;.667;2;6;8;2;0;1;2;2;21;+10;
Aaron Holiday;24:21;3;6;.500;1;2;.500;0;0;;0;0;0;4;0;0;0;1;7;+9;
Raul Neto;23:49;3;7;.429;0;2;.000;0;0;;0;5;5;5;1;0;0;3;6;+2;
Deni Avdija;22:28;1;8;.125;1;4;.250;2;2;1.000;2;3;5;1;0;0;2;2;5;+2;
Dāvis Bertāns;18:47;3;7;.429;3;6;.500;1;1;1.000;0;1;1;0;0;0;1;1;10;-5;
Corey Kispert;9:05;0;2;.000;0;1;.000;0;0;;2;1;3;1;0;1;0;1;0;+5;
Joel Ayayi;Did Not Play;
Isaiah Todd;Did Not Play;
Team Totals;240;46;99;.465;13;34;.382;17;21;.810;14;37;51;26;6;4;6;16;122;;
Home Advanced
Kyle Kuzma;39:50;.535;.529;.353;.353;2.4;19.6;10.3;0.0;3.6;0.0;0.0;20.7;114;108;-0.3;
Bradley Beal;37:43;.486;.442;.154;.154;2.5;20.7;10.8;31.8;0.0;1.9;3.5;32.0;115;113;0.7;
Montrezl Harrell;34:00;.687;.625;.125;.313;16.6;23.0;19.5;22.1;2.8;2.1;0.0;22.5;161;106;14.3;
Kentavious Caldwell-Pope;29:57;.928;.950;.700;.300;6.3;22.4;13.6;9.2;0.0;2.4;15.0;18.7;153;112;10.8;
Aaron Holiday;24:21;.583;.583;.333;.000;0.0;0.0;0.0;19.7;0.0;0.0;0.0;10.4;141;117;-2.1;
Raul Neto;23:49;.429;.429;.286;.000;0.0;23.4;10.7;25.2;2.0;0.0;0.0;12.3;119;110;-3.4;
Deni Avdija;22:28;.282;.188;.500;.250;8.4;14.9;11.4;4.9;0.0;0.0;18.4;20.3;69;115;-15.8;
Dāvis Bertāns;18:47;.672;.643;.857;.143;0.0;5.9;2.7;0.0;0.0;0.0;11.8;18.9;116;116;-2.3;
Corey Kispert;9:05;.000;.000;.500;.000;20.7;12.3;16.9;11.5;0.0;7.9;0.0;9.3;89;107;-4.4;
Joel Ayayi;Did Not Play;
Isaiah Todd;Did Not Play;
Team Totals;240;.564;.530;.343;.212;27.5;86.0;54.3;56.5;6.0;6.0;5.3;100.0;122.9;111.9;;
