202111060PHO-PHI;CHI;PHI;False;10:00 PM, November 6, 2021;Phoenix Suns Arena, Phoenix, Arizona;2:11
114;
105;
Guest Basic
Trae Young;39:14;10;23;.435;4;9;.444;7;8;.875;0;2;2;13;0;0;6;2;31;+1;
John Collins;34:31;9;12;.750;3;4;.750;5;5;1.000;1;9;10;0;0;0;1;0;26;+5;
Bogdan Bogdanović;29:14;7;17;.412;4;11;.364;0;0;;1;6;7;0;0;0;2;3;18;-17;
De'Andre Hunter;28:45;1;9;.111;0;2;.000;0;0;;1;4;5;2;1;0;0;2;2;-7;
Clint Capela;28:26;4;11;.364;0;0;;1;2;.500;5;8;13;1;0;0;0;2;9;-12;
Cam Reddish;26:25;3;9;.333;0;3;.000;4;4;1.000;2;1;3;0;1;0;0;3;10;-5;
Danilo Gallinari;22:39;3;6;.500;2;3;.667;2;2;1.000;1;1;2;0;0;0;0;2;10;+7;
Kevin Huerter;18:46;3;4;.750;0;0;;1;2;.500;2;4;6;1;0;0;2;1;7;+13;
Lou Williams;8:46;2;5;.400;0;0;;0;0;;0;0;0;0;0;1;1;1;4;-5;
Gorgui Dieng;3:14;0;1;.000;0;1;.000;0;0;;1;1;2;1;1;0;0;0;0;0;
Timothé Luwawu-Cabarrot;Did Not Play;
Delon Wright;Did Not Play;
Solomon Hill;Did Not Play;
Team Totals;240;42;97;.433;13;33;.394;20;23;.870;14;36;50;18;3;1;12;16;117;;
Guest Advanced
Trae Young;39:14;.584;.522;.391;.348;0.0;6.0;2.7;53.4;0.0;0.0;18.5;33.4;115;121;5.3;
John Collins;34:31;.915;.875;.333;.417;2.7;30.5;15.1;0.0;0.0;0.0;6.6;17.7;173;119;12.5;
Bogdan Bogdanović;29:14;.529;.529;.647;.000;3.2;24.0;12.5;0.0;0.0;0.0;10.5;26.2;100;119;-2.2;
De'Andre Hunter;28:45;.111;.111;.222;.000;3.3;16.3;9.1;8.3;1.6;0.0;0.0;12.6;49;116;-8.8;
Clint Capela;28:26;.379;.364;.000;.182;16.6;32.9;23.9;4.8;0.0;0.0;0.0;16.8;107;118;-3.4;
Cam Reddish;26:25;.465;.333;.333;.444;7.1;4.4;5.9;0.0;1.8;0.0;0.0;16.4;114;117;-3.0;
Danilo Gallinari;22:39;.727;.667;.500;.333;4.2;5.2;4.6;0.0;0.0;0.0;0.0;12.2;159;121;2.4;
Kevin Huerter;18:46;.717;.750;.000;.500;10.0;25.0;16.7;7.5;0.0;0.0;29.1;14.8;112;119;-0.4;
Lou Williams;8:46;.400;.400;.000;.000;0.0;0.0;0.0;0.0;0.0;12.2;16.7;27.6;69;112;-8.9;
Gorgui Dieng;3:14;.000;.000;1.000;.000;29.1;36.2;32.3;35.3;14.5;0.0;0.0;12.5;98;85;17.9;
Timothé Luwawu-Cabarrot;Did Not Play;
Delon Wright;Did Not Play;
Solomon Hill;Did Not Play;
Team Totals;240;.546;.500;.340;.237;27.5;87.8;54.3;42.9;2.9;2.2;10.1;100.0;114.2;118.1;;
Home Basic
Chris Paul;35:27;5;8;.625;1;2;.500;5;6;.833;0;6;6;13;1;1;2;1;16;+26;
Devin Booker;34:06;14;21;.667;5;9;.556;5;7;.714;1;5;6;4;2;1;4;4;38;+3;
Jae Crowder;31:01;5;12;.417;3;10;.300;2;2;1.000;0;8;8;0;1;1;0;2;15;+14;
Mikal Bridges;30:59;4;8;.500;0;4;.000;0;0;;1;2;3;2;1;1;0;3;8;+10;
JaVale McGee;17:59;3;6;.500;0;0;;0;1;.000;2;3;5;0;0;1;0;5;6;-4;
Frank Kaminsky;29:26;7;10;.700;2;3;.667;0;0;;0;6;6;4;0;1;1;1;16;+5;
Cameron Johnson;19:33;2;8;.250;0;5;.000;0;0;;0;2;2;0;2;0;0;1;4;-5;
Landry Shamet;17:52;3;6;.500;3;6;.500;3;3;1.000;0;3;3;2;0;0;0;2;12;-2;
Cameron Payne;12:33;1;5;.200;0;3;.000;2;2;1.000;0;1;1;1;1;0;2;3;4;-22;
Abdel Nader;11:04;1;4;.250;0;1;.000;0;0;;1;1;2;0;0;0;3;0;2;-5;
Ish Wainright;Did Not Play;
Jalen Smith;Did Not Play;
Elfrid Payton;Did Not Play;
Deandre Ayton;Did Not Play;
Chandler Hutchison;Did Not Play;
Team Totals;240;45;88;.511;14;43;.326;17;21;.810;5;37;42;26;8;6;12;22;121;;
Home Advanced
Chris Paul;35:27;.752;.688;.250;.750;0.0;15.9;8.8;46.0;1.3;2.1;15.8;15.7;153;114;8.6;
Devin Booker;34:06;.789;.786;.429;.333;3.4;13.8;9.2;22.3;2.7;2.2;14.2;36.2;131;112;15.1;
Jae Crowder;31:01;.582;.542;.833;.167;0.0;24.3;13.5;0.0;1.5;2.4;0.0;18.2;112;111;1.4;
Mikal Bridges;30:59;.500;.500;.500;.000;3.8;6.1;5.1;8.0;1.5;2.4;0.0;11.3;114;118;-1.9;
JaVale McGee;17:59;.466;.500;.000;.167;13.0;15.7;14.5;0.0;0.0;4.2;0.0;15.7;108;116;-9.0;
Frank Kaminsky;29:26;.800;.800;.300;.000;0.0;19.2;10.6;19.4;0.0;2.5;9.1;16.4;145;116;9.0;
Cameron Johnson;19:33;.250;.250;.625;.000;0.0;9.6;5.3;0.0;4.8;0.0;0.0;18.0;51;110;-10.1;
Landry Shamet;17:52;.820;.750;1.000;.500;0.0;15.8;8.8;14.5;0.0;0.0;0.0;18.0;166;119;9.3;
Cameron Payne;12:33;.340;.200;.600;.400;0.0;7.5;4.2;9.3;3.7;0.0;25.4;27.6;59;113;-17.5;
Abdel Nader;11:04;.250;.250;.250;.000;10.6;8.5;9.4;0.0;0.0;0.0;42.9;27.8;40;122;-23.9;
Ish Wainright;Did Not Play;
Jalen Smith;Did Not Play;
Elfrid Payton;Did Not Play;
Deandre Ayton;Did Not Play;
Chandler Hutchison;Did Not Play;
Team Totals;240;.622;.591;.489;.239;12.2;72.5;45.7;57.8;7.8;9.4;11.0;100.0;118.1;114.2;;
