Aaron Brooks;Point Guard;Right;1985-01-14;;6-0;161;Franklin in Seattle,Washington;;;;-1;;
Per Game
07-08;HOU;PG;51;11.9;1.8;4.4;.413;0.7;2.1;.330;1.1;2.3;.491;.493;0.8;1.0;.857;0.3;0.8;1.1;1.7;0.3;0.1;0.9;1.4;5.2;
08-09;HOU;PG;80;35;25.0;4.0;9.8;.404;1.4;3.9;.366;2.5;5.9;.428;.476;1.9;2.2;.866;0.4;1.6;2.0;3.0;0.6;0.1;1.6;1.9;11.2;
09-10;HOU;PG;<strong>82</strong>;82;35.6;7.0;16.2;.432;2.5;6.4;.398;4.5;9.8;.454;.511;3.0;3.6;.822;0.7;2.0;2.6;5.3;0.8;0.2;2.8;2.4;19.6;
10-11;TOT;PG;59;12;21.8;3.7;9.9;.375;1.2;4.0;.297;2.5;5.9;.427;.434;2.1;2.4;.886;0.3;1.0;1.3;3.9;0.6;0.1;1.7;1.9;10.7;
10-11;HOU;PG;34;7;23.9;3.9;11.4;.346;1.4;5.0;.284;2.5;6.4;.394;.408;2.3;2.4;.940;0.3;1.2;1.5;3.8;0.6;0.1;1.6;2.0;11.6;
10-11;PHO;PG;25;5;18.9;3.4;8.0;.430;0.9;2.7;.328;2.6;5.3;.481;.485;1.8;2.3;.807;0.4;0.7;1.1;4.2;0.5;1.8;1.8;9.6;
12-13;TOT;PG;53;20;18.8;2.7;6.0;.453;0.9;2.5;.373;1.8;3.4;.511;.532;0.8;1.0;.769;0.2;1.3;1.5;2.2;0.6;0.2;1.3;1.8;7.1;
12-13;SAC;PG;46;20;20.8;3.0;6.6;.459;1.0;2.8;.378;2.0;3.8;.517;.538;0.9;1.1;.769;0.3;1.4;1.7;2.3;0.6;0.2;1.4;1.9;8.0;
12-13;HOU;PG;7;5.4;0.6;1.9;.308;0.3;1.0;.286;0.3;0.9;.333;.385;0.1;0.1;0.3;0.9;0.1;0.4;0.6;0.7;1.4;
13-14;TOT;PG;72;12;21.6;3.2;8.1;.401;1.3;3.4;.387;1.9;4.6;.411;.484;1.2;1.3;.874;0.6;1.3;1.9;3.2;0.7;0.2;1.6;2.0;9.0;
13-14;HOU;PG;43;16.7;2.4;6.1;.395;1.3;3.1;.409;1.2;3.0;.382;.498;0.9;1.0;.841;0.5;0.9;1.4;1.9;0.6;0.1;1.2;1.8;7.0;
13-14;DEN;PG;29;12;29.0;4.4;11.0;.406;1.4;4.0;.362;3.0;7.0;.431;.472;1.6;1.8;.902;0.7;2.0;2.7;5.2;0.9;0.2;2.3;2.4;11.9;
14-15;CHI;PG;82;21;23.0;4.2;10.0;.421;1.5;3.8;.387;2.7;6.1;.442;.495;1.8;2.1;.833;0.4;1.6;2.0;3.2;0.7;0.2;1.9;2.3;11.6;
15-16;CHI;PG;69;16.1;2.7;6.8;.401;1.0;2.7;.357;1.8;4.1;.430;.471;0.7;0.9;.766;0.3;1.2;1.5;2.6;0.4;0.1;1.2;1.9;7.1;
16-17;IND;PG;65;13.8;1.9;4.6;.403;0.7;2.0;.375;1.1;2.6;.424;.483;0.5;0.6;.800;0.3;0.8;1.1;1.9;0.4;0.1;1.0;1.4;5.0;
17-18;MIN;PG;32;1;5.9;0.9;2.2;.406;0.3;1.0;.355;0.5;1.2;.447;.486;0.3;0.3;.727;0.2;0.3;0.5;0.6;0.2;0.3;0.9;2.3;
Career;;645;183;20.8;3.5;8.5;.413;1.3;3.4;.370;2.2;5.1;.442;.488;1.4;1.7;.837;0.4;1.3;1.7;3.0;0.6;0.1;1.6;1.9;9.7;
Playoffs Per Game
07-08;HOU;PG;6;8.3;1.3;4.2;.320;1.7;1.3;2.5;.533;.320;1.5;1.8;.818;1.0;1.0;0.5;0.5;1.8;4.2;
08-09;HOU;PG;13;13;34.2;5.9;13.1;.453;2.1;4.9;.422;3.8;8.2;.472;.532;2.8;3.5;.804;0.3;2.3;2.6;3.4;0.4;0.2;2.2;2.2;16.8;
12-13;HOU;PG;6;11.2;2.2;5.7;.382;0.2;1.5;.111;2.0;4.2;.480;.397;0.5;0.8;.600;0.5;1.0;1.5;1.8;0.2;0.2;1.0;0.5;5.0;
14-15;CHI;PG;12;11.0;1.8;5.1;.344;0.7;2.2;.308;1.1;2.9;.371;.410;0.3;0.6;.571;0.3;1.3;1.5;0.9;0.3;0.1;0.8;1.3;4.5;
16-17;IND;PG;1;7.0;2.0;3.0;.667;1.0;2.0;.500;1.0;1.0;1.000;.833;1.0;1.0;1.0;1.0;5.0;
17-18;MIN;PG;2;1.5;1.0;1.5;.667;0.5;1.0;1.0;1.000;.667;1.0;2.0;
Career;;40;13;17.6;3.1;7.4;.416;0.9;2.8;.330;2.2;4.6;.467;.478;1.3;1.8;.746;0.3;1.5;1.7;1.8;0.2;0.1;1.2;1.5;8.4;
Totals
07-08;HOU;PG;51;608;93;225;.413;36;109;.330;57;116;.491;.493;42;49;.857;13;43;56;87;13;5;44;69;264;
08-09;HOU;PG;80;35;1998;316;783;.404;113;309;.366;203;474;.428;.476;149;172;.866;33;124;157;238;46;8;125;152;894;
09-10;HOU;PG;<strong>82</strong>;82;2919;575;1331;.432;<strong>209</strong>;<strong>525</strong>;.398;366;806;.454;.511;245;298;.822;54;161;215;434;69;14;232;199;1604;
10-11;TOT;PG;59;12;1284;220;587;.375;70;236;.297;150;351;.427;.434;124;140;.886;20;58;78;233;34;3;99;115;634;
10-11;HOU;PG;34;7;811;134;387;.346;48;169;.284;86;218;.394;.408;78;83;.940;11;40;51;129;21;2;55;69;394;
10-11;PHO;PG;25;5;473;86;200;.430;22;67;.328;64;133;.481;.485;46;57;.807;9;18;27;104;13;1;44;46;240;
12-13;TOT;PG;53;20;997;143;316;.453;50;134;.373;93;182;.511;.532;40;52;.769;13;67;80;114;30;10;67;94;376;
12-13;SAC;PG;46;20;959;139;303;.459;48;127;.378;91;176;.517;.538;40;52;.769;12;66;78;108;29;7;63;89;366;
12-13;HOU;PG;7;38;4;13;.308;2;7;.286;2;6;.333;.385;1;1;2;6;1;3;4;5;10;
13-14;TOT;PG;72;12;1557;233;581;.401;96;248;.387;137;333;.411;.484;83;95;.874;43;97;140;233;52;13;117;146;645;
13-14;HOU;PG;43;716;104;263;.395;54;132;.409;50;131;.382;.498;37;44;.841;23;39;62;83;25;6;51;76;299;
13-14;DEN;PG;29;12;841;129;318;.406;42;116;.362;87;202;.431;.472;46;51;.902;20;58;78;150;27;7;66;70;346;
14-15;CHI;PG;82;21;1885;344;817;.421;121;313;.387;223;504;.442;.495;145;174;.833;32;134;166;261;54;15;157;189;954;
15-16;CHI;PG;69;1108;188;469;.401;66;185;.357;122;284;.430;.471;49;64;.766;21;80;101;180;30;10;82;132;491;
16-17;IND;PG;65;894;121;300;.403;48;128;.375;73;172;.424;.483;32;40;.800;18;51;69;125;25;9;66;93;322;
17-18;MIN;PG;32;1;189;28;69;.406;11;31;.355;17;38;.447;.486;8;11;.727;7;10;17;20;6;11;28;75;
Career;;645;183;13439;2261;5478;.413;820;2218;.370;1441;3260;.442;.488;917;1095;.837;254;825;1079;1925;359;87;1000;1217;6259;
Playoffs Totals
07-08;HOU;PG;6;50;8;25;.320;10;8;15;.533;.320;9;11;.818;6;6;3;3;11;25;
08-09;HOU;PG;13;13;444;77;170;.453;27;64;.422;50;106;.472;.532;37;46;.804;4;30;34;44;5;3;29;29;218;
12-13;HOU;PG;6;67;13;34;.382;1;9;.111;12;25;.480;.397;3;5;.600;3;6;9;11;1;1;6;3;30;
14-15;CHI;PG;12;132;21;61;.344;8;26;.308;13;35;.371;.410;4;7;.571;3;15;18;11;3;1;9;16;54;
16-17;IND;PG;1;7;2;3;.667;1;2;.500;1;1;1.000;.833;1;1;1;1;5;
17-18;MIN;PG;2;3;2;3;.667;1;2;2;1.000;.667;2;4;
Career;;40;13;703;123;296;.416;37;112;.330;86;184;.467;.478;53;71;.746;10;58;68;70;9;5;48;59;336;
Advanced
07-08;HOU;PG;51;608;13.1;.535;.484;.218;2.5;7.9;5.2;23.5;1.1;0.6;15.1;21.8;0.6;0.8;1.4;.112;-0.5;0.2;-0.2;0.3;
08-09;HOU;PG;80;1998;12.9;.521;.395;.220;2.0;7.0;4.6;20.2;1.2;0.3;12.7;22.9;1.4;2.2;3.6;.086;-0.3;-0.6;-0.9;0.6;
09-10;HOU;PG;<strong>82</strong>;2919;16.0;.549;.394;.224;2.0;6.6;4.2;25.6;1.2;0.3;13.7;25.7;3.9;1.6;5.5;.091;2.3;-1.6;0.7;1.9;
10-11;TOT;PG;59;1284;13.1;.489;.402;.239;1.8;5.2;3.5;28.9;1.3;0.2;13.2;25.9;0.7;0.4;1.1;.040;-0.3;-2.7;-3.0;-0.3;
10-11;HOU;PG;34;811;11.7;.465;.437;.214;1.5;5.6;3.6;25.2;1.3;0.2;11.5;26.1;0.1;0.3;0.4;.023;-1.3;-2.8;-4.1;-0.4;
10-11;PHO;PG;25;473;15.6;.533;.335;.285;2.2;4.4;3.3;35.3;1.4;0.2;16.4;25.7;0.6;0.1;0.7;.070;1.3;-2.4;-1.1;0.1;
12-13;TOT;PG;53;997;11.8;.555;.424;.165;1.5;7.9;4.6;18.0;1.5;0.8;16.5;18.1;0.8;0.8;.041;-0.8;-1.4;-2.2;
12-13;SAC;PG;46;959;12.1;.562;.419;.172;1.4;8.1;4.7;17.8;1.5;0.6;16.2;18.0;0.9;0.9;.045;-0.7;-1.4;-2.1;
12-13;HOU;PG;7;38;5.6;.385;.538;3.0;3.0;3.0;23.1;1.3;6.0;23.5;19.6;-0.1;-0.063;-4.1;0.1;-4.0;
13-14;TOT;PG;72;1557;12.5;.518;.427;.164;3.1;6.7;4.9;23.3;1.6;0.6;15.8;20.5;1.3;0.9;2.2;.067;-0.2;-0.8;-1.0;0.4;
13-14;HOU;PG;43;716;11.9;.529;.502;.167;3.8;5.7;4.8;18.1;1.7;0.6;15.3;20.4;0.6;0.5;1.1;.076;-0.1;-0.3;-0.4;0.3;
13-14;DEN;PG;29;841;12.9;.508;.365;.160;2.6;7.5;5.0;27.7;1.6;0.6;16.2;20.5;0.6;0.4;1.0;.058;-0.3;-1.2;-1.5;0.1;
14-15;CHI;PG;82;1885;14.4;.534;.383;.213;1.9;7.5;4.8;24.2;1.5;0.6;14.9;25.0;1.7;1.5;3.3;.083;0.3;-1.1;-0.8;0.5;
15-16;CHI;PG;69;1108;11.8;.494;.394;.136;2.0;7.5;4.8;26.0;1.4;0.7;14.2;22.9;0.2;0.7;0.9;.040;-1.3;-1.3;-2.6;-0.2;
16-17;IND;PG;65;894;9.5;.507;.427;.133;2.3;6.3;4.3;20.7;1.4;0.9;17.2;19.2;-0.2;0.5;0.3;.016;-2.4;-1.2;-3.7;-0.4;
17-18;MIN;PG;32;189;9.8;.508;.449;.159;4.2;6.2;5.2;15.1;1.6;13.0;19.9;0.1;0.1;0.1;.033;-2.6;-1.3;-3.8;-0.1;
Career;;645;13439;13.3;.525;.405;.200;2.1;6.8;4.5;23.6;1.4;0.5;14.4;23.1;10.6;8.7;19.2;.069;0.1;-1.2;-1.2;2.7;
Playoffs Advanced
07-08;HOU;PG;6;50;5.8;.419;.400;.440;13.8;6.7;11.8;9.1;31.2;-0.1;-0.1;-0.054;-8.1;-1.6;-9.7;-0.1;
08-09;HOU;PG;13;444;15.5;.573;.376;.271;1.1;7.8;4.5;18.5;0.6;0.5;13.2;23.7;0.6;0.3;0.9;.100;1.6;0.1;1.7;0.4;
12-13;HOU;PG;6;67;11.7;.414;.265;.147;4.9;10.2;7.5;31.5;0.8;1.3;14.2;27.7;-0.1;-0.1;-0.069;-1.6;-2.0;-3.6;
14-15;CHI;PG;12;132;6.8;.421;.426;.115;2.5;12.2;7.5;14.9;1.2;0.6;12.3;25.2;-0.2;0.2;-0.1;-0.029;-4.4;-2.2;-6.6;-0.1;
16-17;IND;PG;1;7;23.5;.833;.667;17.0;8.4;25.6;25.0;25.0;.109;8.3;-0.2;8.1;
17-18;MIN;PG;2;3;27.9;.515;.333;.667;59.0;-0.200;5.5;-5.3;0.2;
Career;;40;703;13.0;.513;.378;.240;1.6;9.3;5.5;18.6;0.7;0.6;12.8;25.1;0.2;0.5;0.7;.048;-0.5;-0.7;-1.1;0.2;
