Aaron Gordon;Power Forward and Small Forward;Right;1995-09-16;San Jose, California;203cm;106;Archbishop Mitty;University of Arizona;2014;2014;7;50;
Per Game
14-15;ORL;PF;47;8;17.0;2.0;4.4;.447;0.3;1.0;.271;1.7;3.4;.500;.478;0.9;1.3;.721;1.0;2.6;3.6;0.7;0.4;0.5;0.8;1.8;5.2;
15-16;ORL;PF;78;37;23.9;3.5;7.4;.473;0.5;1.8;.296;3.0;5.6;.531;.509;1.7;2.5;.668;2.0;4.5;6.5;1.6;0.8;0.7;0.8;2.0;9.2;
16-17;ORL;SF;80;72;28.7;4.9;10.8;.454;1.0;3.3;.288;4.0;7.5;.528;.499;2.0;2.7;.719;1.5;3.6;5.1;1.9;0.8;0.5;1.1;2.2;12.7;
17-18;ORL;PF;58;57;32.9;6.5;14.9;.434;2.0;5.9;.336;4.5;9.0;.497;.500;2.7;3.9;.698;1.5;6.4;7.9;2.3;1.0;0.8;1.8;1.9;17.6;
18-19;ORL;PF;78;78;33.8;6.0;13.4;.449;1.6;4.4;.349;4.5;9.0;.499;.507;2.4;3.2;.731;1.7;5.7;7.4;3.7;0.7;0.7;2.1;2.2;16.0;
19-20;ORL;PF;62;62;32.5;5.4;12.4;.437;1.2;3.8;.308;4.2;8.5;.494;.484;2.4;3.6;.674;1.7;5.9;7.7;3.7;0.8;0.6;1.6;2.0;14.4;
20-21;TOT;PF;50;50;27.7;4.6;10.0;.463;1.2;3.5;.335;3.4;6.5;.533;.522;1.9;3.0;.651;1.5;4.1;5.7;3.2;0.7;0.7;1.9;1.8;12.4;
20-21;ORL;PF;25;25;29.4;5.1;11.7;.437;1.7;4.5;.375;3.4;7.2;.475;.509;2.6;4.2;.629;1.6;5.1;6.6;4.2;0.6;0.8;2.7;2.0;14.6;
20-21;DEN;PF;25;25;25.9;4.1;8.2;.500;0.7;2.6;.266;3.4;5.7;.606;.541;1.2;1.8;.705;1.5;3.2;4.7;2.2;0.7;0.6;1.2;1.6;10.2;
21-22;DEN;PF;75;75;31.7;5.8;11.1;.520;1.2;3.5;.335;4.6;7.7;.605;.573;2.3;3.1;.743;1.7;4.2;5.9;2.5;0.6;0.6;1.8;2.0;15.0;
Career;;528;439;28.9;4.9;10.7;.460;1.1;3.4;.323;3.8;7.3;.525;.512;2.1;2.9;.702;1.6;4.7;6.3;2.5;0.7;0.6;1.5;2.0;13.0;
Playoffs Per Game
18-19;ORL;PF;5;5;32.8;5.8;12.4;.468;1.6;4.0;.400;4.2;8.4;.500;.532;2.0;3.8;.526;2.2;5.0;7.2;3.6;1.2;0.2;2.6;3.2;15.2;
20-21;DEN;PF;10;10;29.9;4.3;9.9;.434;0.9;2.3;.391;3.4;7.6;.447;.480;1.6;2.5;.640;2.1;3.3;5.4;2.0;0.5;0.3;1.4;2.3;11.1;
21-22;DEN;PF;5;5;32.0;4.6;10.8;.426;0.6;3.0;.200;4.0;7.8;.513;.454;4.0;5.6;.714;3.6;3.6;7.2;2.6;0.4;1.2;1.6;2.8;13.8;
Career;;20;20;31.2;4.8;10.8;.442;1.0;2.9;.345;3.8;7.9;.478;.488;2.3;3.6;.639;2.5;3.8;6.3;2.6;0.7;0.5;1.8;2.7;12.8;
Totals
14-15;ORL;PF;47;8;797;93;208;.447;13;48;.271;80;160;.500;.478;44;61;.721;46;123;169;33;21;22;38;83;243;
15-16;ORL;PF;78;37;1863;274;579;.473;42;142;.296;232;437;.531;.509;129;193;.668;154;353;507;128;59;55;66;153;719;
16-17;ORL;SF;80;72;2298;393;865;.454;77;267;.288;316;598;.528;.499;156;217;.719;116;289;405;150;65;40;89;172;1019;
17-18;ORL;PF;58;57;1909;375;865;.434;115;342;.336;260;523;.497;.500;157;225;.698;87;370;457;136;59;45;107;111;1022;
18-19;ORL;PF;78;78;2633;470;1046;.449;121;347;.349;349;699;.499;.507;185;253;.731;129;445;574;289;57;56;162;172;1246;
19-20;ORL;PF;62;62;2017;335;767;.437;73;237;.308;262;530;.494;.484;151;224;.674;107;368;475;228;51;39;100;125;894;
20-21;TOT;PF;50;50;1384;231;499;.463;59;176;.335;172;323;.533;.522;97;149;.651;77;207;284;161;33;34;97;89;618;
20-21;ORL;PF;25;25;736;128;293;.437;42;112;.375;86;181;.475;.509;66;105;.629;39;127;166;105;16;20;67;49;364;
20-21;DEN;PF;25;25;648;103;206;.500;17;64;.266;86;142;.606;.541;31;44;.705;38;80;118;56;17;14;30;40;254;
21-22;DEN;PF;75;75;2376;434;834;.520;87;260;.335;347;574;.605;.573;171;230;.743;125;314;439;188;44;44;133;148;1126;
Career;;528;439;15277;2605;5663;.460;587;1819;.323;2018;3844;.525;.512;1090;1552;.702;841;2469;3310;1313;389;335;792;1053;6887;
Playoffs Totals
18-19;ORL;PF;5;5;164;29;62;.468;8;20;.400;21;42;.500;.532;10;19;.526;11;25;36;18;6;1;13;16;76;
20-21;DEN;PF;10;10;299;43;99;.434;9;23;.391;34;76;.447;.480;16;25;.640;21;33;54;20;5;3;14;23;111;
21-22;DEN;PF;5;5;160;23;54;.426;3;15;.200;20;39;.513;.454;20;28;.714;18;18;36;13;2;6;8;14;69;
Career;;20;20;623;95;215;.442;20;58;.345;75;157;.478;.488;46;72;.639;50;76;126;51;13;10;35;53;256;
Advanced
14-15;ORL;PF;47;797;11.4;.517;.231;.293;6.4;17.8;12.0;6.3;1.3;2.2;13.9;15.5;0.3;0.7;1.0;.060;-2.6;-0.1;-2.7;-0.2;
15-16;ORL;PF;78;1863;17.0;.541;.245;.333;9.0;21.3;15.1;10.3;1.6;2.4;9.0;17.3;3.2;2.2;5.4;.139;0.9;0.1;1.0;1.4;
16-17;ORL;SF;80;2298;14.5;.530;.309;.251;5.3;14.1;9.6;10.5;1.4;1.4;8.5;20.1;2.0;1.7;3.7;.077;-0.3;-0.7;-1.0;0.6;
17-18;ORL;PF;58;1909;16.5;.530;.395;.260;5.0;21.5;13.2;11.7;1.5;1.9;10.0;24.7;0.9;2.0;2.9;.072;0.9;-0.6;0.3;1.1;
18-19;ORL;PF;78;2633;15.1;.538;.332;.242;5.2;18.4;11.7;16.6;1.1;1.8;12.3;21.8;1.8;3.3;5.1;.093;0.3;0.3;0.6;1.7;
19-20;ORL;PF;62;2017;15.1;.516;.309;.292;5.5;20.3;12.7;17.4;1.2;1.7;10.4;20.7;1.4;2.3;3.7;.087;-0.1;0.1;1.0;
20-21;TOT;PF;50;1384;14.5;.547;.353;.299;6.0;16.4;11.1;17.8;1.2;2.3;14.7;20.7;0.7;1.2;1.9;.066;0.2;-0.1;0.1;0.7;
20-21;ORL;PF;25;736;14.9;.537;.382;.358;5.3;18.5;11.7;23.0;1.1;2.5;16.5;23.8;0.6;0.6;.037;0.5;0.1;0.6;0.5;
20-21;DEN;PF;25;648;14.1;.564;.311;.214;6.7;13.9;10.3;11.8;1.3;2.1;11.7;17.2;0.7;0.6;1.3;.099;-0.1;-0.3;-0.4;0.3;
21-22;DEN;PF;75;2376;15.3;.602;.312;.276;6.1;14.3;10.3;11.6;0.9;1.7;12.5;19.7;3.2;2.0;5.2;.105;0.5;-1.1;-0.6;0.9;
Career;;528;15277;15.2;.543;.321;.274;6.0;17.9;11.8;13.2;1.3;1.9;11.1;20.5;13.5;15.3;28.8;.090;0.2;-0.3;-0.1;7.3;
Playoffs Advanced
18-19;ORL;PF;5;164;15.3;.540;.323;.306;6.8;17.9;12.0;22.2;1.8;0.6;15.6;22.5;0.1;0.2;.048;1.7;1.8;3.5;0.2;
20-21;DEN;PF;10;299;10.5;.505;.232;.253;7.4;13.5;10.2;9.4;0.8;0.9;11.3;18.0;-0.001;-2.2;-1.8;-4.0;-0.2;
21-22;DEN;PF;5;160;15.4;.520;.278;.519;13.5;14.4;13.9;12.0;0.6;3.9;10.8;20.2;0.2;0.2;.063;0.9;-2.2;-1.3;
Career;;20;623;13.0;.519;.270;.335;8.8;14.9;11.6;13.4;1.0;1.6;12.4;19.8;0.3;0.1;0.4;.029;-0.4;-0.9;-1.3;0.1;
