Al Horford;Center;Right;1986-06-03;;6-9;240;Grand Ledge in Grand Ledge,Michigan;;;;-1;;
Per Game
07-08;ATL;C;81;77;31.4;4.1;8.2;.499;0.1;4.1;8.2;.502;.499;1.9;2.6;.731;3.1;6.6;9.7;1.5;0.7;0.9;1.7;3.3;10.1;
08-09;ATL;C;67;67;33.5;4.7;8.9;.525;4.7;8.9;.526;.525;2.2;3.1;.727;2.2;7.1;9.3;2.4;0.8;1.4;1.5;2.8;11.5;
09-10;ATL;C;81;81;35.1;5.8;10.5;.551;1.000;5.8;10.4;.551;.552;2.6;3.3;.789;2.9;7.0;9.9;2.3;0.7;1.1;1.5;2.8;14.2;
10-11;ATL;C;77;77;35.1;6.7;12.0;.557;0.1;.500;6.6;11.9;.557;.558;1.9;2.4;.798;2.4;7.0;9.3;3.5;0.8;1.0;1.5;2.5;15.3;
11-12;ATL;C;11;11;31.6;5.2;9.4;.553;0.1;5.2;9.3;.559;.553;2.0;2.7;.733;2.4;4.6;7.0;2.2;0.9;1.3;1.5;1.9;12.4;
12-13;ATL;C;74;74;37.2;7.8;14.3;.543;0.1;.500;7.7;14.2;.544;.545;1.8;2.8;.644;2.6;7.6;10.2;3.2;1.1;1.1;2.0;2.2;17.4;
13-14;ATL;C;29;29;33.0;8.2;14.5;.567;0.1;0.4;.364;8.1;14.1;.572;.571;2.0;2.9;.682;2.3;6.1;8.4;2.6;0.9;1.5;2.2;1.9;18.6;
14-15;ATL;C;76;76;30.5;6.8;12.7;.538;0.1;0.5;.306;6.7;12.2;.547;.544;1.4;1.9;.759;1.7;5.4;7.2;3.2;0.9;1.3;1.3;1.6;15.2;
15-16;ATL;C;<strong>82</strong>;82;32.1;6.5;12.8;.505;1.1;3.1;.344;5.4;9.7;.557;.547;1.3;1.6;.798;1.8;5.5;7.3;3.2;0.8;1.5;1.3;2.0;15.2;
16-17;BOS;C;68;68;32.3;5.6;11.8;.473;1.3;3.6;.355;4.3;8.2;.524;.527;1.6;2.0;.800;1.4;5.4;6.8;5.0;0.8;1.3;1.7;2.0;14.0;
17-18;BOS;C;72;72;31.6;5.1;10.5;.489;1.3;3.1;.429;3.8;7.3;.514;.553;1.3;1.7;.783;1.4;5.9;7.4;4.7;0.6;1.1;1.8;1.9;12.9;
18-19;BOS;C;68;68;29.0;5.7;10.6;.535;1.1;3.0;.360;4.6;7.6;.604;.586;1.1;1.4;.821;1.8;5.0;6.7;4.2;0.9;1.3;1.5;1.9;13.6;
19-20;PHI;C;67;61;30.2;4.8;10.6;.450;1.5;4.2;.350;3.3;6.4;.516;.520;0.9;1.2;.763;1.5;5.3;6.8;4.0;0.8;0.9;1.2;2.1;11.9;
20-21;OKC;C;28;28;27.9;5.8;12.9;.450;2.0;5.4;.368;3.8;7.4;.510;.528;0.6;0.8;.818;1.0;5.7;6.7;3.4;0.9;0.9;1.0;1.7;14.2;
21-22;BOS;C;69;69;29.1;3.9;8.2;.467;1.3;3.8;.336;2.6;4.4;.582;.546;1.2;1.4;.842;1.6;6.1;7.7;3.4;0.7;1.3;0.9;1.9;10.2;
Career;;950;940;32.2;5.7;11.1;.515;0.6;1.8;.360;5.1;9.3;.544;.544;1.6;2.1;.759;2.0;6.1;8.2;3.3;0.8;1.2;1.5;2.2;13.7;
Playoffs Per Game
07-08;ATL;C;7;7;39.6;4.9;10.3;.472;4.9;10.3;.472;.472;2.9;3.9;.741;3.1;7.3;10.4;3.6;0.4;1.0;2.1;3.7;12.6;
08-09;ATL;C;9;9;28.0;2.8;6.6;.424;0.1;2.8;6.4;.431;.424;1.3;2.0;.667;1.3;4.4;5.8;2.0;0.7;0.7;0.4;2.9;6.9;
09-10;ATL;C;11;11;35.3;6.1;11.6;.523;0.1;0.1;1.000;6.0;11.5;.520;.527;2.4;2.8;.839;2.5;6.5;9.0;1.8;0.7;1.7;1.4;3.2;14.6;
10-11;ATL;C;12;12;39.0;4.8;11.4;.423;0.2;4.8;11.3;.430;.423;1.7;2.2;.769;2.1;7.5;9.6;3.5;0.4;1.0;1.4;2.8;11.3;
11-12;ATL;C;3;2;36.0;6.7;11.3;.588;6.7;11.3;.588;.588;2.0;2.7;.750;1.7;6.7;8.3;2.7;1.3;1.3;4.0;3.7;15.3;
12-13;ATL;C;6;6;36.3;6.8;13.8;.494;6.8;13.8;.494;.494;3.0;4.5;.667;2.0;6.8;8.8;3.0;1.0;0.8;1.5;2.8;16.7;
14-15;ATL;C;16;16;32.6;6.7;13.2;.507;0.1;0.6;.222;6.6;12.6;.520;.512;0.9;1.3;.750;2.5;6.1;8.6;3.7;0.8;1.4;1.6;2.1;14.4;
15-16;ATL;C;10;10;32.7;5.4;11.6;.466;1.1;2.8;.393;4.3;8.8;.489;.513;1.5;1.6;.938;1.3;5.2;6.5;3.0;1.2;2.4;1.7;2.5;13.4;
16-17;BOS;C;<strong>18</strong>;18;33.9;6.2;10.6;.584;1.5;2.9;.519;4.7;7.7;.609;.655;1.2;1.6;.759;1.7;4.8;6.6;5.4;0.8;0.8;1.8;1.8;15.1;
17-18;BOS;C;19;19;35.7;5.8;10.7;.544;0.8;2.3;.349;5.1;8.5;.596;.581;3.3;3.9;.827;1.7;6.6;8.3;3.3;1.0;1.2;1.7;2.1;15.7;
18-19;BOS;C;9;9;34.4;5.1;12.2;.418;2.0;4.9;.409;3.1;7.3;.424;.500;1.7;2.0;.833;1.4;7.6;9.0;4.4;0.4;0.8;2.1;2.3;13.9;
19-20;PHI;C;4;3;32.3;3.0;6.3;.480;1.0;3.0;5.3;.571;.480;1.0;1.8;.571;2.3;5.0;7.3;2.3;0.3;1.3;0.8;3.5;7.0;
21-22;BOS;C;4;4;32.0;5.0;8.5;.588;2.3;3.8;.600;2.8;4.8;.579;.721;0.8;1.0;.750;2.5;5.0;7.5;2.0;0.8;0.8;0.8;4.0;13.0;
Career;;128;126;34.5;5.5;11.0;.503;0.6;1.6;.417;4.9;9.4;.517;.533;1.9;2.4;.778;2.0;6.1;8.1;3.4;0.8;1.2;1.6;2.6;13.5;
Totals
07-08;ATL;C;81;77;2540;333;668;.499;5;333;663;.502;.499;155;212;.731;248;537;785;124;60;76;137;267;821;
08-09;ATL;C;67;67;2242;312;594;.525;1;312;593;.526;.525;149;205;.727;145;479;624;163;53;95;103;190;773;
09-10;ATL;C;81;81;2845;467;847;.551;1;1;1.000;466;846;.551;.552;213;270;.789;236;563;799;189;59;91;122;225;1148;
10-11;ATL;C;77;77;2704;513;921;.557;2;4;.500;511;917;.557;.558;150;188;.798;182;536;718;266;59;80;119;193;1178;
11-12;ATL;C;11;11;348;57;103;.553;1;57;102;.559;.553;22;30;.733;26;51;77;24;10;14;16;21;136;
12-13;ATL;C;74;74;2756;576;1060;.543;3;6;.500;573;1054;.544;.545;134;208;.644;195;562;757;240;78;78;147;163;1289;
13-14;ATL;C;29;29;958;238;420;.567;4;11;.364;234;409;.572;.571;58;85;.682;66;178;244;76;27;44;64;56;538;
14-15;ATL;C;76;76;2318;519;965;.538;11;36;.306;508;929;.547;.544;107;141;.759;131;413;544;244;68;98;100;121;1156;
15-16;ATL;C;<strong>82</strong>;82;2631;529;1048;.505;88;256;.344;441;792;.557;.547;103;129;.798;148;448;596;263;68;121;107;163;1249;
16-17;BOS;C;68;68;2193;379;801;.473;86;242;.355;293;559;.524;.527;108;135;.800;95;370;465;337;52;86;115;138;952;
17-18;BOS;C;72;72;2277;368;753;.489;97;226;.429;271;527;.514;.553;94;120;.783;103;427;530;339;43;78;132;138;927;
18-19;BOS;C;68;68;1973;387;723;.535;73;203;.360;314;520;.604;.586;78;95;.821;120;338;458;283;59;86;102;126;925;
19-20;PHI;C;67;61;2025;319;709;.450;99;283;.350;220;426;.516;.520;61;80;.763;103;353;456;270;52;61;80;142;798;
20-21;OKC;C;28;28;782;162;360;.450;56;152;.368;106;208;.510;.528;18;22;.818;29;159;188;94;25;26;29;48;398;
21-22;BOS;C;69;69;2005;266;569;.467;89;265;.336;177;304;.582;.546;80;95;.842;108;422;530;232;49;92;65;130;701;
Career;;950;940;30597;5425;10541;.515;609;1692;.360;4816;8849;.544;.544;1530;2015;.759;1935;5836;7771;3144;762;1126;1438;2121;12989;
Playoffs Totals
07-08;ATL;C;7;7;277;34;72;.472;34;72;.472;.472;20;27;.741;22;51;73;25;3;7;15;26;88;
08-09;ATL;C;9;9;252;25;59;.424;1;25;58;.431;.424;12;18;.667;12;40;52;18;6;6;4;26;62;
09-10;ATL;C;11;11;388;67;128;.523;1;1;1.000;66;127;.520;.527;26;31;.839;28;71;99;20;8;19;15;35;161;
10-11;ATL;C;12;12;468;58;137;.423;2;58;135;.430;.423;20;26;.769;25;90;115;42;5;12;17;33;136;
11-12;ATL;C;3;2;108;20;34;.588;20;34;.588;.588;6;8;.750;5;20;25;8;4;4;12;11;46;
12-13;ATL;C;6;6;218;41;83;.494;41;83;.494;.494;18;27;.667;12;41;53;18;6;5;9;17;100;
14-15;ATL;C;16;16;522;107;211;.507;2;9;.222;105;202;.520;.512;15;20;.750;40;98;138;59;13;23;25;34;231;
15-16;ATL;C;10;10;327;54;116;.466;11;28;.393;43;88;.489;.513;15;16;.938;13;52;65;30;12;24;17;25;134;
16-17;BOS;C;<strong>18</strong>;18;610;111;190;.584;27;52;.519;84;138;.609;.655;22;29;.759;31;87;118;97;15;14;33;33;271;
17-18;BOS;C;19;19;679;111;204;.544;15;43;.349;96;161;.596;.581;62;75;.827;32;125;157;63;19;22;32;39;299;
18-19;BOS;C;9;9;310;46;110;.418;18;44;.409;28;66;.424;.500;15;18;.833;13;68;81;40;4;7;19;21;125;
19-20;PHI;C;4;3;129;12;25;.480;4;12;21;.571;.480;4;7;.571;9;20;29;9;1;5;3;14;28;
21-22;BOS;C;4;4;128;20;34;.588;9;15;.600;11;19;.579;.721;3;4;.750;10;20;30;8;3;3;3;16;52;
Career;;128;126;4416;706;1403;.503;83;199;.417;623;1204;.517;.533;238;306;.778;252;783;1035;437;99;151;204;330;1733;
Advanced
07-08;ATL;C;81;2540;14.7;.539;.007;.317;11.4;24.5;18.0;7.9;1.2;2.2;15.3;16.0;2.4;3.0;5.5;.103;-1.2;-0.3;-1.6;0.3;
08-09;ATL;C;67;2242;17.0;.565;.002;.345;7.6;25.0;16.3;11.9;1.3;3.3;13.1;16.4;3.3;3.5;6.8;.145;0.2;1.5;1.7;2.1;
09-10;ATL;C;81;2845;19.4;.594;.001;.319;9.6;23.3;16.4;10.4;1.1;2.4;11.2;17.6;6.9;3.9;10.9;.183;1.8;0.5;2.3;3.1;
10-11;ATL;C;77;2704;20.7;.587;.004;.204;8.2;23.7;16.0;17.5;1.2;2.3;10.6;19.7;6.4;3.7;10.1;.179;2.5;1.1;3.6;3.9;
11-12;ATL;C;11;348;19.0;.585;.010;.291;8.8;17.1;13.0;11.7;1.5;3.1;12.1;17.9;0.8;0.6;1.3;.180;1.8;1.5;3.4;0.5;
12-13;ATL;C;74;2756;19.8;.560;.006;.196;8.2;23.0;15.7;15.3;1.5;2.2;11.3;21.8;4.7;4.1;8.8;.153;1.3;0.6;1.9;2.7;
13-14;ATL;C;29;958;22.0;.588;.026;.202;8.0;21.4;14.8;15.2;1.4;3.6;12.3;24.7;1.5;1.3;2.8;.141;2.2;0.8;3.0;1.2;
14-15;ATL;C;76;2318;21.4;.563;.037;.146;6.7;19.8;13.4;18.6;1.5;3.5;8.9;22.2;5.1;3.6;8.7;.179;2.6;1.5;4.1;3.6;
15-16;ATL;C;<strong>82</strong>;2631;19.4;.565;.244;.123;6.3;18.2;12.4;16.7;1.3;3.6;8.8;20.6;4.9;4.5;9.4;.172;2.2;1.6;3.8;3.9;
16-17;BOS;C;68;2193;17.7;.553;.302;.169;4.9;18.6;11.8;24.4;1.2;3.2;11.8;19.7;3.6;2.7;6.3;.138;2.3;1.1;3.4;3.0;
17-18;BOS;C;72;2277;17.6;.575;.300;.159;5.0;20.2;12.7;23.6;0.9;2.9;14.1;18.4;4.0;3.8;7.8;.165;2.4;2.0;4.4;3.7;
18-19;BOS;C;68;1973;20.2;.605;.281;.131;6.5;18.3;12.4;21.2;1.4;3.9;11.8;18.9;4.5;2.9;7.5;.181;3.3;1.9;5.1;3.6;
19-20;PHI;C;67;2025;15.7;.536;.399;.113;5.6;19.3;12.4;19.2;1.2;2.6;9.7;17.5;2.8;2.6;5.4;.128;1.3;1.0;2.2;2.2;
20-21;OKC;C;28;782;17.4;.538;.422;.061;3.8;21.4;12.5;20.1;1.5;2.9;7.3;21.6;0.8;0.9;1.6;.101;2.0;1.4;3.4;1.1;
21-22;BOS;C;69;2005;16.7;.574;.466;.167;6.0;22.2;14.3;16.4;1.2;4.2;9.6;14.8;3.7;3.8;7.6;.181;1.4;2.9;4.3;3.2;
Career;;950;30597;18.5;.568;.161;.191;7.3;21.4;14.4;16.6;1.3;3.0;11.2;19.0;55.5;44.8;100.3;.157;1.7;1.2;2.9;37.9;
Playoffs Advanced
07-08;ATL;C;7;277;14.9;.525;.375;10.0;22.3;16.3;18.5;0.6;1.9;15.2;17.0;0.3;0.1;0.4;.064;1.1;1.0;2.1;0.3;
08-09;ATL;C;9;252;12.5;.463;.017;.305;5.6;22.0;13.1;13.5;1.4;2.3;5.6;14.0;0.2;0.2;0.4;.078;-1.0;1.1;0.1;
09-10;ATL;C;11;388;20.1;.568;.008;.242;7.9;23.6;15.2;9.7;1.2;4.4;9.6;19.2;0.8;0.4;1.2;.144;2.8;1.0;3.7;0.6;
10-11;ATL;C;12;468;13.3;.458;.015;.190;6.5;23.1;14.9;16.0;0.6;2.2;10.3;17.3;0.1;0.6;0.7;.070;-0.1;0.1;0.2;
11-12;ATL;C;3;108;17.5;.613;.235;5.1;22.9;13.5;15.9;2.0;2.9;24.2;22.0;0.3;0.3;.128;-0.3;3.3;2.9;0.1;
12-13;ATL;C;6;218;19.1;.527;.325;5.9;21.1;13.3;16.8;1.4;1.9;8.7;22.6;0.3;0.3;0.6;.136;2.3;1.3;3.6;0.3;
14-15;ATL;C;16;522;19.8;.525;.043;.095;8.2;20.1;14.2;20.4;1.3;3.6;10.2;21.4;0.8;0.7;1.5;.141;2.1;1.6;3.7;0.8;
15-16;ATL;C;10;327;17.5;.545;.241;.138;4.5;16.3;10.7;15.6;1.8;6.6;12.1;19.2;0.3;0.5;0.9;.127;0.9;2.8;3.7;0.5;
16-17;BOS;C;<strong>18</strong>;610;20.1;.668;.274;.153;5.8;17.3;11.3;25.9;1.3;2.0;14.0;17.5;1.7;0.4;2.1;.165;4.4;1.5;5.9;1.2;
17-18;BOS;C;19;679;20.1;.631;.211;.368;5.3;21.6;13.3;15.8;1.4;2.9;11.9;18.3;1.7;1.0;2.7;.192;2.1;2.3;4.4;1.1;
18-19;BOS;C;9;310;14.2;.530;.400;.164;4.5;21.4;13.3;21.7;0.6;2.1;13.9;19.4;0.1;0.5;0.7;.105;1.5;1.3;2.8;0.4;
19-20;PHI;C;4;129;10.7;.499;.160;.280;7.3;17.1;12.1;11.6;0.4;3.6;9.7;10.5;0.1;0.1;.049;-1.8;0.4;-1.3;
21-22;BOS;C;4;128;18.7;.727;.441;.118;10.3;20.3;15.3;8.9;1.2;2.2;7.7;13.4;0.4;0.1;0.5;.193;3.4;1.6;4.9;0.2;
Career;;128;4416;17.5;.564;.142;.218;6.5;20.7;13.5;17.4;1.2;3.0;11.7;18.3;6.9;5.2;12.1;.131;1.7;1.5;3.2;5.8;
