Al Jefferson;Center and Power Forward;Right;1985-01-04;;6-10;289;Prentiss in Prentiss,Mississippi;;;;-1;;
Per Game
04-05;BOS;PF;71;1;14.8;2.7;5.2;.528;2.7;5.2;.533;.528;1.2;1.9;.630;1.7;2.7;4.4;0.3;0.3;0.8;0.9;2.7;6.7;
05-06;BOS;PF;59;7;18.0;3.2;6.4;.499;0.1;3.2;6.4;.504;.499;1.5;2.3;.642;1.6;3.4;5.1;0.5;0.5;0.8;1.1;2.8;7.9;
06-07;BOS;C;69;60;33.6;6.6;12.8;.514;6.6;12.8;.514;.514;2.9;4.3;.681;3.4;7.5;11.0;1.3;0.7;1.5;2.0;3.4;16.0;
07-08;MIN;C;<strong>82</strong>;82;35.6;8.8;17.6;.500;0.1;8.8;17.5;.502;.500;3.5;4.8;.721;3.8;7.4;11.1;1.4;0.9;1.5;2.0;2.7;21.0;
08-09;MIN;C;50;50;36.7;9.7;19.5;.497;0.1;9.7;19.4;.499;.497;3.7;5.0;.738;3.4;7.5;11.0;1.6;0.8;1.7;1.8;2.8;23.1;
09-10;MIN;C;76;76;32.4;7.4;14.8;.498;0.1;7.4;14.8;.500;.498;2.4;3.5;.680;2.4;6.9;9.3;1.8;0.8;1.3;1.8;2.7;17.1;
10-11;UTA;C;82;82;35.9;8.0;16.1;.496;8.0;16.1;.496;.496;2.7;3.5;.761;2.9;6.8;9.7;1.8;0.6;1.9;1.3;2.9;18.6;
11-12;UTA;C;61;61;34.0;8.5;17.2;.492;0.1;.250;8.4;17.1;.493;.493;2.2;2.9;.774;2.2;7.4;9.6;2.2;0.8;1.7;1.0;2.5;19.2;
12-13;UTA;C;78;78;33.1;7.8;15.8;.494;0.2;.118;7.8;15.6;.500;.495;2.1;2.8;.770;2.0;7.2;9.2;2.1;1.0;1.1;1.3;2.2;17.8;
13-14;CHA;C;73;73;35.0;9.6;18.8;.509;0.2;.200;9.5;18.6;.512;.510;2.6;3.8;.690;2.1;8.7;10.8;2.1;0.9;1.1;1.7;2.4;21.8;
14-15;CHO;C;65;61;30.6;7.5;15.5;.481;0.1;.400;7.4;15.5;.482;.482;1.7;2.5;.655;1.5;6.9;8.4;1.7;0.7;1.3;1.0;2.1;16.6;
15-16;CHO;C;47;18;23.3;5.2;10.7;.485;5.2;10.7;.485;.485;1.5;2.4;.649;1.2;5.2;6.4;1.5;0.6;0.9;0.7;2.5;12.0;
16-17;IND;C;66;1;14.1;3.6;7.1;.499;3.6;7.1;.500;.499;1.0;1.3;.765;1.1;3.1;4.2;0.9;0.3;0.2;0.5;1.9;8.1;
17-18;IND;C;36;1;13.4;3.1;5.8;.534;0.1;3.1;5.7;.541;.534;0.8;1.0;.833;0.8;3.1;4.0;0.8;0.4;0.6;0.6;1.8;7.0;
Career;;915;651;28.7;6.7;13.5;.499;0.1;.121;6.7;13.4;.501;.499;2.2;3.1;.711;2.2;6.2;8.4;1.5;0.7;1.2;1.3;2.6;15.7;
Playoffs Per Game
04-05;BOS;PF;7;19.4;2.4;5.9;.415;2.4;5.9;.415;.415;1.3;1.7;.750;2.4;4.0;6.4;0.3;0.6;1.1;0.6;2.3;6.1;
11-12;UTA;C;4;4;35.3;9.0;17.0;.529;0.3;9.0;16.8;.537;.529;0.3;1.0;.250;1.8;6.8;8.5;2.5;1.3;0.8;1.3;2.5;18.3;
13-14;CHA;C;3;3;35.3;8.7;17.7;.491;8.7;17.7;.491;.491;1.3;1.7;.800;2.0;7.3;9.3;0.7;0.3;1.7;0.3;2.3;18.7;
15-16;CHO;C;7;5;24.0;6.0;11.9;.506;6.0;11.9;.506;.506;1.3;1.9;.692;2.0;4.1;6.1;1.1;0.6;0.4;0.9;1.7;13.3;
Career;;21;12;26.2;5.8;11.7;.494;5.8;11.6;.496;.494;1.1;1.6;.676;2.1;5.0;7.1;1.0;0.7;0.9;0.8;2.1;12.6;
Totals
04-05;BOS;PF;71;1;1051;195;369;.528;3;195;366;.533;.528;85;135;.630;119;193;312;24;22;55;66;195;475;
05-06;BOS;PF;59;7;1062;189;379;.499;4;189;375;.504;.499;86;134;.642;97;202;299;30;30;46;62;166;464;
06-07;BOS;C;69;60;2319;453;882;.514;1;453;881;.514;.514;201;295;.681;237;519;756;88;48;106;136;232;1107;
07-08;MIN;C;<strong>82</strong>;82;2919;721;1441;.500;5;<strong>721</strong>;<strong>1436</strong>;.502;.500;284;394;.721;308;603;911;117;74;119;167;222;1726;
08-09;MIN;C;50;50;1836;485;975;.497;4;485;971;.499;.497;186;252;.738;172;376;548;79;39;83;92;141;1156;
09-10;MIN;C;76;76;2463;560;1125;.498;4;560;1121;.500;.498;181;266;.680;180;523;703;137;63;98;136;205;1301;
10-11;UTA;C;82;82;2940;654;1319;.496;654;1319;.496;.496;220;289;.761;235;559;794;149;46;153;105;238;1528;
11-12;UTA;C;61;61;2075;516;1048;.492;1;4;.250;515;1044;.493;.493;137;177;.774;133;452;585;134;47;101;62;155;1170;
12-13;UTA;C;78;78;2578;611;1236;.494;2;17;.118;609;1219;.500;.495;167;217;.770;156;564;720;164;80;89;105;170;1391;
13-14;CHA;C;73;73;2553;700;1376;.509;3;15;.200;697;1361;.512;.510;191;277;.690;156;636;792;155;67;79;124;176;1594;
14-15;CHO;C;65;61;1992;486;1010;.481;2;5;.400;484;1005;.482;.482;108;165;.655;99;449;548;113;47;84;68;139;1082;
15-16;CHO;C;47;18;1096;245;505;.485;245;505;.485;.485;72;111;.649;57;244;301;70;30;41;34;117;562;
16-17;IND;C;66;1;931;235;471;.499;1;235;470;.500;.499;65;85;.765;75;203;278;57;19;16;33;125;535;
17-18;IND;C;36;1;484;111;208;.534;3;111;205;.541;.534;30;36;.833;30;113;143;30;16;23;21;66;252;
Career;;915;651;26299;6161;12344;.499;8;66;.121;6153;12278;.501;.499;2013;2833;.711;2054;5636;7690;1347;628;1093;1211;2347;14343;
Playoffs Totals
04-05;BOS;PF;7;136;17;41;.415;17;41;.415;.415;9;12;.750;17;28;45;2;4;8;4;16;43;
11-12;UTA;C;4;4;141;36;68;.529;1;36;67;.537;.529;1;4;.250;7;27;34;10;5;3;5;10;73;
13-14;CHA;C;3;3;106;26;53;.491;26;53;.491;.491;4;5;.800;6;22;28;2;1;5;1;7;56;
15-16;CHO;C;7;5;168;42;83;.506;42;83;.506;.506;9;13;.692;14;29;43;8;4;3;6;12;93;
Career;;21;12;551;121;245;.494;1;121;244;.496;.494;23;34;.676;44;106;150;22;14;19;16;45;265;
Advanced
04-05;BOS;PF;71;1051;16.6;.554;.008;.366;13.5;21.0;17.3;3.9;1.1;3.9;13.3;21.2;1.3;1.4;2.7;.123;-1.7;-0.6;-2.3;-0.1;
05-06;BOS;PF;59;1062;16.2;.530;.011;.354;11.4;22.6;17.2;5.0;1.5;3.3;12.4;21.6;0.9;1.5;2.3;.105;-1.7;-0.4;-2.1;
06-07;BOS;C;69;2319;19.8;.547;.001;.334;12.0;27.4;19.5;7.2;1.1;3.5;11.8;22.4;3.3;3.3;6.6;.137;1.0;-0.3;0.7;1.6;
07-08;MIN;C;<strong>82</strong>;2919;22.7;.535;.003;.273;11.9;24.7;18.1;7.5;1.3;3.2;9.4;27.5;4.8;2.9;7.7;.127;2.8;-1.2;1.6;2.6;
08-09;MIN;C;50;1836;23.1;.532;.004;.258;10.6;24.9;17.5;8.8;1.1;3.5;7.8;28.9;2.9;2.0;4.9;.128;3.2;-0.6;2.6;2.1;
09-10;MIN;C;76;2463;19.0;.524;.004;.236;8.0;24.2;16.0;10.0;1.3;3.0;9.9;24.3;2.3;2.3;4.6;.090;0.7;-0.4;0.4;1.5;
10-11;UTA;C;82;2940;20.1;.528;.219;9.6;23.2;16.3;9.2;0.8;4.2;6.8;24.2;5.1;2.7;7.8;.128;1.6;-1.0;0.6;1.9;
11-12;UTA;C;61;2075;22.8;.520;.004;.169;7.3;25.3;16.2;12.1;1.2;3.9;5.2;25.7;4.9;2.5;7.5;.173;3.5;0.2;3.7;3.0;
12-13;UTA;C;78;2578;20.9;.522;.014;.176;7.0;25.9;16.3;12.0;1.6;2.7;7.3;25.3;4.3;3.3;7.7;.143;2.2;0.1;2.4;2.8;
13-14;CHA;C;73;2553;22.7;.532;.011;.201;6.9;28.3;17.5;12.8;1.4;2.4;7.6;29.3;3.1;4.7;7.8;.146;2.2;0.5;2.7;3.0;
14-15;CHO;C;65;1992;19.7;.500;.005;.163;5.3;25.5;15.1;11.6;1.2;3.3;5.9;26.3;1.3;3.4;4.7;.113;0.9;0.7;1.6;1.8;
15-16;CHO;C;47;1096;18.2;.507;.220;5.6;24.6;15.0;11.8;1.4;3.0;5.8;24.2;1.0;1.8;2.8;.123;-0.9;0.4;-0.5;0.4;
16-17;IND;C;66;931;18.9;.526;.002;.180;9.2;24.2;16.8;11.0;1.0;1.5;6.1;26.1;1.2;1.1;2.3;.119;-0.3;-1.1;-1.4;0.1;
17-18;IND;C;36;484;20.2;.563;.014;.173;7.0;26.2;16.7;10.0;1.7;4.2;8.6;22.5;0.8;0.8;1.6;.158;0.6;1.5;2.0;0.5;
Career;;915;26299;20.6;.528;.005;.230;8.9;25.1;16.9;9.7;1.2;3.3;8.2;25.5;37.4;33.6;71.0;.130;1.5;-0.3;1.2;21.3;
Playoffs Advanced
04-05;BOS;PF;7;136;16.6;.465;.293;15.5;25.3;20.4;2.7;1.6;5.4;8.0;18.1;0.1;0.3;0.4;.147;0.7;-0.1;0.5;0.1;
11-12;UTA;C;4;141;21.1;.523;.015;.059;4.8;22.8;12.8;16.6;1.9;1.7;6.7;23.0;0.3;0.3;.101;4.1;2.0;6.1;0.3;
13-14;CHA;C;3;106;19.2;.507;.094;6.8;27.1;16.6;4.1;0.5;4.2;1.8;25.3;0.1;0.1;0.2;.082;2.2;0.1;2.3;0.1;
15-16;CHO;C;7;168;21.8;.524;.157;8.9;21.2;14.6;11.5;1.3;1.4;6.3;26.8;0.2;0.2;0.4;.108;2.7;-0.2;2.5;0.2;
Career;;21;551;19.8;.510;.004;.139;9.1;23.8;16.0;9.2;1.4;3.0;5.8;23.4;0.7;0.6;1.3;.111;2.4;0.4;2.9;0.7;
