Al-Farouq Aminu;Power Forward and Small Forward;Right;1990-09-21;;6-8;220;Norcross in Norcross,Georgia;;;;-1;;
Per Game
10-11;LAC;SF;81;14;17.9;2.0;5.0;.394;0.6;1.8;.315;1.4;3.2;.437;.450;1.1;1.5;.773;0.9;2.4;3.3;0.7;0.7;0.3;1.3;1.5;5.6;
11-12;NOH;SF;<strong>66</strong>;21;22.4;2.3;5.5;.411;0.2;0.7;.277;2.1;4.8;.431;.429;1.3;1.7;.754;1.4;3.2;4.7;1.0;0.9;0.5;1.4;2.1;6.0;
12-13;NOH;SF;76;71;27.2;3.0;6.2;.475;0.1;0.3;.211;2.9;6.0;.486;.479;1.3;1.8;.737;1.8;5.9;7.7;1.4;1.2;0.7;1.5;2.0;7.3;
13-14;NOP;SF;80;65;25.6;2.9;6.2;.474;0.2;0.6;.271;2.8;5.6;.496;.487;1.1;1.7;.664;1.6;4.6;6.2;1.4;1.0;0.5;1.1;1.8;7.2;
14-15;DAL;SF;74;3;18.5;2.0;4.8;.412;0.5;1.7;.274;1.5;3.1;.485;.459;1.1;1.6;.712;1.5;3.1;4.6;0.8;0.9;0.8;0.7;1.9;5.6;
15-16;POR;SF;<strong>82</strong>;82;28.5;3.6;8.8;.416;1.5;4.3;.361;2.1;4.5;.468;.503;1.4;1.9;.737;1.2;4.9;6.1;1.7;0.9;0.6;1.5;2.1;10.2;
16-17;POR;PF;61;25;29.1;3.0;7.6;.393;1.1;3.5;.330;1.9;4.2;.445;.468;1.6;2.2;.706;1.3;6.1;7.4;1.6;1.0;0.7;1.5;1.7;8.7;
17-18;POR;PF;69;67;30.0;3.3;8.4;.395;1.8;4.9;.369;1.5;3.5;.432;.503;0.9;1.2;.738;1.4;6.2;7.6;1.2;1.1;0.6;1.1;2.0;9.3;
18-19;POR;PF;81;81;28.3;3.2;7.3;.433;1.2;3.5;.343;2.0;3.9;.514;.514;1.9;2.1;.867;1.4;6.1;7.5;1.3;0.8;0.4;0.9;1.8;9.4;
19-20;ORL;PF;18;2;21.1;1.4;4.8;.291;0.5;2.0;.250;0.9;2.8;.320;.343;1.1;1.6;.655;1.3;3.5;4.8;1.2;1.0;0.4;0.9;1.5;4.3;
20-21;TOT;PF;23;14;18.9;1.7;4.3;.384;0.3;1.6;.216;1.3;2.7;.484;.424;0.8;1.0;.818;1.0;3.8;4.8;1.3;0.8;0.4;1.2;1.3;4.4;
20-21;ORL;PF;17;14;21.6;2.1;5.2;.404;0.4;1.8;.226;1.7;3.4;.500;.444;0.8;1.0;.824;1.2;4.2;5.4;1.7;1.0;0.5;1.5;1.3;5.5;
20-21;CHI;PF;6;11.2;0.3;1.7;.200;0.2;1.0;.167;0.2;0.7;.250;.250;0.7;0.8;.800;0.3;2.8;3.2;0.3;0.3;0.5;1.2;1.5;
Career;;711;445;24.9;2.7;6.5;.420;0.8;2.3;.332;2.0;4.2;.467;.478;1.3;1.7;.746;1.4;4.6;6.0;1.2;1.0;0.6;1.2;1.8;7.5;
Playoffs Per Game
14-15;DAL;SF;5;2;30.0;3.4;6.2;.548;1.4;2.2;.636;2.0;4.0;.500;.661;3.0;3.8;.789;2.8;4.4;7.2;1.2;2.0;1.6;1.2;3.0;11.2;
15-16;POR;SF;11;11;33.8;5.1;11.6;.438;2.5;6.4;.400;2.5;5.3;.483;.547;1.9;2.6;.724;2.1;6.5;8.6;1.8;0.7;0.9;1.9;2.8;14.6;
16-17;POR;PF;4;28.3;4.3;9.3;.459;1.8;4.3;.412;2.5;5.0;.500;.554;1.8;2.8;.636;1.3;5.3;6.5;1.0;0.8;1.0;2.3;2.3;12.0;
17-18;POR;PF;4;4;32.8;6.8;13.0;.519;3.3;7.5;.433;3.5;5.5;.636;.644;0.5;0.5;1.000;3.0;6.0;9.0;1.3;1.0;0.5;1.5;2.0;17.3;
18-19;POR;PF;16;16;24.9;2.4;6.8;.349;0.9;3.2;.294;1.4;3.6;.397;.417;1.7;2.3;.750;1.8;4.4;6.3;1.3;0.6;0.6;1.0;2.1;7.4;
Career;;40;33;29.1;3.9;8.9;.434;1.8;4.5;.391;2.1;4.5;.478;.532;1.8;2.4;.742;2.1;5.3;7.3;1.4;0.9;0.9;1.5;2.4;11.3;
Totals
10-11;LAC;SF;81;14;1452;160;406;.394;45;143;.315;115;263;.437;.450;92;119;.773;75;192;267;60;59;25;103;121;457;
11-12;NOH;SF;<strong>66</strong>;21;1477;150;365;.411;13;47;.277;137;318;.431;.429;86;114;.754;95;213;308;66;59;34;91;136;399;
12-13;NOH;SF;76;71;2066;225;474;.475;4;19;.211;221;455;.486;.479;101;137;.737;139;446;585;103;92;51;116;153;555;
13-14;NOP;SF;80;65;2045;234;494;.474;13;48;.271;221;446;.496;.487;91;137;.664;129;367;496;114;82;38;88;147;572;
14-15;DAL;SF;74;3;1366;147;357;.412;34;124;.274;113;233;.485;.459;84;118;.712;114;228;342;59;70;62;55;137;412;
15-16;POR;SF;<strong>82</strong>;82;2341;299;719;.416;126;349;.361;173;370;.468;.503;115;156;.737;98;401;499;138;72;53;120;171;839;
16-17;POR;PF;61;25;1773;183;466;.393;70;212;.330;113;254;.445;.468;96;136;.706;77;374;451;99;60;44;94;102;532;
17-18;POR;PF;69;67;2072;230;582;.395;125;339;.369;105;243;.432;.503;59;80;.738;97;428;525;84;79;40;79;136;644;
18-19;POR;PF;81;81;2292;257;593;.433;96;280;.343;161;313;.514;.514;150;173;.867;112;498;610;104;68;33;72;143;760;
19-20;ORL;PF;18;2;380;25;86;.291;9;36;.250;16;50;.320;.343;19;29;.655;24;63;87;21;18;8;17;27;78;
20-21;TOT;PF;23;14;434;38;99;.384;8;37;.216;30;62;.484;.424;18;22;.818;22;88;110;31;19;9;28;29;102;
20-21;ORL;PF;17;14;367;36;89;.404;7;31;.226;29;58;.500;.444;14;17;.824;20;71;91;29;17;9;25;22;93;
20-21;CHI;PF;6;67;2;10;.200;1;6;.167;1;4;.250;.250;4;5;.800;2;17;19;2;2;3;7;9;
Career;;711;445;17698;1948;4641;.420;543;1634;.332;1405;3007;.467;.478;911;1221;.746;982;3298;4280;879;678;397;863;1302;5350;
Playoffs Totals
14-15;DAL;SF;5;2;150;17;31;.548;7;11;.636;10;20;.500;.661;15;19;.789;14;22;36;6;10;8;6;15;56;
15-16;POR;SF;11;11;372;56;128;.438;28;70;.400;28;58;.483;.547;21;29;.724;23;72;95;20;8;10;21;31;161;
16-17;POR;PF;4;113;17;37;.459;7;17;.412;10;20;.500;.554;7;11;.636;5;21;26;4;3;4;9;9;48;
17-18;POR;PF;4;4;131;27;52;.519;13;30;.433;14;22;.636;.644;2;2;1.000;12;24;36;5;4;2;6;8;69;
18-19;POR;PF;16;16;399;38;109;.349;15;51;.294;23;58;.397;.417;27;36;.750;29;71;100;21;9;10;16;34;118;
Career;;40;33;1165;155;357;.434;70;179;.391;85;178;.478;.532;72;97;.742;83;210;293;56;34;34;58;97;452;
Advanced
10-11;LAC;SF;81;1452;9.6;.499;.352;.293;6.1;15.4;10.8;6.4;2.1;1.3;18.3;17.3;-0.8;1.4;0.7;.022;-2.7;-0.1;-2.8;-0.3;
11-12;NOH;SF;<strong>66</strong>;1477;10.6;.481;.129;.312;7.8;16.9;12.4;7.2;2.2;1.9;18.0;16.2;-0.4;1.8;1.4;.044;-2.9;0.7;-2.2;-0.1;
12-13;NOH;SF;76;2066;13.7;.519;.040;.289;7.9;26.2;16.9;7.8;2.4;2.1;17.8;14.6;0.7;2.4;3.1;.073;-1.3;1.2;-0.1;1.0;
13-14;NOP;SF;80;2045;13.2;.516;.097;.277;7.2;21.2;14.1;8.4;2.1;1.6;13.7;14.3;1.3;1.8;3.1;.072;-0.9;0.3;-0.6;0.7;
14-15;DAL;SF;74;1366;14.4;.504;.347;.331;9.1;18.4;13.7;6.1;2.6;3.7;11.9;15.2;1.2;2.0;3.3;.115;-0.7;1.5;0.7;1.0;
15-16;POR;SF;<strong>82</strong>;2341;12.7;.533;.485;.217;4.5;18.6;11.5;8.8;1.5;1.8;13.2;16.9;1.7;2.3;4.0;.082;-0.2;0.2;0.1;1.2;
16-17;POR;PF;61;1773;11.3;.506;.455;.292;4.8;23.5;14.1;7.9;1.7;2.0;15.2;15.4;-0.1;2.0;1.9;.051;-1.4;0.4;-1.1;0.4;
17-18;POR;PF;69;2072;12.0;.522;.582;.137;5.2;22.3;13.8;5.8;1.9;1.6;11.3;14.8;0.9;3.2;4.2;.097;-0.7;1.1;0.4;1.3;
18-19;POR;PF;81;2292;13.2;.568;.472;.292;5.3;22.6;14.2;6.0;1.4;1.2;9.7;13.7;3.0;2.8;5.8;.121;0.1;0.6;0.7;1.5;
19-20;ORL;PF;18;380;7.6;.395;.419;.337;6.6;18.4;12.3;7.4;2.3;1.9;14.7;13.2;-0.4;0.5;0.1;.014;-4.4;1.4;-3.0;-0.1;
20-21;TOT;PF;23;434;8.9;.469;.374;.222;5.1;21.9;13.3;10.1;2.1;1.9;20.5;13.6;-0.4;0.5;0.1;.010;-4.9;1.1;-3.8;-0.2;
20-21;ORL;PF;17;367;9.9;.482;.348;.191;5.5;20.8;12.9;11.3;2.3;2.2;20.6;14.3;-0.3;0.4;0.1;.014;-4.4;1.3;-3.1;-0.1;
20-21;CHI;PF;6;67;3.0;.369;.600;.500;3.3;27.8;15.7;3.5;1.4;19.7;9.8;-0.1;0.1;-0.013;-7.5;0.2;-7.3;-0.1;
Career;;711;17698;12.2;.517;.352;.263;6.2;20.9;13.6;7.3;2.0;1.8;14.3;15.2;6.8;20.7;27.6;.075;-1.2;0.7;-0.6;6.5;
Playoffs Advanced
14-15;DAL;SF;5;150;20.4;.711;.355;.613;9.3;15.6;12.3;5.3;3.1;4.3;13.2;12.4;0.5;0.1;0.6;.199;4.4;3.1;7.5;0.4;
15-16;POR;SF;11;372;15.5;.572;.547;.227;6.2;20.4;13.1;8.7;1.1;2.1;13.0;18.6;0.5;0.3;0.8;.100;2.1;0.5;2.7;0.4;
16-17;POR;PF;4;113;12.4;.574;.459;.297;4.4;21.2;12.2;6.0;1.2;3.0;17.7;18.7;0.1;.016;-0.2;0.1;-0.1;0.1;
17-18;POR;PF;4;131;21.3;.652;.577;.038;9.4;22.1;15.2;5.8;1.5;1.2;10.2;19.2;0.4;0.4;.152;4.4;0.3;4.7;0.2;
18-19;POR;PF;16;399;11.0;.473;.468;.330;7.7;18.9;13.3;7.5;1.1;2.1;11.4;15.3;0.1;0.3;0.4;.052;-0.8;-0.1;-0.9;0.1;
Career;;40;1165;15.0;.565;.501;.272;7.3;19.5;13.2;7.3;1.4;2.4;12.7;16.7;1.5;0.8;2.3;.094;1.4;0.6;2.0;1.2;
