Alan Anderson;Small Forward and Shooting Guard;Right;1982-10-16;;6-6;220;DeLaSalle in Minneapolis,Minnesota;;;;-1;;
Per Game
05-06;CHA;SF;36;7;15.7;2.1;5.0;.414;0.7;1.6;.414;1.4;3.4;.415;.481;0.9;1.1;.805;0.6;1.3;1.9;0.9;0.3;0.1;0.9;1.3;5.8;
06-07;CHA;SG;17;15.1;2.2;4.8;.457;0.3;1.2;.250;1.9;3.6;.525;.488;1.1;1.4;.826;0.6;1.2;1.9;1.2;0.4;1.3;1.9;5.8;
11-12;TOR;SF;17;12;27.1;3.2;8.4;.387;1.4;3.6;.393;1.8;4.8;.383;.472;1.7;2.0;.853;0.5;1.5;2.0;1.5;0.3;0.2;1.5;2.1;9.6;
12-13;TOR;SF;65;2;23.0;3.6;9.5;.383;1.5;4.4;.333;2.2;5.1;.426;.460;1.9;2.3;.857;0.5;1.8;2.3;1.6;0.7;0.1;1.2;2.0;10.7;
13-14;BRK;SF;78;26;22.7;2.5;6.2;.400;1.1;3.2;.339;1.4;3.0;.464;.487;1.2;1.5;.780;0.5;1.7;2.2;1.0;0.6;0.1;0.8;1.9;7.2;
14-15;BRK;SG;74;19;23.6;2.6;5.9;.443;1.0;2.8;.348;1.6;3.1;.530;.526;1.1;1.4;.812;0.4;2.3;2.8;1.1;0.8;0.1;0.8;2.0;7.4;
15-16;WAS;SG;13;14.8;1.6;4.5;.356;0.9;2.8;.324;0.7;1.7;.409;.458;0.8;1.2;.733;0.1;2.0;2.1;1.1;0.3;0.1;0.2;1.9;5.0;
16-17;LAC;SF;30;10.3;1.0;2.7;.375;0.5;1.5;.318;0.5;1.2;.444;.463;0.4;0.5;.750;0.1;0.7;0.8;0.4;0.1;0.2;1.2;2.9;
Career;;330;66;20.6;2.6;6.3;.405;1.0;2.9;.344;1.6;3.4;.457;.484;1.2;1.5;.816;0.5;1.7;2.2;1.1;0.6;0.1;0.9;1.8;7.3;
Playoffs Per Game
13-14;BRK;SF;12;2;21.8;2.1;5.2;.403;0.8;2.6;.290;1.3;2.6;.516;.476;1.0;1.5;.667;0.8;1.8;2.7;1.3;0.8;0.8;2.7;5.9;
14-15;BRK;SG;6;23.7;4.2;6.8;.610;1.7;2.7;.625;2.5;4.2;.600;<strong>.732</strong>;1.0;1.5;.667;0.3;3.2;3.5;1.2;0.7;0.2;1.3;1.5;11.0;
Career;;18;2;22.4;2.8;5.7;.485;1.1;2.6;.404;1.7;3.1;.554;.578;1.0;1.5;.667;0.7;2.3;2.9;1.2;0.8;0.1;1.0;2.3;7.6;
Totals
05-06;CHA;SF;36;7;564;75;181;.414;24;58;.414;51;123;.415;.481;33;41;.805;23;47;70;32;11;4;32;48;207;
06-07;CHA;SG;17;256;37;81;.457;5;20;.250;32;61;.525;.488;19;23;.826;11;21;32;21;7;22;33;98;
11-12;TOR;SF;17;12;461;55;142;.387;24;61;.393;31;81;.383;.472;29;34;.853;8;26;34;26;5;3;25;35;163;
12-13;TOR;SF;65;2;1495;236;616;.383;95;285;.333;141;331;.426;.460;126;147;.857;34;114;148;103;48;7;80;131;693;
13-14;BRK;SF;78;26;1773;194;485;.400;84;248;.339;110;237;.464;.487;92;118;.780;40;135;175;81;48;11;62;147;564;
14-15;BRK;SG;74;19;1744;195;440;.443;73;210;.348;122;230;.530;.526;82;101;.812;31;173;204;83;56;5;60;148;545;
15-16;WAS;SG;13;192;21;59;.356;12;37;.324;9;22;.409;.458;11;15;.733;1;26;27;14;4;1;2;25;65;
16-17;LAC;SF;30;308;30;80;.375;14;44;.318;16;36;.444;.463;12;16;.750;3;21;24;11;3;7;35;86;
Career;;330;66;6793;843;2084;.405;331;963;.344;512;1121;.457;.484;404;495;.816;151;563;714;371;182;31;290;602;2421;
Playoffs Totals
13-14;BRK;SF;12;2;261;25;62;.403;9;31;.290;16;31;.516;.476;12;18;.667;10;22;32;15;10;10;32;71;
14-15;BRK;SG;6;142;25;41;.610;10;16;.625;15;25;.600;<strong>.732</strong>;6;9;.667;2;19;21;7;4;1;8;9;66;
Career;;18;2;403;50;103;.485;19;47;.404;31;56;.554;.578;18;27;.667;12;41;53;22;14;1;18;41;137;
Advanced
05-06;CHA;SF;36;564;10.4;.520;.320;.227;4.4;10.3;7.2;9.3;1.0;0.6;13.9;18.2;0.2;0.3;0.4;.037;-1.7;-1.7;-3.3;-0.2;
06-07;CHA;SG;17;256;10.1;.538;.247;.284;4.9;10.0;7.4;13.8;1.4;19.4;20.1;0.1;0.1;.024;-3.4;-1.1;-4.5;-0.2;
11-12;TOR;SF;17;461;8.7;.519;.430;.239;2.1;6.5;4.3;9.5;0.6;0.5;13.7;18.6;0.1;0.2;0.3;.032;-1.7;-1.3;-3.0;-0.1;
12-13;TOR;SF;65;1495;12.6;.509;.463;.239;2.7;9.2;5.9;11.7;1.7;0.4;10.5;23.6;0.8;0.8;1.6;.052;-0.5;-1.3;-1.8;0.1;
13-14;BRK;SF;78;1773;9.5;.525;.511;.243;2.7;9.1;5.9;7.3;1.4;0.5;10.4;15.9;0.8;0.9;1.7;.047;-1.8;-1.0;-2.8;-0.4;
14-15;BRK;SG;74;1744;10.6;.563;.477;.230;2.0;11.1;6.6;7.2;1.7;0.2;11.0;14.2;1.7;1.1;2.7;.075;-1.7;0.2;-1.5;0.2;
15-16;WAS;SG;13;192;9.2;.495;.627;.254;0.6;15.5;7.9;10.3;1.0;0.4;3.0;15.4;0.2;0.2;0.3;.078;-2.4;0.1;-2.3;
16-17;LAC;SF;30;308;5.0;.494;.550;.200;1.1;7.4;4.4;4.9;0.5;7.4;13.7;0.1;0.1;.020;-4.2;-1.9;-6.1;-0.3;
Career;;330;6793;10.3;.526;.462;.238;2.6;9.7;6.1;8.8;1.4;0.4;11.2;17.6;3.7;3.7;7.4;.052;-1.7;-0.9;-2.5;-0.9;
Playoffs Advanced
13-14;BRK;SF;12;261;9.3;.508;.500;.290;4.6;11.2;7.7;9.1;2.1;12.5;15.0;0.1;0.1;0.2;.044;-2.4;0.6;-1.8;
14-15;BRK;SG;6;142;17.7;.734;.390;.220;1.5;14.5;8.0;8.7;1.4;0.6;15.1;17.1;0.3;0.1;0.4;.145;2.9;1.7;4.6;0.2;
Career;;18;403;12.2;.596;.456;.262;3.5;12.4;7.8;9.0;1.9;0.2;13.5;15.7;0.4;0.2;0.7;.079;-0.5;1.0;0.5;0.2;
