Alec Burks;Shooting Guard and Small Forward;Right;1991-07-20;;6-6;214;Grandview in Grandview,Missouri;;;;-1;;
Per Game
11-12;UTA;SG;59;15.9;2.6;6.1;.429;0.3;0.8;.333;2.3;5.3;.442;.450;1.8;2.4;.727;1.0;1.3;2.2;0.9;0.5;0.1;0.9;1.4;7.2;
12-13;UTA;SG;64;17.8;2.5;6.1;.420;0.5;1.4;.359;2.0;4.6;.439;.463;1.4;2.0;.713;0.6;1.7;2.3;1.4;0.5;0.2;1.2;1.8;7.0;
13-14;UTA;SG;78;12;28.1;4.9;10.7;.457;0.6;1.8;.350;4.2;8.8;.480;.487;3.6;4.8;.748;0.8;2.5;3.3;2.7;0.9;0.2;1.9;2.4;14.0;
14-15;UTA;SG;27;27;33.3;4.5;11.1;.403;1.0;2.5;.382;3.5;8.6;.409;.447;3.9;4.8;.822;0.7;3.5;4.2;3.0;0.6;0.2;1.9;2.4;13.9;
15-16;UTA;SG;31;3;25.7;4.4;10.8;.410;1.0;2.5;.405;3.4;8.2;.412;.458;3.4;4.5;.752;0.5;3.0;3.5;2.0;0.6;0.1;1.6;2.3;13.3;
16-17;UTA;SG;42;15.5;2.4;5.9;.399;0.6;1.8;.329;1.8;4.1;.430;.450;1.4;1.9;.769;0.4;2.5;2.9;0.7;0.4;0.1;0.8;1.2;6.7;
17-18;UTA;SG;64;1;16.5;2.7;6.5;.411;0.7;2.2;.331;1.9;4.3;.452;.467;1.7;1.9;.863;0.3;2.7;3.0;1.0;0.6;0.1;0.9;1.2;7.7;
18-19;TOT;SG;64;24;21.5;3.0;7.4;.405;1.0;2.6;.363;2.0;4.8;.428;.469;1.8;2.2;.823;0.5;3.2;3.7;2.0;0.6;0.3;1.0;1.4;8.8;
18-19;UTA;SG;17;15.8;2.8;6.7;.412;0.9;2.5;.372;1.8;4.2;.437;.482;1.9;2.2;.868;0.1;1.5;1.6;1.2;0.4;0.2;0.9;1.3;8.4;
18-19;CLE;SG;34;24;28.8;4.0;10.0;.400;1.3;3.5;.378;2.7;6.5;.412;.466;2.3;2.9;.806;0.8;4.7;5.5;2.9;0.7;0.5;1.4;1.8;11.6;
18-19;SAC;SG;13;9.8;0.7;1.5;.450;0.5;0.7;1.1;.643;.450;0.3;0.4;.800;0.2;1.5;1.7;0.8;0.6;0.1;0.3;0.5;1.7;
19-20;TOT;SF,SG;66;19;26.6;4.9;11.6;.418;1.8;4.6;.385;3.1;7.1;.439;.493;3.6;4.0;.887;0.7;3.5;4.3;2.9;0.9;0.3;1.4;1.9;15.0;
19-20;GSW;SF;48;18;29.0;5.1;12.5;.406;1.8;4.7;.375;3.3;7.9;.424;.476;4.2;4.7;.897;0.8;3.9;4.7;3.1;1.0;0.4;1.6;2.2;16.1;
19-20;PHI;SG;18;1;20.2;4.3;9.3;.461;1.8;4.3;.416;2.5;5.0;.500;.557;1.9;2.3;.829;0.6;2.5;3.1;2.1;0.7;0.8;1.2;12.2;
20-21;NYK;SG;49;5;25.6;4.3;10.2;.420;2.1;5.0;.415;2.2;5.2;.425;.522;2.1;2.4;.856;0.4;4.2;4.6;2.2;0.6;0.3;1.0;2.1;12.7;
21-22;NYK;SG;81;44;28.6;3.5;9.0;.391;1.9;4.8;.404;1.6;4.2;.378;.499;2.7;3.3;.822;0.6;4.3;4.9;3.0;1.0;0.3;1.1;2.7;11.7;
Career;;625;135;23.0;3.6;8.5;.418;1.1;2.8;.380;2.5;5.7;.436;.480;2.4;3.0;.799;0.6;2.9;3.5;2.0;0.7;0.2;1.2;1.9;10.6;
Playoffs Per Game
11-12;UTA;SG;4;15.8;1.8;7.0;.250;0.5;1.8;6.5;.269;.250;3.0;3.5;.857;1.3;1.5;2.8;0.8;0.5;0.8;1.0;6.5;
17-18;UTA;SG;9;13.3;3.3;7.1;.469;1.0;2.2;.450;2.3;4.9;.477;.539;1.4;1.7;.867;0.2;2.4;2.7;1.9;0.4;0.1;0.9;1.0;9.1;
19-20;PHI;SG;4;23.8;4.0;12.3;.327;0.8;4.0;.188;3.3;8.3;.394;.357;1.8;2.3;.778;1.8;2.0;3.8;1.8;0.3;0.8;0.8;1.8;10.5;
20-21;NYK;SG;5;25.6;4.8;11.2;.429;1.6;4.8;.333;3.2;6.4;.500;.500;2.8;3.8;.737;1.0;4.0;5.0;2.6;0.2;0.8;2.2;14.0;
Career;;22;18.5;3.5;9.0;.391;0.9;2.8;.323;2.6;6.1;.422;.442;2.1;2.6;.807;0.9;2.5;3.4;1.8;0.4;0.2;0.8;1.4;10.0;
Totals
11-12;UTA;SG;59;939;153;357;.429;15;45;.333;138;312;.442;.450;104;143;.727;57;75;132;55;27;5;51;84;425;
12-13;UTA;SG;64;1137;163;388;.420;33;92;.359;130;296;.439;.463;92;129;.713;37;108;145;92;35;13;74;114;451;
13-14;UTA;SG;78;12;2193;380;831;.457;50;143;.350;330;688;.480;.487;279;373;.748;59;198;257;212;69;14;149;190;1089;
14-15;UTA;SG;27;27;899;121;300;.403;26;68;.382;95;232;.409;.447;106;129;.822;19;95;114;82;17;5;52;64;374;
15-16;UTA;SG;31;3;797;137;334;.410;32;79;.405;105;255;.412;.458;106;141;.752;16;93;109;63;18;4;51;71;412;
16-17;UTA;SG;42;653;99;248;.399;25;76;.329;74;172;.430;.450;60;78;.769;17;103;120;30;18;5;35;50;283;
17-18;UTA;SG;64;1;1059;170;414;.411;47;142;.331;123;272;.452;.467;107;124;.863;19;173;192;67;37;8;60;75;494;
18-19;TOT;SG;64;24;1375;192;474;.405;61;168;.363;131;306;.428;.469;116;141;.823;30;205;235;128;39;21;65;91;561;
18-19;UTA;SG;17;269;47;114;.412;16;43;.372;31;71;.437;.482;33;38;.868;2;25;27;20;6;4;15;22;143;
18-19;CLE;SG;34;24;979;136;340;.400;45;119;.378;91;221;.412;.466;79;98;.806;26;160;186;98;25;16;46;62;396;
18-19;SAC;SG;13;127;9;20;.450;6;9;14;.643;.450;4;5;.800;2;20;22;10;8;1;4;7;22;
19-20;TOT;SF,SG;66;19;1754;321;768;.418;116;301;.385;205;467;.439;.493;235;265;.887;48;234;282;189;62;17;91;128;993;
19-20;GSW;SF;48;18;1390;244;601;.406;84;224;.375;160;377;.424;.476;201;224;.897;37;189;226;151;50;17;76;107;773;
19-20;PHI;SG;18;1;364;77;167;.461;32;77;.416;45;90;.500;.557;34;41;.829;11;45;56;38;12;15;21;220;
20-21;NYK;SG;49;5;1255;210;500;.420;102;246;.415;108;254;.425;.522;101;118;.856;21;206;227;107;31;14;49;102;623;
21-22;NYK;SG;81;44;2318;285;728;.391;157;389;.404;128;339;.378;.499;217;264;.822;47;350;397;239;85;26;91;215;944;
Career;;625;135;14379;2231;5342;.418;664;1749;.380;1567;3593;.436;.480;1523;1905;.799;370;1840;2210;1264;438;132;768;1184;6649;
Playoffs Totals
11-12;UTA;SG;4;63;7;28;.250;2;7;26;.269;.250;12;14;.857;5;6;11;3;2;3;4;26;
17-18;UTA;SG;9;120;30;64;.469;9;20;.450;21;44;.477;.539;13;15;.867;2;22;24;17;4;1;8;9;82;
19-20;PHI;SG;4;95;16;49;.327;3;16;.188;13;33;.394;.357;7;9;.778;7;8;15;7;1;3;3;7;42;
20-21;NYK;SG;5;128;24;56;.429;8;24;.333;16;32;.500;.500;14;19;.737;5;20;25;13;1;4;11;70;
Career;;22;406;77;197;.391;20;62;.323;57;135;.422;.442;46;57;.807;19;56;75;40;8;4;18;31;220;
Advanced
11-12;UTA;SG;59;939;14.0;.506;.126;.401;6.9;9.3;8.1;9.5;1.5;0.4;10.8;22.5;1.1;0.4;1.5;.076;-0.6;-1.4;-2.0;
12-13;UTA;SG;64;1137;11.5;.507;.237;.332;3.8;11.2;7.5;13.0;1.6;0.9;14.3;20.7;0.3;0.7;1.0;.044;-1.9;-0.7;-2.6;-0.2;
13-14;UTA;SG;78;2193;15.8;.547;.172;.449;3.0;10.7;6.8;16.9;1.7;0.5;13.0;23.9;2.6;0.6;3.2;.070;0.2;-1.0;-0.8;0.7;
14-15;UTA;SG;27;899;13.0;.524;.227;.430;2.5;12.1;7.3;15.2;1.0;0.4;12.7;20.8;1.1;0.6;1.7;.089;-0.5;-1.2;-1.7;0.1;
15-16;UTA;SG;31;797;14.3;.520;.237;.422;2.4;13.6;8.0;13.9;1.2;0.4;11.4;25.9;0.7;0.8;1.5;.090;0.2;-0.6;-0.4;0.3;
16-17;UTA;SG;42;653;11.6;.501;.306;.315;3.1;17.7;10.6;7.5;1.4;0.6;11.0;22.7;-0.1;0.9;0.8;.056;-2.2;-2.3;
17-18;UTA;SG;64;1059;13.1;.527;.343;.300;2.1;18.4;10.3;10.0;1.8;0.6;11.4;22.5;0.2;1.6;1.9;.084;-1.3;0.4;-0.9;0.3;
18-19;TOT;SG;64;1375;12.7;.523;.354;.297;2.3;17.0;9.4;13.7;1.4;1.3;10.8;19.0;0.7;0.8;1.5;.052;-0.6;-0.7;-1.2;0.3;
18-19;UTA;SG;17;269;12.4;.547;.377;.333;0.8;9.9;5.4;11.2;1.1;1.2;10.3;23.2;0.2;0.3;0.5;.084;-0.4;-0.2;-0.6;0.1;
18-19;CLE;SG;34;979;13.2;.517;.350;.288;2.8;19.0;10.6;15.0;1.3;1.4;10.7;19.2;0.6;0.3;0.9;.042;-0.2;-1.2;-1.4;0.1;
18-19;SAC;SG;13;127;9.0;.495;.300;.250;1.6;16.6;8.9;9.5;2.9;0.7;15.3;8.5;0.2;0.2;.062;-3.9;2.8;-1.1;
19-20;TOT;SF,SG;66;1754;16.7;.561;.392;.345;2.9;14.9;8.7;17.2;1.7;0.9;9.3;23.8;2.5;1.2;3.7;.101;1.2;-0.7;0.5;1.1;
19-20;GSW;SF;48;1390;16.1;.552;.373;.373;2.8;15.3;8.8;17.4;1.7;1.1;9.8;23.8;1.6;0.9;2.5;.085;0.7;-0.6;0.1;0.7;
19-20;PHI;SG;18;364;19.0;.594;.461;.246;3.3;13.7;8.5;16.3;1.6;7.5;23.7;0.9;0.4;1.2;.161;3.1;-1.1;2.0;0.4;
20-21;NYK;SG;49;1255;14.8;.564;.492;.236;1.8;17.6;9.8;13.2;1.2;1.1;8.2;21.3;1.5;1.8;3.3;.126;0.9;0.6;1.5;1.1;
21-22;NYK;SG;81;2318;13.7;.559;.534;.363;2.1;16.6;9.2;15.7;1.8;1.1;9.7;17.7;3.2;2.9;6.1;.126;-0.4;1.2;0.8;1.7;
Career;;625;14379;14.1;.538;.327;.357;2.9;14.5;8.6;14.1;1.5;0.8;11.1;21.6;13.8;12.3;26.0;.087;-0.3;-0.3;-0.5;5.3;
Playoffs Advanced
11-12;UTA;SG;4;63;9.7;.381;.071;.500;7.6;11.4;9.3;8.3;1.7;8.1;25.6;-0.1;-0.1;-0.057;-1.5;-1.6;-3.0;
17-18;UTA;SG;9;120;22.3;.581;.313;.234;1.8;20.0;10.8;26.4;1.6;0.7;10.2;28.9;0.3;0.2;0.4;.169;4.2;2.8;7.0;0.3;
19-20;PHI;SG;4;95;9.4;.397;.327;.184;7.7;9.3;8.5;14.1;0.5;3.0;5.4;25.7;-0.1;-0.1;-0.065;-0.8;-2.7;-3.5;
20-21;NYK;SG;5;128;16.0;.544;.429;.339;3.9;17.6;10.3;19.2;0.4;5.9;23.7;0.2;0.1;0.3;.120;2.3;1.6;3.9;0.2;
Career;;22;406;15.3;.495;.315;.289;4.7;15.4;9.9;18.4;1.0;0.9;7.5;26.0;0.3;0.3;0.5;.064;1.5;0.5;2.0;0.4;
