Alexis Ajinça;Center and Power Forward;Right;1988-05-06;;7-2;248;;;;;-1;;
Per Game
08-09;CHA;PF;31;4;5.9;0.8;2.2;.362;0.1;0.8;2.2;.373;.362;0.6;0.9;.714;0.3;0.7;1.0;0.1;0.2;0.2;0.4;1.1;2.3;
09-10;CHA;C;6;5.0;0.8;1.7;.500;0.8;1.7;.500;.500;0.2;0.2;0.5;0.7;0.2;0.2;0.3;0.8;1.7;
10-11;TOT;C;34;2;10.0;1.7;3.9;.444;0.4;1.0;.353;1.4;2.9;.475;.489;0.4;0.5;.722;0.5;1.8;2.3;0.3;0.3;0.6;0.5;2.1;4.2;
10-11;DAL;C;10;2;7.5;1.2;3.2;.375;0.3;0.7;.429;0.9;2.5;.360;.422;0.2;0.3;.667;0.5;1.2;1.7;0.2;0.3;0.5;0.1;1.3;2.9;
10-11;TOR;C;24;11.0;2.0;4.2;.465;0.4;1.1;.333;1.6;3.1;.514;.510;0.5;0.6;.733;0.5;2.0;2.5;0.3;0.3;0.6;0.7;2.5;4.8;
13-14;NOP;C;56;30;17.0;2.4;4.4;.546;2.4;4.4;.548;.546;1.0;1.2;.836;1.7;3.3;4.9;0.7;0.4;0.8;1.1;3.3;5.9;
14-15;NOP;C;68;8;14.1;2.7;4.8;.550;2.7;4.8;.550;.550;1.2;1.5;.818;1.5;3.1;4.6;0.7;0.3;0.8;1.0;2.2;6.5;
15-16;NOP;C;59;17;14.6;2.5;5.3;.476;2.5;5.3;.478;.476;0.9;1.1;.839;1.3;3.3;4.6;0.5;0.3;0.6;0.9;2.3;6.0;
16-17;NOP;C;39;15;15.0;2.3;4.6;.500;0.1;2.3;4.5;.511;.500;0.7;1.0;.725;1.2;3.4;4.5;0.3;0.5;0.6;0.8;2.0;5.3;
Career;;293;76;13.3;2.2;4.4;.503;0.1;.286;2.2;4.2;.510;.507;0.9;1.1;.797;1.2;2.7;3.9;0.5;0.3;0.6;0.8;2.3;5.3;
Playoffs Per Game
14-15;NOP;C;3;3.3;1.3;1.3;1.000;1.3;1.3;1.000;1.000;0.3;0.3;0.3;0.3;0.7;2.7;
Career;;3;3.3;1.3;1.3;1.000;1.3;1.3;1.000;1.000;0.3;0.3;0.3;0.3;0.7;2.7;
Totals
08-09;CHA;PF;31;4;182;25;69;.362;2;25;67;.373;.362;20;28;.714;9;21;30;3;7;6;12;34;70;
09-10;CHA;C;6;30;5;10;.500;5;10;.500;.500;1;1;3;4;1;1;2;5;10;
10-11;TOT;C;34;2;340;59;133;.444;12;34;.353;47;99;.475;.489;13;18;.722;17;61;78;10;11;19;18;73;143;
10-11;DAL;C;10;2;75;12;32;.375;3;7;.429;9;25;.360;.422;2;3;.667;5;12;17;2;3;5;1;13;29;
10-11;TOR;C;24;265;47;101;.465;9;27;.333;38;74;.514;.510;11;15;.733;12;49;61;8;8;14;17;60;114;
13-14;NOP;C;56;30;951;136;249;.546;1;136;248;.548;.546;56;67;.836;94;183;277;40;23;46;63;187;328;
14-15;NOP;C;68;8;957;181;329;.550;181;329;.550;.550;81;99;.818;104;211;315;47;21;51;69;151;443;
15-16;NOP;C;59;17;861;150;315;.476;1;150;314;.478;.476;52;62;.839;75;194;269;31;19;36;54;134;352;
16-17;NOP;C;39;15;584;89;178;.500;4;89;174;.511;.500;29;40;.725;46;131;177;12;20;22;31;77;207;
Career;;293;76;3905;645;1283;.503;12;42;.286;633;1241;.510;.507;251;315;.797;346;804;1150;143;102;181;249;661;1553;
Playoffs Totals
14-15;NOP;C;3;10;4;4;1.000;4;4;1.000;1.000;1;1;1;1;2;8;
Career;;3;10;4;4;1.000;4;4;1.000;1.000;1;1;1;1;2;8;
Advanced
08-09;CHA;PF;31;182;7.0;.430;.029;.406;6.2;14.2;10.2;2.8;2.1;2.7;12.9;24.2;-0.3;0.3;-0.1;-0.018;-7.6;0.1;-7.5;-0.3;
09-10;CHA;C;6;30;6.3;.479;.100;4.1;11.8;8.0;1.8;2.7;16.1;19.3;-0.1;-0.013;-6.3;1.0;-5.3;
10-11;TOT;C;34;340;12.2;.507;.256;.135;5.9;21.5;13.6;4.8;1.7;4.2;11.3;21.1;0.4;0.4;.052;-3.8;-3.8;-0.2;
10-11;DAL;C;10;75;12.8;.435;.219;.094;8.1;18.0;13.3;4.3;2.1;5.1;2.9;21.4;0.1;0.1;.084;-3.4;0.5;-2.9;
10-11;TOR;C;24;265;12.0;.530;.267;.149;5.2;22.5;13.6;4.9;1.6;4.0;13.6;21.1;0.2;0.2;.042;-3.8;-0.2;-4.1;-0.1;
13-14;NOP;C;56;951;14.6;.589;.004;.269;11.3;22.7;16.9;6.6;1.3;4.1;18.4;16.3;1.2;0.9;2.1;.104;-2.7;0.1;-2.6;-0.1;
14-15;NOP;C;68;957;19.9;.595;.301;12.4;25.0;18.7;8.2;1.2;4.0;15.6;21.1;1.9;1.2;3.2;.159;-0.7;0.4;-0.3;0.4;
15-16;NOP;C;59;861;13.8;.514;.003;.197;9.3;25.9;17.3;5.8;1.1;3.4;13.6;20.4;0.2;0.9;1.0;.058;-3.4;-0.6;-4.0;-0.4;
16-17;NOP;C;39;584;12.9;.529;.022;.225;8.3;23.8;16.0;3.1;1.7;3.1;13.7;17.2;0.9;1.0;.080;-4.0;0.7;-3.3;-0.2;
Career;;293;3905;14.9;.546;.033;.246;9.9;23.5;16.6;5.9;1.3;3.7;14.9;19.3;2.9;4.6;7.5;.093;-2.9;0.1;-2.8;-0.8;
Playoffs Advanced
14-15;NOP;C;3;10;42.0;1.000;10.9;5.6;26.9;5.2;18.3;0.1;0.1;.367;10.9;7.9;18.8;0.1;
Career;;3;10;42.0;1.000;10.9;5.6;26.9;5.2;18.3;0.1;0.1;.367;10.9;7.9;18.8;0.1;
