Alex Len;Center;Right;1993-06-16;;7-0;250;;;;;-1;;
Per Game
13-14;PHO;C;42;3;8.6;0.8;1.9;.423;0.8;1.9;.423;.423;0.5;0.7;.645;0.9;1.4;2.4;0.1;0.1;0.4;0.6;1.6;2.0;
14-15;PHO;C;69;44;22.0;2.6;5.1;.507;.333;2.6;5.1;.509;.508;1.1;1.5;.702;2.1;4.5;6.6;0.5;0.5;1.5;1.1;3.1;6.3;
15-16;PHO;C;78;46;23.3;3.4;8.0;.423;0.1;.143;3.4;7.9;.426;.424;2.2;3.1;.728;2.3;5.3;7.6;1.2;0.5;0.8;1.9;2.9;9.0;
16-17;PHO;C;77;34;20.3;3.0;6.0;.497;0.2;.250;2.9;5.9;.503;.500;1.9;2.7;.721;2.0;4.6;6.6;0.6;0.5;1.3;1.3;3.1;8.0;
17-18;PHO;C;69;13;20.2;3.1;5.5;.566;.333;3.1;5.4;.568;.567;2.3;3.3;.684;2.5;5.0;7.5;1.2;0.4;0.9;1.1;2.3;8.5;
18-19;ATL;C;77;31;20.1;4.2;8.4;.494;1.0;2.6;.363;3.2;5.8;.554;.551;1.8;2.8;.648;2.1;3.5;5.5;1.1;0.4;0.9;1.3;2.6;11.1;
19-20;TOT;C;55;12;17.6;3.2;5.8;.555;0.3;1.1;.271;2.9;4.7;.619;.580;1.2;1.9;.648;1.8;4.0;5.8;0.9;0.4;0.9;1.0;2.3;8.0;
19-20;ATL;C;40;9;18.6;3.6;6.5;.546;0.4;1.4;.250;3.2;5.1;.627;.573;1.3;2.0;.630;1.7;4.0;5.8;1.1;0.5;0.8;1.0;2.3;8.7;
19-20;SAC;C;15;3;15.0;2.3;3.9;.593;0.1;0.2;.667;2.2;3.7;.589;.610;1.1;1.6;.708;2.1;4.0;6.1;0.5;0.2;1.0;1.1;2.3;5.9;
20-21;TOT;C;64;42;15.3;2.7;4.3;.615;0.1;0.4;.320;2.5;4.0;.644;.629;1.1;1.8;.629;1.2;2.8;4.1;0.8;0.3;1.0;0.9;2.0;6.6;
20-21;TOR;C;7;2;10.9;0.7;1.4;.500;0.4;0.9;.500;0.3;0.6;.500;.650;0.4;0.9;.500;1.6;1.6;0.4;0.1;0.9;1.1;1.4;2.3;
20-21;WAS;C;57;40;15.8;2.9;4.7;.619;0.1;0.3;.263;2.8;4.4;.647;.629;1.2;1.9;.636;1.4;3.0;4.4;0.8;0.3;1.0;0.8;2.1;7.1;
21-22;SAC;C;39;10;15.9;2.4;4.5;.534;0.2;0.5;.286;2.3;4.0;.568;.551;1.1;1.6;.651;1.3;2.8;4.1;1.2;0.3;0.6;1.1;2.6;6.0;
Career;;570;235;18.9;3.0;5.8;.507;0.2;0.6;.329;2.8;5.2;.527;.524;1.6;2.3;.683;1.9;4.0;5.9;0.9;0.4;1.0;1.2;2.6;7.7;
Playoffs Per Game
20-21;WAS;C;5;3;8.4;1.6;2.8;.571;1.6;2.8;.571;.571;0.8;1.4;.571;0.8;1.4;2.2;0.4;0.2;0.2;1.6;4.0;
Career;;5;3;8.4;1.6;2.8;.571;1.6;2.8;.571;.571;0.8;1.4;.571;0.8;1.4;2.2;0.4;0.2;0.2;1.6;4.0;
Totals
13-14;PHO;C;42;3;362;33;78;.423;33;78;.423;.423;20;31;.645;39;60;99;4;4;18;26;68;86;
14-15;PHO;C;69;44;1518;179;353;.507;1;3;.333;178;350;.509;.508;73;104;.702;142;312;454;32;34;105;74;213;432;
15-16;PHO;C;78;46;1821;264;624;.423;1;7;.143;263;617;.426;.424;174;239;.728;178;416;594;97;38;62;145;230;703;
16-17;PHO;C;77;34;1560;230;463;.497;3;12;.250;227;451;.503;.500;150;208;.721;156;354;510;44;38;98;102;242;613;
17-18;PHO;C;69;13;1395;214;378;.566;1;3;.333;213;375;.568;.567;158;231;.684;175;343;518;82;27;61;78;158;587;
18-19;ATL;C;77;31;1544;320;648;.494;74;204;.363;246;444;.554;.551;140;216;.648;158;266;424;86;27;69;97;200;854;
19-20;TOT;C;55;12;970;177;319;.555;16;59;.271;161;260;.619;.580;68;105;.648;100;221;321;50;23;48;55;127;438;
19-20;ATL;C;40;9;745;142;260;.546;14;56;.250;128;204;.627;.573;51;81;.630;69;161;230;42;20;33;39;93;349;
19-20;SAC;C;15;3;225;35;59;.593;2;3;.667;33;56;.589;.610;17;24;.708;31;60;91;8;3;15;16;34;89;
20-21;TOT;C;64;42;979;171;278;.615;8;25;.320;163;253;.644;.629;73;116;.629;78;182;260;49;20;64;55;127;423;
20-21;TOR;C;7;2;76;5;10;.500;3;6;.500;2;4;.500;.650;3;6;.500;11;11;3;1;6;8;10;16;
20-21;WAS;C;57;40;903;166;268;.619;5;19;.263;161;249;.647;.629;70;110;.636;78;171;249;46;19;58;47;117;407;
21-22;SAC;C;39;10;620;94;176;.534;6;21;.286;88;155;.568;.551;41;63;.651;52;109;161;45;13;25;43;100;235;
Career;;570;235;10769;1682;3317;.507;110;334;.329;1572;2983;.527;.524;897;1313;.683;1078;2263;3341;489;224;550;675;1465;4371;
Playoffs Totals
20-21;WAS;C;5;3;42;8;14;.571;8;14;.571;.571;4;7;.571;4;7;11;2;1;1;8;20;
Career;;5;3;42;8;14;.571;8;14;.571;.571;4;7;.571;4;7;11;2;1;1;8;20;
Advanced
13-14;PHO;C;42;362;7.3;.469;.397;12.1;18.6;15.3;1.6;0.6;3.8;22.1;14.3;-0.2;0.4;0.2;.024;-5.9;-0.7;-6.6;-0.4;
14-15;PHO;C;69;1518;13.5;.542;.008;.295;10.2;22.7;16.4;3.1;1.1;5.3;15.7;13.7;1.2;2.1;3.4;.107;-2.8;1.0;-1.8;0.1;
15-16;PHO;C;78;1821;12.4;.482;.011;.383;10.4;25.4;17.7;8.5;1.0;2.8;16.6;20.4;-0.5;1.8;1.3;.035;-3.5;-0.8;-4.3;-1.0;
16-17;PHO;C;77;1560;15.0;.553;.026;.449;10.6;25.3;17.8;4.2;1.2;5.1;15.5;17.6;1.2;1.7;3.0;.091;-2.4;0.1;-2.3;-0.1;
17-18;PHO;C;69;1395;19.4;.612;.008;.611;13.2;26.7;19.8;9.1;0.9;3.5;14.0;17.0;3.2;1.3;4.5;.154;0.6;-0.3;0.3;0.8;
18-19;ATL;C;77;1544;17.2;.575;.315;.333;10.5;18.5;14.4;8.6;0.8;3.9;11.5;22.1;2.2;1.0;3.2;.100;-1.3;-1.2;0.3;
19-20;TOT;C;55;970;17.7;.600;.185;.329;11.1;25.2;18.0;7.9;1.1;4.3;13.1;18.1;1.5;1.0;2.5;.122;-0.5;-0.3;-0.7;0.3;
19-20;ATL;C;40;745;17.5;.590;.215;.312;9.8;23.6;16.6;8.7;1.3;3.7;11.7;18.6;1.1;0.6;1.8;.113;-0.2;-0.2;-0.4;0.3;
19-20;SAC;C;15;225;18.2;.640;.051;.407;15.1;30.8;22.8;5.2;0.6;6.4;18.7;16.5;0.4;0.3;0.7;.150;-1.3;-0.3;-1.6;
20-21;TOT;C;64;979;16.4;.643;.090;.417;8.5;19.7;14.1;7.0;0.9;5.6;14.3;16.3;1.5;1.3;2.7;.133;-1.2;1.0;-0.1;0.5;
20-21;TOR;C;7;76;4.3;.633;.600;.600;16.5;8.0;5.2;0.6;7.9;38.8;11.7;-0.1;0.1;-0.1;-0.033;-6.5;2.5;-4.0;
20-21;WAS;C;57;903;17.5;.643;.071;.410;9.2;20.0;14.6;7.2;1.0;5.4;12.9;16.7;1.6;1.2;2.8;.147;-0.7;0.9;0.2;0.5;
21-22;SAC;C;39;620;13.1;.577;.119;.358;9.0;19.3;14.1;10.6;1.0;3.5;17.4;17.1;0.4;0.5;0.9;.070;-3.2;0.3;-2.9;-0.1;
Career;;570;10769;15.2;.561;.101;.396;10.6;23.1;16.8;6.9;1.0;4.2;14.8;17.9;10.5;11.1;21.6;.096;-1.8;-0.1;-1.9;0.2;
Playoffs Advanced
20-21;WAS;C;5;42;15.3;.585;.500;10.0;18.9;14.3;7.3;1.1;5.5;18.0;0.1;0.1;.102;-0.6;-1.2;-1.8;
Career;;5;42;15.3;.585;.500;10.0;18.9;14.3;7.3;1.1;5.5;18.0;0.1;0.1;.102;-0.6;-1.2;-1.8;
