Alexey Shved;Shooting Guard;Right;1988-12-16;;6-6;190;;;;;-1;;
Per Game
12-13;MIN;SG;77;16;23.9;3.1;8.2;.372;1.1;3.7;.295;2.0;4.5;.435;.439;1.4;1.9;.720;0.5;1.7;2.3;3.7;0.7;0.4;1.9;1.5;8.6;
13-14;MIN;SG;63;10.5;1.2;3.8;.321;0.5;1.6;.294;0.7;2.1;.341;.384;1.1;1.4;.756;0.3;1.0;1.3;1.1;0.4;0.3;0.8;0.6;4.0;
14-15;TOT;SG;42;9;18.3;3.2;8.0;.397;1.1;3.3;.338;2.0;4.7;.439;.467;2.9;3.6;.807;0.5;1.8;2.4;2.5;0.7;0.1;1.1;1.1;10.3;
14-15;PHI;SG;17;16.8;3.1;7.6;.400;1.0;3.4;.298;2.1;4.3;.479;.465;2.8;3.4;.842;0.5;0.8;1.3;2.7;0.8;0.1;1.1;1.2;9.9;
14-15;HOU;SG;9;6.6;0.9;2.7;.333;0.4;1.3;.333;0.4;1.3;.333;.417;1.0;1.2;.818;0.1;0.3;0.4;0.3;0.1;0.6;0.2;3.2;
14-15;NYK;SG;16;9;26.4;4.6;11.3;.403;1.6;4.4;.371;2.9;6.9;.423;.475;4.0;5.1;.780;0.9;3.7;4.6;3.6;0.9;0.3;1.6;1.6;14.8;
Career;;182;25;18.0;2.4;6.6;.369;0.9;2.9;.306;1.6;3.7;.417;.436;1.6;2.1;.762;0.5;1.5;2.0;2.5;0.6;0.3;1.3;1.1;7.4;
Totals
12-13;MIN;SG;77;16;1840;236;635;.372;85;288;.295;151;347;.435;.439;108;150;.720;41;134;175;286;54;27;147;117;665;
13-14;MIN;SG;63;664;76;237;.321;30;102;.294;46;135;.341;.384;68;90;.756;21;60;81;68;26;16;48;36;250;
14-15;TOT;SG;42;9;767;133;335;.397;47;139;.338;86;196;.439;.467;121;150;.807;23;76;99;106;30;6;48;48;434;
14-15;PHI;SG;17;285;52;130;.400;17;57;.298;35;73;.479;.465;48;57;.842;8;14;22;46;14;1;18;21;169;
14-15;HOU;SG;9;59;8;24;.333;4;12;.333;4;12;.333;.417;9;11;.818;1;3;4;3;1;5;2;29;
14-15;NYK;SG;16;9;423;73;181;.403;26;70;.371;47;111;.423;.475;64;82;.780;14;59;73;57;15;5;25;25;236;
Career;;182;25;3271;445;1207;.369;162;529;.306;283;678;.417;.436;297;390;.762;85;270;355;460;110;49;243;201;1349;
Advanced
12-13;MIN;SG;77;1840;11.0;.474;.454;.236;2.5;8.6;5.4;25.2;1.5;1.1;17.3;20.6;-0.6;1.4;0.8;.020;-1.1;-0.6;-1.7;0.1;
13-14;MIN;SG;63;664;10.2;.452;.430;.380;3.4;10.1;6.6;14.9;1.9;1.8;14.8;20.8;-0.4;0.7;0.2;.017;-1.8;-0.1;-1.9;
14-15;TOT;SG;42;767;19.5;.541;.415;.448;3.3;11.7;7.3;25.7;2.0;0.6;10.7;26.3;1.7;0.5;2.2;.135;3.7;-0.8;2.9;0.9;
14-15;PHI;SG;17;285;20.0;.545;.438;.438;2.9;5.6;4.2;31.3;2.5;0.3;10.4;26.5;0.7;0.2;0.9;.160;3.4;-0.7;2.7;0.3;
14-15;HOU;SG;9;59;9.3;.503;.500;.458;1.9;5.6;3.7;8.1;0.8;14.8;24.9;.013;-2.5;-4.1;-6.7;-0.1;
14-15;NYK;SG;16;423;20.5;.544;.387;.453;3.7;16.6;10.0;24.4;1.9;1.0;10.3;26.3;0.9;0.2;1.2;.135;4.8;-0.4;4.4;0.7;
Career;;182;3271;12.8;.489;.438;.323;2.8;9.6;6.1;23.2;1.7;1.2;15.0;22.0;0.6;2.5;3.1;.046;-0.1;-0.5;-0.7;1.1;
