Alex Kirk;Center;Right;1991-11-14;;7-0;245;Los Alamos in Los Alamos,New Mexico;;;;-1;;
Per Game
14-15;CLE;C;5;2.8;0.2;0.8;.250;0.2;0.8;.250;.250;0.4;0.4;1.000;0.2;0.2;0.2;0.2;0.8;
Career;;5;2.8;0.2;0.8;.250;0.2;0.8;.250;.250;0.4;0.4;1.000;0.2;0.2;0.2;0.2;0.8;
Totals
14-15;CLE;C;5;14;1;4;.250;1;4;.250;.250;2;2;1.000;1;1;1;1;4;
Career;;5;14;1;4;.250;1;4;.250;.250;2;2;1.000;1;1;1;1;4;
Advanced
14-15;CLE;C;5;14;8.5;.410;.500;8.3;4.1;10.1;15.7;.061;-2.5;-3.5;-6.0;
Career;;5;14;8.5;.410;.500;8.3;4.1;10.1;15.7;.061;-2.5;-3.5;-6.0;
