Allen Crabbe;Shooting Guard and Small Forward;Right;1992-04-09;;6-5;212;Price in Los Angeles,California;;;;-1;;
Per Game
13-14;POR;SG;15;6.7;0.8;2.2;.364;0.4;0.9;.429;0.4;1.3;.316;.455;0.2;0.3;.750;0.1;0.5;0.6;0.4;0.1;0.1;0.2;0.7;2.2;
14-15;POR;SG;51;9;13.4;1.2;3.0;.412;0.6;1.7;.353;0.6;1.3;.485;.510;0.2;0.3;.750;0.1;1.3;1.4;0.8;0.4;0.3;0.3;1.5;3.3;
15-16;POR;SG;81;8;26.0;3.8;8.4;.459;1.4;3.5;.393;2.5;4.9;.506;.541;1.2;1.4;.867;0.3;2.3;2.7;1.2;0.8;0.2;0.8;2.4;10.3;
16-17;POR;SG;79;7;28.5;3.8;8.2;.468;1.7;3.8;.444;2.1;4.4;.490;.572;1.3;1.6;.847;0.2;2.6;2.9;1.2;0.7;0.3;0.8;2.2;10.7;
17-18;BRK;SG;75;68;29.3;4.5;11.0;.407;2.7;7.1;.378;1.8;3.9;.461;.529;1.5;1.8;.852;0.4;3.9;4.3;1.6;0.6;0.5;1.0;2.2;13.2;
18-19;BRK;SG;43;20;26.3;3.2;8.7;.367;2.3;6.0;.378;0.9;2.7;.342;.499;1.0;1.3;.732;0.4;3.1;3.4;1.1;0.5;0.3;1.1;2.4;9.6;
19-20;TOT;SF,SG;37;1;17.6;1.7;4.8;.356;1.0;3.2;.303;0.7;1.6;.466;.458;0.3;0.4;.714;0.3;1.8;2.1;0.9;0.4;0.1;0.5;1.3;4.6;
19-20;ATL;SG;28;1;18.6;1.9;5.1;.364;1.1;3.3;.323;0.8;1.8;.440;.469;0.3;0.4;.750;0.4;2.0;2.3;1.0;0.5;0.1;0.4;1.3;5.1;
19-20;MIN;SF;9;14.6;1.2;3.8;.324;0.7;2.9;.231;0.6;0.9;.625;.412;0.1;0.2;.500;0.1;1.2;1.3;0.6;0.6;1.2;3.2;
Career;;381;113;24.0;3.2;7.6;.425;1.6;4.2;.387;1.6;3.4;.471;.531;1.0;1.2;.831;0.3;2.5;2.8;1.1;0.6;0.3;0.7;2.0;9.1;
Playoffs Per Game
14-15;POR;SG;2;1;19.5;2.0;2.5;.800;1.0;1.0;1.000;1.0;1.5;.667;1.000;1.5;1.5;0.5;1.0;0.5;0.5;0.5;5.0;
15-16;POR;SG;11;27.5;3.5;6.6;.521;1.4;3.2;.429;2.1;3.5;.605;.623;1.3;1.7;.737;0.5;2.5;2.9;1.4;0.6;0.1;0.5;2.1;9.5;
16-17;POR;SG;4;23.0;2.3;6.0;.375;0.8;3.3;.231;1.5;2.8;.545;.438;0.3;0.8;.333;3.0;3.0;0.5;0.3;0.3;2.3;5.5;
Career;;17;1;25.5;3.0;6.0;.500;1.2;2.9;.400;1.8;3.1;.596;.598;0.9;1.3;.682;0.3;2.5;2.8;1.1;0.6;0.1;0.5;1.9;8.1;
Totals
13-14;POR;SG;15;100;12;33;.364;6;14;.429;6;19;.316;.455;3;4;.750;1;8;9;6;2;1;3;10;33;
14-15;POR;SG;51;9;683;63;153;.412;30;85;.353;33;68;.485;.510;12;16;.750;7;66;73;39;19;15;15;74;168;
15-16;POR;SG;81;8;2105;311;678;.459;112;285;.393;199;393;.506;.541;98;113;.867;27;189;216;99;63;16;64;192;832;
16-17;POR;SG;79;7;2254;303;647;.468;134;302;.444;169;345;.490;.572;105;124;.847;19;207;226;94;54;20;62;171;845;
17-18;BRK;SG;75;68;2197;337;827;.407;201;532;.378;136;295;.461;.529;115;135;.852;28;296;324;117;47;35;78;168;990;
18-19;BRK;SG;43;20;1133;137;373;.367;98;259;.378;39;114;.342;.499;41;56;.732;16;132;148;46;23;13;46;102;413;
19-20;TOT;SF,SG;37;1;653;63;177;.356;36;119;.303;27;58;.466;.458;10;14;.714;11;66;77;33;15;4;17;47;172;
19-20;ATL;SG;28;1;522;52;143;.364;30;93;.323;22;50;.440;.469;9;12;.750;10;55;65;28;15;4;12;36;143;
19-20;MIN;SF;9;131;11;34;.324;6;26;.231;5;8;.625;.412;1;2;.500;1;11;12;5;5;11;29;
Career;;381;113;9125;1226;2888;.425;617;1596;.387;609;1292;.471;.531;384;462;.831;109;964;1073;434;223;104;285;764;3453;
Playoffs Totals
14-15;POR;SG;2;1;39;4;5;.800;2;2;1.000;2;3;.667;1.000;3;3;1;2;1;1;1;10;
15-16;POR;SG;11;302;38;73;.521;15;35;.429;23;38;.605;.623;14;19;.737;5;27;32;15;7;1;6;23;105;
16-17;POR;SG;4;92;9;24;.375;3;13;.231;6;11;.545;.438;1;3;.333;12;12;2;1;1;9;22;
Career;;17;1;433;51;102;.500;20;50;.400;31;52;.596;.598;15;22;.682;5;42;47;18;10;2;8;33;137;
Advanced
13-14;POR;SG;15;100;7.7;.475;.424;.121;1.1;8.5;4.8;8.7;1.0;0.7;7.9;16.5;0.1;0.1;.037;-4.6;-1.4;-6.1;-0.1;
14-15;POR;SG;51;683;8.7;.525;.556;.105;1.1;10.1;5.7;8.1;1.4;1.6;8.6;11.5;0.5;0.8;1.3;.088;-2.4;1.5;-0.8;0.2;
15-16;POR;SG;81;2105;12.2;.572;.420;.167;1.4;9.7;5.6;7.2;1.5;0.6;8.1;16.4;3.1;1.2;4.3;.098;-0.9;-0.1;-1.0;0.5;
16-17;POR;SG;79;2254;11.6;.602;.467;.192;0.9;10.2;5.6;6.1;1.2;0.7;8.1;14.9;3.1;1.0;4.2;.089;-0.7;-0.6;-1.3;0.4;
17-18;BRK;SG;75;2197;12.3;.558;.643;.163;1.3;14.4;7.8;8.4;1.0;1.2;8.1;19.0;1.8;1.4;3.2;.070;-0.7;-0.7;0.7;
18-19;BRK;SG;43;1133;7.7;.519;.694;.150;1.5;12.2;6.9;5.8;1.0;0.9;10.4;16.4;-0.2;1.0;0.8;.035;-2.4;-0.4;-2.8;-0.2;
19-20;TOT;SF,SG;37;653;6.0;.470;.672;.079;1.8;11.0;6.3;6.8;1.1;0.5;8.5;12.7;-0.2;0.2;-0.1;-0.007;-3.7;-1.5;-5.3;-0.5;
19-20;ATL;SG;28;522;7.2;.482;.650;.084;2.0;11.5;6.7;7.3;1.3;0.6;7.5;12.7;-0.1;0.1;0.1;.009;-3.1;-1.1;-4.1;-0.3;
19-20;MIN;SF;9;131;1.1;.416;.765;.059;0.8;9.2;4.8;5.1;12.5;12.5;-0.2;-0.2;-0.068;-6.4;-3.3;-9.7;-0.3;
Career;;381;9125;10.8;.559;.553;.160;1.3;11.4;6.3;7.1;1.2;0.9;8.4;16.0;8.1;5.7;13.7;.072;-1.2;-0.4;-1.6;0.9;
Playoffs Advanced
14-15;POR;SG;2;39;15.0;1.000;.400;8.4;4.2;4.3;2.7;1.7;16.7;7.1;0.1;0.1;.145;2.4;4.1;6.5;0.1;
15-16;POR;SG;11;302;12.8;.645;.479;.260;1.7;9.4;5.4;7.8;1.2;0.3;6.9;12.4;0.7;0.1;0.7;.114;0.2;0.2;0.4;0.2;
16-17;POR;SG;4;92;3.7;.434;.542;.125;14.9;6.9;3.4;0.5;3.8;11.9;-0.1;-0.1;-0.043;-4.4;-1.7;-6.2;-0.1;
Career;;17;433;11.1;.613;.490;.216;1.2;10.5;5.6;6.5;1.2;0.3;6.7;11.8;0.7;0.1;0.8;.083;-0.6;0.1;-0.5;0.2;
