Alonzo Gee;Small Forward and Shooting Guard;Right;1987-05-29;;6-6;225;William T. Dwyer in Palm Beach Gardens,Florida;;;;-1;;
Per Game
09-10;WAS;SG;11;2;16.5;2.5;5.4;.475;0.6;0.8;.778;1.9;4.5;.420;.534;1.6;2.6;.621;1.4;1.6;3.0;0.6;0.6;0.1;0.9;1.2;7.4;
10-11;TOT;SG;56;34;20.0;2.2;4.7;.458;0.3;0.9;.333;1.9;3.8;.488;.491;1.3;1.6;.783;1.1;2.1;3.3;0.7;0.7;0.3;1.0;1.7;5.9;
10-11;SAS;SG;5;3.6;0.2;0.6;.333;0.2;0.6;.333;.333;0.4;0.2;0.6;0.4;0.6;0.6;0.4;
10-11;WAS;SG;11;5;11.5;1.1;2.5;.444;0.2;1.1;2.3;.480;.444;0.7;1.1;.667;1.0;1.0;2.0;0.5;0.6;0.7;0.9;2.9;
10-11;CLE;SG;40;29;24.3;2.7;5.9;.462;0.4;1.2;.347;2.3;4.6;.492;.498;1.6;2.0;.800;1.2;2.7;3.9;0.8;0.8;0.4;1.1;2.0;7.4;
11-12;CLE;SG;63;31;29.0;3.6;8.7;.412;0.7;2.2;.321;2.9;6.6;.442;.452;2.7;3.4;.788;1.6;3.5;5.1;1.8;1.3;0.3;1.8;2.4;10.6;
12-13;CLE;SF;<strong>82</strong>;82;31.0;3.7;9.1;.410;0.8;2.7;.315;2.9;6.4;.450;.456;2.0;2.5;.795;0.9;3.0;3.9;1.6;1.3;0.4;1.6;2.4;10.3;
13-14;CLE;SF;65;24;15.7;1.5;3.6;.415;0.3;0.9;.328;1.2;2.7;.444;.456;0.7;0.9;.705;0.5;1.8;2.3;0.7;0.6;0.2;0.7;1.5;4.0;
14-15;TOT;SF;54;2;12.3;1.6;3.4;.468;0.2;0.6;.371;1.4;2.8;.490;.503;1.0;1.4;.701;0.7;1.1;1.7;0.5;0.6;0.1;0.6;1.1;4.5;
14-15;DEN;SF;39;13.1;1.7;3.5;.482;0.3;0.6;.417;1.4;2.9;.496;.518;1.2;1.7;.738;0.7;1.1;1.8;0.5;0.7;0.2;0.6;1.1;4.9;
14-15;POR;SF;15;2;10.1;1.4;3.3;.429;0.2;0.7;.273;1.2;2.5;.474;.459;0.4;0.8;.500;0.5;1.1;1.6;0.4;0.5;0.1;0.5;1.1;3.4;
15-16;NOP;SF;73;38;22.4;1.8;3.5;.518;0.2;0.8;.283;1.6;2.7;.590;.551;0.6;0.9;.667;0.8;2.5;3.4;1.0;0.9;0.2;0.8;2.3;4.5;
16-17;DEN;SF;13;6.8;0.2;1.1;.214;0.2;0.2;0.8;.273;.214;0.4;0.7;.556;0.3;0.8;1.2;0.5;0.4;0.1;0.3;1.1;0.8;
Career;;417;213;21.8;2.4;5.5;.434;0.4;1.4;.325;2.0;4.2;.469;.474;1.4;1.8;.754;0.9;2.3;3.3;1.1;0.9;0.2;1.1;1.9;6.6;
Playoffs Per Game
14-15;POR;SF;1;3.0;1.0;1.0;1.0;
Career;;1;3.0;1.0;1.0;1.0;
Totals
09-10;WAS;SG;11;2;182;28;59;.475;7;9;.778;21;50;.420;.534;18;29;.621;15;18;33;7;7;1;10;13;81;
10-11;TOT;SG;56;34;1118;121;264;.458;17;51;.333;104;213;.488;.491;72;92;.783;62;120;182;38;40;18;55;94;331;
10-11;SAS;SG;5;18;1;3;.333;1;3;.333;.333;2;1;3;2;3;3;2;
10-11;WAS;SG;11;5;127;12;27;.444;2;12;25;.480;.444;8;12;.667;11;11;22;5;7;8;10;32;
10-11;CLE;SG;40;29;973;108;234;.462;17;49;.347;91;185;.492;.498;64;80;.800;49;108;157;33;33;16;44;81;297;
11-12;CLE;SG;63;31;1827;227;551;.412;44;137;.321;183;414;.442;.452;167;212;.788;101;221;322;113;83;17;114;149;665;
12-13;CLE;SF;<strong>82</strong>;82;2541;305;744;.410;69;219;.315;236;525;.450;.456;163;205;.795;75;245;320;133;107;29;132;199;842;
13-14;CLE;SF;65;24;1020;98;236;.415;19;58;.328;79;178;.444;.456;43;61;.705;35;114;149;47;39;15;44;96;258;
14-15;TOT;SF;54;2;662;87;186;.468;13;35;.371;74;151;.490;.503;54;77;.701;37;57;94;25;35;7;33;58;241;
14-15;DEN;SF;39;511;66;137;.482;10;24;.417;56;113;.496;.518;48;65;.738;29;41;70;19;28;6;25;42;190;
14-15;POR;SF;15;2;151;21;49;.429;3;11;.273;18;38;.474;.459;6;12;.500;8;16;24;6;7;1;8;16;51;
15-16;NOP;SF;73;38;1632;132;255;.518;17;60;.283;115;195;.590;.551;44;66;.667;60;185;245;72;63;13;55;169;325;
16-17;DEN;SF;13;89;3;14;.214;3;3;11;.273;.214;5;9;.556;4;11;15;6;5;1;4;14;11;
Career;;417;213;9071;1001;2309;.434;186;572;.325;815;1737;.469;.474;566;751;.754;389;971;1360;441;379;101;447;792;2754;
Playoffs Totals
14-15;POR;SF;1;3;1;1;1;
Career;;1;3;1;1;1;
Advanced
09-10;WAS;SG;11;182;16.2;.564;.153;.492;9.3;11.6;10.4;6.4;2.0;0.4;12.2;20.4;0.3;0.1;0.4;.108;1.7;-0.1;1.6;0.2;
10-11;TOT;SG;56;1118;10.8;.544;.193;.348;6.2;12.7;9.3;5.4;1.8;1.2;15.3;14.5;0.5;0.6;1.0;.045;-2.1;-0.4;-2.5;-0.1;
10-11;SAS;SG;5;18;-2.1;.333;13.2;6.3;9.7;7.9;50.0;15.3;-0.1;-0.1;-0.175;-8.5;-0.7;-9.2;
10-11;WAS;SG;11;127;9.9;.496;.074;.444;9.5;10.3;9.9;5.9;2.8;19.9;14.0;0.1;0.1;.023;-2.6;-0.2;-2.8;
10-11;CLE;SG;40;973;11.1;.552;.209;.342;5.6;13.1;9.3;5.5;1.7;1.3;14.0;14.6;0.6;0.5;1.0;.052;-1.9;-0.4;-2.3;-0.1;
11-12;CLE;SG;63;1827;13.2;.516;.249;.385;6.1;14.3;10.0;10.6;2.4;0.7;15.0;18.7;1.2;1.2;2.4;.063;-1.2;-0.2;-1.4;0.3;
12-13;CLE;SF;<strong>82</strong>;2541;10.5;.505;.294;.276;3.3;11.7;7.3;8.2;2.2;0.9;13.7;16.9;0.5;1.5;1.9;.036;-2.2;-0.3;-2.6;-0.4;
13-14;CLE;SF;65;1020;8.6;.491;.246;.258;3.8;12.8;8.2;6.9;2.0;1.2;14.3;13.4;-0.1;1.0;0.9;.041;-3.7;0.6;-3.1;-0.3;
14-15;TOT;SF;54;662;13.0;.548;.188;.414;5.9;9.5;7.7;5.8;2.7;0.8;13.0;16.7;0.6;0.6;1.2;.086;-1.3;0.7;-0.6;0.2;
14-15;DEN;SF;39;511;14.0;.574;.175;.474;5.9;9.0;7.4;5.7;2.7;0.9;13.1;16.1;0.7;0.4;1.1;.100;-0.5;0.7;0.2;0.3;
14-15;POR;SF;15;151;9.7;.470;.224;.245;5.8;11.1;8.5;6.0;2.4;0.5;12.8;18.5;-0.1;0.2;0.1;.039;-3.8;0.6;-3.2;
15-16;NOP;SF;73;1632;8.4;.572;.235;.259;3.9;13.0;8.3;6.2;1.9;0.7;16.2;9.2;1.0;0.9;1.9;.056;-3.2;0.6;-2.6;-0.2;
16-17;DEN;SF;13;89;3.1;.306;.214;.643;5.0;13.5;9.3;8.2;2.7;0.9;18.2;10.5;-0.1;0.1;-0.1;-0.032;-7.5;0.7;-6.7;-0.1;
Career;;417;9071;10.7;.522;.248;.325;4.7;12.6;8.5;7.6;2.1;0.9;14.5;15.2;3.8;5.9;9.7;.051;-2.3;0.1;-2.2;-0.4;
Playoffs Advanced
14-15;POR;SF;1;3;16.3;36.5;18.0;47.9;.181;2.0;6.6;8.6;
Career;;1;3;16.3;36.5;18.0;47.9;.181;2.0;6.6;8.6;
