Amar'e Stoudemire;Power Forward and Center;Right;1982-11-16;;6-10;245;;;;;-1;;
Per Game
02-03;PHO;PF;82;71;31.3;4.8;10.1;.472;0.1;.200;4.8;10.0;.476;.473;3.9;5.9;.661;3.0;5.7;8.8;1.0;0.8;1.1;2.3;3.3;13.5;
03-04;PHO;PF;55;53;36.8;7.5;15.7;.475;0.1;.200;7.5;15.6;.477;.476;5.6;7.9;.713;2.9;6.2;9.0;1.4;1.2;1.6;3.2;3.4;20.6;
04-05;PHO;C;80;80;36.1;9.3;16.7;.559;0.2;.188;9.3;16.5;.564;.560;7.3;9.9;.733;2.7;6.2;8.9;1.6;1.0;1.6;2.4;3.5;26.0;
05-06;PHO;C;3;3;16.7;3.0;9.0;.333;0.3;3.0;8.7;.346;.333;2.7;3.0;.889;2.0;3.3;5.3;0.7;0.3;1.0;0.3;1.3;8.7;
06-07;PHO;C;<strong>82</strong>;78;32.8;7.4;12.9;.575;7.4;12.8;.577;.575;5.6;7.1;.781;2.7;6.9;9.6;1.0;1.0;1.3;2.8;3.6;20.4;
07-08;PHO;C;79;79;33.9;9.0;15.3;.590;0.1;0.4;.161;9.0;14.9;.601;.592;7.0;8.7;.805;2.3;6.8;9.1;1.5;0.8;2.1;2.2;3.7;25.2;
08-09;PHO;PF;53;53;36.8;7.6;14.1;.539;0.1;0.1;.429;7.6;14.0;.540;.541;6.1;7.3;.835;2.2;5.9;8.1;2.0;0.9;1.1;2.8;3.1;21.4;
09-10;PHO;PF;<strong>82</strong>;82;34.6;8.6;15.4;.557;0.1;.167;8.6;15.3;.559;.557;5.9;7.7;.771;2.8;6.1;8.9;1.0;0.6;1.0;2.6;3.4;23.1;
10-11;NYK;C;78;78;36.8;9.5;19.0;.502;0.1;0.3;.435;9.4;18.7;.503;.505;6.1;7.7;.792;2.5;5.6;8.2;2.6;0.9;1.9;3.2;3.5;25.3;
11-12;NYK;PF;47;47;32.8;6.7;13.9;.483;0.1;0.4;.238;6.6;13.5;.491;.487;4.0;5.2;.765;2.3;5.6;7.8;1.1;0.8;1.0;2.4;2.9;17.5;
12-13;NYK;PF;29;23.5;5.3;9.2;.577;5.3;9.2;.577;.577;3.6;4.5;.808;2.1;2.9;5.0;0.4;0.3;0.7;1.7;3.1;14.2;
13-14;NYK;C;65;21;22.6;4.8;8.6;.557;4.8;8.6;.557;.557;2.3;3.1;.739;1.7;3.2;4.9;0.5;0.4;0.6;1.4;2.4;11.9;
14-15;TOT;PF;59;15;21.1;4.6;8.3;.557;0.1;4.6;8.2;.562;.557;2.3;3.2;.720;1.9;3.7;5.6;0.8;0.5;0.6;1.3;2.7;11.5;
14-15;NYK;PF;36;14;24.0;4.7;8.6;.543;0.1;4.7;8.6;.549;.543;2.6;3.5;.740;2.3;4.5;6.8;1.0;0.6;0.9;1.8;3.1;12.0;
14-15;DAL;PF;23;1;16.5;4.5;7.8;.581;4.5;7.7;.584;.581;1.7;2.6;.678;1.2;2.5;3.7;0.3;0.4;0.2;0.7;2.2;10.8;
15-16;MIA;C;52;36;14.7;2.4;4.3;.566;2.4;4.3;.566;.566;1.0;1.3;.746;1.3;3.0;4.3;0.5;0.3;0.8;0.9;1.8;5.8;
Career;;846;696;31.0;7.0;13.0;.537;0.2;.236;7.0;12.9;.540;.538;4.9;6.4;.761;2.4;5.4;7.8;1.2;0.8;1.2;2.3;3.2;18.9;
Playoffs Per Game
02-03;PHO;PF;6;6;33.8;5.7;10.8;.523;0.2;0.2;1.000;5.5;10.7;.516;.531;2.7;4.7;.571;2.7;5.2;7.8;1.2;1.7;1.5;3.2;4.7;14.2;
04-05;PHO;C;15;15;40.1;10.2;18.9;.539;0.2;10.2;18.7;.544;.539;9.5;12.2;.781;4.0;6.7;10.7;1.2;0.7;2.0;3.1;3.9;29.9;
06-07;PHO;C;10;10;34.3;9.1;17.4;.523;0.1;0.3;.333;9.0;17.1;.526;.526;7.0;9.1;.769;3.0;9.1;12.1;0.6;1.3;1.9;1.9;3.9;25.3;
07-08;PHO;C;5;5;40.8;9.6;19.8;.485;0.2;0.8;.250;9.4;19.0;.495;.490;3.8;6.0;.633;3.0;6.0;9.0;0.4;1.4;2.4;2.8;3.8;23.2;
09-10;PHO;PF;16;16;36.5;7.8;14.9;.519;0.3;7.8;14.7;.528;.519;6.7;8.9;.754;2.9;3.8;6.6;1.1;0.7;1.5;2.5;3.4;22.2;
10-11;NYK;C;4;4;33.5;5.3;13.8;.382;5.3;13.8;.382;.382;4.0;6.0;.667;2.8;5.0;7.8;1.8;0.3;0.8;3.0;2.5;14.5;
11-12;NYK;PF;4;4;34.8;5.0;9.0;.556;5.0;9.0;.556;.556;5.3;7.0;.750;2.0;4.5;6.5;0.8;1.3;0.3;3.0;4.0;15.3;
12-13;NYK;PF;4;8.3;1.3;3.3;.385;0.3;0.3;1.000;1.0;3.0;.333;.423;1.0;1.0;1.000;1.0;1.3;2.3;0.8;2.3;3.8;
14-15;DAL;PF;5;15.0;3.0;7.0;.429;3.0;7.0;.429;.429;1.8;2.6;.692;1.4;1.8;3.2;0.6;0.2;0.6;1.4;3.2;7.8;
15-16;MIA;C;9;2;9.1;1.2;2.1;.579;1.2;2.1;.579;.579;0.9;0.9;1.000;0.3;1.1;1.4;0.6;0.3;1.0;1.6;3.3;
Career;;78;62;30.7;6.7;13.1;.512;0.1;0.2;.250;6.6;12.9;.516;.514;5.3;7.1;.750;2.6;4.8;7.4;0.8;0.8;1.3;2.3;3.4;18.7;
Totals
02-03;PHO;PF;82;71;2570;392;830;.472;2;10;.200;390;820;.476;.473;320;484;.661;250;471;721;78;62;87;189;269;1106;
03-04;PHO;PF;55;53;2025;411;865;.475;1;5;.200;410;860;.477;.476;310;435;.713;157;339;496;78;64;89;177;188;1133;
04-05;PHO;C;80;80;2889;747;1336;.559;3;16;.188;<strong>744</strong>;1320;.564;.560;583;<strong>795</strong>;.733;219;494;713;131;77;130;189;278;2080;
05-06;PHO;C;3;3;50;9;27;.333;1;9;26;.346;.333;8;9;.889;6;10;16;2;1;3;1;4;26;
06-07;PHO;C;<strong>82</strong>;78;2689;607;1055;.575;3;607;1052;.577;.575;457;585;.781;222;564;786;84;78;110;232;295;1671;
07-08;PHO;C;79;79;2677;714;1211;.590;5;31;.161;709;1180;.601;.592;556;691;.805;178;541;719;118;64;163;174;294;1989;
08-09;PHO;PF;53;53;1948;404;749;.539;3;7;.429;401;742;.540;.541;323;387;.835;116;314;430;104;49;57;150;163;1134;
09-10;PHO;PF;<strong>82</strong>;82;2838;704;1264;.557;1;6;.167;<strong>703</strong>;1258;.559;.557;487;632;.771;230;502;732;82;52;83;213;281;1896;
10-11;NYK;C;78;78;2870;744;1482;.502;10;23;.435;<strong>734</strong>;<strong>1459</strong>;.503;.505;473;597;.792;198;438;636;202;71;150;250;274;1971;
11-12;NYK;PF;47;47;1543;316;654;.483;5;21;.238;311;633;.491;.487;186;243;.765;106;261;367;52;38;45;112;138;823;
12-13;NYK;PF;29;682;154;267;.577;154;267;.577;.577;105;130;.808;60;85;145;13;10;21;50;89;413;
13-14;NYK;C;65;21;1466;311;558;.557;311;558;.557;.557;150;203;.739;112;208;320;34;23;37;91;159;772;
14-15;TOT;PF;59;15;1245;273;490;.557;4;273;486;.562;.557;134;186;.720;110;219;329;45;29;38;78;161;680;
14-15;NYK;PF;36;14;865;169;311;.543;3;169;308;.549;.543;94;127;.740;83;162;245;37;20;34;63;111;432;
14-15;DAL;PF;23;1;380;104;179;.581;1;104;178;.584;.581;40;59;.678;27;57;84;8;9;4;15;50;248;
15-16;MIA;C;52;36;762;125;221;.566;125;221;.566;.566;50;67;.746;65;157;222;27;18;41;47;92;300;
Career;;846;696;26254;5911;11009;.537;30;127;.236;5881;10882;.540;.538;4142;5444;.761;2029;4603;6632;1050;636;1054;1953;2685;15994;
Playoffs Totals
02-03;PHO;PF;6;6;203;34;65;.523;1;1;1.000;33;64;.516;.531;16;28;.571;16;31;47;7;10;9;19;28;85;
04-05;PHO;C;15;15;601;153;284;.539;3;153;281;.544;.539;143;183;.781;60;100;160;18;10;30;47;59;449;
06-07;PHO;C;10;10;343;91;174;.523;1;3;.333;90;171;.526;.526;70;91;.769;30;91;121;6;13;19;19;39;253;
07-08;PHO;C;5;5;204;48;99;.485;1;4;.250;47;95;.495;.490;19;30;.633;15;30;45;2;7;12;14;19;116;
09-10;PHO;PF;16;16;584;124;239;.519;4;124;235;.528;.519;107;142;.754;46;60;106;18;11;24;40;54;355;
10-11;NYK;C;4;4;134;21;55;.382;21;55;.382;.382;16;24;.667;11;20;31;7;1;3;12;10;58;
11-12;NYK;PF;4;4;139;20;36;.556;20;36;.556;.556;21;28;.750;8;18;26;3;5;1;12;16;61;
12-13;NYK;PF;4;33;5;13;.385;1;1;1.000;4;12;.333;.423;4;4;1.000;4;5;9;3;9;15;
14-15;DAL;PF;5;75;15;35;.429;15;35;.429;.429;9;13;.692;7;9;16;3;1;3;7;16;39;
15-16;MIA;C;9;2;82;11;19;.579;11;19;.579;.579;8;8;1.000;3;10;13;5;3;9;14;30;
Career;;78;62;2398;522;1019;.512;4;16;.250;518;1003;.516;.514;413;551;.750;200;374;574;64;63;104;182;264;1461;
Advanced
02-03;PHO;PF;82;2570;16.2;.530;.012;.583;10.9;20.9;15.9;5.0;1.3;2.5;15.3;21.5;2.6;3.6;6.2;.116;-0.9;-0.4;-1.4;0.4;
03-04;PHO;PF;55;2025;19.8;.536;.006;.503;8.8;19.2;14.0;7.0;1.6;3.3;14.4;27.5;2.4;2.0;4.4;.105;0.8;-0.7;0.1;1.1;
04-05;PHO;C;80;2889;26.6;.617;.012;.595;8.5;17.4;13.2;7.7;1.3;3.0;10.1;28.3;<strong>11.3</strong>;3.3;14.6;.243;4.1;0.3;4.4;4.7;
05-06;PHO;C;3;50;17.8;.420;.037;.333;13.6;21.7;17.8;5.9;1.0;4.2;3.1;28.7;0.1;0.1;.085;-2.0;-2.4;-4.4;
06-07;PHO;C;<strong>82</strong>;2689;23.1;.637;.003;.555;10.1;23.3;17.0;5.0;1.5;2.9;15.0;25.8;7.2;4.0;11.2;.201;1.5;0.3;1.8;2.6;
07-08;PHO;C;79;2677;27.6;<strong>.656</strong>;.026;.571;8.2;21.1;15.2;7.5;1.2;4.0;10.3;28.2;10.9;3.8;14.6;.262;4.2;0.6;4.8;4.6;
08-09;PHO;PF;53;1948;20.3;.617;.009;.517;7.2;18.1;12.9;8.3;1.3;2.1;14.0;24.2;4.6;1.4;6.1;.149;1.9;-0.3;1.7;1.8;
09-10;PHO;PF;<strong>82</strong>;2838;22.6;.615;.005;.500;9.7;18.9;14.5;4.8;0.9;2.1;12.1;27.3;8.2;2.5;10.7;.181;2.1;-1.1;1.0;2.2;
10-11;NYK;C;78;2870;22.7;.565;.016;.403;7.8;17.6;12.7;13.2;1.2;3.8;12.5;30.9;5.4;2.6;8.0;.134;2.0;-0.6;1.4;2.4;
11-12;NYK;PF;47;1543;17.7;.541;.032;.372;7.9;19.8;13.7;6.3;1.3;2.3;12.8;25.4;1.8;2.3;4.1;.128;0.1;-0.4;-0.3;0.7;
12-13;NYK;PF;29;682;22.1;.637;.487;10.0;15.1;12.4;3.6;0.8;2.7;13.4;25.7;2.1;0.6;2.7;.191;1.6;-0.9;0.7;0.5;
13-14;NYK;C;65;1466;18.8;.596;.364;8.7;17.2;12.8;4.2;0.8;2.2;12.3;23.4;2.9;0.9;3.8;.124;0.3;-1.8;-1.6;0.2;
14-15;TOT;PF;59;1245;20.3;.595;.008;.380;9.9;20.5;15.1;6.8;1.2;2.5;12.0;23.8;2.6;1.0;3.6;.138;1.0;-0.9;0.1;0.7;
14-15;NYK;PF;36;865;19.5;.589;.010;.408;10.8;22.3;16.4;8.1;1.2;3.3;14.7;22.9;1.5;0.7;2.2;.120;0.3;-0.9;-0.6;0.3;
14-15;DAL;PF;23;380;22.3;.605;.006;.330;7.8;16.5;12.1;3.9;1.2;0.9;6.8;25.8;1.1;0.3;1.4;.181;2.7;-0.8;1.9;0.4;
15-16;MIA;C;52;762;17.3;.599;.303;10.0;22.6;16.5;5.6;1.2;4.1;15.8;17.8;1.1;1.3;2.4;.150;-1.3;0.6;-0.6;0.3;
Career;;846;26254;21.8;.597;.012;.495;9.0;19.5;14.4;6.9;1.2;2.9;12.7;26.2;63.1;29.4;92.5;.169;1.7;-0.4;1.3;21.9;
Playoffs Advanced
02-03;PHO;PF;6;203;15.9;.550;.015;.431;8.0;16.9;12.3;7.0;2.6;3.7;19.7;21.1;0.5;0.5;.110;-0.1;2.4;2.3;0.2;
04-05;PHO;C;15;601;27.6;.616;.011;.644;11.7;17.7;14.8;4.9;0.8;3.4;11.4;30.4;2.4;0.3;2.7;.218;5.0;-0.6;4.4;1.0;
06-07;PHO;C;10;343;<strong>29.6</strong>;.591;.017;.523;10.7;29.2;20.4;3.2;1.9;4.2;8.2;30.7;1.3;0.7;1.9;<strong>.269</strong>;4.3;1.4;5.7;0.7;
07-08;PHO;C;5;204;18.9;.517;.040;.303;8.5;17.4;12.9;1.9;1.8;4.0;11.1;28.6;0.3;0.3;.077;1.4;-0.7;0.8;0.1;
09-10;PHO;PF;16;584;21.2;.589;.017;.594;9.7;12.2;10.9;5.3;1.0;3.2;11.7;26.8;1.5;0.3;1.8;.145;2.1;-1.0;1.2;0.5;
10-11;NYK;C;4;134;10.7;.442;.436;8.3;19.1;13.1;10.2;0.4;1.6;15.5;25.5;-0.2;0.1;-0.1;-0.031;-1.5;-2.5;-4.1;-0.1;
11-12;NYK;PF;4;139;16.9;.631;.778;6.7;16.4;11.4;4.4;2.0;0.7;19.9;20.5;0.3;0.3;.104;0.8;1.0;1.8;0.1;
12-13;NYK;PF;4;33;9.8;.508;.077;.308;13.3;19.5;16.2;16.9;25.9;.066;-3.1;-3.7;-6.9;
14-15;DAL;PF;5;75;11.3;.479;.371;9.3;12.8;11.0;6.0;0.6;3.2;14.7;26.0;-0.010;-3.5;-2.1;-5.5;-0.1;
15-16;MIA;C;9;82;12.4;.666;.421;4.6;13.7;9.4;3.2;2.8;28.6;18.3;0.2;0.2;.103;-5.6;1.9;-3.7;
Career;;78;2398;21.7;.579;.016;.541;9.7;17.7;13.7;4.7;1.4;3.2;12.6;27.2;5.2;2.4;7.6;.153;2.1;-0.2;1.9;2.4;
