Amir Johnson;Power Forward, Center, and Small Forward;Right;1987-05-01;;6-9;240;Westchester in Los Angeles,California;;;;-1;;
Per Game
05-06;DET;SF;3;13.0;2.3;3.3;.700;0.7;1.0;.667;1.7;2.3;.714;.800;1.3;1.3;1.000;1.0;0.3;1.3;1.0;0.7;1.3;2.3;6.7;
06-07;DET;PF;8;15.5;2.3;4.1;.545;0.4;2.3;3.8;.600;.545;1.4;1.8;.786;1.9;2.8;4.6;0.4;0.6;1.6;1.1;2.4;5.9;
07-08;DET;PF;62;12.3;1.5;2.7;.558;1.5;2.7;.558;.558;0.6;0.9;.673;1.4;2.4;3.8;0.5;0.4;1.3;0.6;2.3;3.6;
08-09;DET;PF;62;24;14.7;1.6;2.6;.595;1.6;2.6;.595;.595;0.4;0.6;.657;1.6;2.1;3.7;0.3;0.3;1.0;0.5;2.8;3.5;
09-10;TOR;PF;<strong>82</strong>;5;17.7;2.5;4.1;.623;2.5;4.0;.630;.623;1.2;1.8;.638;1.9;2.9;4.8;0.6;0.5;0.8;0.8;3.1;6.2;
10-11;TOR;PF;72;54;25.7;3.9;6.9;.568;3.9;6.9;.569;.568;1.8;2.2;.788;2.6;3.8;6.4;1.1;0.7;1.2;1.0;3.7;9.6;
11-12;TOR;PF;64;43;24.3;3.1;5.3;.576;0.1;.400;3.0;5.2;.579;.579;0.9;1.3;.690;2.3;4.0;6.4;1.2;0.5;1.1;1.5;3.3;7.1;
12-13;TOR;PF;81;38;28.7;4.1;7.5;.554;0.1;0.2;.385;4.1;7.3;.558;.559;1.7;2.3;.727;2.8;4.7;7.5;1.5;1.0;1.4;1.4;3.7;10.0;
13-14;TOR;PF;77;72;28.8;4.5;7.9;.562;0.3;0.9;.303;4.2;7.1;.593;.578;1.2;1.9;.636;2.2;4.3;6.6;1.5;0.7;1.1;1.6;3.5;10.4;
14-15;TOR;PF;75;72;26.4;4.0;6.9;.574;0.3;0.6;.413;3.7;6.3;.590;.592;1.1;1.7;.612;2.1;4.0;6.1;1.6;0.6;0.8;1.5;3.0;9.3;
15-16;BOS;PF;79;76;22.8;3.2;5.4;.585;0.1;0.5;.233;3.0;4.8;.624;.596;0.9;1.5;.570;2.3;4.1;6.4;1.7;0.7;1.1;1.2;2.7;7.3;
16-17;BOS;PF;80;77;20.1;2.7;4.6;.576;0.3;0.8;.409;2.3;3.8;.612;.612;0.8;1.3;.670;1.5;3.1;4.6;1.8;0.6;0.8;1.0;2.6;6.5;
17-18;PHI;C;74;18;15.8;1.9;3.5;.538;0.1;0.4;.313;1.8;3.1;.570;.558;0.7;1.1;.612;1.7;2.8;4.5;1.6;0.6;0.6;0.7;2.6;4.6;
18-19;PHI;C;51;6;10.4;1.5;3.1;.503;0.2;0.8;.300;1.3;2.3;.573;.541;0.6;0.8;.756;0.9;2.0;2.9;1.2;0.3;0.3;0.9;1.9;3.9;
Career;;870;485;21.1;2.9;5.2;.570;0.1;0.4;.332;2.8;4.8;.588;.582;1.0;1.5;.673;2.0;3.4;5.4;1.2;0.6;1.0;1.1;3.0;7.0;
Playoffs Per Game
07-08;DET;PF;8;5.4;1.1;1.5;.750;0.1;1.1;1.4;.818;.750;0.4;0.8;.500;0.4;1.3;1.6;0.1;0.4;0.3;0.9;2.6;
08-09;DET;PF;3;4.3;0.3;0.3;1.000;0.3;0.3;1.000;1.000;0.3;0.7;1.0;0.3;1.0;0.7;
13-14;TOR;PF;7;7;27.3;4.9;7.4;.654;0.3;4.9;7.1;.680;.654;1.3;1.7;.750;2.3;3.7;6.0;1.0;0.4;0.6;1.7;4.1;11.0;
14-15;TOR;PF;4;2;28.0;5.0;7.3;.690;0.3;5.0;7.0;.714;.690;1.5;3.0;.500;1.8;5.3;7.0;1.0;0.3;0.8;1.8;4.0;11.5;
15-16;BOS;PF;6;6;22.3;3.7;5.5;.667;0.3;3.7;5.2;<strong>.710</strong>;.667;1.2;1.5;.778;1.8;5.3;7.2;0.7;0.2;1.3;1.7;2.2;8.5;
16-17;BOS;PF;14;9;10.1;1.1;2.1;.500;0.1;0.2;.333;1.0;1.9;.519;.517;0.4;0.6;.625;1.2;0.9;2.1;0.2;0.3;0.4;0.4;1.7;2.6;
17-18;PHI;C;8;1;11.8;1.4;2.6;.524;1.4;2.6;.524;.524;0.5;0.6;.800;1.8;1.1;2.9;1.1;0.3;0.1;0.4;1.3;3.3;
18-19;PHI;C;4;5.0;1.0;1.0;1.000;1.0;1.0;1.000;1.000;0.8;0.5;1.3;0.5;0.3;0.3;0.8;2.0;
Career;;54;25;13.9;2.1;3.4;.637;0.2;.111;2.1;3.2;.665;.640;0.6;1.0;.654;1.3;2.1;3.5;0.6;0.2;0.5;0.8;1.9;4.9;
Totals
05-06;DET;SF;3;39;7;10;.700;2;3;.667;5;7;.714;.800;4;4;1.000;3;1;4;3;2;4;7;20;
06-07;DET;PF;8;124;18;33;.545;3;18;30;.600;.545;11;14;.786;15;22;37;3;5;13;9;19;47;
07-08;DET;PF;62;764;92;165;.558;92;165;.558;.558;37;55;.673;87;148;235;29;24;82;39;141;221;
08-09;DET;PF;62;24;911;97;163;.595;97;163;.595;.595;23;35;.657;102;130;232;20;20;60;33;171;217;
09-10;TOR;PF;<strong>82</strong>;5;1453;208;334;.623;4;208;330;.630;.623;95;149;.638;154;241;395;48;44;66;63;255;511;
10-11;TOR;PF;72;54;1853;281;495;.568;1;281;494;.569;.568;126;160;.788;189;272;461;81;53;88;69;263;688;
11-12;TOR;PF;64;43;1553;196;340;.576;2;5;.400;194;335;.579;.579;58;84;.690;149;259;408;79;33;69;94;209;452;
12-13;TOR;PF;81;38;2325;336;606;.554;5;13;.385;331;593;.558;.559;136;187;.727;227;384;611;122;81;110;117;<strong>301</strong>;813;
13-14;TOR;PF;77;72;2214;344;612;.562;20;66;.303;324;546;.593;.578;91;143;.636;172;333;505;115;56;88;123;271;799;
14-15;TOR;PF;75;72;1979;298;519;.574;19;46;.413;279;473;.590;.592;79;129;.612;159;297;456;117;44;59;110;225;694;
15-16;BOS;PF;79;76;1800;249;426;.585;10;43;.233;239;383;.624;.596;69;121;.570;178;327;505;138;52;83;94;214;577;
16-17;BOS;PF;80;77;1608;213;370;.576;27;66;.409;186;304;.612;.612;67;100;.670;118;248;366;140;51;62;77;211;520;
17-18;PHI;C;74;18;1171;140;260;.538;10;32;.313;130;228;.570;.558;52;85;.612;123;207;330;118;45;44;55;192;342;
18-19;PHI;C;51;6;529;79;157;.503;12;40;.300;67;117;.573;.541;31;41;.756;47;100;147;60;16;13;45;99;201;
Career;;870;485;18323;2558;4490;.570;107;322;.332;2451;4168;.588;.582;879;1307;.673;1723;2969;4692;1073;524;839;932;2578;6102;
Playoffs Totals
07-08;DET;PF;8;43;9;12;.750;1;9;11;.818;.750;3;6;.500;3;10;13;1;3;2;7;21;
08-09;DET;PF;3;13;1;1;1.000;1;1;1.000;1.000;1;2;3;1;3;2;
13-14;TOR;PF;7;7;191;34;52;.654;2;34;50;.680;.654;9;12;.750;16;26;42;7;3;4;12;29;77;
14-15;TOR;PF;4;2;112;20;29;.690;1;20;28;.714;.690;6;12;.500;7;21;28;4;1;3;7;16;46;
15-16;BOS;PF;6;6;134;22;33;.667;2;22;31;<strong>.710</strong>;.667;7;9;.778;11;32;43;4;1;8;10;13;51;
16-17;BOS;PF;14;9;142;15;30;.500;1;3;.333;14;27;.519;.517;5;8;.625;17;13;30;3;4;6;6;24;36;
17-18;PHI;C;8;1;94;11;21;.524;11;21;.524;.524;4;5;.800;14;9;23;9;2;1;3;10;26;
18-19;PHI;C;4;20;4;4;1.000;4;4;1.000;1.000;3;2;5;2;1;1;3;8;
Career;;54;25;749;116;182;.637;1;9;.111;115;173;.665;.640;34;52;.654;72;115;187;30;12;26;41;105;267;
Advanced
05-06;DET;SF;3;39;20.3;.850;.300;.400;9.0;3.1;6.1;13.4;3.7;25.4;19.2;0.1;0.2;.208;1.1;-0.7;0.4;
06-07;DET;PF;8;124;20.6;.600;.091;.424;14.4;21.1;17.7;4.1;2.2;8.1;18.7;18.5;0.2;0.3;0.5;.183;-2.0;2.2;0.2;0.1;
07-08;DET;PF;62;764;17.5;.584;.333;13.5;23.2;18.4;5.9;1.7;8.5;17.1;14.1;1.1;1.9;3.0;.190;-2.4;3.7;1.3;0.6;
08-09;DET;PF;62;911;13.5;.608;.215;13.1;17.2;15.1;3.4;1.2;5.1;15.6;11.1;1.4;1.3;2.7;.142;-3.0;1.6;-1.4;0.1;
09-10;TOR;PF;<strong>82</strong>;1453;16.7;.639;.012;.446;12.9;19.1;16.1;5.0;1.6;3.5;13.6;14.5;3.4;1.1;4.5;.150;-0.6;-0.6;0.5;
10-11;TOR;PF;72;1853;17.6;.608;.002;.323;11.8;17.8;14.7;6.8;1.5;3.6;10.9;15.3;4.4;1.2;5.6;.146;0.3;0.3;1.1;
11-12;TOR;PF;64;1553;14.4;.600;.015;.247;11.4;19.4;15.4;8.7;1.1;3.6;20.0;14.3;1.9;2.0;4.0;.122;-1.4;0.9;-0.5;0.6;
12-13;TOR;PF;81;2325;17.3;.591;.021;.309;11.4;20.0;15.6;8.7;1.8;3.8;14.5;16.1;4.4;2.9;7.3;.151;1.0;1.0;1.8;
13-14;TOR;PF;77;2214;15.4;.592;.108;.234;9.0;17.6;13.3;8.7;1.3;3.2;15.4;16.4;3.2;3.1;6.3;.136;-0.4;1.1;0.7;1.5;
14-15;TOR;PF;75;1979;15.4;.603;.089;.249;9.3;17.3;13.3;9.4;1.1;2.4;16.0;15.7;3.5;1.6;5.1;.124;-0.1;-0.1;0.9;
15-16;BOS;PF;79;1800;16.0;.602;.101;.284;10.3;19.6;14.9;11.4;1.4;3.6;16.4;13.6;3.0;2.9;5.9;.158;-0.4;1.6;1.2;1.4;
16-17;BOS;PF;80;1608;15.0;.628;.178;.270;8.3;17.0;12.7;13.0;1.6;3.2;15.7;13.6;2.9;2.1;5.0;.149;-0.7;1.3;0.6;1.1;
17-18;PHI;C;74;1171;14.9;.575;.123;.327;11.8;18.3;15.2;13.9;1.8;3.1;15.6;12.8;2.1;2.0;4.1;.169;-1.2;2.2;1.0;0.9;
18-19;PHI;C;51;529;13.1;.574;.255;.261;9.7;19.5;14.7;16.0;1.4;1.9;20.5;17.4;0.4;0.7;1.1;.098;-2.9;0.6;-2.3;
Career;;870;18323;15.8;.602;.072;.291;10.8;18.6;14.7;9.1;1.5;3.6;15.5;14.8;32.0;23.3;55.3;.145;-0.7;1.0;0.3;10.6;
Playoffs Advanced
07-08;DET;PF;8;43;23.2;.717;.083;.500;8.8;29.9;19.2;4.7;5.7;12.0;19.0;0.1;0.1;0.2;.225;1.6;3.0;4.7;0.1;
08-09;DET;PF;3;13;12.4;1.000;9.7;20.8;15.1;7.0;3.9;.168;-2.7;2.9;0.3;
13-14;TOR;PF;7;191;16.4;<strong>.672</strong>;.038;.231;10.6;15.9;13.4;7.3;0.8;1.9;17.3;17.0;0.4;0.2;0.5;.137;0.6;0.6;1.3;0.2;
14-15;TOR;PF;4;112;16.0;.671;.034;.414;6.7;22.7;14.2;6.3;0.5;2.3;17.0;16.6;0.2;0.2;.089;0.2;-0.2;
15-16;BOS;PF;6;134;16.7;.690;.061;.273;8.1;26.6;16.8;5.5;0.4;5.3;21.3;15.1;0.2;0.3;0.4;.158;-0.4;1.8;1.4;0.1;
16-17;BOS;PF;14;142;10.3;.537;.100;.267;13.6;11.1;12.4;3.1;1.4;3.6;15.2;12.6;0.1;0.1;0.2;.063;-3.9;-1.5;-5.4;-0.1;
17-18;PHI;C;8;94;15.2;.560;.238;15.7;10.4;13.1;14.1;1.0;1.0;11.5;11.7;0.2;0.1;0.3;.160;0.6;-0.6;
18-19;PHI;C;4;20;24.2;1.000;17.1;10.3;13.5;16.1;2.4;20.0;10.6;0.1;0.1;.276;5.5;3.1;8.5;0.1;
Career;;54;749;15.6;.652;.049;.286;10.8;18.0;14.2;6.8;0.8;3.0;16.7;14.8;1.3;0.7;2.1;.132;-0.3;0.4;0.4;
