Anderson Varejão;Center and Power Forward;Right;1982-09-28;;6-10;273;;;;;-1;;
Per Game
04-05;CLE;PF;54;16.0;1.8;3.6;.513;1.8;3.5;.518;.513;1.3;2.4;.535;2.0;2.7;4.8;0.5;0.8;0.7;0.5;2.3;4.9;
05-06;CLE;C;48;4;15.8;1.6;3.1;.527;1.6;3.1;.530;.527;1.3;2.5;.513;1.6;3.3;4.9;0.4;0.6;0.4;0.6;2.5;4.6;
06-07;CLE;C;81;6;23.9;2.4;5.0;.476;0.1;2.4;4.8;.487;.476;2.0;3.3;.616;2.4;4.4;6.7;0.9;0.9;0.6;0.8;3.3;6.8;
07-08;CLE;C;48;13;27.5;2.8;6.1;.461;2.8;6.1;.464;.461;1.0;1.7;.598;2.8;5.5;8.3;1.1;0.8;0.5;1.2;2.8;6.7;
08-09;CLE;PF;81;42;28.5;3.3;6.2;.536;3.3;6.2;.538;.536;1.9;3.1;.616;2.0;5.1;7.2;1.0;0.9;0.8;1.0;3.0;8.6;
09-10;CLE;PF;76;7;28.5;3.5;6.1;.572;0.1;.200;3.5;6.1;.576;.573;1.5;2.3;.663;2.5;5.1;7.6;1.1;0.9;0.9;0.9;2.9;8.6;
10-11;CLE;C;31;31;32.1;3.7;7.0;.528;0.1;3.7;6.9;.533;.528;1.7;2.6;.667;3.2;6.5;9.7;1.5;0.9;1.2;1.3;2.8;9.1;
11-12;CLE;C;25;25;31.4;4.6;8.9;.514;0.2;4.6;8.7;.523;.514;1.7;2.6;.672;4.4;7.1;11.5;1.7;1.4;0.7;1.8;2.5;10.8;
12-13;CLE;C;25;25;36.0;5.5;11.6;.478;0.2;5.5;11.4;.486;.478;3.1;4.1;.755;5.5;8.9;14.4;3.4;1.5;0.6;1.8;2.7;14.1;
13-14;CLE;C;65;29;27.7;3.5;7.1;.495;0.1;3.5;7.0;.502;.495;1.4;2.1;.681;2.9;6.8;9.7;2.2;1.1;0.6;1.1;2.5;8.4;
14-15;CLE;C;26;26;24.5;4.3;7.7;.555;0.1;4.3;7.6;.561;.555;1.3;1.7;.733;2.2;4.3;6.5;1.3;0.7;0.6;1.3;2.2;9.8;
15-16;TOT;C;53;9.4;1.0;2.3;.427;1.0;2.3;.431;.427;0.6;0.9;.640;0.7;2.0;2.7;0.7;0.3;0.2;0.4;1.3;2.6;
15-16;CLE;C;31;10.0;1.0;2.5;.421;1.0;2.4;.427;.421;0.5;0.7;.762;0.8;2.2;2.9;0.6;0.4;0.2;0.5;1.1;2.6;
15-16;GSW;C;22;8.5;1.0;2.2;.438;1.0;2.2;.438;.438;0.7;1.3;.552;0.6;1.7;2.3;0.7;0.2;0.2;0.3;1.6;2.6;
16-17;GSW;C;14;1;6.6;0.4;1.0;.357;0.4;1.0;.357;.357;0.6;0.8;.727;0.9;1.1;1.9;0.7;0.2;0.2;0.6;1.1;1.3;
20-21;CLE;C;5;7.2;0.8;3.2;.250;0.2;0.8;3.0;.267;.250;1.0;1.8;.556;1.4;2.6;4.0;0.6;0.4;0.2;0.6;2.6;
Career;;632;209;23.9;2.9;5.6;.509;0.1;.023;2.9;5.5;.515;.509;1.5;2.4;.630;2.4;4.8;7.2;1.2;0.8;0.6;0.9;2.6;7.2;
Playoffs Per Game
05-06;CLE;C;13;18.3;2.4;3.8;.620;2.4;3.8;.620;.620;2.0;2.8;.703;1.4;3.1;4.5;0.2;0.7;0.2;0.5;3.8;6.8;
06-07;CLE;C;<strong>20</strong>;22.4;2.3;4.5;.511;0.2;2.3;4.3;.535;.511;1.4;2.4;.563;2.3;3.7;6.0;0.6;1.1;0.6;1.0;2.7;6.0;
07-08;CLE;C;13;18.5;1.7;4.2;.407;1.7;4.2;.407;.407;0.7;1.6;.429;1.5;3.6;5.2;0.7;0.6;0.1;0.7;2.3;4.1;
08-09;CLE;PF;14;14;30.0;2.9;5.9;.500;2.9;5.9;.500;.500;1.1;1.6;.682;2.9;3.5;6.4;0.6;1.3;1.1;1.1;3.5;6.9;
09-10;CLE;PF;11;23.2;1.8;4.4;.417;0.1;1.8;4.3;.426;.417;2.1;2.8;.742;2.0;4.5;6.5;0.6;1.0;0.8;1.1;3.5;5.7;
15-16;GSW;C;17;5.5;0.3;0.8;.357;0.3;0.8;.357;.357;0.6;1.1;.526;0.7;0.5;1.2;0.8;0.1;0.1;0.1;1.0;1.2;
Career;;88;14;19.2;1.9;3.8;.488;0.1;1.9;3.8;.495;.488;1.3;2.0;.618;1.8;3.0;4.8;0.6;0.8;0.5;0.7;2.7;5.0;
Totals
04-05;CLE;PF;54;863;99;193;.513;2;99;191;.518;.513;68;127;.535;109;148;257;27;41;38;26;122;266;
05-06;CLE;C;48;4;760;79;150;.527;1;79;149;.530;.527;61;119;.513;77;158;235;19;31;19;27;118;219;
06-07;CLE;C;81;6;1932;191;401;.476;9;191;392;.487;.476;165;268;.616;191;354;545;75;76;52;67;269;547;
07-08;CLE;C;48;13;1320;136;295;.461;2;136;293;.464;.461;49;82;.598;134;265;399;53;37;26;59;134;321;
08-09;CLE;PF;81;42;2306;270;504;.536;2;270;502;.538;.536;154;250;.616;166;415;581;81;75;66;80;239;694;
09-10;CLE;PF;76;7;2166;267;467;.572;1;5;.200;266;462;.576;.573;116;175;.663;189;389;578;87;71;67;67;223;651;
10-11;CLE;C;31;31;994;114;216;.528;2;114;214;.533;.528;54;81;.667;98;203;301;45;27;38;40;87;282;
11-12;CLE;C;25;25;785;114;222;.514;4;114;218;.523;.514;43;64;.672;109;178;287;43;35;17;45;62;271;
12-13;CLE;C;25;25;901;138;289;.478;5;138;284;.486;.478;77;102;.755;138;223;361;84;37;14;44;68;353;
13-14;CLE;C;65;29;1800;227;459;.495;7;227;452;.502;.495;92;135;.681;187;442;629;140;69;39;72;164;546;
14-15;CLE;C;26;26;636;111;200;.555;2;111;198;.561;.555;33;45;.733;57;113;170;35;19;16;35;58;255;
15-16;TOT;C;53;496;53;124;.427;1;53;123;.431;.427;32;50;.640;37;104;141;35;16;10;22;70;138;
15-16;CLE;C;31;310;32;76;.421;1;32;75;.427;.421;16;21;.762;24;67;91;20;11;5;16;35;80;
15-16;GSW;C;22;186;21;48;.438;21;48;.438;.438;16;29;.552;13;37;50;15;5;5;6;35;58;
16-17;GSW;C;14;1;92;5;14;.357;5;14;.357;.357;8;11;.727;12;15;27;10;3;3;8;16;18;
20-21;CLE;C;5;36;4;16;.250;1;4;15;.267;.250;5;9;.556;7;13;20;3;2;1;3;13;
Career;;632;209;15087;1808;3550;.509;1;43;.023;1807;3507;.515;.509;957;1518;.630;1511;3020;4531;737;537;407;593;1633;4574;
Playoffs Totals
05-06;CLE;C;13;238;31;50;.620;31;50;.620;.620;26;37;.703;18;40;58;3;9;2;6;50;88;
06-07;CLE;C;<strong>20</strong>;447;46;90;.511;4;46;86;.535;.511;27;48;.563;46;73;119;11;21;11;20;53;119;
07-08;CLE;C;13;240;22;54;.407;22;54;.407;.407;9;21;.429;20;47;67;9;8;1;9;30;53;
08-09;CLE;PF;14;14;420;41;82;.500;41;82;.500;.500;15;22;.682;41;49;90;8;18;16;15;49;97;
09-10;CLE;PF;11;255;20;48;.417;1;20;47;.426;.417;23;31;.742;22;49;71;7;11;9;12;38;63;
15-16;GSW;C;17;93;5;14;.357;5;14;.357;.357;10;19;.526;12;9;21;13;2;2;2;17;20;
Career;;88;14;1693;165;338;.488;5;165;333;.495;.488;110;178;.618;159;267;426;51;69;41;64;237;440;
Advanced
04-05;CLE;PF;54;863;17.0;.534;.010;.658;14.6;20.7;17.6;4.9;2.5;3.3;9.5;14.4;1.5;1.4;3.0;.164;-0.4;0.6;0.2;0.5;
05-06;CLE;C;48;760;14.8;.541;.007;.793;11.9;24.8;18.3;4.0;2.2;1.9;11.8;14.0;1.1;1.3;2.3;.146;-1.5;0.7;-0.8;0.2;
06-07;CLE;C;81;1932;14.4;.527;.022;.668;11.2;21.8;16.4;6.0;2.1;2.1;11.4;13.7;2.6;4.0;6.6;.164;-1.8;1.8;1.0;
07-08;CLE;C;48;1320;12.0;.485;.007;.278;11.2;23.6;17.2;6.3;1.5;1.6;15.1;13.4;0.5;1.9;2.4;.086;-2.7;0.1;-2.6;-0.2;
08-09;CLE;PF;81;2306;14.6;.565;.004;.496;8.9;20.6;15.0;5.4;1.8;2.3;11.5;14.2;3.3;4.7;8.0;.166;-1.0;1.6;0.6;1.5;
09-10;CLE;PF;76;2166;15.8;.598;.011;.375;10.9;20.4;15.9;6.1;1.7;2.4;11.0;13.1;4.3;3.8;8.1;.179;0.1;1.2;1.3;1.8;
10-11;CLE;C;31;994;15.2;.560;.009;.375;11.0;24.1;17.4;7.4;1.4;2.9;13.7;13.3;1.3;0.9;2.2;.105;-0.9;0.1;-0.8;0.3;
11-12;CLE;C;25;785;18.9;.542;.018;.288;15.2;26.8;20.8;9.7;2.3;1.6;15.2;16.9;1.2;0.9;2.1;.131;1.3;-0.2;1.1;0.6;
12-13;CLE;C;25;901;21.7;.529;.017;.353;16.9;30.1;23.2;15.4;2.1;1.3;11.6;18.7;2.2;1.1;3.3;.173;3.8;-0.1;3.7;1.3;
13-14;CLE;C;65;1800;17.0;.527;.015;.294;11.4;28.2;19.6;12.2;2.0;1.8;12.2;14.6;2.7;2.7;5.4;.144;0.3;1.1;1.4;1.6;
14-15;CLE;C;26;636;17.7;.580;.010;.225;10.4;20.1;15.3;9.1;1.6;2.0;13.7;18.1;1.2;0.7;1.9;.145;0.6;0.6;0.4;
15-16;TOT;C;53;496;11.1;.473;.008;.403;8.5;22.8;15.8;9.8;1.6;1.6;13.1;15.0;0.3;0.8;1.0;.101;-3.5;0.6;-2.9;-0.1;
15-16;CLE;C;31;310;11.2;.469;.013;.276;8.8;24.3;16.6;9.3;1.8;1.3;15.8;14.8;0.1;0.5;0.6;.089;-3.4;1.0;-2.4;
15-16;GSW;C;22;186;11.0;.477;.604;8.0;20.2;14.5;10.5;1.3;2.0;9.0;15.5;0.2;0.3;0.5;.120;-3.7;0.1;-3.6;-0.1;
16-17;GSW;C;14;92;9.4;.478;.786;15.3;16.8;16.1;13.0;1.6;2.6;29.8;12.6;0.1;0.2;.097;-4.7;0.5;-4.2;-0.1;
20-21;CLE;C;5;36;12.9;.326;.063;.563;21.3;41.4;31.1;12.2;5.0;4.8;25.4;-0.1;-0.029;-3.7;-3.3;-7.1;
Career;;632;15087;15.6;.542;.012;.428;11.5;23.3;17.4;7.7;1.9;2.1;12.3;14.5;22.1;24.3;46.4;.148;-0.6;0.9;0.3;8.8;
Playoffs Advanced
05-06;CLE;C;13;238;17.4;.664;.740;9.1;19.8;14.5;2.3;2.1;0.7;8.3;14.5;0.7;0.4;1.1;.216;0.1;2.1;2.2;0.2;
06-07;CLE;C;<strong>20</strong>;447;14.9;.535;.044;.533;12.0;19.3;15.6;4.4;2.6;2.1;15.3;14.1;0.5;1.0;1.4;.152;-1.2;2.4;1.2;0.4;
07-08;CLE;C;13;240;9.0;.419;.389;9.9;24.2;16.9;6.7;1.9;0.4;12.5;14.3;-0.1;0.5;0.3;.068;-3.7;0.8;-2.9;-0.1;
08-09;CLE;PF;14;420;13.0;.529;.268;13.0;14.6;13.8;3.1;2.4;3.3;14.1;12.3;0.4;0.8;1.2;.139;-1.2;1.7;0.5;0.3;
09-10;CLE;PF;11;255;11.6;.511;.021;.646;10.6;22.4;16.7;4.2;2.2;2.5;16.3;13.4;0.1;0.4;0.6;.105;-2.3;1.2;-1.1;0.1;
15-16;GSW;C;17;93;12.4;.447;1.357;14.2;10.3;12.2;18.6;1.1;1.7;8.2;11.5;0.2;0.1;0.3;.149;-1.1;1.9;0.8;0.1;
Career;;88;1693;13.3;.528;.015;.527;11.4;18.9;15.2;4.9;2.2;2.0;13.3;13.5;1.8;3.1;4.9;.139;-1.5;1.7;0.2;0.9;
