Andrew Wiggins;Small Forward and Power Forward;Right;1995-02-23;;6-7;197;Huntington Prep in Huntington,West Virginia;;;;-1;;
Per Game
14-15;MIN;SF;82;82;36.2;6.1;13.9;.437;0.5;1.5;.310;5.6;12.3;.453;.454;4.3;5.7;.760;1.6;2.9;4.6;2.1;1.0;0.6;2.2;2.3;16.9;
15-16;MIN;SF;81;81;35.1;7.3;16.0;.459;0.7;2.3;.300;6.6;13.6;.486;.481;5.3;7.0;.761;1.3;2.3;3.6;2.0;1.0;0.6;2.2;2.0;20.7;
16-17;MIN;SF;<strong>82</strong>;82;37.2;8.6;19.1;.452;1.3;3.5;.356;7.4;15.6;.473;.484;5.0;6.6;.760;1.2;2.8;4.0;2.3;1.0;0.4;2.3;2.2;23.6;
17-18;MIN;SF;<strong>82</strong>;82;36.3;6.9;15.9;.438;1.4;4.1;.331;5.6;11.7;.475;.481;2.5;3.8;.643;1.0;3.4;4.4;2.0;1.1;0.6;1.7;2.0;17.7;
18-19;MIN;SF;73;73;34.8;6.8;16.6;.412;1.6;4.8;.339;5.2;11.8;.441;.461;2.8;4.1;.699;1.1;3.7;4.8;2.5;1.0;0.7;1.9;2.1;18.1;
19-20;TOT;SF;54;54;34.4;8.1;18.1;.447;2.1;6.2;.332;6.0;11.9;.506;.504;3.5;5.0;.709;1.2;3.9;5.1;3.7;0.8;1.0;2.4;2.4;21.8;
19-20;MIN;SF;42;42;34.6;8.4;18.8;.444;2.2;6.5;.331;6.2;12.3;.505;.502;3.5;4.9;.720;1.1;4.1;5.2;3.7;0.7;0.9;2.5;2.4;22.4;
19-20;GSW;SF;12;12;33.6;7.2;15.7;.457;1.7;4.9;.339;5.5;10.8;.512;.511;3.4;5.1;.672;1.5;3.1;4.6;3.6;1.3;1.4;2.1;2.2;19.4;
20-21;GSW;PF;71;71;33.3;7.1;14.9;.477;2.0;5.2;.380;5.1;9.7;.529;.543;2.4;3.4;.714;1.2;3.7;4.9;2.4;0.9;1.0;1.8;2.2;18.6;
21-22;GSW;SF;73;73;31.9;6.5;14.0;.466;2.2;5.5;.393;4.4;8.5;.513;.543;2.0;3.2;.634;1.2;3.3;4.5;2.2;1.0;0.7;1.5;2.2;17.2;
Career;;598;598;35.0;7.2;16.0;.448;1.4;4.0;.350;5.8;12.0;.481;.492;3.5;4.9;.723;1.2;3.2;4.4;2.3;1.0;0.7;2.0;2.2;19.3;
Playoffs Per Game
17-18;MIN;SF;5;5;32.8;6.0;13.6;.441;1.4;4.2;.333;4.6;9.4;.489;.493;2.4;4.0;.600;1.0;4.2;5.2;2.0;0.4;0.4;1.8;2.8;15.8;
21-22;GSW;SF;5;5;30.0;5.4;10.2;.529;1.4;2.6;.538;4.0;7.6;.526;.598;1.8;3.2;.563;1.4;5.4;6.8;1.6;1.0;0.8;1.2;2.0;14.0;
Career;;10;10;31.4;5.7;11.9;.479;1.4;3.4;.412;4.3;8.5;.506;.538;2.1;3.6;.583;1.2;4.8;6.0;1.8;0.7;0.6;1.5;2.4;14.9;
Totals
14-15;MIN;SF;82;82;2969;497;1137;.437;39;126;.310;458;1011;.453;.454;354;466;.760;134;240;374;170;86;50;177;190;1387;
15-16;MIN;SF;81;81;2845;594;1294;.459;57;190;.300;537;1104;.486;.481;430;565;.761;105;186;291;164;78;46;182;165;1675;
16-17;MIN;SF;<strong>82</strong>;82;<strong>3048</strong>;709;1570;.452;103;289;.356;606;1281;.473;.484;412;542;.760;102;226;328;189;82;30;187;183;1933;
17-18;MIN;SF;<strong>82</strong>;82;2979;569;1300;.438;112;338;.331;457;962;.475;.481;202;314;.643;82;276;358;160;91;51;138;163;1452;
18-19;MIN;SF;73;73;2543;498;1209;.412;118;348;.339;380;861;.441;.461;207;296;.699;83;269;352;184;70;48;138;153;1321;
19-20;TOT;SF;54;54;1858;437;978;.447;111;334;.332;326;644;.506;.504;190;268;.709;66;208;274;198;45;53;132;127;1175;
19-20;MIN;SF;42;42;1455;351;790;.444;91;275;.331;260;515;.505;.502;149;207;.720;48;171;219;155;29;36;107;101;942;
19-20;GSW;SF;12;12;403;86;188;.457;20;59;.339;66;129;.512;.511;41;61;.672;18;37;55;43;16;17;25;26;233;
20-21;GSW;PF;71;71;2364;505;1058;.477;140;368;.380;365;690;.529;.543;170;238;.714;82;265;347;167;67;70;126;159;1320;
21-22;GSW;SF;73;73;2329;475;1019;.466;157;399;.393;318;620;.513;.543;149;235;.634;85;240;325;161;76;51;111;158;1256;
Career;;598;598;20935;4284;9565;.448;837;2392;.350;3447;7173;.481;.492;2114;2924;.723;739;1910;2649;1393;595;399;1191;1298;11519;
Playoffs Totals
17-18;MIN;SF;5;5;164;30;68;.441;7;21;.333;23;47;.489;.493;12;20;.600;5;21;26;10;2;2;9;14;79;
21-22;GSW;SF;5;5;150;27;51;.529;7;13;.538;20;38;.526;.598;9;16;.563;7;27;34;8;5;4;6;10;70;
Career;;10;10;314;57;119;.479;14;34;.412;43;85;.506;.538;21;36;.583;12;48;60;18;7;6;15;24;149;
Advanced
14-15;MIN;SF;82;2969;13.9;.517;.111;.410;5.0;9.5;7.2;9.8;1.5;1.3;11.7;22.6;2.1;2.1;.034;-0.4;-2.0;-2.4;-0.3;
15-16;MIN;SF;81;2845;16.5;.543;.147;.437;4.3;7.5;5.9;10.1;1.4;1.3;10.6;27.2;3.4;0.7;4.1;.069;0.9;-2.2;-1.3;0.5;
16-17;MIN;SF;<strong>82</strong>;<strong>3048</strong>;16.5;.534;.184;.345;3.8;8.8;6.3;10.6;1.4;0.8;9.4;29.0;3.3;0.9;4.2;.066;0.7;-2.4;-1.7;0.2;
17-18;MIN;SF;<strong>82</strong>;2979;13.0;.505;.260;.242;3.1;10.8;6.9;8.2;1.5;1.5;8.8;23.4;0.5;1.6;2.1;.034;-0.8;-1.7;-2.4;-0.3;
18-19;MIN;SF;73;2543;12.4;.493;.288;.245;3.5;11.4;7.4;10.9;1.3;1.6;9.3;24.4;-0.6;1.3;0.6;.012;-1.2;-1.8;-3.0;-0.6;
19-20;TOT;SF;54;1858;16.4;.536;.342;.274;3.6;12.3;7.8;18.1;1.1;2.4;10.7;27.4;0.8;1.1;1.9;.050;1.1;-1.4;-0.3;0.8;
19-20;MIN;SF;42;1455;16.1;.535;.348;.262;3.4;12.9;7.9;18.1;0.9;2.1;10.8;28.0;0.6;0.8;1.4;.046;1.1;-1.5;-0.4;0.6;
19-20;GSW;SF;12;403;17.5;.542;.314;.324;4.7;10.3;7.4;18.2;1.9;3.8;10.4;25.4;0.2;0.3;0.5;.064;1.0;-1.1;-0.1;0.2;
20-21;GSW;PF;71;2364;15.0;.568;.348;.225;3.7;11.8;7.8;10.9;1.3;2.6;9.8;23.3;1.2;2.7;3.9;.080;-0.4;-0.4;1.0;
21-22;GSW;SF;73;2329;15.0;.560;.392;.231;4.1;10.9;7.6;10.8;1.6;2.1;9.0;23.1;1.8;3.4;5.1;.105;0.3;0.1;0.4;1.4;
Career;;598;20935;14.8;.531;.250;.306;3.9;10.2;7.1;10.8;1.4;1.6;9.9;25.0;12.5;11.5;24.0;.055;-1.5;-1.5;2.6;
Playoffs Advanced
17-18;MIN;SF;5;164;11.7;.514;.309;.294;3.4;13.5;8.6;10.0;0.6;1.3;10.5;23.9;-0.012;-0.8;-1.0;-1.7;
21-22;GSW;SF;5;150;16.7;.603;.255;.314;6.0;21.6;14.0;7.7;1.7;2.5;9.4;19.3;0.2;0.2;0.4;.112;0.2;0.2;0.1;
Career;;10;314;14.1;.553;.286;.303;4.6;17.4;11.2;8.9;1.1;1.9;10.0;21.7;0.2;0.1;0.3;.048;-0.3;-0.5;-0.8;0.1;
