Andrew Nicholson;Power Forward;Right;1989-12-08;;6-9;250;Father Michael Goetz Secondary in West Mississauga, Canada
    
  </p>


  

  
<p>
  <strong>
  Draft:
  </strong>Orlando Magic;;;;-1;;
Per Game
12-13;ORL;PF;75;28;16.7;3.4;6.5;.527;3.4;6.5;.527;.527;1.0;1.3;.798;0.9;2.5;3.4;0.6;0.3;0.4;1.1;1.8;7.8;
13-14;ORL;PF;76;5;15.4;2.4;5.5;.429;0.4;1.2;.315;2.0;4.4;.459;.462;0.6;0.8;.825;0.7;2.7;3.4;0.3;0.2;0.3;0.7;2.0;5.7;
14-15;ORL;PF;40;3;12.3;2.1;4.8;.437;0.3;1.0;.317;1.8;3.7;.470;.471;0.4;0.6;.600;0.4;1.6;2.1;0.6;0.2;0.3;0.6;1.3;4.9;
15-16;ORL;PF;56;14.7;2.6;5.5;.471;0.7;2.0;.360;1.9;3.5;.536;.537;0.9;1.2;.785;0.6;3.0;3.6;0.4;0.2;0.4;0.7;1.2;6.9;
16-17;TOT;PF;38;9.0;1.1;2.9;.387;0.1;0.7;.185;1.0;2.2;.452;.410;0.2;0.4;.643;0.4;1.2;1.6;0.3;0.4;0.2;0.4;1.4;2.6;
16-17;WAS;PF;28;8.3;1.1;2.8;.390;0.1;0.6;.188;1.0;2.2;.443;.409;0.3;0.4;.583;0.4;0.8;1.2;0.3;0.4;0.2;0.4;1.3;2.5;
16-17;BRK;PF;10;11.1;1.3;3.4;.382;0.2;1.1;.182;1.1;2.3;.478;.412;0.2;0.2;1.000;0.4;2.3;2.7;0.3;0.5;0.6;1.8;3.0;
Career;;285;36;14.3;2.5;5.3;.467;0.3;1.0;.321;2.2;4.4;.498;.495;0.7;0.9;.773;0.7;2.3;3.0;0.4;0.3;0.3;0.7;1.6;6.0;
Totals
12-13;ORL;PF;75;28;1249;256;486;.527;256;486;.527;.527;75;94;.798;69;189;258;44;24;32;79;133;587;
13-14;ORL;PF;76;5;1174;180;420;.429;28;89;.315;152;331;.459;.462;47;57;.825;53;202;255;25;18;23;51;150;435;
14-15;ORL;PF;40;3;492;83;190;.437;13;41;.317;70;149;.470;.471;15;25;.600;17;65;82;22;6;12;24;51;194;
15-16;ORL;PF;56;823;146;310;.471;41;114;.360;105;196;.536;.537;51;65;.785;34;167;201;25;10;22;41;69;384;
16-17;TOT;PF;38;342;43;111;.387;5;27;.185;38;84;.452;.410;9;14;.643;15;46;61;10;16;6;17;55;100;
16-17;WAS;PF;28;231;30;77;.390;3;16;.188;27;61;.443;.409;7;12;.583;11;23;34;7;11;6;11;37;70;
16-17;BRK;PF;10;111;13;34;.382;2;11;.182;11;23;.478;.412;2;2;1.000;4;23;27;3;5;6;18;30;
Career;;285;36;4080;708;1517;.467;87;271;.321;621;1246;.498;.495;197;255;.773;188;669;857;126;74;95;212;458;1700;
Advanced
12-13;ORL;PF;75;1249;15.1;.557;.193;6.2;17.1;11.7;6.1;1.0;2.0;13.0;22.1;0.9;0.8;1.7;.065;-1.8;-0.9;-2.7;-0.2;
13-14;ORL;PF;76;1174;9.9;.489;.212;.136;5.1;19.5;12.3;3.5;0.8;1.5;10.3;19.3;-0.4;1.0;0.6;.025;-3.9;-1.2;-5.1;-0.9;
14-15;ORL;PF;40;492;10.3;.483;.216;.132;3.8;15.2;9.4;7.3;0.6;2.0;10.7;20.8;-0.2;0.3;0.1;.007;-3.4;-1.6;-4.9;-0.4;
15-16;ORL;PF;56;823;14.8;.567;.368;.210;4.5;22.8;13.5;4.8;0.6;2.2;10.8;20.4;0.8;0.8;1.6;.092;-1.1;-1.1;0.2;
16-17;TOT;PF;38;342;5.9;.427;.243;.126;4.9;14.6;9.8;4.1;2.3;1.5;12.7;17.0;-0.5;0.4;-0.1;-0.019;-6.1;0.1;-6.0;-0.3;
16-17;WAS;PF;28;231;6.3;.425;.208;.156;5.4;11.2;8.3;4.2;2.3;2.2;11.8;17.6;-0.3;0.3;-0.1;-0.014;-5.7;0.2;-5.6;-0.2;
16-17;BRK;PF;10;111;5.0;.430;.324;.059;3.9;21.7;12.9;4.0;2.1;14.7;15.8;-0.2;0.1;-0.1;-0.030;-6.7;-0.1;-6.8;-0.1;
Career;;285;4080;12.2;.522;.179;.168;5.2;18.5;11.8;5.1;0.9;1.9;11.5;20.3;0.5;3.3;3.8;.045;-2.6;-1.0;-3.6;-1.6;
