Andre Roberson;Shooting Guard and Small Forward;Right;1991-12-04;;6-7;210;Wagner in San Antonio,Texas;;;;-1;;
Per Game
13-14;OKC;SG;40;16;10.0;0.8;1.7;.485;0.1;0.3;.154;0.8;1.4;.564;.500;0.2;0.3;.700;0.9;1.5;2.4;0.4;0.5;0.3;0.5;1.9;1.9;
14-15;OKC;SG;67;65;19.2;1.4;3.0;.458;0.3;1.3;.247;1.1;1.7;.612;.510;0.3;0.7;.479;0.9;2.9;3.8;1.0;0.8;0.4;0.7;2.1;3.4;
15-16;OKC;SG;70;70;22.2;1.9;3.9;.496;0.5;1.5;.311;1.5;2.4;.608;.555;0.5;0.8;.611;1.1;2.5;3.6;0.7;0.8;0.6;0.5;1.9;4.8;
16-17;OKC;SF;79;79;30.1;2.7;5.9;.464;0.6;2.3;.245;2.2;3.5;.609;.513;0.6;1.4;.423;1.2;3.9;5.1;1.0;1.2;1.0;0.6;2.6;6.6;
17-18;OKC;SG;39;39;26.6;2.2;4.2;.537;0.2;0.9;.222;2.0;3.2;.627;.562;0.3;1.0;.316;1.9;2.8;4.7;1.2;1.2;0.9;0.8;2.3;5.0;
19-20;OKC;SF;7;12.4;1.1;4.1;.276;0.4;2.0;.214;0.7;2.1;.333;.328;0.1;0.3;.500;1.0;2.9;3.9;0.6;0.1;0.4;0.3;1.9;2.9;
20-21;BRK;SG;5;12.6;0.4;2.8;.143;0.2;1.6;.125;0.2;1.2;.167;.179;0.2;0.4;.500;1.4;1.6;3.0;0.8;0.6;0.2;0.4;0.8;1.2;
Career;;307;269;22.2;1.9;3.9;.473;0.4;1.4;.253;1.5;2.5;.600;.519;0.4;0.9;.468;1.2;2.8;4.0;0.9;0.9;0.6;0.6;2.1;4.5;
Playoffs Per Game
13-14;OKC;SG;2;4.5;1.5;1.5;1.0;1.0;
15-16;OKC;SG;18;18;26.2;2.2;4.8;.465;0.7;2.1;.324;1.6;2.7;.571;.535;0.4;1.1;.400;1.4;4.2;5.6;0.8;1.3;1.1;0.6;2.5;5.6;
16-17;OKC;SF;5;5;37.0;4.8;9.2;.522;1.4;3.4;.412;3.4;5.8;.586;.598;0.6;4.2;.143;3.6;2.6;6.2;1.8;<strong>2.4</strong>;<strong>3.4</strong>;1.4;3.0;11.6;
19-20;OKC;SF;1;3.0;1.0;1.0;1.0;
Career;;26;23;25.7;2.5;5.2;.471;0.7;2.1;.345;1.7;3.1;.556;.540;0.4;1.6;.268;1.7;3.5;5.2;0.9;1.3;1.4;0.7;2.3;6.1;
Totals
13-14;OKC;SG;40;16;399;33;68;.485;2;13;.154;31;55;.564;.500;7;10;.700;36;58;94;15;19;10;19;74;75;
14-15;OKC;SG;67;65;1286;92;201;.458;21;85;.247;71;116;.612;.510;23;48;.479;60;195;255;70;53;29;46;141;228;
15-16;OKC;SG;70;70;1553;136;274;.496;32;103;.311;104;171;.608;.555;33;54;.611;79;172;251;47;53;42;35;133;337;
16-17;OKC;SF;79;79;2376;215;463;.464;45;184;.245;170;279;.609;.513;47;111;.423;98;305;403;79;94;79;51;204;522;
17-18;OKC;SG;39;39;1037;87;162;.537;8;36;.222;79;126;.627;.562;12;38;.316;75;110;185;46;45;35;30;89;194;
19-20;OKC;SF;7;87;8;29;.276;3;14;.214;5;15;.333;.328;1;2;.500;7;20;27;4;1;3;2;13;20;
20-21;BRK;SG;5;63;2;14;.143;1;8;.125;1;6;.167;.179;1;2;.500;7;8;15;4;3;1;2;4;6;
Career;;307;269;6801;573;1211;.473;112;443;.253;461;768;.600;.519;124;265;.468;362;868;1230;265;268;199;185;658;1382;
Playoffs Totals
13-14;OKC;SG;2;9;3;3;2;2;
15-16;OKC;SG;18;18;471;40;86;.465;12;37;.324;28;49;.571;.535;8;20;.400;25;76;101;14;23;19;11;45;100;
16-17;OKC;SF;5;5;185;24;46;.522;7;17;.412;17;29;.586;.598;3;21;.143;18;13;31;9;12;17;7;15;58;
19-20;OKC;SF;1;3;1;1;1;
Career;;26;23;668;64;136;.471;19;55;.345;45;81;.556;.540;11;41;.268;43;91;134;23;35;36;18;61;158;
Advanced
13-14;OKC;SG;40;399;9.0;.518;.191;.147;10.7;15.6;13.3;5.2;2.4;2.0;20.8;10.1;0.2;0.6;0.8;.099;-3.8;1.4;-2.4;
14-15;OKC;SG;67;1286;9.1;.513;.423;.239;5.1;16.0;10.6;7.4;2.1;1.8;17.2;9.0;0.5;1.6;2.1;.079;-2.4;1.7;-0.7;0.4;
15-16;OKC;SG;70;1553;10.2;.566;.376;.197;5.9;11.4;8.8;4.0;1.7;2.0;10.5;9.1;1.8;1.6;3.4;.105;-0.7;1.3;0.5;1.0;
16-17;OKC;SF;79;2376;9.6;.510;.397;.240;4.6;14.2;9.4;4.6;1.9;2.7;9.1;10.1;1.1;3.1;4.2;.085;-2.5;1.4;-1.0;0.6;
17-18;OKC;SG;39;1037;10.9;.543;.222;.235;7.8;12.2;9.9;6.0;2.2;3.1;14.4;8.6;0.8;1.3;2.2;.100;-1.9;1.8;-0.1;0.5;
19-20;OKC;SF;7;87;5.4;.335;.483;.069;9.2;24.7;17.1;6.3;0.6;3.0;6.3;16.1;-0.1;0.1;-0.017;-5.2;-0.2;-5.4;-0.1;
20-21;BRK;SG;5;63;4.2;.202;.571;.143;12.9;13.3;13.2;7.4;2.3;1.4;11.8;11.7;-0.1;0.1;-0.1;-0.043;-5.2;-0.9;-6.1;-0.1;
Career;;307;6801;9.7;.520;.366;.219;5.9;13.8;9.9;5.3;2.0;2.4;12.2;9.5;4.2;8.4;12.6;.089;-2.1;1.4;-0.6;2.3;
Playoffs Advanced
13-14;OKC;SG;2;9;-10.7;23.9;12.6;15.2;-0.1;-0.1;-0.313;-9.9;-5.2;-15.1;
15-16;OKC;SG;18;471;11.6;.527;.430;.233;6.0;17.7;12.0;4.2;2.5;3.2;10.4;9.8;0.4;0.7;1.1;.111;-0.5;3.2;2.7;0.6;
16-17;OKC;SF;5;185;16.2;.525;.370;.457;9.9;8.0;9.0;7.2;3.2;<strong>8.8</strong>;11.2;14.4;0.1;0.2;0.3;.080;1.1;3.1;4.2;0.3;
19-20;OKC;SF;1;3;-19.8;1.000;14.4;-0.334;-17.7;-5.3;-22.9;
Career;;26;668;12.4;.513;.404;.301;7.0;15.0;11.1;4.9;2.6;4.7;10.5;11.1;0.4;0.9;1.3;.095;-0.2;3.0;2.7;0.8;
