Andre Drummond;Center;Right;1993-08-10;;6-10;279;St. Thomas More School in Oakdale,Connecticut;;;;-1;;
Per Game
12-13;DET;C;60;10;20.7;3.5;5.7;.608;.500;3.5;5.7;.609;.610;1.0;2.7;.371;2.8;4.8;7.6;0.5;1.0;1.6;1.0;2.4;7.9;
13-14;DET;C;81;81;32.3;5.9;9.5;.623;5.9;9.5;.625;.623;1.7;4.0;.418;5.4;7.8;13.2;0.4;1.2;1.6;1.4;3.4;13.5;
14-15;DET;C;82;82;30.5;6.0;11.7;.514;6.0;11.7;.515;.514;1.7;4.5;.389;5.3;8.1;13.5;0.7;0.9;1.9;1.5;3.5;13.8;
15-16;DET;C;81;81;32.9;6.8;13.1;.521;0.1;.333;6.8;13.0;.522;.522;2.6;7.2;.355;4.9;9.9;<strong>14.8</strong>;0.8;1.5;1.4;1.9;3.0;16.2;
16-17;DET;C;81;81;29.7;6.0;11.2;.530;0.1;.286;5.9;11.2;.532;.531;1.7;4.4;.386;4.3;9.5;13.8;1.1;1.5;1.1;1.9;2.9;13.6;
17-18;DET;C;78;78;33.7;6.0;11.3;.529;0.1;6.0;11.2;.536;.529;3.1;5.1;.605;5.1;10.9;<strong>16.0</strong>;3.0;1.5;1.6;2.6;3.2;15.0;
18-19;DET;C;79;79;33.5;7.1;13.3;.533;0.1;0.5;.132;7.0;12.8;.548;.536;3.1;5.2;.590;5.4;10.2;<strong>15.6</strong>;1.4;1.7;1.7;2.2;3.4;17.3;
19-20;TOT;C;57;56;33.0;7.3;13.8;.533;0.1;0.6;.143;7.2;13.1;.551;.536;3.0;5.2;.575;4.4;10.8;<strong>15.2</strong>;2.7;1.9;1.6;3.6;3.5;17.7;
19-20;DET;C;49;48;33.8;7.3;13.9;.530;0.4;.048;7.3;13.4;.546;.531;3.0;5.2;.584;4.6;11.2;15.8;2.8;2.0;1.7;3.6;3.6;17.8;
19-20;CLE;C;8;8;28.1;7.3;13.1;.552;0.5;1.8;.286;6.8;11.4;.593;.571;2.5;4.9;.513;3.0;8.1;11.1;1.8;1.5;1.4;3.6;3.1;17.5;
20-21;TOT;C;46;46;27.0;6.1;12.4;.493;0.2;6.1;12.3;.500;.493;2.7;4.5;.600;3.6;8.4;12.0;2.0;1.4;1.1;2.7;3.2;14.9;
20-21;CLE;C;25;25;28.9;7.2;15.2;.474;0.3;7.2;14.9;.484;.474;3.1;5.2;.597;4.0;9.4;13.5;2.6;1.6;1.2;3.2;2.8;17.5;
20-21;LAL;C;21;21;24.8;4.9;9.1;.531;4.9;9.1;.531;.531;2.2;3.6;.605;3.1;7.1;10.2;1.4;1.1;1.0;2.0;3.8;11.9;
21-22;TOT;C;73;36;19.7;3.4;5.9;.570;3.4;5.9;.574;.570;1.2;2.2;.524;3.1;6.2;9.3;1.8;1.1;0.9;1.6;2.6;7.9;
21-22;PHI;C;49;12;18.4;2.6;4.9;.538;2.6;4.8;.542;.538;0.9;1.7;.512;2.8;6.1;8.8;2.0;1.1;0.9;1.6;2.5;6.1;
21-22;BRK;C;24;24;22.3;5.0;8.1;.610;5.0;8.1;.613;.610;1.8;3.4;.537;3.9;6.4;10.3;1.4;0.9;1.0;1.5;3.0;11.8;
Career;;718;630;29.6;5.8;10.8;.540;0.2;.132;5.8;10.7;.546;.541;2.1;4.5;.473;4.5;8.7;13.3;1.4;1.4;1.5;2.0;3.1;13.8;
Playoffs Per Game
15-16;DET;C;4;4;32.8;7.0;13.5;.519;0.3;7.0;13.3;.528;.519;2.8;8.5;.324;3.0;6.0;9.0;0.3;1.5;1.0;2.0;16.8;
18-19;DET;C;4;4;31.8;6.0;13.5;.444;0.3;6.0;13.3;.453;.444;2.3;5.3;.429;5.0;8.0;<strong>13.0</strong>;2.3;1.5;1.3;2.8;4.3;14.3;
20-21;LAL;C;5;5;21.0;3.8;6.4;.594;3.8;6.4;.594;.594;1.4;2.0;.700;3.8;7.2;11.0;0.8;0.6;2.2;2.4;9.0;
21-22;BRK;C;4;4;15.0;1.5;2.8;.545;1.5;2.8;.545;.545;0.8;1.3;.600;0.8;2.3;3.0;0.8;1.3;0.8;1.5;3.0;3.8;
Career;;17;17;24.9;4.5;8.9;.510;0.1;4.5;8.8;.517;.510;1.8;4.1;.429;3.2;5.9;9.1;0.7;0.9;1.0;1.9;2.9;10.8;
Totals
12-13;DET;C;60;10;1243;208;342;.608;1;2;.500;207;340;.609;.610;59;159;.371;169;288;457;30;59;95;57;144;476;
13-14;DET;C;81;81;2619;479;769;.623;2;479;767;.625;.623;137;328;.418;<strong>440</strong>;631;1071;35;101;131;110;<strong>273</strong>;1095;
14-15;DET;C;82;82;2502;494;961;.514;2;494;959;.515;.514;142;365;.389;<strong>437</strong>;667;1104;55;73;153;120;<strong>285</strong>;1130;
15-16;DET;C;81;81;2666;552;1060;.521;2;6;.333;550;1054;.522;.522;208;586;.355;<strong>395</strong>;<strong>803</strong>;<strong>1198</strong>;67;119;112;155;245;1314;
16-17;DET;C;81;81;2409;483;911;.530;2;7;.286;481;904;.532;.531;137;355;.386;<strong>345</strong>;770;<strong>1115</strong>;90;124;89;152;237;1105;
17-18;DET;C;78;78;2625;466;881;.529;11;466;870;.536;.529;239;395;.605;<strong>399</strong>;<strong>848</strong>;<strong>1247</strong>;237;114;127;200;250;1171;
18-19;DET;C;79;79;2647;561;1052;.533;5;38;.132;556;1014;.548;.536;243;412;.590;<strong>423</strong>;<strong>809</strong>;<strong>1232</strong>;112;136;138;175;272;1370;
19-20;TOT;C;57;56;1879;418;784;.533;5;35;.143;413;749;.551;.536;169;294;.575;250;614;864;152;109;93;203;201;1010;
19-20;DET;C;49;48;1654;360;679;.530;1;21;.048;359;658;.546;.531;149;255;.584;226;549;775;138;97;82;174;176;870;
19-20;CLE;C;8;8;225;58;105;.552;4;14;.286;54;91;.593;.571;20;39;.513;24;65;89;14;12;11;29;25;140;
20-21;TOT;C;46;46;1242;282;572;.493;8;282;564;.500;.493;123;205;.600;166;385;551;94;63;49;124;149;687;
20-21;CLE;C;25;25;722;180;380;.474;8;180;372;.484;.474;77;129;.597;101;236;337;64;40;29;81;69;437;
20-21;LAL;C;21;21;520;102;192;.531;102;192;.531;.531;46;76;.605;65;149;214;30;23;20;43;80;250;
21-22;TOT;C;73;36;1437;247;433;.570;3;247;430;.574;.570;86;164;.524;229;451;680;131;78;68;115;192;580;
21-22;PHI;C;49;12;902;128;238;.538;2;128;236;.542;.538;42;82;.512;136;297;433;97;56;45;79;121;298;
21-22;BRK;C;24;24;535;119;195;.610;1;119;194;.613;.610;44;82;.537;93;154;247;34;22;23;36;71;282;
Career;;718;630;21269;4190;7765;.540;15;114;.132;4175;7651;.546;.541;1543;3263;.473;3253;6266;9519;1003;976;1055;1411;2248;9938;
Playoffs Totals
15-16;DET;C;4;4;131;28;54;.519;1;28;53;.528;.519;11;34;.324;12;24;36;1;6;4;8;67;
18-19;DET;C;4;4;127;24;54;.444;1;24;53;.453;.444;9;21;.429;20;32;52;9;6;5;11;17;57;
20-21;LAL;C;5;5;105;19;32;.594;19;32;.594;.594;7;10;.700;19;36;55;4;3;11;12;45;
21-22;BRK;C;4;4;60;6;11;.545;6;11;.545;.545;3;5;.600;3;9;12;3;5;3;6;12;15;
Career;;17;17;423;77;151;.510;2;77;149;.517;.510;30;70;.429;54;101;155;12;16;17;32;49;184;
Advanced
12-13;DET;C;60;1243;21.6;.578;.006;.465;15.4;27.2;21.2;4.1;2.5;6.1;12.2;17.2;2.2;2.3;4.5;.172;1.0;1.5;2.5;1.4;
13-14;DET;C;81;2619;22.6;.599;.003;.427;<strong>17.5</strong>;27.7;<strong>22.3</strong>;2.2;2.0;4.0;10.7;16.7;6.4;3.5;9.9;.182;2.0;-0.6;1.4;2.3;
14-15;DET;C;82;2502;21.4;.504;.002;.380;<strong>18.3</strong>;30.1;24.0;3.9;1.5;4.8;9.7;22.0;3.4;4.3;7.7;.147;0.6;-0.7;-0.1;1.2;
15-16;DET;C;81;2666;21.2;.499;.006;.553;15.6;<strong>34.2</strong>;<strong>24.5</strong>;4.4;2.3;3.2;10.5;24.1;2.0;5.5;7.4;.133;0.8;0.3;1.1;2.0;
16-17;DET;C;81;2409;20.9;.518;.008;.390;<strong>15.1</strong>;<strong>36.2</strong>;<strong>25.2</strong>;6.0;2.6;3.1;12.5;22.4;1.4;5.3;6.7;.133;0.1;0.8;1.0;1.8;
17-18;DET;C;78;2625;22.9;.555;.012;.448;16.4;36.4;26.2;14.3;2.2;4.3;15.9;21.2;4.6;<strong>5.7</strong>;10.3;.189;1.5;1.7;3.2;3.4;
18-19;DET;C;79;2647;23.4;.555;.036;.392;<strong>16.8</strong>;34.7;25.4;7.2;2.5;4.4;12.4;22.9;4.1;<strong>5.9</strong>;10.0;.181;1.3;0.8;2.1;2.7;
19-20;TOT;C;57;1879;22.0;.553;.045;.375;14.9;<strong>37.5</strong>;<strong>26.0</strong>;13.6;2.8;4.2;18.2;25.9;0.6;3.6;4.2;.108;-0.1;1.1;0.9;1.4;
19-20;DET;C;49;1654;22.1;.550;.031;.376;15.3;38.2;26.6;14.0;2.9;4.2;18.0;25.5;0.7;3.3;4.0;.116;1.2;1.1;1.3;
19-20;CLE;C;8;225;21.1;.573;.133;.371;11.7;32.4;22.0;10.8;2.6;4.2;19.2;28.7;-0.1;0.3;0.3;.053;-0.9;0.4;-0.4;0.1;
20-21;TOT;C;46;1242;19.4;.519;.014;.358;14.8;35.2;24.9;13.2;2.5;3.5;15.8;27.6;-0.6;2.5;2.0;.077;-1.7;0.5;-1.2;0.3;
20-21;CLE;C;25;722;20.5;.500;.021;.339;15.3;37.5;26.1;16.2;2.7;3.6;15.6;31.3;-0.8;1.3;0.6;.037;-1.0;0.2;-0.8;0.2;
20-21;LAL;C;21;520;17.9;.554;.396;14.1;32.0;23.1;9.0;2.2;3.4;16.0;22.4;0.2;1.2;1.4;.133;-2.7;1.0;-1.7;
21-22;TOT;C;73;1437;21.0;.574;.007;.379;18.0;34.1;26.2;13.7;2.7;4.2;18.5;19.0;2.0;3.1;5.1;.170;-0.1;1.4;1.3;1.2;
21-22;PHI;C;49;902;19.3;.544;.008;.345;17.1;36.1;26.8;16.0;3.1;4.5;22.4;17.6;0.7;2.2;2.9;.153;-1.2;2.5;1.3;0.7;
21-22;BRK;C;24;535;23.8;.610;.005;.421;19.4;30.6;25.1;9.8;2.0;3.8;13.5;21.5;1.3;0.9;2.2;.199;1.7;-0.5;1.2;0.4;
Career;;718;21269;21.8;.540;.015;.420;16.4;33.4;24.7;7.7;2.3;4.1;13.3;21.9;26.0;41.7;67.7;.153;0.7;0.6;1.3;17.7;
Playoffs Advanced
15-16;DET;C;4;131;17.6;.486;.019;.630;11.6;21.6;16.8;0.4;4.5;5.5;28.0;-0.012;-0.6;-3.0;-3.5;-0.1;
18-19;DET;C;4;127;15.6;.451;.019;.389;13.9;29.3;20.6;12.0;2.2;3.6;14.8;24.5;-0.2;0.1;-0.1;-0.042;-1.9;-1.0;-2.9;
20-21;LAL;C;5;105;19.2;.618;.313;19.6;40.5;29.6;1.9;2.8;23.2;20.1;0.2;0.2;.112;-0.5;0.7;0.2;0.1;
21-22;BRK;C;4;60;10.0;.568;.455;6.5;19.7;13.1;7.0;4.3;4.8;31.3;14.7;-0.1;0.1;-0.009;-4.9;1.7;-3.2;
Career;;17;423;16.3;.506;.013;.464;13.6;28.3;20.6;4.6;1.9;3.8;15.0;23.1;-0.2;0.3;0.1;.010;-1.6;-0.8;-2.4;
