Andre Dawkins;Shooting Guard;Right;1991-09-19;;6-5;215;;;;;-1;;
Per Game
14-15;MIA;SG;4;5.5;0.3;1.5;.167;0.3;1.5;.167;.250;0.5;0.5;0.3;0.3;0.8;0.8;
Career;;4;5.5;0.3;1.5;.167;0.3;1.5;.167;.250;0.5;0.5;0.3;0.3;0.8;0.8;
Totals
14-15;MIA;SG;4;22;1;6;.167;1;6;.167;.250;2;2;1;1;3;3;
Career;;4;22;1;6;.167;1;6;.167;.250;2;2;1;1;3;3;
Advanced
14-15;MIA;SG;4;22;-5.0;.250;1.000;10.7;5.5;6.6;14.3;15.0;-0.1;-0.1;-0.172;-9.0;-3.8;-12.8;-0.1;
Career;;4;22;-5.0;.250;1.000;10.7;5.5;6.6;14.3;15.0;-0.1;-0.1;-0.172;-9.0;-3.8;-12.8;-0.1;
