Andre Miller;Point Guard and Shooting Guard;Right;1976-03-19;;6-3;200;Verbum Dei in Los Angeles,California;;;;-1;;
Per Game
99-00;CLE;PG;82;36;25.5;4.1;9.2;.449;0.1;0.6;.204;4.0;8.6;.466;.456;2.8;3.6;.774;1.0;2.4;3.4;5.8;1.0;0.2;2.0;2.4;11.1;
00-01;CLE;PG;82;82;34.7;5.5;12.2;.452;0.2;0.8;.266;5.3;11.4;.465;.461;4.6;5.5;.833;1.1;3.2;4.4;8.0;1.5;0.3;3.2;2.8;15.8;
01-02;CLE;PG;81;81;37.3;5.9;12.9;.454;0.3;1.1;.253;5.6;11.8;.472;.464;4.5;5.5;.817;1.3;3.3;4.7;<strong>10.9</strong>;1.6;0.4;3.0;2.8;16.5;
02-03;LAC;PG;80;80;36.4;4.7;11.6;.406;0.3;1.4;.213;4.4;10.3;.432;.419;3.9;4.9;.795;1.1;2.9;4.0;6.7;1.2;0.1;2.6;2.5;13.6;
03-04;DEN;PG;82;82;34.6;5.2;11.5;.457;0.1;0.8;.185;5.1;10.7;.477;.463;4.2;5.0;.832;1.5;2.9;4.5;6.1;1.7;0.3;2.6;2.4;14.8;
04-05;DEN;PG;82;82;34.8;5.2;10.9;.477;0.1;0.5;.154;5.1;10.4;.492;.480;3.1;3.7;.838;1.2;2.9;4.1;6.9;1.5;0.1;2.7;2.5;13.6;
05-06;DEN;PG;<strong>82</strong>;82;35.8;4.9;10.6;.463;0.1;0.3;.185;4.9;10.3;.472;.466;3.8;5.2;.738;1.1;3.2;4.3;8.2;1.3;0.2;3.1;2.6;13.7;
06-07;TOT;PG;80;79;37.1;5.3;11.4;.466;0.1;0.4;.143;5.2;10.9;.479;.469;2.8;3.5;.784;1.2;3.2;4.4;7.8;1.4;0.1;2.8;2.3;13.4;
06-07;DEN;PG;23;23;35.7;5.1;10.8;.472;0.2;0.7;.250;4.9;10.1;.487;.480;2.7;3.7;.729;1.1;3.4;4.5;9.1;1.6;0.2;3.0;2.5;13.0;
06-07;PHI;PG;57;56;37.6;5.4;11.6;.464;0.3;.053;5.4;11.3;.477;.465;2.8;3.5;.808;1.3;3.1;4.4;7.3;1.3;0.1;2.7;2.2;13.6;
07-08;PHI;PG;<strong>82</strong>;82;36.8;6.9;14.1;.492;0.4;.088;6.9;13.7;.504;.494;3.1;4.1;.772;1.2;2.8;4.0;6.9;1.3;0.1;2.5;2.2;17.0;
08-09;PHI;PG;<strong>82</strong>;82;36.3;6.0;12.7;.473;0.2;0.6;.283;5.8;12.0;.483;.480;4.1;5.0;.826;1.5;3.0;4.5;6.5;1.3;0.2;2.4;2.4;16.3;
09-10;POR;PG;<strong>82</strong>;66;30.5;4.9;11.1;.445;0.2;1.0;.200;4.7;10.1;.469;.454;3.9;4.8;.821;1.0;2.3;3.2;5.4;1.1;0.1;2.1;2.1;14.0;
10-11;POR;PG;81;81;32.7;4.8;10.4;.460;0.5;.108;4.7;10.0;.476;.462;3.1;3.6;.853;1.2;2.5;3.7;7.0;1.4;0.1;2.4;2.1;12.7;
11-12;DEN;SG;<strong>66</strong>;7;27.4;3.7;8.4;.438;0.3;1.3;.217;3.4;7.1;.478;.455;2.1;2.6;.811;0.8;2.5;3.3;6.7;1.0;0.1;2.7;2.0;9.7;
12-13;DEN;PG;<strong>82</strong>;11;26.2;3.7;7.7;.479;0.2;0.8;.266;3.5;6.9;.504;.493;2.0;2.4;.840;0.7;2.2;2.9;5.9;0.9;0.1;2.1;1.9;9.6;
13-14;TOT;SG;58;2;16.9;1.8;4.0;.459;0.2;0.4;.524;1.6;3.6;.452;.483;1.0;1.3;.779;0.5;1.8;2.2;3.4;0.6;0.2;1.1;1.3;4.9;
13-14;DEN;SG;30;2;19.0;2.2;4.8;.458;0.3;0.6;.500;1.9;4.2;.452;.490;1.2;1.6;.745;0.5;1.9;2.4;3.3;0.5;0.2;1.1;1.1;5.9;
13-14;WAS;SG;28;14.7;1.4;3.1;.460;0.1;0.1;.667;1.4;3.0;.452;.471;0.9;1.1;.833;0.4;1.6;2.0;3.5;0.7;0.1;1.0;1.5;3.8;
14-15;TOT;PG;81;15.5;1.8;3.6;.500;0.1;0.4;.206;1.7;3.2;.539;.512;0.7;1.0;.753;0.5;1.4;1.9;3.5;0.4;0.1;1.3;1.3;4.4;
14-15;WAS;PG;51;12.4;1.5;2.8;.542;0.2;.125;1.5;2.6;.567;.546;0.5;0.8;.718;0.4;1.1;1.5;2.8;0.3;0.9;1.1;3.6;
14-15;SAC;PG;30;20.7;2.3;4.9;.459;0.2;0.9;.231;2.1;4.1;.508;.480;1.0;1.3;.789;0.5;2.0;2.5;4.7;0.6;0.1;1.9;1.6;5.7;
15-16;TOT;PG;39;4;11.8;1.5;2.7;.557;0.1;0.2;.250;1.5;2.5;.582;.566;0.6;0.8;.750;0.3;1.0;1.3;2.2;0.4;0.9;1.2;3.7;
15-16;MIN;PG;26;10.8;1.4;2.2;.621;0.2;.250;1.3;2.1;.648;.629;0.6;0.7;.789;0.2;0.7;0.9;2.2;0.3;1.0;1.2;3.4;
15-16;SAS;PG;13;4;13.9;1.8;3.7;.479;0.1;0.3;.250;1.7;3.4;.500;.490;0.7;1.0;.692;0.5;1.6;2.1;2.2;0.5;0.9;1.1;4.3;
Career;;1304;939;30.9;4.6;10.0;.461;0.1;0.7;.217;4.5;9.4;.478;.468;3.1;3.8;.807;1.1;2.6;3.7;6.5;1.2;0.2;2.4;2.2;12.5;
Playoffs Per Game
03-04;DEN;PG;5;5;34.8;6.8;14.4;.472;0.4;6.8;14.0;.486;.472;1.8;2.2;.818;3.0;1.6;4.6;3.2;1.6;2.0;3.2;15.4;
04-05;DEN;PG;5;5;36.8;5.6;13.2;.424;0.4;0.8;.500;5.2;12.4;.419;.439;4.6;6.4;.719;1.8;3.4;5.2;5.2;2.0;0.2;2.4;4.4;16.2;
05-06;DEN;PG;5;5;36.4;6.8;15.4;.442;6.8;15.4;.442;.442;2.8;3.4;.824;1.6;2.8;4.4;7.2;1.0;0.2;3.2;2.4;16.4;
07-08;PHI;PG;6;6;38.2;6.5;14.8;.438;0.5;6.5;14.3;.453;.438;2.3;3.7;.636;1.2;2.0;3.2;3.3;0.8;2.3;2.0;15.3;
08-09;PHI;PG;6;6;43.0;8.0;16.8;.475;0.5;1.7;.300;7.5;15.2;.495;.490;4.7;5.7;.824;1.5;4.8;6.3;5.3;1.2;0.2;3.2;2.8;21.2;
09-10;POR;PG;6;6;35.0;5.0;12.3;.405;0.5;1.2;.429;4.5;11.2;.403;.426;5.2;6.7;.775;0.8;2.3;3.2;6.0;1.2;0.2;3.2;2.0;15.7;
10-11;POR;PG;6;6;32.3;5.5;11.2;.493;0.7;1.7;.400;4.8;9.5;.509;.522;3.2;4.0;.792;0.8;2.3;3.2;5.5;0.3;2.2;2.8;14.8;
11-12;DEN;SG;7;28.6;4.4;10.4;.425;0.6;1.0;.571;3.9;9.4;.409;.452;1.9;2.1;.867;2.0;3.6;5.6;6.0;1.3;0.1;2.4;2.7;11.3;
12-13;DEN;PG;6;25.7;4.8;11.5;.420;0.8;1.8;.455;4.0;9.7;.414;.457;3.5;4.5;.778;1.8;1.5;3.3;3.8;0.3;2.7;1.3;14.0;
13-14;WAS;SG;11;9.8;1.7;3.7;.463;0.1;0.3;.333;1.6;3.5;.474;.476;0.5;0.8;.556;0.2;0.8;1.0;0.8;0.3;0.7;1.1;4.0;
15-16;SAS;PG;5;7.0;0.6;1.4;.429;0.2;0.6;.333;0.4;0.8;.500;.500;0.4;0.4;1.000;0.4;0.6;1.0;1.4;0.8;1.8;
Career;;68;39;28.4;4.8;10.8;.446;0.3;0.9;.383;4.5;9.9;.451;.461;2.6;3.4;.768;1.3;2.3;3.5;4.1;0.9;0.1;2.1;2.2;12.6;
Totals
99-00;CLE;PG;82;36;2093;339;755;.449;10;49;.204;329;706;.466;.456;226;292;.774;85;195;280;476;84;17;166;194;914;
00-01;CLE;PG;82;82;2848;452;999;.452;17;64;.266;435;935;.465;.461;375;450;.833;94;266;360;657;119;28;265;229;1296;
01-02;CLE;PG;81;81;3023;474;1045;.454;22;87;.253;452;958;.472;.464;365;447;.817;108;271;379;<strong>882</strong>;126;34;245;228;1335;
02-03;LAC;PG;80;80;2913;377;928;.406;23;108;.213;354;820;.432;.419;311;391;.795;84;232;316;537;99;11;206;203;1088;
03-04;DEN;PG;82;82;2838;430;941;.457;12;65;.185;418;876;.477;.463;342;411;.832;127;239;366;501;142;25;215;194;1214;
04-05;DEN;PG;82;82;2852;427;895;.477;6;39;.154;421;856;.492;.480;253;302;.838;100;238;338;569;121;8;220;204;1113;
05-06;DEN;PG;<strong>82</strong>;82;2937;404;872;.463;5;27;.185;399;845;.472;.466;313;424;.738;92;259;351;674;106;18;256;213;1126;
06-07;TOT;PG;80;79;2966;424;909;.466;5;35;.143;419;874;.479;.469;222;283;.784;97;255;352;625;110;10;222;184;1075;
06-07;DEN;PG;23;23;822;117;248;.472;4;16;.250;113;232;.487;.480;62;85;.729;25;79;104;209;37;4;70;58;300;
06-07;PHI;PG;57;56;2144;307;661;.464;1;19;.053;306;642;.477;.465;160;198;.808;72;176;248;416;73;6;152;126;775;
07-08;PHI;PG;<strong>82</strong>;82;3016;569;1156;.492;3;34;.088;566;1122;.504;.494;257;333;.772;95;229;324;565;105;6;206;181;1398;
08-09;PHI;PG;<strong>82</strong>;82;2976;492;1041;.473;15;53;.283;477;988;.483;.480;338;409;.826;123;245;368;534;109;14;199;196;1337;
09-10;POR;PG;<strong>82</strong>;66;2500;404;908;.445;16;80;.200;388;828;.469;.454;322;392;.821;81;185;266;445;93;9;173;169;1146;
10-11;POR;PG;81;81;2650;388;844;.460;4;37;.108;384;807;.476;.462;249;292;.853;97;205;302;566;114;12;197;171;1029;
11-12;DEN;SG;<strong>66</strong>;7;1809;242;552;.438;18;83;.217;224;469;.478;.455;137;169;.811;53;168;221;441;63;9;177;133;639;
12-13;DEN;PG;<strong>82</strong>;11;2151;303;632;.479;17;64;.266;286;568;.504;.493;163;194;.840;60;178;238;484;73;11;172;159;786;
13-14;TOT;SG;58;2;982;106;231;.459;11;21;.524;95;210;.452;.483;60;77;.779;28;102;130;197;34;9;61;75;283;
13-14;DEN;SG;30;2;570;66;144;.458;9;18;.500;57;126;.452;.490;35;47;.745;16;57;73;100;15;7;33;32;176;
13-14;WAS;SG;28;412;40;87;.460;2;3;.667;38;84;.452;.471;25;30;.833;12;45;57;97;19;2;28;43;107;
14-15;TOT;PG;81;1253;145;290;.500;7;34;.206;138;256;.539;.512;58;77;.753;37;116;153;284;32;6;104;103;355;
14-15;WAS;PG;51;631;77;142;.542;1;8;.125;76;134;.567;.546;28;39;.718;21;56;77;143;14;2;46;56;183;
14-15;SAC;PG;30;622;68;148;.459;6;26;.231;62;122;.508;.480;30;38;.789;16;60;76;141;18;4;58;47;172;
15-16;TOT;PG;39;4;461;59;106;.557;2;8;.250;57;98;.582;.566;24;32;.750;12;39;51;87;16;37;46;144;
15-16;MIN;PG;26;280;36;58;.621;1;4;.250;35;54;.648;.629;15;19;.789;6;18;24;58;9;25;32;88;
15-16;SAS;PG;13;4;181;23;48;.479;1;4;.250;22;44;.500;.490;9;13;.692;6;21;27;29;7;12;14;56;
Career;;1304;939;40268;6035;13104;.461;193;888;.217;5842;12216;.478;.468;4015;4975;.807;1373;3422;4795;8524;1546;227;3121;2882;16278;
Playoffs Totals
03-04;DEN;PG;5;5;174;34;72;.472;2;34;70;.486;.472;9;11;.818;15;8;23;16;8;10;16;77;
04-05;DEN;PG;5;5;184;28;66;.424;2;4;.500;26;62;.419;.439;23;32;.719;9;17;26;26;10;1;12;22;81;
05-06;DEN;PG;5;5;182;34;77;.442;34;77;.442;.442;14;17;.824;8;14;22;36;5;1;16;12;82;
07-08;PHI;PG;6;6;229;39;89;.438;3;39;86;.453;.438;14;22;.636;7;12;19;20;5;14;12;92;
08-09;PHI;PG;6;6;258;48;101;.475;3;10;.300;45;91;.495;.490;28;34;.824;9;29;38;32;7;1;19;17;127;
09-10;POR;PG;6;6;210;30;74;.405;3;7;.429;27;67;.403;.426;31;40;.775;5;14;19;36;7;1;19;12;94;
10-11;POR;PG;6;6;194;33;67;.493;4;10;.400;29;57;.509;.522;19;24;.792;5;14;19;33;2;13;17;89;
11-12;DEN;SG;7;200;31;73;.425;4;7;.571;27;66;.409;.452;13;15;.867;14;25;39;42;9;1;17;19;79;
12-13;DEN;PG;6;154;29;69;.420;5;11;.455;24;58;.414;.457;21;27;.778;11;9;20;23;2;16;8;84;
13-14;WAS;SG;11;108;19;41;.463;1;3;.333;18;38;.474;.476;5;9;.556;2;9;11;9;3;8;12;44;
15-16;SAS;PG;5;35;3;7;.429;1;3;.333;2;4;.500;.500;2;2;1.000;2;3;5;7;4;9;
Career;;68;39;1928;328;736;.446;23;60;.383;305;676;.451;.461;179;233;.768;87;154;241;280;58;5;144;151;858;
Advanced
99-00;CLE;PG;82;2093;17.9;.517;.065;.387;4.5;10.5;7.5;38.7;2.0;0.6;15.8;21.8;3.5;1.8;5.3;.122;1.9;1.9;2.1;
00-01;CLE;PG;82;2848;20.1;.541;.064;.450;3.8;10.8;7.3;40.5;2.2;0.7;18.1;23.2;6.1;1.9;8.0;.136;3.0;-0.2;2.8;3.4;
01-02;CLE;PG;81;3023;21.8;.538;.083;.428;4.2;10.4;7.4;<strong>49.8</strong>;2.2;0.8;16.5;22.6;8.7;1.5;10.3;.163;4.3;-0.3;3.9;4.5;
02-03;LAC;PG;80;2913;15.2;.495;.116;.421;3.3;9.0;6.1;31.3;1.8;0.3;15.8;20.3;3.6;1.0;4.6;.076;0.2;-1.3;-1.1;0.6;
03-04;DEN;PG;82;2838;18.8;.541;.069;.437;5.0;9.7;7.3;29.1;2.6;0.6;16.1;20.7;6.1;2.6;8.8;.148;2.2;0.4;2.5;3.3;
04-05;DEN;PG;82;2852;16.5;.541;.044;.337;4.1;9.6;6.8;32.2;2.2;0.2;17.6;19.5;4.1;2.9;7.0;.119;0.8;0.1;0.8;2.0;
05-06;DEN;PG;<strong>82</strong>;2937;16.4;.532;.031;.486;3.7;10.2;7.0;36.2;1.8;0.5;19.5;20.0;3.6;2.6;6.2;.101;0.6;-0.4;0.2;1.7;
06-07;TOT;PG;80;2966;16.1;.520;.039;.311;3.9;10.1;7.0;34.3;1.9;0.3;17.7;19.2;3.5;2.4;5.9;.095;0.5;-0.3;0.2;1.7;
06-07;DEN;PG;23;822;16.6;.526;.065;.343;3.5;10.7;7.1;38.7;2.2;0.3;19.7;18.5;1.1;0.8;1.9;.113;0.7;0.7;0.6;
06-07;PHI;PG;57;2144;15.9;.518;.029;.300;4.0;9.8;6.9;32.7;1.8;0.2;16.9;19.4;2.3;1.6;3.9;.088;0.5;-0.4;0.1;1.1;
07-08;PHI;PG;<strong>82</strong>;3016;18.4;.537;.029;.288;3.7;9.1;6.4;32.0;1.8;0.2;13.7;22.6;5.7;2.6;8.3;.131;2.1;-0.3;1.8;2.9;
08-09;PHI;PG;<strong>82</strong>;2976;18.6;.548;.051;.393;4.9;9.9;7.4;30.2;2.0;0.4;14.0;21.8;6.2;2.5;8.8;.141;2.4;2.4;3.3;
09-10;POR;PG;<strong>82</strong>;2500;18.1;.530;.088;.432;4.0;9.2;6.6;30.3;2.0;0.3;13.8;23.8;4.6;2.4;7.0;.134;1.8;1.8;2.4;
10-11;POR;PG;81;2650;17.8;.529;.044;.346;4.3;9.9;7.0;35.7;2.3;0.4;16.8;20.6;4.6;2.4;7.0;.127;1.5;0.1;1.6;2.4;
11-12;DEN;SG;<strong>66</strong>;1809;14.8;.510;.150;.306;3.5;10.5;7.1;36.5;1.8;0.4;22.0;19.8;1.9;1.0;2.9;.078;0.5;-0.9;-0.3;0.7;
12-13;DEN;PG;<strong>82</strong>;2151;15.7;.548;.101;.307;3.2;9.1;6.2;32.2;1.7;0.4;19.3;17.9;3.9;1.5;5.4;.120;1.1;-0.2;0.9;1.6;
13-14;TOT;SG;58;982;13.9;.534;.091;.333;3.1;11.7;7.4;29.2;1.7;0.7;18.7;14.5;1.4;0.8;2.2;.108;-0.3;1.1;0.8;0.7;
13-14;DEN;SG;30;570;13.4;.534;.125;.326;3.0;10.8;6.9;25.8;1.3;0.9;16.7;14.7;0.8;0.3;1.1;.091;0.1;0.7;0.8;0.4;
13-14;WAS;SG;28;412;14.6;.534;.034;.345;3.3;12.9;8.0;33.9;2.4;0.4;21.8;14.1;0.6;0.5;1.1;.132;-0.9;1.7;0.8;0.3;
14-15;TOT;PG;81;1253;13.3;.548;.117;.266;3.4;10.2;6.9;34.5;1.3;0.4;24.3;15.3;1.4;0.8;2.2;.084;-1.1;-1.0;-2.1;
14-15;WAS;PG;51;631;14.3;.575;.056;.275;3.8;9.8;6.9;34.1;1.1;0.3;22.4;14.8;1.0;0.6;1.6;.124;-0.6;-0.5;0.2;
14-15;SAC;PG;30;622;12.3;.522;.176;.257;3.0;10.6;6.9;34.9;1.5;0.5;26.0;15.8;0.3;0.2;0.6;.043;-1.6;-2.0;-3.6;-0.3;
15-16;TOT;PG;39;461;13.4;.600;.075;.302;3.1;9.5;6.4;28.3;1.8;23.6;15.4;0.6;0.4;1.0;.100;-1.4;-0.5;-1.9;
15-16;MIN;PG;26;280;13.7;.663;.069;.328;2.5;7.4;5.0;31.9;1.6;27.4;14.6;0.5;0.1;0.5;.088;-0.8;-1.3;-2.2;
15-16;SAS;PG;13;181;12.9;.521;.083;.271;3.9;12.8;8.5;22.6;2.0;18.3;16.6;0.1;0.3;0.4;.118;-2.2;0.9;-1.3;
Career;;1304;40268;17.4;.532;.068;.380;4.0;9.9;6.9;34.7;2.0;0.4;16.9;20.6;69.5;31.2;100.8;.120;1.5;-0.2;1.3;33.4;
Playoffs Advanced
03-04;DEN;PG;5;174;18.1;.501;.028;.153;9.1;5.8;7.6;15.9;2.4;11.5;22.0;0.4;0.4;.112;1.8;0.1;1.9;0.2;
04-05;DEN;PG;5;184;16.8;.506;.061;.485;5.4;11.4;8.2;27.3;2.9;0.4;13.0;23.4;0.1;0.2;0.3;.080;1.9;1.8;3.8;0.3;
05-06;DEN;PG;5;182;15.3;.485;.221;4.4;10.2;6.9;40.2;1.4;0.4;15.9;24.3;0.2;0.2;.057;2.2;0.3;2.5;0.2;
07-08;PHI;PG;6;229;11.3;.466;.034;.247;3.7;6.8;5.2;18.2;1.2;12.4;23.0;-0.1;0.1;.008;-0.4;-1.8;-2.3;
08-09;PHI;PG;6;258;18.1;.548;.099;.337;4.5;13.9;9.3;23.7;1.5;0.3;14.1;25.4;0.3;0.2;0.5;.094;2.6;-0.2;2.4;0.3;
09-10;POR;PG;6;210;15.1;.513;.095;.541;2.8;8.6;5.6;31.5;1.8;0.4;17.2;25.2;0.1;-0.1;.002;0.6;-1.3;-0.7;0.1;
10-11;POR;PG;6;194;18.9;.574;.149;.358;3.3;8.7;6.1;32.7;0.6;14.4;23.8;0.5;-0.1;0.4;.106;2.9;-1.4;1.5;0.2;
11-12;DEN;SG;7;200;18.4;.496;.096;.205;7.2;12.4;9.8;32.5;2.4;0.4;17.6;21.2;0.3;0.1;0.5;.109;1.8;0.9;2.7;0.2;
12-13;DEN;PG;6;154;16.3;.519;.159;.391;7.6;7.6;7.6;25.5;0.6;16.5;26.9;0.2;0.1;.037;2.6;-2.9;-0.3;0.1;
13-14;WAS;SG;11;108;9.5;.489;.073;.220;2.1;9.7;5.9;15.6;1.5;15.1;23.2;-0.1;0.2;0.1;.025;-3.2;-1.3;-4.5;-0.1;
15-16;SAS;PG;5;35;15.8;.571;.429;.286;7.0;9.3;8.3;27.8;10.5;0.1;0.2;.231;1.7;1.0;2.7;
Career;;68;1928;16.0;.512;.082;.317;5.0;9.7;7.3;26.7;1.6;0.2;14.7;23.6;1.8;0.9;2.7;.067;1.5;-0.5;1.0;1.5;
