Andre Iguodala;Small Forward and Shooting Guard;Right;1984-01-28;;6-6;215;Lanphier in Springfield,Illinois;;;;-1;;
Per Game
04-05;PHI;SG;82;82;32.8;3.3;6.7;.493;0.6;1.7;.331;2.7;4.9;.550;.536;1.9;2.6;.743;1.1;4.6;5.7;3.0;1.7;0.6;1.7;2.5;9.0;
05-06;PHI;SF;<strong>82</strong>;82;37.6;4.2;8.4;.500;0.7;1.9;.354;3.5;6.5;.543;.541;3.2;4.3;.754;1.4;4.4;5.9;3.1;1.6;0.3;1.9;2.4;12.3;
06-07;PHI;SG;76;76;40.3;5.8;13.0;.447;0.6;2.0;.310;5.2;11.0;.472;.471;5.9;7.3;.820;1.0;4.7;5.7;5.7;2.0;0.4;3.4;2.6;18.2;
07-08;PHI;SF;<strong>82</strong>;82;39.5;7.1;15.6;.456;1.2;3.7;.329;5.9;11.8;.496;.495;4.5;6.2;.721;1.0;4.4;5.4;4.8;2.1;0.6;2.6;2.3;19.9;
08-09;PHI;SF;<strong>82</strong>;82;<strong>39.9</strong>;6.6;14.0;.473;1.0;3.2;.307;5.6;10.8;.521;.507;4.6;6.4;.724;1.1;4.6;5.7;5.3;1.6;0.4;2.7;1.9;18.8;
09-10;PHI;SF;<strong>82</strong>;82;38.9;6.0;13.7;.443;1.1;3.7;.310;4.9;10.0;.492;.485;3.8;5.2;.733;1.0;5.5;6.5;5.8;1.7;0.7;2.7;1.8;17.1;
10-11;PHI;SF;67;67;36.9;5.0;11.3;.445;0.9;2.7;.337;4.1;8.6;.479;.486;3.1;4.5;.693;0.9;4.9;5.8;6.3;1.5;0.6;2.1;1.6;14.1;
11-12;PHI;SF;62;62;35.6;4.6;10.2;.454;1.2;3.1;.394;3.4;7.1;.481;.514;2.0;3.2;.617;0.9;5.2;6.1;5.5;1.7;0.5;1.9;1.5;12.4;
12-13;DEN;SG;80;80;34.7;5.0;11.0;.451;1.1;3.6;.317;3.8;7.4;.515;.502;1.9;3.4;.574;1.0;4.3;5.3;5.4;1.7;0.7;2.6;1.6;13.0;
13-14;GSW;SF;63;63;32.4;3.5;7.3;.480;1.0;2.8;.354;2.5;4.5;.558;.548;1.4;2.1;.652;0.8;3.8;4.7;4.2;1.5;0.3;1.6;1.6;9.3;
14-15;GSW;SF;77;26.9;3.0;6.4;.466;1.0;2.8;.349;2.0;3.7;.553;.540;0.9;1.5;.596;0.6;2.8;3.3;3.0;1.2;0.3;1.1;1.3;7.8;
15-16;GSW;SF;65;1;26.6;2.7;5.7;.478;0.8;2.4;.351;1.9;3.3;.570;.552;0.8;1.3;.614;0.8;3.2;4.0;3.4;1.1;0.3;1.2;1.6;7.0;
16-17;GSW;SF;76;26.3;2.9;5.5;.528;0.8;2.3;.362;2.0;3.1;.651;.605;0.9;1.3;.706;0.7;3.3;4.0;3.4;1.0;0.5;0.8;1.3;7.6;
17-18;GSW;SF;64;7;25.3;2.3;5.0;.463;0.5;1.8;.282;1.8;3.2;.567;.514;0.9;1.4;.632;0.8;3.1;3.8;3.3;0.8;0.6;1.0;1.5;6.0;
18-19;GSW;SF;68;13;23.2;2.2;4.4;.500;0.7;2.1;.333;1.5;2.3;.652;.579;0.6;1.0;.582;0.7;3.0;3.7;3.2;0.9;0.8;0.8;1.4;5.7;
19-20;MIA;SF;21;19.9;1.8;4.2;.432;0.7;2.2;.298;1.1;2.0;.585;.511;0.3;0.7;.400;0.8;2.9;3.7;2.4;0.7;1.0;1.2;1.7;4.6;
20-21;MIA;SF;63;5;21.3;1.5;3.9;.383;1.0;2.9;.330;0.6;1.0;.530;.504;0.4;0.6;.658;0.6;2.9;3.5;2.3;0.9;0.6;1.1;1.4;4.4;
21-22;GSW;SF;31;19.5;1.5;3.9;.380;0.5;2.4;.230;0.9;1.5;.617;.450;0.5;0.6;.750;0.7;2.5;3.2;3.7;0.9;0.7;0.9;1.1;4.0;
Career;;1223;784;32.2;4.1;8.9;.463;0.9;2.7;.330;3.2;6.2;.520;.512;2.3;3.3;.709;0.9;4.0;4.9;4.2;1.4;0.5;1.8;1.8;11.4;
Playoffs Per Game
04-05;PHI;SG;5;5;38.4;4.0;8.6;.465;0.6;1.8;.333;3.4;6.8;.500;.500;1.2;2.4;.500;1.6;3.0;4.6;3.0;<strong>2.8</strong>;1.0;1.0;2.4;9.8;
07-08;PHI;SF;6;6;39.0;3.8;11.5;.333;0.3;2.3;.143;3.5;9.2;.382;.348;5.2;7.2;.721;1.0;3.8;4.8;5.0;2.2;0.2;4.3;1.8;13.2;
08-09;PHI;SF;6;6;<strong>44.8</strong>;7.3;16.3;.449;1.8;4.7;.393;5.5;11.7;.471;.505;5.0;7.7;.652;1.0;5.3;6.3;6.7;1.8;4.0;1.5;21.5;
10-11;PHI;SF;5;5;36.4;4.4;10.4;.423;0.6;2.8;.214;3.8;7.6;.500;.452;2.0;2.8;.714;1.4;5.6;7.0;6.8;1.0;0.4;2.8;3.2;11.4;
11-12;PHI;SF;13;13;38.8;4.5;11.6;.384;1.5;3.8;.388;3.0;7.8;.382;.447;2.5;4.3;.589;1.3;4.4;5.7;3.7;1.5;0.4;1.5;2.5;12.9;
12-13;DEN;SG;6;6;40.5;6.3;12.7;.500;2.3;4.8;.483;4.0;7.8;.511;.592;3.0;4.2;.720;1.5;6.5;8.0;5.3;2.0;0.3;2.8;1.5;18.0;
13-14;GSW;SF;7;7;35.4;4.6;8.9;.516;1.1;2.1;.533;3.4;6.7;.511;.581;2.9;4.7;.606;0.7;4.0;4.7;4.4;1.3;0.3;3.0;2.7;13.1;
14-15;GSW;SF;<strong>21</strong>;3;30.2;3.9;8.1;.474;1.4;3.9;.354;2.5;4.2;.584;.558;1.3;3.1;.415;0.8;3.7;4.5;3.6;1.2;0.3;0.7;2.0;10.4;
15-16;GSW;SF;<strong>24</strong>;3;32.0;3.3;6.8;.476;1.0;2.7;.385;2.2;4.1;.535;.552;1.3;2.4;.561;1.5;2.9;4.4;3.8;1.2;0.4;1.0;1.5;8.9;
16-17;GSW;SF;16;26.2;2.9;6.3;.455;0.5;2.6;.190;2.4;3.7;.644;.495;0.9;1.6;.577;0.6;3.5;4.1;3.2;0.9;0.4;1.0;1.8;7.2;
17-18;GSW;SF;15;12;26.7;2.8;5.7;.494;0.9;2.5;.378;1.9;3.2;.583;.576;1.6;2.3;.706;0.7;3.8;4.5;2.7;1.4;0.5;0.9;1.9;8.1;
18-19;GSW;SF;21;15;30.0;3.9;7.9;.494;1.3;3.8;.350;2.6;4.1;.628;.578;0.7;1.8;.378;1.3;3.0;4.3;4.0;1.1;1.1;1.0;2.0;9.8;
19-20;MIA;SF;<strong>21</strong>;19.5;1.4;3.1;.462;0.7;1.9;.359;0.8;1.2;.615;.569;0.2;0.3;.714;0.5;2.0;2.6;1.5;0.8;0.6;0.7;2.1;3.8;
20-21;MIA;SF;4;17.8;1.5;2.8;.545;0.8;1.8;.429;0.8;1.0;.750;.682;0.8;2.3;3.0;1.3;1.0;0.5;1.3;2.0;3.8;
21-22;GSW;SF;3;14.0;0.3;1.7;.200;0.7;0.3;1.0;.333;.200;0.7;1.0;.667;1.0;1.3;2.3;2.3;0.7;1.0;2.7;1.3;
Career;;173;81;30.3;3.5;7.6;.457;1.0;3.0;.354;2.4;4.7;.523;.526;1.5;2.6;.583;1.0;3.5;4.5;3.5;1.3;0.5;1.4;2.0;9.6;
Totals
04-05;PHI;SG;82;82;2686;269;546;.493;47;142;.331;222;404;.550;.536;156;210;.743;89;375;464;246;138;48;139;204;741;
05-06;PHI;SF;<strong>82</strong>;82;3086;344;688;.500;56;158;.354;288;530;.543;.541;263;349;.754;117;364;481;255;135;21;153;198;1007;
06-07;PHI;SG;76;76;3062;443;991;.447;48;155;.310;395;836;.472;.471;452;551;.820;77;357;434;432;152;33;261;200;1386;
07-08;PHI;SF;<strong>82</strong>;82;3242;582;1277;.456;101;307;.329;481;970;.496;.495;365;506;.721;85;361;446;391;171;49;214;187;1630;
08-09;PHI;SF;<strong>82</strong>;82;<strong>3269</strong>;542;1147;.473;80;261;.307;462;886;.521;.507;377;521;.724;92;379;471;434;131;36;222;152;1541;
09-10;PHI;SF;<strong>82</strong>;82;3193;496;1120;.443;94;303;.310;402;817;.492;.485;315;430;.733;82;447;529;472;141;55;218;145;1401;
10-11;PHI;SF;67;67;2469;338;759;.445;61;181;.337;277;578;.479;.486;208;300;.693;61;326;387;422;101;38;138;109;945;
11-12;PHI;SF;62;62;2209;287;632;.454;76;193;.394;211;439;.481;.514;121;196;.617;56;325;381;339;107;30;115;92;771;
12-13;DEN;SG;80;80;2779;396;879;.451;91;287;.317;305;592;.515;.502;155;270;.574;82;341;423;433;139;52;206;127;1038;
13-14;GSW;SF;63;63;2040;220;458;.480;62;175;.354;158;283;.558;.548;86;132;.652;53;240;293;263;95;18;100;103;588;
14-15;GSW;SF;77;2069;231;496;.466;74;212;.349;157;284;.553;.540;68;114;.596;44;213;257;228;89;25;88;100;604;
15-16;GSW;SF;65;1;1732;176;368;.478;54;154;.351;122;214;.570;.552;51;83;.614;52;211;263;219;73;19;79;102;457;
16-17;GSW;SF;76;1998;219;415;.528;64;177;.362;155;238;.651;.605;72;102;.706;51;253;304;261;76;39;58;97;574;
17-18;GSW;SF;64;7;1622;148;320;.463;33;117;.282;115;203;.567;.514;55;87;.632;50;196;246;210;54;38;67;99;384;
18-19;GSW;SF;68;13;1578;151;302;.500;48;144;.333;103;158;.652;.579;39;67;.582;48;204;252;216;61;51;52;95;389;
19-20;MIA;SF;21;418;38;88;.432;14;47;.298;24;41;.585;.511;6;15;.400;17;61;78;51;14;21;26;35;96;
20-21;MIA;SF;63;5;1339;95;248;.383;60;182;.330;35;66;.530;.504;25;38;.658;38;183;221;142;57;35;67;90;275;
21-22;GSW;SF;31;603;46;121;.380;17;74;.230;29;47;.617;.450;15;20;.750;21;79;100;114;27;22;28;34;124;
Career;;1223;784;39394;5021;10855;.463;1080;3269;.330;3941;7586;.520;.512;2829;3991;.709;1115;4915;6030;5128;1761;630;2231;2169;13951;
Playoffs Totals
04-05;PHI;SG;5;5;192;20;43;.465;3;9;.333;17;34;.500;.500;6;12;.500;8;15;23;15;14;5;5;12;49;
07-08;PHI;SF;6;6;234;23;69;.333;2;14;.143;21;55;.382;.348;31;43;.721;6;23;29;30;13;1;26;11;79;
08-09;PHI;SF;6;6;269;44;98;.449;11;28;.393;33;70;.471;.505;30;46;.652;6;32;38;40;11;24;9;129;
10-11;PHI;SF;5;5;182;22;52;.423;3;14;.214;19;38;.500;.452;10;14;.714;7;28;35;34;5;2;14;16;57;
11-12;PHI;SF;13;13;505;58;151;.384;19;49;.388;39;102;.382;.447;33;56;.589;17;57;74;48;19;5;19;32;168;
12-13;DEN;SG;6;6;243;38;76;.500;14;29;.483;24;47;.511;.592;18;25;.720;9;39;48;32;12;2;17;9;108;
13-14;GSW;SF;7;7;248;32;62;.516;8;15;.533;24;47;.511;.581;20;33;.606;5;28;33;31;9;2;21;19;92;
14-15;GSW;SF;<strong>21</strong>;3;635;81;171;.474;29;82;.354;52;89;.584;.558;27;65;.415;16;78;94;75;25;7;14;42;218;
15-16;GSW;SF;<strong>24</strong>;3;767;78;164;.476;25;65;.385;53;99;.535;.552;32;57;.561;35;70;105;90;29;10;23;37;213;
16-17;GSW;SF;16;419;46;101;.455;8;42;.190;38;59;.644;.495;15;26;.577;9;56;65;51;14;7;16;29;115;
17-18;GSW;SF;15;12;401;42;85;.494;14;37;.378;28;48;.583;.576;24;34;.706;11;57;68;41;21;7;14;29;122;
18-19;GSW;SF;21;15;629;82;166;.494;28;80;.350;54;86;.628;.578;14;37;.378;27;64;91;83;24;23;21;43;206;
19-20;MIA;SF;<strong>21</strong>;410;30;65;.462;14;39;.359;16;26;.615;.569;5;7;.714;11;43;54;31;17;13;14;44;79;
20-21;MIA;SF;4;71;6;11;.545;3;7;.429;3;4;.750;.682;3;9;12;5;4;2;5;8;15;
21-22;GSW;SF;3;42;1;5;.200;2;1;3;.333;.200;2;3;.667;3;4;7;7;2;3;8;4;
Career;;173;81;5247;603;1319;.457;181;512;.354;422;807;.523;.526;267;458;.583;173;603;776;613;217;88;236;348;1654;
Advanced
04-05;PHI;SG;82;2686;13.5;.580;.260;.385;3.7;15.9;9.7;14.3;2.6;1.4;17.9;12.8;2.7;4.0;6.6;.118;-0.7;2.1;1.4;2.3;
05-06;PHI;SF;<strong>82</strong>;3086;14.8;.598;.230;.507;4.4;13.8;9.1;12.9;2.3;0.5;15.4;14.7;4.9;2.6;7.5;.116;0.2;0.4;0.6;2.0;
06-07;PHI;SG;76;3062;18.1;.562;.156;.556;3.0;14.0;8.5;23.8;2.6;0.8;17.5;22.6;4.1;3.6;7.7;.120;1.3;1.1;2.4;3.4;
07-08;PHI;SF;<strong>82</strong>;3242;19.0;.543;.240;.396;3.1;13.4;8.2;20.3;2.8;1.2;12.5;23.8;5.3;4.4;9.6;.143;2.5;1.5;4.0;4.9;
08-09;PHI;SF;<strong>82</strong>;<strong>3269</strong>;18.4;.560;.228;.454;3.3;14.0;8.6;22.4;2.1;0.9;13.9;22.3;5.6;3.5;9.2;.134;2.6;0.6;3.2;4.3;
09-10;PHI;SF;<strong>82</strong>;3193;17.8;.535;.271;.384;3.0;16.8;9.8;23.7;2.3;1.4;14.3;21.8;4.0;2.8;6.7;.101;2.0;0.4;2.4;3.5;
10-11;PHI;SF;67;2469;17.2;.530;.238;.395;2.8;15.2;9.0;26.4;2.1;1.2;13.4;19.2;3.3;3.5;6.7;.130;1.7;1.6;3.2;3.2;
11-12;PHI;SF;62;2209;17.6;.537;.305;.310;2.8;16.4;9.6;23.7;2.6;1.0;13.8;17.7;3.1;4.2;7.3;.158;1.5;2.5;4.0;3.3;
12-13;DEN;SG;80;2779;15.2;.520;.327;.307;3.4;13.5;8.5;22.4;2.5;1.5;17.1;18.8;2.4;3.2;5.6;.097;1.2;1.4;2.6;3.3;
13-14;GSW;SF;63;2040;13.7;.570;.382;.288;2.9;12.6;7.8;18.2;2.3;0.7;16.2;13.3;2.7;3.1;5.8;.135;-0.1;2.4;2.3;2.2;
14-15;GSW;SF;77;2069;12.3;.553;.427;.230;2.4;10.8;6.7;14.6;2.1;0.9;13.9;13.3;2.3;2.8;5.1;.117;-0.4;1.4;0.9;1.5;
15-16;GSW;SF;65;1732;12.2;.565;.418;.226;3.4;12.4;8.2;16.3;2.0;0.8;16.3;12.1;2.3;2.1;4.4;.122;-0.2;1.3;1.1;1.4;
16-17;GSW;SF;76;1998;14.3;.624;.427;.246;3.0;13.1;8.3;16.7;1.8;1.5;11.2;11.2;4.1;2.9;6.9;.167;0.8;1.7;2.5;2.3;
17-18;GSW;SF;64;1622;11.2;.536;.366;.272;3.7;12.6;8.5;16.2;1.6;1.9;15.8;11.5;1.6;1.6;3.2;.094;-1.1;0.8;-0.3;0.7;
18-19;GSW;SF;68;1578;13.1;.587;.477;.222;3.4;13.2;8.5;16.8;1.8;2.7;13.6;10.4;2.4;1.8;4.2;.129;0.1;1.7;1.8;1.5;
19-20;MIA;SF;21;418;10.5;.507;.534;.170;4.7;15.7;10.4;16.9;1.6;5.0;21.6;12.7;0.6;0.6;.065;-1.9;1.4;-0.5;0.2;
20-21;MIA;SF;63;1339;9.2;.519;.734;.153;3.3;15.4;9.4;14.3;2.1;2.7;20.2;11.2;-0.1;1.8;1.7;.062;-2.2;1.8;-0.4;0.5;
21-22;GSW;SF;31;603;12.3;.478;.612;.165;3.9;13.9;9.1;24.7;2.2;3.5;17.7;11.4;0.5;1.1;1.6;.125;-0.9;3.7;2.7;0.7;
Career;;1223;39394;15.4;.553;.301;.368;3.3;14.1;8.7;19.5;2.3;1.3;15.0;16.9;50.8;49.4;100.3;.122;0.8;1.4;2.2;41.3;
Playoffs Advanced
04-05;PHI;SG;5;192;14.4;.507;.209;.279;4.9;10.6;7.5;12.9;<strong>4.0</strong>;2.2;9.4;13.4;0.1;0.2;0.4;.093;0.4;3.1;3.5;0.3;
07-08;PHI;SF;6;234;10.6;.449;.203;.623;3.1;12.8;7.8;23.3;3.1;0.3;22.8;22.8;-0.4;0.3;-0.1;-0.028;-1.5;0.7;-0.9;0.1;
08-09;PHI;SF;6;269;18.0;.546;.286;.469;2.9;14.7;8.9;27.3;2.2;16.9;25.7;0.2;0.2;0.4;.077;3.9;0.6;4.5;0.4;
10-11;PHI;SF;5;182;14.4;.490;.269;.269;4.2;17.0;10.5;32.0;1.5;0.9;19.4;19.1;0.1;0.2;.045;-0.3;1.4;1.1;0.1;
11-12;PHI;SF;13;505;13.4;.478;.325;.371;3.6;13.4;8.2;17.2;2.0;0.8;9.8;18.4;0.3;0.8;1.1;.104;0.5;1.6;2.0;0.5;
12-13;DEN;SG;6;243;19.9;.621;.382;.329;4.0;20.9;11.6;21.3;2.4;0.7;16.3;18.3;0.6;0.1;0.7;.140;4.3;2.3;6.6;0.5;
13-14;GSW;SF;7;248;12.6;.601;.242;.532;2.3;13.2;7.6;18.7;1.8;0.7;21.5;16.7;0.2;0.1;0.3;.049;1.5;1.5;0.2;
14-15;GSW;SF;<strong>21</strong>;635;15.4;.546;.480;.380;2.8;13.2;8.1;18.0;2.0;0.9;6.6;15.1;1.3;1.0;2.2;.170;1.7;2.8;4.5;1.0;
15-16;GSW;SF;<strong>24</strong>;767;13.8;.563;.396;.348;5.0;9.7;7.4;16.6;1.9;1.0;10.8;12.1;1.5;0.7;2.1;.133;1.2;1.8;3.0;1.0;
16-17;GSW;SF;16;419;10.5;.511;.416;.257;2.5;13.5;8.4;15.5;1.6;1.4;12.5;13.2;0.2;0.6;0.9;.099;-1.2;1.3;0.1;0.2;
17-18;GSW;SF;15;401;14.7;.610;.435;.400;3.2;14.8;9.3;13.6;2.6;1.5;12.3;12.7;0.7;0.7;1.4;.171;2.8;2.9;0.5;
18-19;GSW;SF;21;629;15.2;.565;.482;.223;5.1;11.4;8.3;18.4;1.9;3.6;10.3;14.0;1.1;0.5;1.5;.117;1.7;2.0;3.7;0.9;
19-20;MIA;SF;<strong>21</strong>;410;9.3;.580;.600;.108;3.2;11.7;7.6;10.7;2.1;3.1;17.1;9.1;0.2;0.5;0.7;.082;-1.6;2.2;0.6;0.3;
20-21;MIA;SF;4;71;9.5;.682;.636;3.9;12.9;8.2;11.2;2.7;2.6;31.3;9.9;0.1;0.1;.043;-2.7;3.3;0.6;
21-22;GSW;SF;3;42;4.2;.316;.400;.600;9.1;11.4;10.3;19.6;4.4;32.2;10.0;-0.001;-5.2;-0.2;-5.4;
Career;;173;5247;13.8;.544;.388;.347;3.7;13.0;8.4;17.8;2.1;1.5;13.4;15.1;5.9;6.0;11.9;.109;0.7;1.9;2.6;6.1;
