Andrei Kirilenko;Small Forward and Power Forward;Right;1981-02-18;;6-9;220;Frunzenskaya Sport School in Saint Petersburg, Russia
    
  </p>


  

  
<p>
  <strong>
  Draft:
  </strong>Utah Jazz;;;;-1;;
Per Game
01-02;UTA;SF;82;40;26.2;3.5;7.7;.450;0.3;1.2;.250;3.2;6.5;.488;.470;3.5;4.5;.768;1.8;3.1;4.9;1.1;1.4;1.9;1.3;1.9;10.7;
02-03;UTA;SF;80;11;27.7;3.9;8.0;.491;0.5;1.4;.325;3.5;6.6;.527;.519;3.7;4.6;.800;1.8;3.4;5.3;1.7;1.5;2.2;1.7;2.3;12.0;
03-04;UTA;PF;78;78;37.1;5.3;11.9;.443;0.9;2.6;.338;4.4;9.4;.471;.479;5.0;6.4;.790;2.9;5.2;8.1;3.1;1.9;2.8;2.8;2.2;16.5;
04-05;UTA;PF;41;37;32.9;5.0;10.2;.493;0.6;1.9;.299;4.5;8.4;.536;.520;5.0;6.3;.784;2.2;4.0;6.2;3.2;1.6;<strong>3.3</strong>;2.2;2.5;15.6;
05-06;UTA;SF;69;63;37.7;4.9;10.6;.460;0.5;1.7;.308;4.3;8.9;.489;.485;5.0;7.2;.699;2.3;5.7;8.0;4.3;1.5;3.2;2.9;2.3;15.3;
06-07;UTA;SF;70;70;29.3;2.8;6.0;.471;0.2;1.1;.213;2.6;4.9;.528;.490;2.5;3.4;.728;1.3;3.4;4.7;2.9;1.1;2.1;1.9;2.5;8.3;
07-08;UTA;SF;72;72;30.8;3.8;7.6;.506;0.6;1.6;.379;3.2;5.9;.540;.546;2.8;3.6;.770;1.7;3.0;4.7;4.0;1.2;1.5;1.9;2.3;11.0;
08-09;UTA;PF;67;10;27.3;3.8;8.5;.449;0.3;1.1;.274;3.5;7.4;.475;.467;3.6;4.6;.785;1.3;3.5;4.8;2.6;1.2;1.1;1.8;1.9;11.6;
09-10;UTA;SF;58;35;29.0;4.2;8.3;.506;0.4;1.5;.292;3.8;6.8;.555;.533;3.0;4.0;.744;1.3;3.2;4.6;2.7;1.4;1.2;1.4;1.8;11.9;
10-11;UTA;SF;64;62;31.2;4.0;8.5;.467;0.6;1.5;.367;3.4;6.9;.489;.500;3.3;4.2;.770;1.6;3.5;5.1;3.0;1.3;1.2;1.8;1.8;11.7;
12-13;MIN;SF;64;64;31.8;4.4;8.8;.507;0.5;1.9;.292;3.9;6.9;.566;.538;2.9;3.9;.752;1.6;4.1;5.7;2.8;1.5;1.0;1.9;1.3;12.4;
13-14;BRK;PF;45;4;19.0;1.8;3.6;.513;0.1;.200;1.8;3.4;.523;.516;1.4;2.6;.513;1.2;2.0;3.2;1.6;0.9;0.4;1.2;1.4;5.0;
14-15;BRK;SF;7;5.1;0.7;0.7;0.4;0.6;.750;0.3;0.9;1.1;0.1;0.1;0.1;0.1;0.4;
Career;;797;546;30.0;3.9;8.3;.474;0.5;1.5;.310;3.5;6.8;.510;.502;3.5;4.6;.754;1.8;3.7;5.5;2.7;1.4;1.8;1.9;2.0;11.8;
Playoffs Per Game
01-02;UTA;SF;4;4;30.5;2.8;7.0;.393;1.0;2.8;6.0;.458;.393;3.3;4.0;.813;1.0;2.8;3.8;1.0;1.8;2.5;1.5;2.5;8.8;
02-03;UTA;SF;5;29.0;3.6;8.6;.419;0.2;1.4;.143;3.4;7.2;.472;.430;4.2;4.8;.875;1.6;3.2;4.8;1.4;0.6;2.0;1.2;1.2;11.6;
06-07;UTA;SF;17;17;31.0;3.2;7.2;.447;0.2;0.5;.333;3.1;6.7;.456;.459;3.0;3.8;.785;1.6;3.6;5.2;2.6;0.9;2.4;2.1;3.1;9.6;
07-08;UTA;SF;12;12;32.3;4.3;9.5;.447;0.4;1.8;.227;3.8;7.7;.500;.469;2.1;2.9;.714;1.3;2.2;3.4;2.5;1.5;1.7;1.5;3.8;11.0;
08-09;UTA;PF;5;3;27.2;4.4;9.4;.468;0.2;1.0;.200;4.2;8.4;.500;.479;2.0;2.8;.714;1.4;1.4;2.8;2.0;2.2;0.6;1.0;1.2;11.0;
09-10;UTA;SF;2;15.0;2.5;5.0;.500;0.5;2.5;4.5;.556;.500;0.5;0.5;1.000;1.5;1.5;3.0;0.5;0.5;1.0;5.5;
13-14;BRK;PF;10;14.4;0.7;1.5;.467;0.7;1.5;.467;.467;1.1;1.7;.647;1.0;1.3;2.3;1.0;1.0;0.3;0.3;1.1;2.5;
Career;;55;36;27.1;3.1;6.9;.445;0.2;0.9;.208;2.9;6.0;.479;.458;2.4;3.1;.767;1.4;2.5;3.9;1.9;1.2;1.6;1.3;2.4;8.7;
Totals
01-02;UTA;SF;82;40;2151;285;633;.450;25;100;.250;260;533;.488;.470;285;371;.768;149;253;402;94;116;159;108;156;880;
02-03;UTA;SF;80;11;2213;315;642;.491;37;114;.325;278;528;.527;.519;296;370;.800;147;273;420;138;118;175;136;185;963;
03-04;UTA;PF;78;78;2895;412;931;.443;68;201;.338;344;730;.471;.479;392;496;.790;226;403;629;244;150;215;215;174;1284;
04-05;UTA;PF;41;37;1349;207;420;.493;23;77;.299;184;343;.536;.520;203;259;.784;89;166;255;132;67;136;90;101;640;
05-06;UTA;SF;69;63;2604;336;730;.460;36;117;.308;300;613;.489;.485;346;495;.699;161;391;552;299;102;<strong>220</strong>;203;162;1054;
06-07;UTA;SF;70;70;2049;197;418;.471;16;75;.213;181;343;.528;.490;174;239;.728;88;241;329;202;74;144;135;172;584;
07-08;UTA;SF;72;72;2217;275;544;.506;44;116;.379;231;428;.540;.546;198;257;.770;121;218;339;285;86;109;140;165;792;
08-09;UTA;PF;67;10;1831;256;570;.449;20;73;.274;236;497;.475;.467;244;311;.785;84;235;319;175;83;77;121;127;776;
09-10;UTA;SF;58;35;1681;244;482;.506;26;89;.292;218;393;.555;.533;174;234;.744;76;188;264;158;83;71;79;102;688;
10-11;UTA;SF;64;62;1999;253;542;.467;36;98;.367;217;444;.489;.500;208;270;.770;100;227;327;192;81;74;117;113;750;
12-13;MIN;SF;64;64;2034;284;560;.507;35;120;.292;249;440;.566;.538;188;250;.752;102;260;362;177;96;62;119;82;791;
13-14;BRK;PF;45;4;857;82;160;.513;1;5;.200;81;155;.523;.516;61;119;.513;55;91;146;72;40;19;54;65;226;
14-15;BRK;SF;7;36;5;5;3;4;.750;2;6;8;1;1;1;1;3;
Career;;797;546;23916;3146;6637;.474;367;1185;.310;2779;5452;.510;.502;2772;3675;.754;1400;2952;4352;2169;1097;1461;1518;1605;9431;
Playoffs Totals
01-02;UTA;SF;4;4;122;11;28;.393;4;11;24;.458;.393;13;16;.813;4;11;15;4;7;10;6;10;35;
02-03;UTA;SF;5;145;18;43;.419;1;7;.143;17;36;.472;.430;21;24;.875;8;16;24;7;3;10;6;6;58;
06-07;UTA;SF;17;17;527;55;123;.447;3;9;.333;52;114;.456;.459;51;65;.785;28;61;89;44;15;40;35;52;164;
07-08;UTA;SF;12;12;387;51;114;.447;5;22;.227;46;92;.500;.469;25;35;.714;15;26;41;30;18;20;18;46;132;
08-09;UTA;PF;5;3;136;22;47;.468;1;5;.200;21;42;.500;.479;10;14;.714;7;7;14;10;11;3;5;6;55;
09-10;UTA;SF;2;30;5;10;.500;1;5;9;.556;.500;1;1;1.000;3;3;6;1;1;2;11;
13-14;BRK;PF;10;144;7;15;.467;7;15;.467;.467;11;17;.647;10;13;23;10;10;3;3;11;25;
Career;;55;36;1491;169;380;.445;10;48;.208;159;332;.479;.458;132;172;.767;75;137;212;105;65;87;73;133;480;
Advanced
01-02;UTA;SF;82;2151;18.8;.553;.158;.586;8.3;14.2;11.2;7.4;2.9;5.9;11.9;19.0;4.0;3.3;7.3;.164;1.8;1.9;3.7;3.1;
02-03;UTA;SF;80;2213;21.1;.598;.178;.576;8.4;14.4;11.5;10.6;2.9;6.1;14.5;19.6;5.3;3.8;9.2;.199;3.0;2.9;5.8;4.4;
03-04;UTA;PF;78;2895;22.6;.559;.216;.533;9.5;17.5;13.5;15.7;2.9;6.3;15.8;21.9;6.5;5.0;11.6;.192;5.0;2.9;7.9;7.2;
04-05;UTA;PF;41;1349;24.4;.599;.183;.617;8.0;15.7;11.7;17.4;2.7;8.5;14.4;21.3;3.5;2.0;5.5;.197;5.5;3.7;9.2;3.8;
05-06;UTA;SF;69;2604;20.7;.556;.160;.678;7.4;18.4;12.9;20.5;2.1;7.0;17.6;20.5;3.6;4.3;7.9;.145;3.4;3.1;6.6;5.6;
06-07;UTA;SF;70;2049;14.3;.558;.179;.572;5.2;14.3;9.8;14.5;1.9;5.8;20.5;14.4;1.6;2.9;4.4;.104;0.7;3.1;3.8;3.0;
07-08;UTA;SF;72;2217;17.2;.603;.213;.472;6.7;11.9;9.3;18.2;2.0;4.0;17.6;16.1;4.3;2.8;7.1;.154;3.1;2.0;5.2;4.0;
08-09;UTA;PF;67;1831;16.8;.549;.128;.546;5.5;15.3;10.4;14.7;2.3;3.3;14.6;20.3;2.0;2.6;4.6;.122;0.9;1.7;2.6;2.2;
09-10;UTA;SF;58;1681;18.2;.588;.185;.485;5.5;12.9;9.3;14.0;2.5;3.4;11.9;17.7;3.3;2.7;6.0;.171;2.7;2.4;5.1;3.0;
10-11;UTA;SF;64;1999;16.6;.567;.181;.498;6.0;13.8;9.9;14.9;2.1;3.0;15.0;17.8;2.9;1.7;4.5;.109;1.7;0.5;2.2;2.1;
12-13;MIN;SF;64;2034;17.6;.590;.214;.446;5.6;15.1;10.2;14.4;2.4;2.4;15.1;17.4;3.4;2.6;6.0;.142;1.8;1.8;3.5;2.9;
13-14;BRK;PF;45;857;12.4;.532;.031;.744;7.7;12.7;10.2;13.1;2.4;1.9;20.3;14.6;0.4;0.9;1.3;.070;-1.1;0.8;-0.4;0.4;
14-15;BRK;SF;7;36;2.8;.222;.800;6.2;18.6;12.5;3.6;1.4;12.9;9.8;-0.1;-0.058;-4.4;-1.3;-5.7;
Career;;797;23916;18.7;.571;.179;.554;7.1;14.9;11.0;14.7;2.4;5.0;15.5;18.6;40.7;34.7;75.4;.151;2.6;2.3;4.9;41.7;
Playoffs Advanced
01-02;UTA;SF;4;122;13.4;.499;.143;.571;3.5;10.7;6.9;5.5;3.1;7.0;14.6;15.0;0.2;0.3;.105;-0.6;3.7;3.1;0.2;
02-03;UTA;SF;5;145;17.9;.541;.163;.558;6.7;13.7;10.2;8.3;1.1;5.1;10.1;18.4;0.3;0.3;.090;3.5;0.1;3.6;0.2;
06-07;UTA;SF;17;527;14.8;.541;.073;.528;6.2;13.7;9.9;12.9;1.5;<strong>7.2</strong>;18.8;15.9;0.5;0.7;1.1;.102;0.4;2.7;3.1;0.7;
07-08;UTA;SF;12;387;13.7;.510;.193;.307;4.3;8.0;6.1;12.5;2.5;4.3;12.2;17.3;0.3;0.4;0.7;.082;0.6;2.2;2.8;0.5;
08-09;UTA;PF;5;136;16.8;.517;.106;.298;5.7;6.2;5.9;13.0;4.2;1.8;8.6;18.9;0.1;0.1;0.2;.077;2.0;2.0;4.0;0.2;
09-10;UTA;SF;2;30;16.1;.527;.100;.100;11.7;11.9;11.8;1.7;2.6;15.5;0.1;0.1;.101;2.0;-1.5;0.5;
13-14;BRK;PF;10;144;14.4;.556;1.133;8.4;12.0;10.1;10.3;3.9;2.0;11.8;8.6;0.2;0.2;0.4;.138;1.0;3.3;4.3;0.2;
Career;;55;1491;14.9;.527;.126;.453;5.8;11.1;8.4;11.2;2.3;5.1;13.8;16.0;1.6;1.5;3.0;.097;0.9;2.3;3.2;2.0;
