Andrew Bogut;Center and Power Forward;Right;1984-11-28;;7-0;260;Australian Institute of Sport in Canberra, Australia
    
  </p>


  

  
<p>
  <strong>
  Draft:
  </strong>Milwaukee Bucks;;;;-1;;
Per Game
05-06;MIL;PF;<strong>82</strong>;77;28.6;3.9;7.4;.533;3.9;7.4;.536;.533;1.5;2.4;.629;2.3;4.7;7.0;2.3;0.6;0.8;1.5;3.2;9.4;
06-07;MIL;C;66;66;34.2;5.3;9.5;.553;0.1;.200;5.3;9.5;.556;.554;1.7;2.9;.577;2.5;6.3;8.8;3.0;0.7;0.5;2.3;3.3;12.3;
07-08;MIL;C;78;78;34.9;6.0;11.7;.511;0.1;6.0;11.6;.515;.511;2.4;4.1;.587;3.1;6.6;9.8;2.6;0.8;1.7;2.2;3.3;14.3;
08-09;MIL;C;36;33;31.2;5.1;8.8;.577;5.1;8.8;.577;.577;1.6;2.7;.571;3.3;7.0;10.3;2.0;0.6;1.0;2.4;3.6;11.7;
09-10;MIL;C;69;69;32.3;6.9;13.2;.520;6.9;13.2;.521;.520;2.2;3.4;.629;3.0;7.1;10.2;1.8;0.6;2.5;1.9;3.2;15.9;
10-11;MIL;C;65;65;35.3;5.6;11.4;.495;0.1;5.6;11.4;.497;.495;1.5;3.3;.442;3.1;8.0;11.1;2.0;0.7;<strong>2.6</strong>;1.9;3.3;12.8;
11-12;MIL;C;12;12;30.3;5.1;11.3;.449;0.1;5.1;11.3;.452;.449;1.2;1.9;.609;1.8;6.5;8.3;2.6;1.0;2.0;2.0;3.0;11.3;
12-13;GSW;C;32;32;24.6;2.6;5.8;.451;1.000;2.6;5.7;.448;.454;0.6;1.2;.500;2.1;5.5;7.7;2.1;0.6;1.7;1.1;2.7;5.8;
13-14;GSW;C;67;67;26.4;3.5;5.6;.627;3.5;5.6;.627;.627;0.3;1.0;.344;2.7;7.3;10.0;1.7;0.7;1.8;1.4;3.1;7.3;
14-15;GSW;C;67;65;23.6;3.0;5.3;.563;3.0;5.3;.563;.563;0.3;0.6;.524;2.1;6.0;8.1;2.7;0.6;1.7;1.6;2.8;6.3;
15-16;GSW;C;70;66;20.7;2.5;4.0;.627;1.000;2.5;4.0;.626;.629;0.3;0.7;.480;1.7;5.3;7.0;2.3;0.5;1.6;1.2;3.2;5.4;
16-17;TOT;C;27;21;21.6;1.4;3.0;.469;1.4;3.0;.475;.469;0.1;0.4;.273;2.1;6.0;8.1;1.8;0.5;0.9;1.6;3.2;2.9;
16-17;DAL;C;26;21;22.4;1.5;3.1;.469;1.5;3.1;.475;.469;0.1;0.4;.273;2.2;6.2;8.4;1.9;0.5;1.0;1.7;3.2;3.0;
16-17;CLE;C;1;1.0;2.0;
17-18;LAL;C;24;5;9.0;0.7;1.0;.680;0.7;1.0;.680;.680;0.1;0.1;1.000;1.1;2.2;3.3;0.6;0.2;0.5;0.8;1.7;1.5;
18-19;GSW;C;11;5;12.2;1.6;3.3;.500;1.6;3.3;.500;.500;0.3;0.3;1.000;1.1;3.9;5.0;1.0;0.3;0.7;0.7;2.0;3.5;
Career;;706;661;28.1;4.2;7.9;.535;.120;4.2;7.9;.537;.535;1.2;2.1;.557;2.5;6.2;8.7;2.2;0.6;1.5;1.7;3.1;9.6;
Playoffs Per Game
05-06;MIL;PF;5;5;34.4;4.0;9.2;.435;4.0;9.2;.435;.435;0.6;1.6;.375;1.8;4.4;6.2;3.4;0.6;1.6;4.2;8.6;
12-13;GSW;C;12;12;27.3;3.3;5.6;.582;3.3;5.6;.582;.582;0.7;1.9;.348;3.3;7.7;10.9;1.8;0.5;1.5;1.8;3.3;7.2;
14-15;GSW;C;19;18;23.2;2.2;3.9;.560;0.1;2.2;3.9;.568;.560;0.3;0.7;.385;2.2;5.9;8.1;1.9;0.6;1.8;1.4;3.6;4.7;
15-16;GSW;C;22;22;16.6;2.2;3.5;.623;0.1;2.2;3.4;.640;.623;0.2;0.6;.357;2.1;3.5;5.7;1.4;0.6;1.6;0.9;3.3;4.6;
18-19;GSW;C;19;6;9.4;1.3;1.9;.649;1.3;1.9;.649;.649;0.2;0.3;.800;1.2;2.7;3.9;1.1;0.3;0.3;0.5;2.0;2.7;
Career;;77;63;19.3;2.2;3.9;.573;2.2;3.9;.579;.573;0.3;0.8;.397;2.1;4.6;6.7;1.6;0.5;1.2;1.1;3.1;4.8;
Totals
05-06;MIL;PF;<strong>82</strong>;77;2348;323;606;.533;3;323;603;.536;.533;122;194;.629;189;384;573;192;49;68;125;259;768;
06-07;MIL;C;66;66;2258;348;629;.553;1;5;.200;347;624;.556;.554;112;194;.577;168;416;584;198;49;35;150;216;809;
07-08;MIL;C;78;78;2720;465;910;.511;7;465;903;.515;.511;189;322;.587;245;518;763;199;64;135;172;254;1119;
08-09;MIL;C;36;33;1124;183;317;.577;183;317;.577;.577;56;98;.571;117;252;369;72;23;37;86;130;422;
09-10;MIL;C;69;69;2229;473;910;.520;2;473;908;.521;.520;149;237;.629;208;493;701;127;39;175;131;222;1095;
10-11;MIL;C;65;65;2297;367;742;.495;4;367;738;.497;.495;96;217;.442;199;521;720;131;47;168;125;217;830;
11-12;MIL;C;12;12;364;61;136;.449;1;61;135;.452;.449;14;23;.609;22;78;100;31;12;24;24;36;136;
12-13;GSW;C;32;32;786;83;184;.451;1;1;1.000;82;183;.448;.454;19;38;.500;68;177;245;67;20;55;35;85;186;
13-14;GSW;C;67;67;1769;235;375;.627;235;375;.627;.627;22;64;.344;182;489;671;112;47;121;97;210;492;
14-15;GSW;C;67;65;1583;200;355;.563;200;355;.563;.563;22;42;.524;141;402;543;180;39;113;106;188;422;
15-16;GSW;C;70;66;1451;175;279;.627;1;1;1.000;174;278;.626;.629;24;50;.480;121;371;492;162;33;114;83;221;375;
16-17;TOT;C;27;21;583;38;81;.469;1;38;80;.475;.469;3;11;.273;56;162;218;49;13;25;43;86;79;
16-17;DAL;C;26;21;582;38;81;.469;1;38;80;.475;.469;3;11;.273;56;162;218;49;13;25;43;84;79;
16-17;CLE;C;1;1;2;
17-18;LAL;C;24;5;216;17;25;.680;17;25;.680;.680;2;2;1.000;26;52;78;15;4;13;19;40;36;
18-19;GSW;C;11;5;134;18;36;.500;18;36;.500;.500;3;3;1.000;12;43;55;11;3;8;8;22;39;
Career;;706;661;19862;2986;5585;.535;3;25;.120;2983;5560;.537;.535;833;1495;.557;1754;4358;6112;1546;442;1091;1204;2186;6808;
Playoffs Totals
05-06;MIL;PF;5;5;172;20;46;.435;20;46;.435;.435;3;8;.375;9;22;31;17;3;8;21;43;
12-13;GSW;C;12;12;327;39;67;.582;39;67;.582;.582;8;23;.348;39;92;131;22;6;18;22;39;86;
14-15;GSW;C;19;18;440;42;75;.560;1;42;74;.568;.560;5;13;.385;41;112;153;36;11;34;26;69;89;
15-16;GSW;C;22;22;365;48;77;.623;2;48;75;.640;.623;5;14;.357;47;78;125;30;14;35;19;72;101;
18-19;GSW;C;19;6;179;24;37;.649;24;37;.649;.649;4;5;.800;23;51;74;21;5;6;10;38;52;
Career;;77;63;1483;173;302;.573;3;173;299;.579;.573;25;63;.397;159;355;514;126;39;93;85;239;371;
Advanced
05-06;MIL;PF;<strong>82</strong>;2348;15.2;.555;.005;.320;9.4;19.8;14.5;13.4;1.1;2.3;15.3;15.9;3.1;2.4;5.5;.113;-0.3;0.7;0.4;1.4;
06-07;MIL;C;66;2258;15.5;.566;.008;.308;8.7;21.9;15.2;13.9;1.1;1.2;17.4;17.3;2.6;1.4;4.0;.085;0.2;-0.2;1.2;
07-08;MIL;C;78;2720;17.5;.532;.008;.354;10.2;23.4;16.5;12.4;1.2;3.9;14.1;20.2;2.6;2.3;4.8;.085;1.4;
08-09;MIL;C;36;1124;16.2;.586;.309;11.8;27.7;19.4;10.7;1.1;2.7;19.3;17.8;1.0;1.6;2.6;.112;1.3;1.3;1.0;
09-10;MIL;C;69;2229;20.7;.540;.002;.260;10.1;26.4;17.9;10.3;0.9;6.2;11.4;23.3;2.6;4.8;7.5;.161;0.8;2.2;3.1;2.8;
10-11;MIL;C;65;2297;16.7;.496;.005;.292;9.8;27.1;18.3;10.4;1.1;5.8;13.0;19.6;0.3;5.1;5.4;.112;-1.0;2.4;1.3;1.9;
11-12;MIL;C;12;364;14.9;.465;.007;.169;6.5;24.3;15.1;13.7;1.7;5.0;14.1;20.6;-0.1;0.6;0.5;.062;-1.9;2.3;0.5;0.2;
12-13;GSW;C;32;786;13.8;.463;.005;.207;9.8;24.1;17.2;12.5;1.3;5.5;14.8;13.4;0.4;1.4;1.7;.106;-1.4;2.8;1.4;0.7;
13-14;GSW;C;67;1769;17.0;.610;.171;11.4;29.7;20.7;9.3;1.3;5.2;19.4;12.4;2.4;4.0;6.5;.176;-0.2;3.2;3.0;2.2;
14-15;GSW;C;67;1583;15.8;.565;.118;9.9;26.5;18.5;15.4;1.2;5.3;22.1;13.2;1.9;3.4;5.2;.159;-0.9;<strong>3.3</strong>;2.4;1.8;
15-16;GSW;C;70;1451;15.9;.623;.004;.179;9.5;26.0;18.3;14.8;1.1;5.8;21.6;11.4;2.6;2.9;5.4;.180;-0.9;3.2;2.4;1.6;
16-17;TOT;C;27;583;9.3;.460;.012;.136;10.6;33.9;21.7;12.3;1.2;3.9;33.4;10.4;-0.3;1.0;0.7;.055;-5.2;2.6;-2.6;-0.1;
16-17;DAL;C;26;582;9.4;.460;.012;.136;10.7;34.0;21.7;12.3;1.2;3.9;33.4;10.4;-0.3;1.0;0.7;.055;-5.1;2.6;-2.5;-0.1;
16-17;CLE;C;1;1;-35.3;.020;-50.1;5.1;-45.0;
17-18;LAL;C;24;216;10.9;.696;.080;12.9;25.4;19.2;9.1;0.9;4.9;42.3;8.8;0.1;0.3;0.4;.094;-4.7;1.9;-2.8;-0.1;
18-19;GSW;C;11;134;13.4;.523;.083;10.0;32.8;21.9;10.6;1.1;5.0;17.7;14.5;0.1;0.2;0.3;.111;-3.7;0.8;-2.9;
Career;;706;19862;16.4;.545;.004;.268;10.0;25.3;17.5;12.2;1.1;4.3;16.2;16.9;19.2;31.4;50.6;.122;-0.5;1.7;1.2;16.0;
Playoffs Advanced
05-06;MIL;PF;5;172;8.3;.434;.174;6.3;16.4;11.2;14.7;0.9;13.9;15.6;-0.1;-0.1;-0.2;-0.051;-2.4;-1.1;-3.5;-0.1;
12-13;GSW;C;12;327;16.1;.558;.343;14.1;30.1;22.5;10.0;0.9;4.3;22.2;13.5;0.3;0.5;0.8;.122;-0.3;2.6;2.3;0.3;
14-15;GSW;C;19;440;14.0;.551;.013;.173;10.3;27.4;19.0;11.9;1.3;<strong>6.2</strong>;24.4;10.9;0.4;1.0;1.4;.153;-2.0;3.8;1.8;0.4;
15-16;GSW;C;22;365;18.2;.607;.026;.182;14.1;22.8;18.5;12.2;1.9;7.7;18.6;12.3;0.7;0.7;1.5;.194;-1.1;3.8;2.6;0.4;
18-19;GSW;C;19;179;17.3;.663;.135;15.2;<strong>31.9</strong>;<strong>23.8</strong>;16.4;1.4;3.3;20.3;11.9;0.5;0.2;0.7;.186;-1.0;2.8;1.8;0.2;
Career;;77;1483;15.2;.563;.010;.209;12.2;26.1;19.3;12.4;1.3;5.1;20.5;12.5;1.8;2.4;4.2;.136;-1.3;2.8;1.5;1.3;
