Anthony Davis;Power Forward and Center;Right;1993-03-11;Chicago, Illinois;208cm;114;Perspectives Charter School;University of Kentucky;2012;2012;9;3;
Per Game
12-13;NOH;PF;64;60;28.8;5.5;10.6;.516;0.1;5.5;10.5;.521;.516;2.6;3.5;.751;2.6;5.6;8.2;1.0;1.2;1.8;1.4;2.5;13.5;
13-14;NOP;PF;67;66;35.2;7.8;15.0;.519;0.1;.222;7.8;14.9;.522;.520;5.2;6.6;.791;3.1;7.0;10.0;1.6;1.3;<strong>2.8</strong>;1.6;3.0;20.8;
14-15;NOP;PF;68;68;36.1;9.4;17.6;.535;0.2;.083;9.4;17.5;.540;.536;5.5;6.8;.805;2.5;7.7;10.2;2.2;1.5;<strong>2.9</strong>;1.4;2.1;24.4;
15-16;NOP;C;61;61;35.5;9.2;18.6;.493;0.6;1.8;.324;8.6;16.9;.511;.508;5.3;7.0;.758;2.1;8.1;10.3;1.9;1.3;2.0;2.0;2.4;24.3;
16-17;NOP;C;75;75;36.1;10.3;20.3;.505;0.5;1.8;.299;9.7;18.6;.524;.518;6.9;8.6;.802;2.3;9.5;11.8;2.1;1.3;2.2;2.4;2.2;28.0;
17-18;NOP;PF;75;75;36.4;10.4;19.5;.534;0.7;2.2;.340;9.7;17.3;.558;.552;6.6;8.0;.828;2.5;8.6;11.1;2.3;1.5;<strong>2.6</strong>;2.2;2.1;28.1;
18-19;NOP;C;56;56;33.0;9.5;18.3;.517;0.9;2.6;.331;8.6;15.7;.547;.540;6.1;7.7;.794;3.1;8.9;12.0;3.9;1.6;2.4;2.0;2.4;25.9;
19-20;LAL;PF;62;62;34.4;8.9;17.7;.503;1.2;3.5;.330;7.7;14.2;.546;.536;7.2;8.5;.846;2.3;7.0;9.3;3.2;1.5;2.3;2.5;2.5;26.1;
20-21;LAL;PF;36;36;32.3;8.4;17.0;.491;0.7;2.8;.260;7.6;14.3;.536;.512;4.4;5.9;.738;1.7;6.2;7.9;3.1;1.3;1.6;2.1;1.7;21.8;
21-22;LAL;C;40;40;35.1;9.3;17.4;.532;0.3;1.8;.186;8.9;15.6;.571;.542;4.4;6.1;.713;2.7;7.2;9.9;3.1;1.2;2.3;2.1;2.4;23.2;
Career;;604;599;34.4;8.9;17.3;.515;0.5;1.6;.303;8.4;15.7;.537;.529;5.5;7.0;.794;2.5;7.7;10.2;2.3;1.4;2.3;2.0;2.3;23.8;
Playoffs Per Game
14-15;NOP;PF;4;4;<strong>43.0</strong>;11.8;21.8;.540;0.5;11.8;21.3;.553;.540;8.0;9.0;.889;2.3;8.8;11.0;2.0;1.3;<strong>3.0</strong>;3.3;3.0;<strong>31.5</strong>;
17-18;NOP;PF;9;9;39.8;11.8;22.7;.520;0.7;2.4;.273;11.1;20.2;.549;.534;5.9;7.1;.828;2.7;10.8;<strong>13.4</strong>;1.7;2.0;<strong>2.3</strong>;2.6;3.3;30.1;
19-20;LAL;PF;<strong>21</strong>;21;36.6;9.8;17.1;.571;1.1;2.9;.383;8.7;14.2;.609;.603;7.1;8.5;.832;2.6;7.1;9.7;3.5;1.2;1.4;2.5;2.7;27.7;
20-21;LAL;PF;5;5;28.8;5.0;12.4;.403;0.4;2.2;.182;4.6;10.2;.451;.419;7.0;8.4;.833;1.4;5.2;6.6;2.6;0.6;1.6;1.2;1.8;17.4;
Career;;39;39;37.0;9.8;18.3;.538;0.8;2.4;.326;9.0;15.8;.571;.560;6.9;8.2;.838;2.4;7.9;10.3;2.8;1.3;1.8;2.4;2.7;27.3;
Totals
12-13;NOH;PF;64;60;1846;349;676;.516;6;349;670;.521;.516;169;225;.751;165;357;522;63;75;112;89;158;867;
13-14;NOP;PF;67;66;2358;522;1005;.519;2;9;.222;520;996;.522;.520;348;440;.791;207;466;673;105;89;189;109;200;1394;
14-15;NOP;PF;68;68;2455;642;1199;.535;1;12;.083;<strong>641</strong>;1187;.540;.536;371;461;.805;173;523;696;149;100;<strong>200</strong>;95;141;1656;
15-16;NOP;C;61;61;2164;560;1136;.493;35;108;.324;525;1028;.511;.508;326;430;.758;130;497;627;116;78;125;121;148;1481;
16-17;NOP;C;75;75;2708;770;1526;.505;40;134;.299;<strong>730</strong>;1392;.524;.518;519;647;.802;172;712;884;157;94;167;181;168;2099;
17-18;NOP;PF;75;75;2727;780;1462;.534;55;162;.340;<strong>725</strong>;1300;.558;.552;495;598;.828;187;645;832;174;115;<strong>193</strong>;162;159;2110;
18-19;NOP;C;56;56;1850;530;1026;.517;48;145;.331;482;881;.547;.540;344;433;.794;174;498;672;218;88;135;112;132;1452;
19-20;LAL;PF;62;62;2131;551;1096;.503;72;218;.330;479;878;.546;.536;444;525;.846;142;435;577;200;91;143;154;156;1618;
20-21;LAL;PF;36;36;1162;301;613;.491;26;100;.260;275;513;.536;.512;158;214;.738;62;224;286;110;45;59;74;60;786;
21-22;LAL;C;40;40;1404;370;695;.532;13;70;.186;357;625;.571;.542;174;244;.713;106;288;394;122;49;90;82;97;927;
Career;;604;599;20805;5375;10434;.515;292;964;.303;5083;9470;.537;.529;3348;4217;.794;1518;4645;6163;1414;824;1413;1179;1419;14390;
Playoffs Totals
14-15;NOP;PF;4;4;172;47;87;.540;2;47;85;.553;.540;32;36;.889;9;35;44;8;5;12;13;12;126;
17-18;NOP;PF;9;9;358;106;204;.520;6;22;.273;100;182;.549;.534;53;64;.828;24;97;121;15;18;21;23;30;271;
19-20;LAL;PF;<strong>21</strong>;21;769;205;359;.571;23;60;.383;<strong>182</strong>;<strong>299</strong>;.609;.603;149;179;.832;<strong>55</strong>;149;204;73;26;<strong>30</strong>;53;56;<strong>582</strong>;
20-21;LAL;PF;5;5;144;25;62;.403;2;11;.182;23;51;.451;.419;35;42;.833;7;26;33;13;3;8;6;9;87;
Career;;39;39;1443;383;712;.538;31;95;.326;352;617;.571;.560;269;321;.838;95;307;402;109;52;71;95;107;1066;
Advanced
12-13;NOH;PF;64;1846;21.7;.559;.009;.333;10.5;23.5;16.8;6.1;2.2;5.1;10.3;21.8;3.7;2.4;6.1;.159;1.8;0.7;2.5;2.1;
13-14;NOP;PF;67;2358;26.5;.582;.009;.438;10.0;23.3;16.6;8.0;2.0;<strong>6.7</strong>;8.3;25.2;7.2;3.2;10.4;.212;4.0;0.8;4.8;4.0;
14-15;NOP;PF;68;2455;<strong>30.8</strong>;.591;.010;.384;8.0;24.1;16.1;11.6;2.1;6.2;6.3;27.8;9.9;4.2;14.0;.274;6.6;2.3;8.9;6.7;
15-16;NOP;C;61;2164;25.0;.559;.095;.379;6.4;26.4;16.1;10.0;1.8;4.7;8.4;29.6;4.4;2.8;7.2;.160;3.6;0.4;3.9;3.2;
16-17;NOP;C;75;2708;27.5;.580;.088;.424;6.7;27.9;17.2;11.1;1.7;5.1;9.1;32.6;5.9;5.1;11.0;.195;4.4;1.4;5.9;5.4;
17-18;NOP;PF;75;2727;28.9;.612;.111;.409;7.7;24.8;16.5;10.8;2.0;5.6;8.6;30.0;8.8;4.9;13.7;.241;5.3;1.4;6.7;5.9;
18-19;NOP;C;56;1850;30.3;.597;.141;.422;9.9;27.5;18.8;19.0;2.2;6.0;8.4;29.5;6.4;3.1;9.5;.247;7.1;2.3;9.4;5.3;
19-20;LAL;PF;62;2131;27.4;.610;.199;.479;7.4;22.1;14.8;15.1;2.0;6.0;10.4;29.3;6.7;4.4;11.1;.250;5.4;2.6;8.0;5.4;
20-21;LAL;PF;36;1162;22.1;.556;.163;.349;6.0;21.5;13.8;16.4;1.9;4.5;9.5;29.2;1.3;2.4;3.7;.152;2.6;2.2;4.8;2.0;
21-22;LAL;C;40;1404;23.9;.578;.101;.351;8.1;22.0;15.1;14.7;1.7;5.7;9.3;27.1;2.6;2.0;4.5;.155;2.6;1.2;3.8;2.0;
Career;;604;20805;26.9;.585;.092;.404;8.1;24.6;16.3;11.9;2.0;5.6;8.8;28.4;56.9;34.3;91.3;.211;4.5;1.5;6.0;42.1;
Playoffs Advanced
14-15;NOP;PF;4;172;<strong>28.5</strong>;.613;.023;.414;6.0;22.1;14.2;9.3;1.5;6.1;11.2;30.8;0.6;0.1;0.7;.183;6.1;1.3;7.4;0.4;
17-18;NOP;PF;9;358;25.8;.584;.108;.314;7.2;27.2;17.6;7.0;2.3;4.6;9.0;30.5;0.7;0.7;1.4;.184;3.5;1.4;4.8;0.6;
19-20;LAL;PF;<strong>21</strong>;769;29.6;.665;.167;.499;8.5;22.7;15.6;16.1;1.7;3.8;10.8;27.8;<strong>3.3</strong>;1.2;<strong>4.5</strong>;<strong>.284</strong>;6.5;2.1;8.7;2.1;
20-21;LAL;PF;5;144;20.9;.541;.177;.677;5.3;21.3;12.9;16.7;1.1;5.4;6.9;26.8;0.2;0.2;0.5;.159;3.2;2.8;6.0;0.3;
Career;;39;1443;27.7;.625;.133;.451;7.6;23.6;15.7;13.1;1.8;4.5;10.0;28.7;4.8;2.2;7.0;.234;5.4;1.9;7.3;3.4;
