Anthony Tolliver;Power Forward and Small Forward;Right;1985-06-01;;6-8;240;Kickapoo in Springfield,Missouri;;;;-1;;
Per Game
08-09;SAS;PF;19;10.9;1.0;3.4;.292;0.5;2.2;.220;0.5;1.3;.417;.362;0.3;0.5;.500;0.6;1.5;2.2;0.9;0.3;0.1;0.4;0.8;2.7;
09-10;TOT;PF;46;29;31.0;4.2;9.8;.430;1.1;3.3;.329;3.1;6.5;.481;.486;2.2;2.9;.769;1.8;5.1;7.0;1.9;0.7;0.7;1.0;2.8;11.7;
09-10;POR;PF;2;2.0;0.5;0.5;0.5;0.5;0.5;
09-10;GSW;PF;44;29;32.3;4.4;10.2;.431;1.1;3.4;.331;3.3;6.8;.481;.487;2.3;3.0;.769;1.9;5.3;7.3;2.0;0.7;0.8;1.0;2.9;12.3;
10-11;MIN;SF;65;4;21.0;2.2;4.8;.450;0.7;1.8;.409;1.4;3.0;.475;.526;1.6;2.0;.802;1.4;3.1;4.5;1.3;0.4;0.4;0.8;2.2;6.7;
11-12;MIN;SF;51;17.3;1.4;3.6;.390;0.5;2.0;.248;0.9;1.6;.568;.459;0.8;1.1;.745;1.0;2.0;3.0;0.4;0.4;0.4;0.7;1.7;4.1;
12-13;ATL;SF;62;11;15.5;1.3;3.5;.380;0.7;2.1;.338;0.6;1.3;.446;.484;0.7;0.8;.863;0.5;2.0;2.5;0.5;0.2;0.2;0.6;1.1;4.1;
13-14;CHA;PF;64;9;20.3;2.0;4.8;.420;1.6;3.9;.413;0.4;0.9;.450;.586;0.5;0.6;.805;0.5;2.1;2.6;0.7;0.3;0.2;0.4;1.3;6.1;
14-15;TOT;PF;76;11;18.8;2.1;5.2;.410;1.4;3.8;.366;0.7;1.4;.534;.545;0.7;0.9;.783;0.7;2.4;3.1;0.8;0.3;0.2;0.7;1.8;6.3;
14-15;PHO;PF;24;11.3;1.1;3.1;.351;1.0;2.6;.387;0.1;0.5;.167;.514;0.2;0.3;.667;0.3;1.6;1.8;0.4;0.2;0.5;0.8;3.3;
14-15;DET;PF;52;11;22.3;2.6;6.1;.423;1.6;4.4;.360;1.0;1.8;.582;.552;1.0;1.2;.794;0.9;2.8;3.7;0.9;0.4;0.3;0.8;2.3;7.7;
15-16;DET;PF;72;5;18.6;1.8;4.6;.386;1.4;3.8;.360;0.4;0.8;.500;.533;0.4;0.7;.617;0.5;2.6;3.2;0.7;0.4;0.2;0.4;1.2;5.3;
16-17;SAC;PF;65;9;22.7;2.4;5.4;.442;1.4;3.5;.391;1.0;1.9;.537;.570;0.9;1.3;.744;0.8;2.9;3.6;1.2;0.5;0.3;0.9;1.7;7.1;
17-18;DET;PF;79;14;22.2;2.8;6.0;.464;2.0;4.6;.436;0.8;1.4;.561;.632;1.3;1.7;.797;0.6;2.4;3.1;1.1;0.4;0.3;0.7;1.8;8.9;
18-19;MIN;PF;65;16.6;1.5;4.0;.382;1.2;3.3;.377;0.3;0.7;.409;.539;0.7;0.9;.783;0.2;2.5;2.7;0.7;0.3;0.3;0.6;1.4;5.0;
19-20;TOT;PF;55;13;15.9;1.2;3.3;.357;0.9;2.6;.338;0.3;0.7;.432;.492;0.4;0.5;.724;0.6;2.2;2.8;0.8;0.3;0.2;0.6;1.3;3.6;
19-20;POR;PF;33;9;16.8;1.3;3.5;.368;0.9;2.7;.337;0.4;0.8;.464;.496;0.4;0.6;.684;0.8;2.5;3.3;0.9;0.2;0.3;0.6;1.6;3.9;
19-20;SAC;PF;9;9.1;0.3;1.9;.176;0.2;1.7;.133;0.1;0.2;.500;.235;0.1;0.2;.500;0.2;1.0;1.2;0.3;0.4;0.1;0.4;0.7;1.0;
19-20;MEM;PF;13;4;18.2;1.5;3.7;.396;1.3;3.2;.415;0.2;0.5;.286;.573;0.5;0.6;.875;0.4;2.2;2.5;0.8;0.5;0.1;0.7;1.1;4.8;
20-21;PHI;PF;11;9.0;0.4;1.5;.235;0.4;1.3;.286;0.3;.353;0.5;0.5;.833;0.3;0.6;0.9;0.2;0.3;0.2;0.3;0.6;1.5;
Career;;730;105;19.4;2.0;4.8;.414;1.2;3.2;.373;0.8;1.7;.493;.537;0.9;1.2;.771;0.7;2.6;3.3;0.9;0.4;0.3;0.6;1.6;6.1;
Playoffs Per Game
12-13;ATL;SF;6;11.3;1.3;2.3;.571;1.2;1.8;<strong>.636</strong>;0.2;0.5;.333;.821;0.2;0.5;.333;0.5;1.0;1.5;0.2;0.2;0.2;0.2;1.2;4.0;
13-14;CHA;PF;4;5.3;0.3;0.5;.500;0.3;0.5;.500;.750;0.8;0.8;1.000;0.3;0.8;1.0;0.3;0.5;1.5;
15-16;DET;PF;3;8.7;0.7;1.3;.500;0.7;0.7;0.7;1.000;.500;0.3;1.0;1.3;0.3;0.3;1.3;
20-21;PHI;PF;1;2.0;1.0;
Career;;14;8.4;0.8;1.4;.550;0.6;1.1;.533;0.2;0.4;.600;.750;0.3;0.4;.667;0.4;0.9;1.2;0.2;0.1;0.1;0.1;0.7;2.4;
Totals
08-09;SAS;PF;19;208;19;65;.292;9;41;.220;10;24;.417;.362;5;10;.500;12;29;41;17;5;1;7;16;52;
09-10;TOT;PF;46;29;1427;193;449;.430;50;152;.329;143;297;.481;.486;103;134;.769;84;236;320;87;32;33;46;128;539;
09-10;POR;PF;2;4;1;1;1;1;1;
09-10;GSW;PF;44;29;1423;193;448;.431;50;151;.331;143;297;.481;.487;103;134;.769;84;235;319;87;32;33;46;127;539;
10-11;MIN;SF;65;4;1362;141;313;.450;47;115;.409;94;198;.475;.526;105;131;.802;92;203;295;82;28;28;49;145;434;
11-12;MIN;SF;51;882;71;182;.390;25;101;.248;46;81;.568;.459;41;55;.745;50;103;153;22;18;19;35;86;208;
12-13;ATL;SF;62;11;963;82;216;.380;45;133;.338;37;83;.446;.484;44;51;.863;31;124;155;32;15;12;36;66;253;
13-14;CHA;PF;64;9;1298;129;307;.420;102;247;.413;27;60;.450;.586;33;41;.805;33;135;168;42;19;15;23;82;393;
14-15;TOT;PF;76;11;1432;161;393;.410;106;290;.366;55;103;.534;.545;54;69;.783;51;185;236;59;24;16;51;137;482;
14-15;PHO;PF;24;272;26;74;.351;24;62;.387;2;12;.167;.514;4;6;.667;6;38;44;10;4;1;11;20;80;
14-15;DET;PF;52;11;1160;135;319;.423;82;228;.360;53;91;.582;.552;50;63;.794;45;147;192;49;20;15;40;117;402;
15-16;DET;PF;72;5;1341;128;332;.386;98;272;.360;30;60;.500;.533;29;47;.617;39;190;229;52;26;16;28;86;383;
16-17;SAC;PF;65;9;1477;155;351;.442;90;230;.391;65;121;.537;.570;61;82;.744;51;186;237;77;34;20;56;109;461;
17-18;DET;PF;79;14;1757;219;472;.464;159;365;.436;60;107;.561;.632;106;133;.797;50;191;241;90;32;21;58;144;703;
18-19;MIN;PF;65;1079;99;259;.382;81;215;.377;18;44;.409;.539;47;60;.783;15;162;177;46;17;21;36;91;326;
19-20;TOT;PF;55;13;872;65;182;.357;49;145;.338;16;37;.432;.492;21;29;.724;34;120;154;42;19;11;34;74;200;
19-20;POR;PF;33;9;554;43;117;.368;30;89;.337;13;28;.464;.496;13;19;.684;27;83;110;29;8;9;21;54;129;
19-20;SAC;PF;9;82;3;17;.176;2;15;.133;1;2;.500;.235;1;2;.500;2;9;11;3;4;1;4;6;9;
19-20;MEM;PF;13;4;236;19;48;.396;17;41;.415;2;7;.286;.573;7;8;.875;5;28;33;10;7;1;9;14;62;
20-21;PHI;PF;11;99;4;17;.235;4;14;.286;3;.353;5;6;.833;3;7;10;2;3;2;3;7;17;
Career;;730;105;14197;1466;3538;.414;865;2320;.373;601;1218;.493;.537;654;848;.771;545;1871;2416;650;272;215;462;1171;4451;
Playoffs Totals
12-13;ATL;SF;6;68;8;14;.571;7;11;<strong>.636</strong>;1;3;.333;.821;1;3;.333;3;6;9;1;1;1;1;7;24;
13-14;CHA;PF;4;21;1;2;.500;1;2;.500;.750;3;3;1.000;1;3;4;1;2;6;
15-16;DET;PF;3;26;2;4;.500;2;2;2;1.000;.500;1;3;4;1;1;4;
20-21;PHI;PF;1;2;1;
Career;;14;117;11;20;.550;8;15;.533;3;5;.600;.750;4;6;.667;5;12;17;3;1;2;1;10;34;
Advanced
08-09;SAS;PF;19;208;7.6;.375;.631;.154;7.0;16.4;11.7;12.1;1.3;0.4;9.2;17.8;-0.3;0.3;.010;-3.6;-0.3;-3.9;-0.1;
09-10;TOT;PF;46;1427;13.6;.531;.339;.298;6.5;18.7;12.5;8.6;1.1;1.7;8.3;16.6;1.7;0.8;2.5;.084;-0.3;-1.3;-1.6;0.1;
09-10;POR;PF;2;4;-11.5;1.000;31.2;15.5;11.9;-0.217;-15.0;-2.6;-17.6;
09-10;GSW;PF;44;1423;13.7;.532;.337;.299;6.5;18.6;12.5;8.6;1.1;1.7;8.3;16.6;1.8;0.8;2.5;.085;-0.3;-1.3;-1.6;0.2;
10-11;MIN;SF;65;1362;13.3;.585;.367;.419;7.3;17.0;12.0;8.9;1.0;1.6;11.7;13.1;2.6;0.7;3.3;.115;0.1;0.7;
11-12;MIN;SF;51;882;8.3;.504;.555;.302;6.2;13.0;9.6;3.8;1.0;1.5;14.5;12.2;0.3;0.6;0.9;.049;-2.8;0.1;-2.6;-0.2;
12-13;ATL;SF;62;963;8.4;.531;.616;.236;3.7;14.5;9.2;4.8;0.8;1.0;13.1;13.2;0.3;0.9;1.2;.059;-2.5;-0.5;-3.1;-0.3;
13-14;CHA;PF;64;1298;11.0;.605;.805;.134;2.9;11.8;7.3;5.0;0.8;0.9;6.6;12.4;1.9;1.3;3.2;.117;0.1;-0.1;0.6;
14-15;TOT;PF;76;1432;11.1;.569;.738;.176;3.7;14.5;9.0;6.3;0.9;0.9;10.8;14.7;1.8;0.9;2.7;.092;-0.6;-0.8;-1.4;0.2;
14-15;PHO;PF;24;272;7.8;.522;.838;.081;2.4;15.5;8.9;5.2;0.7;0.3;12.6;14.2;0.1;0.2;0.2;.040;-1.3;-1.2;-2.5;
14-15;DET;PF;52;1160;11.8;.580;.715;.197;4.1;14.3;9.0;6.5;0.9;1.0;10.3;14.8;1.8;0.8;2.5;.104;-0.4;-0.7;-1.1;0.3;
15-16;DET;PF;72;1341;10.2;.543;.819;.142;3.1;16.1;9.3;5.6;1.0;0.9;7.4;12.4;1.5;1.3;2.8;.100;-0.1;0.5;0.4;0.8;
16-17;SAC;PF;65;1477;11.1;.595;.655;.234;4.0;14.4;9.3;7.7;1.2;1.2;12.6;13.6;1.5;0.8;2.3;.075;-0.1;-0.8;-1.0;0.4;
17-18;DET;PF;79;1757;13.9;.663;.773;.282;3.1;12.3;7.6;7.5;0.9;1.1;9.9;14.8;3.8;1.5;5.3;.146;1.2;-0.3;0.9;1.3;
18-19;MIN;PF;65;1079;8.6;.571;.830;.232;1.5;16.2;8.8;5.5;0.8;1.7;11.2;12.5;0.6;0.5;1.2;.052;-1.7;-0.7;-2.4;-0.1;
19-20;TOT;PF;55;872;7.0;.513;.797;.159;4.1;14.3;9.3;6.0;1.0;1.1;14.9;11.1;0.4;0.5;.026;-2.7;-0.5;-3.2;-0.3;
19-20;POR;PF;33;554;7.5;.515;.761;.162;5.2;15.5;10.4;6.6;0.7;1.4;14.3;11.2;0.2;0.2;0.4;.031;-2.3;-0.9;-3.3;-0.2;
19-20;SAC;PF;9;82;0.2;.252;.882;.118;2.7;12.7;7.6;4.5;2.4;1.2;18.3;11.6;-0.2;0.1;-0.2;-0.100;-7.8;-1.0;-8.8;-0.1;
19-20;MEM;PF;13;236;8.0;.602;.854;.167;2.3;12.3;7.4;5.3;1.4;0.4;14.9;10.7;0.1;0.2;0.3;.061;-1.8;0.6;-1.2;
20-21;PHI;PF;11;99;4.0;.433;.824;.353;3.4;7.6;5.6;2.5;1.5;1.8;13.3;9.8;-0.1;0.1;0.1;.025;-5.6;-1.5;-7.0;-0.1;
Career;;730;14197;10.9;.569;.656;.240;4.2;14.8;9.4;6.6;1.0;1.2;10.6;13.6;15.8;10.1;25.9;.088;-0.7;-0.4;-1.1;3.2;
Playoffs Advanced
12-13;ATL;SF;6;68;15.2;.783;.786;.214;4.7;9.9;7.2;2.6;0.8;1.2;6.1;11.4;0.2;0.2;.169;3.9;1.3;5.2;0.1;
13-14;CHA;PF;4;21;15.6;.904;1.000;1.500;5.8;18.7;12.0;7.3;7.5;0.1;0.1;.228;2.1;1.6;3.7;
15-16;DET;PF;3;26;10.2;.500;.500;4.9;13.6;9.4;5.7;3.8;7.7;.014;-0.5;-0.5;
20-21;PHI;PF;1;2;-7.3;.037;-16.7;0.8;-15.9;
Career;;14;117;13.8;.751;.750;.300;4.9;12.1;8.4;4.1;0.4;1.5;4.2;9.7;0.3;0.3;.143;2.3;1.0;3.3;0.2;
