Anthony Bennett;Power Forward;Right;1993-03-14;;6-8;245;Findlay Prep in Henderson,Nevada;;;;-1;;
Per Game
13-14;CLE;PF;52;12.8;1.5;4.3;.356;0.3;1.0;.245;1.3;3.3;.390;.384;0.8;1.3;.638;0.9;2.0;3.0;0.3;0.4;0.2;0.9;1.8;4.2;
14-15;MIN;PF;57;3;15.7;2.2;5.2;.421;0.1;0.4;.304;2.1;4.8;.431;.433;0.7;1.1;.641;0.9;2.9;3.8;0.8;0.5;0.3;0.6;1.5;5.2;
15-16;TOR;PF;19;4.4;0.4;1.4;.296;0.2;0.7;.214;0.3;0.7;.385;.352;0.5;0.5;.900;0.3;0.9;1.2;0.3;0.2;0.4;1.5;
16-17;BRK;PF;23;1;11.5;1.7;4.0;.413;0.6;2.1;.271;1.1;1.9;.568;.484;1.1;1.6;.722;1.1;2.3;3.4;0.5;0.2;0.1;0.5;0.8;5.0;
Career;;151;4;12.6;1.7;4.2;.392;0.2;0.9;.261;1.4;3.3;.427;.420;0.8;1.2;.670;0.9;2.3;3.1;0.5;0.4;0.2;0.7;1.4;4.4;
Totals
13-14;CLE;PF;52;663;80;225;.356;13;53;.245;67;172;.390;.384;44;69;.638;49;106;155;17;21;8;47;93;217;
14-15;MIN;PF;57;3;894;125;297;.421;7;23;.304;118;274;.431;.433;41;64;.641;52;164;216;48;27;16;36;87;298;
15-16;TOR;PF;19;84;8;27;.296;3;14;.214;5;13;.385;.352;9;10;.900;6;17;23;5;4;8;28;
16-17;BRK;PF;23;1;264;38;92;.413;13;48;.271;25;44;.568;.484;26;36;.722;25;53;78;12;5;3;12;18;115;
Career;;151;4;1905;251;641;.392;36;138;.261;215;503;.427;.420;120;179;.670;132;340;472;77;58;27;99;206;658;
Advanced
13-14;CLE;PF;52;663;6.9;.425;.236;.307;8.1;18.4;13.1;4.0;1.6;1.0;15.5;20.3;-1.1;0.7;-0.4;-0.028;-6.0;-1.3;-7.4;-0.9;
14-15;MIN;PF;57;894;11.4;.458;.077;.215;6.5;21.6;13.8;8.7;1.5;1.4;10.0;17.8;-0.1;0.4;0.3;.017;-2.5;-1.4;-3.9;-0.4;
15-16;TOR;PF;19;84;10.4;.446;.519;.370;8.3;22.8;15.7;3.1;11.3;19.2;0.1;0.1;.054;-2.9;-1.1;-3.9;
16-17;BRK;PF;23;264;14.7;.533;.522;.391;10.2;21.0;15.6;7.1;0.9;0.9;10.0;19.4;0.3;0.2;0.5;.090;0.5;-1.9;-1.4;
Career;;151;1905;10.2;.457;.215;.279;7.6;20.5;13.9;6.5;1.5;1.1;12.1;19.0;-0.9;1.4;0.5;.013;-3.3;-1.5;-4.8;-1.3;
