Anthony Morrow;Shooting Guard;Right;1985-09-27;;6-5;210;Charlotte Latin in Charlotte,North Carolina;;;;-1;;
Per Game
08-09;GSW;SG;67;17;22.6;3.8;8.0;.478;1.3;2.7;<strong>.467</strong>;2.5;5.2;.483;.558;1.2;1.4;.870;1.2;1.8;3.0;1.2;0.5;0.2;0.8;1.9;10.1;
09-10;GSW;SG;69;37;29.2;4.8;10.2;.468;2.0;4.4;.456;2.7;5.7;.477;.568;1.5;1.7;.886;0.9;2.9;3.8;1.5;0.9;0.2;1.2;2.3;13.0;
10-11;NJN;SG;58;47;32.0;4.8;10.7;.450;1.9;4.5;.423;2.9;6.2;.469;.539;1.7;1.8;.897;0.6;2.3;3.0;1.2;0.3;0.1;0.9;2.3;13.2;
11-12;NJN;SG;62;18;26.4;4.4;10.6;.413;1.7;4.6;.371;2.7;6.0;.446;.494;1.6;1.7;.933;0.5;1.5;2.0;1.0;0.7;0.1;1.1;1.4;12.0;
12-13;TOT;SG;41;1;9.3;1.6;3.5;.441;0.4;1.0;.372;1.2;2.5;.471;.497;0.5;0.5;.909;0.3;0.5;0.7;0.3;0.3;0.2;1.0;4.0;
12-13;ATL;SG;24;1;12.5;2.0;4.6;.423;0.6;1.6;.395;1.3;3.0;.438;.491;0.7;0.8;.889;0.4;0.7;1.1;0.4;0.5;0.2;1.4;5.2;
12-13;DAL;SG;17;4.8;1.0;2.0;.500;0.1;0.3;.200;0.9;1.7;.552;.515;0.2;0.2;1.000;0.1;0.2;0.2;0.2;0.1;0.2;0.6;2.3;
13-14;NOP;SG;76;9;18.8;3.1;6.8;.458;1.2;2.6;.451;2.0;4.3;.462;.542;0.9;1.1;.828;0.4;1.5;1.8;0.8;0.5;0.2;0.7;1.3;8.4;
14-15;OKC;SG;74;24.4;3.9;8.3;.463;1.9;4.4;.434;1.9;3.9;.497;.578;1.1;1.2;.888;0.5;2.1;2.6;0.8;0.7;0.1;0.5;1.8;10.7;
15-16;OKC;SG;68;6;13.6;2.0;4.9;.408;1.2;3.0;.387;0.8;1.9;.442;.527;0.4;0.6;.744;0.1;0.8;0.9;0.4;0.3;0.1;0.3;0.9;5.6;
16-17;TOT;SG;49;7;14.6;2.0;5.1;.389;0.8;2.7;.308;1.2;2.4;.479;.470;0.7;0.8;.919;0.2;0.4;0.6;0.5;0.5;0.1;0.9;5.5;
16-17;OKC;SG;40;7;15.7;2.2;5.6;.386;0.9;3.0;.294;1.3;2.6;.490;.464;0.6;0.7;.885;0.3;0.5;0.7;0.5;0.6;0.1;0.2;1.0;5.8;
16-17;CHI;SG;9;9.7;1.3;3.2;.414;0.7;1.6;.429;0.7;1.7;.400;.517;1.2;1.2;1.000;0.1;0.1;0.2;0.7;0.2;0.4;4.6;
Career;;564;142;21.8;3.5;7.8;.447;1.4;3.4;.417;2.0;4.3;.470;.539;1.1;1.2;.880;0.5;1.6;2.2;0.9;0.6;0.1;0.7;1.6;9.4;
Playoffs Per Game
15-16;OKC;SG;14;5.4;0.8;1.7;.458;0.4;1.0;.357;0.4;0.7;.600;.563;0.7;0.7;<strong>1.000</strong>;0.1;0.1;0.1;0.1;0.3;0.4;2.6;
16-17;CHI;SG;3;9.7;1.7;3.0;.556;1.7;3.0;.556;.556;0.7;0.7;1.000;1.0;1.0;0.7;0.7;4.0;
Career;;17;6.2;0.9;1.9;.485;0.3;0.8;.357;0.6;1.1;.579;.561;0.7;0.7;1.000;0.3;0.3;0.2;0.1;0.2;0.4;2.9;
Totals
08-09;GSW;SG;67;17;1515;255;534;.478;86;184;<strong>.467</strong>;169;350;.483;.558;80;92;.870;78;121;199;80;36;12;52;130;676;
09-10;GSW;SG;69;37;2018;329;703;.468;140;307;.456;189;396;.477;.568;101;114;.886;61;198;259;104;65;16;84;158;899;
10-11;NJN;SG;58;47;1856;279;620;.450;110;260;.423;169;360;.469;.539;96;107;.897;37;135;172;68;19;7;54;135;764;
11-12;NJN;SG;62;18;1636;272;658;.413;106;286;.371;166;372;.446;.494;97;104;.933;31;96;127;61;46;9;70;86;747;
12-13;TOT;SG;41;1;383;64;145;.441;16;43;.372;48;102;.471;.497;20;22;.909;11;19;30;13;13;1;8;43;164;
12-13;ATL;SG;24;1;301;47;111;.423;15;38;.395;32;73;.438;.491;16;18;.889;10;16;26;9;12;1;4;33;125;
12-13;DAL;SG;17;82;17;34;.500;1;5;.200;16;29;.552;.515;4;4;1.000;1;3;4;4;1;4;10;39;
13-14;NOP;SG;76;9;1426;238;520;.458;88;195;.451;150;325;.462;.542;72;87;.828;29;111;140;59;38;12;51;102;636;
14-15;OKC;SG;74;1806;285;615;.463;141;325;.434;144;290;.497;.578;79;89;.888;40;155;195;60;54;11;38;135;790;
15-16;OKC;SG;68;6;926;136;333;.408;79;204;.387;57;129;.442;.527;29;39;.744;10;52;62;24;22;5;17;64;380;
16-17;TOT;SG;49;7;714;98;252;.389;41;133;.308;57;119;.479;.470;34;37;.919;12;19;31;25;24;2;6;44;271;
16-17;OKC;SG;40;7;627;86;223;.386;35;119;.294;51;104;.490;.464;23;26;.885;11;18;29;19;22;2;6;40;230;
16-17;CHI;SG;9;87;12;29;.414;6;14;.429;6;15;.400;.517;11;11;1.000;1;1;2;6;2;4;41;
Career;;564;142;12280;1956;4380;.447;807;1937;.417;1149;2443;.470;.539;608;691;.880;309;906;1215;494;317;75;380;897;5327;
Playoffs Totals
15-16;OKC;SG;14;76;11;24;.458;5;14;.357;6;10;.600;.563;10;10;<strong>1.000</strong>;2;2;1;1;4;5;37;
16-17;CHI;SG;3;29;5;9;.556;5;9;.556;.556;2;2;1.000;3;3;2;2;12;
Career;;17;105;16;33;.485;5;14;.357;11;19;.579;.561;12;12;1.000;5;5;3;1;4;7;49;
Advanced
08-09;GSW;SG;67;1515;14.7;.588;.345;.172;5.6;8.7;7.1;8.2;1.2;0.5;8.3;17.7;3.0;3.0;.096;1.7;-1.9;-0.2;0.7;
09-10;GSW;SG;69;2018;14.0;.597;.437;.162;3.3;11.1;7.1;7.6;1.5;0.6;10.0;17.8;3.0;0.6;3.5;.084;1.2;-1.5;-0.4;0.8;
10-11;NJN;SG;58;1856;12.1;.573;.419;.173;2.3;8.8;5.5;6.3;0.5;0.3;7.5;18.0;2.6;0.4;3.0;.078;0.3;-1.3;-1.0;0.5;
11-12;NJN;SG;62;1636;13.1;.531;.435;.158;2.1;7.0;4.5;6.8;1.5;0.4;9.0;21.6;1.7;1.7;.051;0.1;-2.0;-1.9;
12-13;TOT;SG;41;383;12.0;.530;.297;.152;3.3;5.6;4.5;5.6;1.8;0.2;4.9;19.6;0.4;0.3;0.7;.084;-1.9;-1.8;
12-13;ATL;SG;24;301;12.3;.526;.342;.162;3.9;6.0;4.9;4.8;2.1;0.3;3.3;18.9;0.4;0.3;0.6;.100;-1.5;0.7;-0.8;0.1;
12-13;DAL;SG;17;82;10.9;.545;.147;.118;1.4;4.0;2.7;8.3;0.6;10.1;22.1;.028;-3.3;-2.4;-5.7;-0.1;
13-14;NOP;SG;76;1426;13.9;.570;.375;.167;2.3;9.2;5.7;6.7;1.4;0.7;8.4;19.4;2.1;0.3;2.4;.081;0.7;-1.6;-0.9;0.4;
14-15;OKC;SG;74;1806;14.8;.604;.528;.145;2.4;9.1;5.8;5.2;1.5;0.5;<strong>5.5</strong>;16.5;4.4;1.2;5.7;.151;1.9;-0.1;1.8;1.7;
15-16;OKC;SG;68;926;10.7;.543;.613;.117;1.2;5.8;3.6;3.7;1.2;0.4;4.6;16.9;1.4;0.5;1.9;.097;-0.1;-1.0;-1.1;0.2;
16-17;TOT;SG;49;714;10.1;.505;.528;.147;1.9;2.9;2.4;5.2;1.7;0.2;2.2;16.4;0.7;0.5;1.2;.083;-1.8;-0.5;-2.3;
16-17;OKC;SG;40;627;9.2;.491;.534;.117;1.9;3.2;2.6;4.5;1.7;0.3;2.5;16.3;0.4;0.4;0.9;.069;-2.3;-0.5;-2.8;-0.1;
16-17;CHI;SG;9;87;16.0;.606;.483;.379;1.2;1.2;1.2;10.4;1.2;17.0;0.3;0.3;.190;1.7;-0.2;1.5;0.1;
Career;;564;12280;13.2;.569;.442;.158;2.8;8.3;5.6;6.4;1.3;0.5;7.5;18.2;19.4;3.8;23.2;.091;0.6;-1.3;-0.6;4.3;
Playoffs Advanced
15-16;OKC;SG;14;76;12.7;.651;.583;.417;2.9;1.5;2.0;0.7;12.3;18.5;0.2;0.2;.120;1.1;-0.2;0.9;0.1;
16-17;CHI;SG;3;29;14.5;.607;.222;11.4;5.8;11.8;15.3;0.1;0.1;.141;-1.3;-0.7;-2.0;
Career;;17;105;13.2;.640;.424;.364;5.2;2.7;4.7;0.5;9.5;17.6;0.2;0.3;.126;0.5;-0.4;0.1;0.1;
