Archie Goodwin;Shooting Guard and Point Guard;Right;1994-08-17;;6-5;200;Sylvan Hills in Sherwood,Arkansas;;;;-1;;
Per Game
13-14;PHO;SG;52;10.3;1.5;3.2;.455;0.1;0.7;.139;1.4;2.5;.542;.470;0.7;1.1;.673;0.5;1.2;1.7;0.4;0.4;0.2;0.8;0.9;3.7;
14-15;PHO;SG;41;2;13.0;1.9;4.9;.393;0.3;1.0;.293;1.6;3.9;.419;.423;1.5;2.0;.735;0.7;1.1;1.8;1.1;0.4;0.2;1.2;1.3;5.6;
15-16;PHO;PG;57;13;19.5;3.1;7.4;.417;0.4;1.7;.232;2.7;5.7;.474;.444;2.3;3.4;.674;0.5;2.0;2.5;2.1;0.5;0.2;1.8;1.5;8.9;
16-17;TOT;SG;15;14.3;2.4;4.4;.545;0.3;1.0;.333;2.1;3.4;.608;.583;2.2;2.8;.786;0.5;1.4;1.9;1.6;0.3;0.3;0.9;0.5;7.3;
16-17;NOP;SG;3;10.0;0.7;1.7;.400;0.3;0.7;.500;0.3;1.0;.333;.500;3.3;3.3;1.000;0.3;0.3;0.3;5.0;
16-17;BRK;SG;12;15.3;2.8;5.1;.557;0.3;1.1;.308;2.5;4.0;.625;.590;1.9;2.7;.719;0.6;1.8;2.3;1.9;0.3;0.3;1.2;0.6;7.9;
Career;;165;15;14.5;2.2;5.2;.429;0.3;1.2;.236;2.0;4.0;.484;.455;1.6;2.3;.700;0.5;1.5;2.0;1.2;0.4;0.2;1.2;1.2;6.3;
Totals
13-14;PHO;SG;52;533;76;167;.455;5;36;.139;71;131;.542;.470;37;55;.673;25;62;87;20;20;11;44;45;194;
14-15;PHO;SG;41;2;535;79;201;.393;12;41;.293;67;160;.419;.423;61;83;.735;27;47;74;44;18;9;48;55;231;
15-16;PHO;PG;57;13;1114;176;422;.417;23;99;.232;153;323;.474;.444;130;193;.674;27;115;142;118;27;13;100;84;505;
16-17;TOT;SG;15;214;36;66;.545;5;15;.333;31;51;.608;.583;33;42;.786;7;21;28;24;4;5;14;8;110;
16-17;NOP;SG;3;30;2;5;.400;1;2;.500;1;3;.333;.500;10;10;1.000;1;1;1;15;
16-17;BRK;SG;12;184;34;61;.557;4;13;.308;30;48;.625;.590;23;32;.719;7;21;28;23;4;4;14;7;95;
Career;;165;15;2396;367;856;.429;45;191;.236;322;665;.484;.455;261;373;.700;86;245;331;206;69;38;206;192;1040;
Advanced
13-14;PHO;SG;52;533;10.3;.507;.216;.329;5.3;13.0;9.2;5.7;1.9;1.6;18.7;19.4;-0.3;0.5;0.2;.018;-3.1;-0.1;-3.2;-0.2;
14-15;PHO;SG;41;535;11.2;.486;.204;.413;5.5;9.7;7.6;12.6;1.7;1.3;16.8;23.4;-0.2;0.4;0.2;.014;-2.8;-0.6;-3.4;-0.2;
15-16;PHO;PG;57;1114;11.1;.498;.235;.457;2.6;11.5;6.9;17.2;1.2;1.0;16.5;23.2;-0.4;0.5;0.1;.004;-2.1;-1.5;-3.7;-0.5;
16-17;TOT;SG;15;214;18.7;.651;.227;.636;3.5;10.3;6.9;18.5;0.9;1.8;14.2;19.8;0.6;0.1;0.7;.153;2.2;-0.3;1.9;0.2;
16-17;NOP;SG;3;30;19.7;.798;.400;2.000;4.5;2.7;13.9;0.2;0.2;.291;3.0;0.3;3.3;
16-17;BRK;SG;12;184;18.6;.633;.213;.525;4.1;11.9;8.1;20.8;1.0;1.6;15.7;20.7;0.4;0.1;0.5;.131;2.0;-0.4;1.6;0.2;
Career;;165;2396;11.6;.510;.223;.436;3.9;11.3;7.6;13.7;1.4;1.2;16.8;22.1;-0.4;1.5;1.1;.022;-2.1;-0.9;-3.0;-0.6;
