Aron Baynes;Center;Right;1986-12-09;;6-10;260;;;;;-1;;
Per Game
12-13;SAS;C;16;8.8;1.1;2.3;.500;0.1;1.1;2.2;.514;.500;0.4;0.8;.583;0.8;1.3;2.0;0.3;0.1;0.4;0.7;1.4;2.7;
13-14;SAS;C;53;4;9.3;1.3;3.1;.436;1.3;3.1;.436;.436;0.4;0.4;.905;1.1;1.7;2.7;0.6;0.1;0.7;1.5;3.0;
14-15;SAS;C;70;17;16.0;2.6;4.7;.566;0.1;.250;2.6;4.6;.570;.567;1.3;1.5;.865;1.6;3.0;4.5;0.5;0.2;0.3;0.9;2.3;6.6;
15-16;DET;C;81;1;15.2;2.4;4.7;.505;2.4;4.7;.508;.505;1.6;2.0;.764;1.7;3.0;4.7;0.6;0.3;0.6;0.8;1.9;6.3;
16-17;DET;C;75;2;15.5;1.9;3.7;.513;1.9;3.7;.513;.513;1.1;1.3;.840;1.5;3.0;4.4;0.4;0.2;0.5;0.7;2.2;4.9;
17-18;BOS;C;81;67;18.3;2.6;5.5;.471;0.3;.143;2.6;5.2;.487;.474;0.7;1.0;.756;1.6;3.8;5.4;1.1;0.3;0.6;1.0;2.5;6.0;
18-19;BOS;C;51;18;16.1;2.1;4.4;.471;0.4;1.2;.344;1.6;3.2;.519;.518;1.0;1.2;.855;1.7;3.0;4.7;1.1;0.2;0.7;0.8;2.5;5.6;
19-20;PHO;C;42;28;22.2;4.4;9.1;.480;1.4;4.0;.351;3.0;5.1;.582;.558;1.3;1.8;.747;1.7;4.0;5.6;1.6;0.2;0.5;1.2;3.4;11.5;
20-21;TOR;C;53;31;18.5;2.5;5.7;.441;0.5;1.9;.262;2.0;3.8;.532;.485;0.5;0.8;.707;1.6;3.5;5.2;0.9;0.3;0.4;0.9;2.2;6.1;
Career;;522;168;16.0;2.4;4.9;.489;0.2;0.7;.308;2.2;4.2;.519;.511;1.0;1.2;.794;1.5;3.0;4.6;0.8;0.2;0.5;0.9;2.2;6.0;
Playoffs Per Game
12-13;SAS;C;4;1;5.8;1.0;1.8;.571;1.0;1.8;.571;.571;0.5;0.8;1.3;0.3;1.0;2.0;
13-14;SAS;C;14;7.2;0.9;1.7;.500;0.1;0.9;1.6;.522;.500;0.6;0.7;.800;0.9;1.4;2.2;0.2;0.5;1.1;2.3;
14-15;SAS;C;4;10.0;0.8;2.5;.300;0.8;2.5;.300;.300;0.8;0.8;1.000;0.8;1.8;2.5;0.3;0.8;2.3;2.3;
15-16;DET;C;4;11.0;1.0;2.3;.444;1.0;2.3;.444;.444;0.5;0.8;.667;0.8;1.3;2.0;0.5;0.8;1.0;2.5;
17-18;BOS;C;19;12;20.5;2.4;4.7;.506;0.6;1.2;.478;1.8;3.5;.515;.567;0.7;0.9;.722;2.4;3.8;6.2;1.0;0.2;0.6;0.4;2.3;6.0;
18-19;BOS;C;9;5;12.8;0.9;1.6;.571;0.2;0.7;.333;0.7;0.9;.750;.643;0.1;0.2;.500;0.7;2.1;2.8;0.3;0.3;0.3;0.6;2.2;2.1;
Career;;54;18;13.2;1.4;2.8;.497;0.2;0.6;.433;1.2;2.3;.512;.539;0.5;0.7;.750;1.3;2.3;3.6;0.5;0.2;0.3;0.5;1.8;3.6;
Totals
12-13;SAS;C;16;141;18;36;.500;1;18;35;.514;.500;7;12;.583;12;20;32;5;1;6;11;23;43;
13-14;SAS;C;53;4;491;71;163;.436;71;163;.436;.436;19;21;.905;57;88;145;34;2;5;36;77;161;
14-15;SAS;C;70;17;1122;185;327;.566;1;4;.250;184;323;.570;.567;90;104;.865;109;209;318;35;16;22;65;162;461;
15-16;DET;C;81;1;1233;194;384;.505;2;194;382;.508;.505;126;165;.764;140;244;384;51;21;52;67;151;514;
16-17;DET;C;75;2;1163;143;279;.513;143;279;.513;.513;79;94;.840;111;222;333;32;17;39;50;166;365;
17-18;BOS;C;81;67;1485;210;446;.471;3;21;.143;207;425;.487;.474;59;78;.756;130;304;434;93;22;51;80;200;482;
18-19;BOS;C;51;18;821;105;223;.471;21;61;.344;84;162;.519;.518;53;62;.855;88;152;240;57;12;34;40;125;284;
19-20;PHO;C;42;28;934;183;381;.480;59;168;.351;124;213;.582;.558;56;75;.747;71;166;237;67;10;23;50;141;481;
20-21;TOR;C;53;31;980;134;304;.441;27;103;.262;107;201;.532;.485;29;41;.707;87;186;273;47;17;23;46;119;324;
Career;;522;168;8370;1243;2543;.489;111;360;.308;1132;2183;.519;.511;518;652;.794;805;1591;2396;421;118;255;445;1164;3115;
Playoffs Totals
12-13;SAS;C;4;1;23;4;7;.571;4;7;.571;.571;2;3;5;1;4;8;
13-14;SAS;C;14;101;12;24;.500;1;12;23;.522;.500;8;10;.800;12;19;31;3;7;15;32;
14-15;SAS;C;4;40;3;10;.300;3;10;.300;.300;3;3;1.000;3;7;10;1;3;9;9;
15-16;DET;C;4;44;4;9;.444;4;9;.444;.444;2;3;.667;3;5;8;2;3;4;10;
17-18;BOS;C;19;12;389;45;89;.506;11;23;.478;34;66;.515;.567;13;18;.722;45;73;118;19;4;11;8;43;114;
18-19;BOS;C;9;5;115;8;14;.571;2;6;.333;6;8;.750;.643;1;2;.500;6;19;25;3;3;3;5;20;19;
Career;;54;18;712;76;153;.497;13;30;.433;63;123;.512;.539;27;36;.750;71;126;197;25;10;14;27;95;192;
Advanced
12-13;SAS;C;16;141;8.8;.521;.028;.333;10.4;15.5;13.1;5.2;0.4;3.1;21.0;17.1;0.2;0.1;.050;-6.4;-0.6;-7.0;-0.2;
13-14;SAS;C;53;491;9.7;.467;.129;13.6;19.4;16.6;9.9;0.2;0.7;17.3;19.2;-0.1;0.6;0.6;.055;-4.7;-1.0;-5.7;-0.5;
14-15;SAS;C;70;1122;15.9;.618;.012;.318;11.2;20.7;16.1;4.9;0.7;1.5;14.8;17.8;2.3;1.6;3.9;.166;-1.4;-0.4;-1.8;0.1;
15-16;DET;C;81;1233;17.8;.563;.005;.430;11.9;22.5;17.0;6.6;0.9;3.2;12.8;18.5;2.4;1.7;4.1;.158;-0.5;0.3;-0.2;0.6;
16-17;DET;C;75;1163;13.1;.570;.337;10.0;21.6;15.6;3.9;0.7;2.8;13.5;14.1;1.4;1.5;3.0;.123;-3.2;0.5;-2.7;-0.2;
17-18;BOS;C;81;1485;12.0;.502;.047;.175;9.7;22.1;16.0;9.6;0.7;2.9;14.3;16.8;0.5;2.5;3.0;.097;-3.6;0.7;-2.9;-0.3;
18-19;BOS;C;51;821;14.0;.567;.274;.278;11.4;19.8;15.6;9.3;0.7;3.7;13.8;15.2;1.3;1.1;2.4;.139;-1.8;0.3;-1.5;0.1;
19-20;PHO;C;42;934;15.2;.581;.441;.197;8.3;20.0;14.1;10.9;0.5;2.1;10.8;21.1;1.3;0.8;2.1;.107;-0.2;-0.8;-1.0;0.2;
20-21;TOR;C;53;980;10.5;.503;.339;.135;9.4;21.7;15.3;7.0;0.8;2.3;12.5;16.2;0.1;0.9;1.0;.049;-3.4;-1.1;-4.5;-0.6;
Career;;522;8370;13.7;.550;.142;.256;10.5;21.1;15.8;7.5;0.7;2.5;13.6;17.2;9.1;11.0;20.1;.115;-2.3;-0.1;-2.4;-0.8;
Playoffs Advanced
12-13;SAS;C;4;23;10.6;.571;10.3;14.5;12.5;12.5;16.5;.090;-5.0;-2.5;-7.5;
13-14;SAS;C;14;101;11.5;.563;.042;.417;14.3;21.5;18.0;1.5;19.8;16.3;0.1;0.2;0.2;.108;-3.3;-0.2;-3.5;
14-15;SAS;C;4;40;1.3;.398;.300;7.8;19.3;13.3;3.5;20.9;16.1;-0.1;-0.056;-8.6;-1.1;-9.7;-0.1;
15-16;DET;C;4;44;5.9;.484;.333;8.6;13.4;11.1;6.9;22.5;15.2;-0.1;-0.081;-4.7;-2.8;-7.4;-0.1;
17-18;BOS;C;19;389;15.6;.588;.258;.202;13.0;22.0;17.4;7.7;0.5;2.5;7.6;12.4;0.9;0.5;1.4;.174;0.6;0.7;0.3;
18-19;BOS;C;9;115;6.7;.638;.429;.143;5.6;16.1;11.1;3.9;1.3;2.4;25.2;7.6;0.2;0.2;.100;-4.4;2.1;-2.3;
Career;;54;712;12.0;.569;.196;.235;11.3;20.1;15.7;5.5;0.7;1.8;13.8;12.7;0.9;0.9;1.8;.121;-2.1;0.3;-1.8;
