Arron Afflalo;Shooting Guard and Small Forward;Right;1985-10-15;;6-5;210;Centennial in Compton,California;;;;-1;;
Per Game
07-08;DET;SG;75;9;12.9;1.3;3.2;.411;0.1;0.6;.208;1.2;2.6;.461;.432;0.9;1.2;.782;0.5;1.3;1.8;0.7;0.4;0.1;0.5;1.1;3.7;
08-09;DET;SG;74;8;16.7;1.8;4.1;.437;0.6;1.4;.402;1.2;2.6;.456;.508;0.8;1.0;.817;0.4;1.4;1.8;0.6;0.4;0.2;0.6;1.9;4.9;
09-10;DEN;SG;<strong>82</strong>;75;27.1;3.3;7.1;.465;1.3;3.0;.434;2.0;4.1;.488;.557;0.9;1.2;.735;0.7;2.4;3.1;1.7;0.6;0.4;0.9;2.7;8.8;
10-11;DEN;SG;69;69;33.7;4.5;9.1;.498;1.5;3.6;.423;3.0;5.5;.546;.581;2.0;2.4;.847;0.7;3.0;3.6;2.4;0.5;0.4;1.0;2.2;12.6;
11-12;DEN;SG;62;62;33.6;5.3;11.3;.471;1.4;3.6;.398;3.9;7.7;.504;.534;3.2;4.0;.798;0.6;2.5;3.2;2.4;0.6;0.2;1.4;2.2;15.2;
12-13;ORL;SF;64;64;36.0;6.2;14.1;.439;1.1;3.8;.300;5.1;10.4;.489;.478;3.0;3.5;.857;0.5;3.3;3.7;3.2;0.6;0.2;2.2;2.1;16.5;
13-14;ORL;SG;73;73;35.0;6.4;13.8;.459;1.8;4.1;.427;4.6;9.7;.473;.522;3.8;4.6;.815;0.4;3.2;3.6;3.4;0.5;2.0;1.9;18.2;
14-15;TOT;SG;78;72;32.1;4.8;11.3;.424;1.5;4.3;.354;3.3;7.1;.466;.491;2.1;2.5;.843;0.3;2.8;3.2;1.7;0.5;0.1;1.5;2.1;13.3;
14-15;DEN;SG;53;53;33.0;5.3;12.4;.428;1.5;4.6;.337;3.8;7.8;.481;.490;2.4;2.8;.841;0.4;3.0;3.4;1.9;0.6;0.1;1.6;2.0;14.5;
14-15;POR;SG;25;19;30.1;3.8;9.1;.414;1.4;3.6;.400;2.3;5.5;.423;.493;1.6;1.9;.851;0.2;2.4;2.7;1.1;0.4;0.1;1.3;2.4;10.6;
15-16;NYK;SG;71;57;33.4;5.0;11.3;.443;1.3;3.4;.382;3.7;7.9;.469;.500;1.5;1.8;.840;0.3;3.4;3.7;2.0;0.4;0.1;1.2;2.0;12.8;
16-17;SAC;SG;61;45;25.9;3.0;6.9;.440;1.0;2.5;.411;2.0;4.4;.457;.514;1.4;1.5;.892;0.1;1.9;2.0;1.3;0.3;0.1;0.7;1.7;8.4;
17-18;ORL;SG;53;3;12.9;1.2;3.1;.401;0.5;1.3;.386;0.7;1.7;.413;.485;0.4;0.5;.846;0.1;1.2;1.2;0.6;0.1;0.2;0.4;1.1;3.4;
Career;;762;537;27.3;3.9;8.7;.450;1.1;2.9;.386;2.8;5.8;.481;.514;1.8;2.2;.825;0.4;2.4;2.9;1.8;0.4;0.2;1.1;1.9;10.8;
Playoffs Per Game
07-08;DET;SG;12;7.0;0.6;1.5;.389;0.2;0.6;1.3;.438;.389;0.4;0.4;0.5;0.3;0.1;0.4;1.2;
08-09;DET;SG;4;16.5;2.5;5.3;.476;0.5;2.5;.200;2.0;2.8;.727;.524;0.8;1.3;.600;0.3;0.5;0.8;0.3;0.5;0.8;2.3;6.3;
09-10;DEN;SG;6;6;20.0;3.3;5.3;<strong>.625</strong>;1.0;2.3;.429;2.3;3.0;<strong>.778</strong>;<strong>.719</strong>;1.5;1.8;.818;0.2;1.8;2.0;1.2;0.2;0.3;0.7;3.5;9.2;
10-11;DEN;SG;3;3;28.3;4.0;11.3;.353;1.0;4.0;.250;3.0;7.3;.409;.397;2.3;2.7;.875;3.0;3.0;2.3;1.0;3.3;11.3;
11-12;DEN;SG;7;7;32.7;4.3;10.6;.405;0.6;2.9;.200;3.7;7.7;.481;.432;1.7;2.1;.800;0.7;2.9;3.6;2.7;0.7;0.3;1.3;2.0;10.9;
14-15;POR;SG;3;3;20.0;0.7;4.0;.167;0.3;1.3;.250;0.3;2.7;.125;.208;0.3;2.3;2.3;0.7;1.0;2.0;1.7;
Career;;35;19;18.4;2.3;5.5;.424;0.5;1.8;.258;1.9;3.7;.504;.466;0.9;1.1;.775;0.2;1.5;1.7;1.2;0.3;0.2;0.7;1.9;6.0;
Totals
07-08;DET;SG;75;9;970;99;241;.411;10;48;.208;89;193;.461;.432;68;87;.782;36;101;137;52;31;8;34;83;276;
08-09;DET;SG;74;8;1234;131;300;.437;43;107;.402;88;193;.456;.508;58;71;.817;30;104;134;44;28;13;43;144;363;
09-10;DEN;SG;<strong>82</strong>;75;2221;272;585;.465;108;249;.434;164;336;.488;.557;72;98;.735;59;193;252;138;46;30;74;225;724;
10-11;DEN;SG;69;69;2324;312;627;.498;105;248;.423;207;379;.546;.581;138;163;.847;45;206;251;168;34;31;71;153;867;
11-12;DEN;SG;62;62;2086;329;699;.471;88;221;.398;241;478;.504;.534;197;247;.798;40;157;197;149;36;13;85;134;943;
12-13;ORL;SF;64;64;2307;397;905;.439;72;240;.300;325;665;.489;.478;191;223;.857;29;210;239;206;40;11;138;137;1057;
13-14;ORL;SG;73;73;2552;464;1011;.459;128;300;.427;336;711;.473;.522;274;336;.815;32;230;262;248;35;3;146;136;1330;
14-15;TOT;SG;78;72;2502;375;884;.424;118;333;.354;257;551;.466;.491;167;198;.843;27;220;247;129;41;7;116;167;1035;
14-15;DEN;SG;53;53;1750;281;657;.428;82;243;.337;199;414;.481;.490;127;151;.841;21;159;180;101;32;5;83;108;771;
14-15;POR;SG;25;19;752;94;227;.414;36;90;.400;58;137;.423;.493;40;47;.851;6;61;67;28;9;2;33;59;264;
15-16;NYK;SG;71;57;2371;354;799;.443;91;238;.382;263;561;.469;.500;110;131;.840;23;243;266;144;25;10;82;142;909;
16-17;SAC;SG;61;45;1580;185;420;.440;62;151;.411;123;269;.457;.514;83;93;.892;9;116;125;78;21;6;42;104;515;
17-18;ORL;SG;53;3;682;65;162;.401;27;70;.386;38;92;.413;.485;22;26;.846;4;62;66;30;4;9;21;56;179;
Career;;762;537;20829;2983;6633;.450;852;2205;.386;2131;4428;.481;.514;1380;1673;.825;334;1842;2176;1386;341;141;852;1481;8198;
Playoffs Totals
07-08;DET;SG;12;84;7;18;.389;2;7;16;.438;.389;5;5;6;4;1;5;14;
08-09;DET;SG;4;66;10;21;.476;2;10;.200;8;11;.727;.524;3;5;.600;1;2;3;1;2;3;9;25;
09-10;DEN;SG;6;6;120;20;32;<strong>.625</strong>;6;14;.429;14;18;<strong>.778</strong>;<strong>.719</strong>;9;11;.818;1;11;12;7;1;2;4;21;55;
10-11;DEN;SG;3;3;85;12;34;.353;3;12;.250;9;22;.409;.397;7;8;.875;9;9;7;3;10;34;
11-12;DEN;SG;7;7;229;30;74;.405;4;20;.200;26;54;.481;.432;12;15;.800;5;20;25;19;5;2;9;14;76;
14-15;POR;SG;3;3;60;2;12;.167;1;4;.250;1;8;.125;.208;1;7;7;2;3;6;5;
Career;;35;19;644;81;191;.424;16;62;.258;65;129;.504;.466;31;40;.775;7;54;61;42;10;6;23;65;209;
Advanced
07-08;DET;SG;75;970;10.2;.494;.199;.361;4.4;12.5;8.4;8.1;1.8;0.7;10.9;15.2;0.5;1.4;1.9;.092;-2.6;1.0;-1.5;0.1;
08-09;DET;SG;74;1234;8.9;.548;.357;.237;2.8;10.1;6.4;5.5;1.3;0.8;11.5;14.5;0.8;1.0;1.8;.069;-2.8;0.2;-2.6;-0.2;
09-10;DEN;SG;<strong>82</strong>;2221;10.9;.576;.426;.168;3.1;9.9;6.5;9.3;1.0;1.0;10.5;14.0;2.8;1.4;4.3;.092;-0.2;-0.2;-0.4;0.9;
10-11;DEN;SG;69;2324;13.6;.620;.396;.260;2.3;9.9;6.2;10.9;0.7;1.0;9.2;14.8;4.8;1.4;6.2;.128;1.7;-0.3;1.4;2.0;
11-12;DEN;SG;62;2086;14.7;.584;.316;.353;2.3;8.5;5.5;11.1;0.9;0.5;9.5;19.1;4.7;0.6;5.3;.121;1.4;-1.2;0.1;1.1;
12-13;ORL;SF;64;2307;13.0;.527;.265;.246;1.4;10.3;5.8;14.6;0.9;0.4;12.1;22.5;1.5;0.5;2.0;.042;-1.1;-1.8;-2.9;-0.5;
13-14;ORL;SG;73;2552;16.0;.574;.297;.332;1.4;10.2;5.8;16.9;0.7;0.1;11.2;23.3;4.3;1.0;5.3;.099;1.4;-1.6;-0.2;1.1;
14-15;TOT;SG;78;2502;10.7;.533;.377;.224;1.1;9.7;5.3;8.2;0.8;0.2;10.7;19.0;1.6;1.0;2.6;.050;-1.4;-1.1;-2.5;-0.3;
14-15;DEN;SG;53;1750;11.7;.533;.370;.230;1.3;10.2;5.6;9.3;0.9;0.2;10.3;19.9;1.4;0.4;1.8;.050;-0.7;-1.2;-1.9;0.1;
14-15;POR;SG;25;752;8.2;.533;.396;.207;0.9;8.5;4.8;5.5;0.6;0.2;11.8;16.7;0.2;0.5;0.8;.049;-3.0;-0.8;-3.8;-0.4;
15-16;NYK;SG;71;2371;10.9;.531;.298;.164;1.1;11.0;6.1;9.9;0.5;0.3;8.7;17.9;1.8;0.9;2.7;.055;-1.3;-1.6;-2.9;-0.5;
16-17;SAC;SG;61;1580;8.9;.559;.360;.221;0.7;8.4;4.6;7.4;0.7;0.3;8.4;14.4;1.2;0.2;1.4;.043;-2.1;-1.5;-3.6;-0.7;
17-18;ORL;SG;53;682;5.8;.516;.432;.160;0.6;10.1;5.3;6.2;0.3;1.1;10.8;12.5;-0.1;0.2;0.1;.009;-3.8;-1.5;-5.4;-0.6;
Career;;762;20829;11.9;.556;.332;.252;1.9;10.0;5.9;10.6;0.8;0.5;10.4;17.8;23.9;9.6;33.5;.077;-0.5;-1.0;-1.5;2.4;
Playoffs Advanced
07-08;DET;SG;12;84;6.7;.389;.111;7.6;3.8;11.5;2.7;5.3;11.1;0.1;.028;-3.2;1.7;-1.5;
08-09;DET;SG;4;66;8.4;.539;.476;.238;1.9;4.1;3.0;3.0;2.8;11.5;20.1;-0.016;-1.7;-1.7;
09-10;DEN;SG;6;120;15.8;.746;.438;.344;1.0;11.5;6.1;9.5;0.4;1.3;9.8;15.1;0.4;0.4;.153;2.2;0.2;2.3;0.1;
10-11;DEN;SG;3;85;7.9;.453;.353;.235;11.8;5.9;15.3;7.4;21.8;-0.1;-0.1;-0.030;-2.1;-0.6;-2.7;
11-12;DEN;SG;7;229;10.9;.471;.270;.203;2.2;8.7;5.5;12.4;1.2;0.6;10.0;17.2;0.2;0.2;.042;-1.0;-0.6;-1.6;
14-15;POR;SG;3;60;-5.0;.201;.333;.083;12.8;6.3;5.0;19.4;11.8;-0.2;-0.2;-0.186;-8.8;-3.0;-11.8;-0.1;
Career;;35;644;9.1;.501;.325;.209;1.2;9.4;5.3;10.5;0.8;0.8;9.9;16.4;0.2;0.1;0.3;.024;-1.6;-0.3;-2.0;
