Austin Daye;Small Forward;Right;1988-06-05;;6-11;220;Woodbridge in Irvine,California;;;;-1;;
Per Game
09-10;DET;SF;69;4;13.3;2.0;4.3;.464;0.4;1.4;.305;1.6;2.9;.540;.514;0.7;0.8;.821;0.5;2.0;2.5;0.5;0.4;0.4;0.7;1.7;5.1;
10-11;DET;SF;72;16;20.1;2.7;6.5;.410;1.0;2.4;.401;1.7;4.2;.415;.483;1.1;1.5;.759;0.9;2.9;3.8;1.1;0.5;0.5;0.8;2.3;7.5;
11-12;DET;SF;41;4;14.7;1.8;5.5;.322;0.3;1.5;.210;1.5;4.0;.364;.350;0.9;1.0;.814;0.3;1.9;2.2;0.8;0.5;0.5;1.0;1.5;4.7;
12-13;TOT;SF;55;12.3;1.6;3.8;.433;0.7;1.8;.418;0.9;2.0;.445;.531;0.5;0.6;.765;0.3;1.9;2.2;0.8;0.3;0.4;0.5;1.5;4.5;
12-13;DET;SF;24;14.5;1.8;4.0;.443;0.9;1.7;.525;0.9;2.4;.386;.552;0.6;0.8;.833;0.4;2.2;2.6;0.9;0.2;0.3;0.5;1.8;5.1;
12-13;MEM;SF;31;10.6;1.5;3.6;.423;0.6;1.9;.345;0.9;1.7;.509;.514;0.4;0.5;.688;0.2;1.7;1.9;0.7;0.3;0.5;0.5;1.3;4.0;
13-14;TOT;SF;22;1;6.7;1.1;3.1;.353;0.5;1.7;.324;0.5;1.4;.387;.441;0.3;0.5;.600;0.2;1.0;1.2;0.4;0.2;0.2;0.2;0.8;3.0;
13-14;TOR;SF;8;4.1;0.4;1.6;.231;1.0;0.4;0.6;.600;.231;0.3;0.4;.667;0.3;0.6;0.9;0.3;0.5;1.0;
13-14;SAS;SF;14;1;8.2;1.5;3.9;.382;0.9;2.1;.414;0.6;1.9;.346;.491;0.3;0.5;.571;0.2;1.2;1.4;0.4;0.3;0.3;0.4;1.0;4.1;
14-15;TOT;SF;34;4;10.1;1.5;4.1;.355;0.7;2.1;.338;0.8;2.1;.371;.440;0.1;0.2;.833;0.3;1.9;2.2;0.5;0.4;0.1;0.7;1.1;3.8;
14-15;SAS;SF;26;4;10.3;1.5;4.4;.348;0.7;2.2;.333;0.8;2.2;.362;.430;0.2;0.2;1.000;0.2;2.1;2.3;0.3;0.3;0.1;0.7;1.2;4.0;
14-15;ATL;SF;8;9.5;1.3;3.3;.385;0.6;1.8;.357;0.6;1.5;.417;.481;0.1;0.3;.500;0.5;1.3;1.8;1.0;0.5;0.3;0.6;1.1;3.3;
Career;;293;29;14.1;1.9;4.8;.402;0.6;1.8;.351;1.3;3.0;.433;.469;0.7;0.9;.778;0.5;2.1;2.6;0.7;0.4;0.4;0.7;1.6;5.2;
Playoffs Per Game
12-13;MEM;SF;4;5.0;0.8;2.0;.375;0.3;0.8;1.8;.429;.375;0.3;0.3;1.000;0.3;0.3;0.3;0.3;0.5;1.8;
13-14;SAS;SF;1;6.0;2.0;2.0;1.0;1.0;
Career;;5;5.2;0.6;2.0;.300;0.2;0.6;1.8;.333;.300;0.2;0.2;1.000;0.4;0.4;0.2;0.2;0.4;1.4;
Totals
09-10;DET;SF;69;4;915;137;295;.464;29;95;.305;108;200;.540;.514;46;56;.821;34;140;174;34;25;26;48;114;349;
10-11;DET;SF;72;16;1446;193;471;.410;69;172;.401;124;299;.415;.483;82;108;.759;64;210;274;78;39;39;59;165;537;
11-12;DET;SF;41;4;603;73;227;.322;13;62;.210;60;165;.364;.350;35;43;.814;14;77;91;33;22;21;40;62;194;
12-13;TOT;SF;55;676;90;208;.433;41;98;.418;49;110;.445;.531;26;34;.765;16;107;123;42;14;22;29;82;247;
12-13;DET;SF;24;348;43;97;.443;21;40;.525;22;57;.386;.552;15;18;.833;10;53;63;21;5;8;13;43;122;
12-13;MEM;SF;31;328;47;111;.423;20;58;.345;27;53;.509;.514;11;16;.688;6;54;60;21;9;14;16;39;125;
13-14;TOT;SF;22;1;148;24;68;.353;12;37;.324;12;31;.387;.441;6;10;.600;5;22;27;8;4;4;5;18;66;
13-14;TOR;SF;8;33;3;13;.231;8;3;5;.600;.231;2;3;.667;2;5;7;2;4;8;
13-14;SAS;SF;14;1;115;21;55;.382;12;29;.414;9;26;.346;.491;4;7;.571;3;17;20;6;4;4;5;14;58;
14-15;TOT;SF;34;4;344;50;141;.355;24;71;.338;26;70;.371;.440;5;6;.833;10;65;75;17;12;5;23;39;129;
14-15;SAS;SF;26;4;268;40;115;.348;19;57;.333;21;58;.362;.430;4;4;1.000;6;55;61;9;8;3;18;30;103;
14-15;ATL;SF;8;76;10;26;.385;5;14;.357;5;12;.417;.481;1;2;.500;4;10;14;8;4;2;5;9;26;
Career;;293;29;4132;567;1410;.402;188;535;.351;379;875;.433;.469;200;257;.778;143;621;764;212;116;117;204;480;1522;
Playoffs Totals
12-13;MEM;SF;4;20;3;8;.375;1;3;7;.429;.375;1;1;1.000;1;1;1;1;2;7;
13-14;SAS;SF;1;6;2;2;1;1;
Career;;5;26;3;10;.300;1;3;9;.333;.300;1;1;1.000;2;2;1;1;2;7;
Advanced
09-10;DET;SF;69;915;12.8;.546;.322;.190;4.2;19.8;11.5;6.3;1.5;2.4;13.1;18.5;0.6;0.7;1.3;.067;-1.7;-0.1;-1.8;0.1;
10-11;DET;SF;72;1446;13.0;.518;.365;.229;5.2;18.6;11.6;8.5;1.5;2.2;10.2;18.6;1.2;0.9;2.1;.070;-0.8;-0.5;-1.3;0.3;
11-12;DET;SF;41;603;7.1;.394;.273;.189;2.7;15.8;9.0;9.2;2.0;2.8;14.0;21.9;-1.3;0.6;-0.6;-0.050;-5.0;-0.1;-5.0;-0.5;
12-13;TOT;SF;55;676;12.9;.554;.471;.163;2.7;18.8;10.6;10.1;1.1;2.6;11.5;17.1;0.8;0.9;1.6;.117;-0.7;1.1;0.4;0.4;
12-13;DET;SF;24;348;12.6;.581;.412;.186;3.2;17.9;10.4;9.6;0.8;1.8;11.0;15.4;0.5;0.2;0.8;.108;-0.6;0.3;-0.2;0.2;
12-13;MEM;SF;31;328;13.3;.529;.523;.144;2.1;19.8;10.8;10.6;1.5;3.5;11.9;18.8;0.2;0.6;0.9;.127;-0.7;1.9;1.1;0.3;
13-14;TOT;SF;22;148;11.0;.456;.544;.147;3.9;16.4;10.4;8.2;1.4;2.0;6.5;23.7;-0.1;0.2;0.1;.047;-2.8;-1.0;-3.8;-0.1;
13-14;TOR;SF;8;33;2.4;.279;.615;.231;7.0;17.8;12.4;9.2;19.7;-0.1;-0.067;-6.9;-3.4;-10.3;-0.1;
13-14;SAS;SF;14;115;13.5;.499;.527;.127;3.1;16.0;9.8;7.9;1.8;2.5;7.9;24.8;0.2;0.2;.080;-1.6;-0.4;-1.9;
14-15;TOT;SF;34;344;8.2;.449;.504;.043;3.4;21.0;12.4;7.5;1.8;1.1;13.8;22.1;-0.6;0.5;-0.001;-3.9;-0.3;-4.2;-0.2;
14-15;SAS;SF;26;268;7.1;.441;.496;.035;2.6;22.8;12.9;5.1;1.5;0.8;13.4;22.9;-0.5;0.4;-0.1;-0.021;-4.6;-0.6;-5.2;-0.2;
14-15;ATL;SF;8;76;12.1;.484;.538;.077;6.2;14.6;10.5;16.0;2.7;2.2;15.7;19.2;0.1;0.1;.068;-1.3;0.8;-0.5;
Career;;293;4132;11.6;.500;.379;.182;4.0;18.6;11.1;8.3;1.5;2.3;11.8;19.3;0.6;3.9;4.5;.053;-1.9;-0.1;-2.0;
Playoffs Advanced
12-13;MEM;SF;4;20;4.1;.415;.125;.125;6.3;3.0;4.2;10.6;22.0;-0.077;-5.7;-2.8;-8.5;
13-14;SAS;SF;1;6;-11.5;19.0;9.8;15.5;-0.315;-12.0;-6.7;-18.7;
Career;;5;26;0.5;.335;.100;.100;9.3;4.6;3.3;8.7;20.5;-0.1;-0.1;-0.132;-7.2;-3.7;-10.8;-0.1;
