Austin Rivers;Shooting Guard and Point Guard;Right;1992-08-01;;6-4;200;Winter Park in Winter Park,Florida;;;;-1;;
Per Game
12-13;NOH;SG;61;26;23.2;2.4;6.4;.372;0.5;1.4;.326;1.9;5.0;.385;.408;1.0;1.8;.546;0.3;1.5;1.8;2.1;0.4;0.1;1.2;2.0;6.2;
13-14;NOP;PG;69;4;19.4;2.8;6.9;.405;0.5;1.4;.364;2.3;5.4;.416;.443;1.6;2.5;.636;0.4;1.5;1.9;2.3;0.7;0.1;1.1;1.9;7.7;
14-15;TOT;PG,SG;76;5;20.6;2.7;6.5;.409;0.5;1.7;.298;2.2;4.8;.449;.449;1.1;1.7;.675;0.4;1.6;2.0;2.0;0.6;0.2;0.9;1.9;7.0;
14-15;NOP;SG;35;3;22.1;2.5;6.3;.387;0.4;1.4;.280;2.1;4.9;.419;.419;1.5;2.0;.746;0.3;1.6;1.9;2.5;0.5;0.2;0.9;1.9;6.8;
14-15;LAC;PG;41;2;19.3;2.9;6.7;.427;0.6;2.0;.309;2.2;4.7;.477;.473;0.8;1.3;.582;0.4;1.7;2.0;1.7;0.7;0.2;0.9;2.0;7.1;
15-16;LAC;SG;67;7;21.9;3.4;7.7;.438;0.9;2.8;.335;2.4;4.9;.495;.498;1.2;1.7;.681;0.3;1.6;1.9;1.5;0.7;0.1;0.9;2.0;8.9;
16-17;LAC;SG;74;29;27.8;4.4;9.9;.442;1.5;4.0;.371;2.9;5.8;.491;.518;1.8;2.6;.691;0.3;1.9;2.2;2.8;0.6;0.1;1.6;2.5;12.0;
17-18;LAC;SG;61;59;33.7;5.6;13.2;.424;2.2;5.9;.378;3.4;7.3;.461;.508;1.7;2.6;.642;0.4;1.9;2.4;4.0;1.2;0.3;1.8;2.5;15.1;
18-19;TOT;SG;76;15;26.7;3.1;7.5;.406;1.4;4.3;.318;1.7;3.2;.522;.497;0.7;1.3;.526;0.3;1.8;2.1;2.2;0.6;0.3;0.9;2.7;8.1;
18-19;WAS;SG;29;2;23.6;2.6;6.7;.392;1.1;3.7;.311;1.5;3.0;.489;.477;0.9;1.6;.543;0.3;2.1;2.4;2.0;0.6;0.3;1.2;2.5;7.2;
18-19;HOU;SG;47;13;28.6;3.3;8.0;.413;1.5;4.7;.321;1.8;3.3;.541;.507;0.5;1.0;.510;0.3;1.6;1.9;2.3;0.6;0.3;0.7;2.9;8.7;
19-20;HOU;SG;68;4;23.4;3.1;7.4;.421;1.4;4.0;.356;1.7;3.4;.498;.517;1.1;1.6;.703;0.4;2.2;2.6;1.7;0.7;0.1;0.7;1.9;8.8;
20-21;TOT;SG;36;7;23.5;2.9;6.8;.424;1.5;4.1;.369;1.4;2.7;.510;.537;0.6;0.9;.710;0.2;2.1;2.3;2.3;0.8;0.1;1.0;1.8;7.9;
20-21;NYK;SG;21;2;21.0;2.8;6.4;.430;1.3;3.7;.364;1.4;2.8;.517;.533;0.5;0.7;.714;0.2;2.0;2.2;2.0;0.6;1.0;1.5;7.3;
20-21;DEN;SG;15;5;26.9;3.1;7.3;.418;1.8;4.8;.375;1.3;2.5;.500;.541;0.8;1.1;.706;0.2;2.1;2.3;2.6;1.2;0.1;0.9;2.1;8.7;
21-22;DEN;SG;67;18;22.1;2.2;5.2;.417;1.2;3.4;.342;1.0;1.8;.563;.530;0.5;0.7;.727;0.3;1.4;1.7;1.3;0.8;0.1;0.8;1.8;6.0;
Career;;655;174;24.2;3.2;7.8;.418;1.1;3.3;.349;2.1;4.5;.468;.491;1.1;1.8;.649;0.3;1.7;2.1;2.2;0.7;0.2;1.1;2.1;8.8;
Playoffs Per Game
14-15;LAC;PG;14;2;17.9;3.3;7.5;.438;0.9;2.5;.371;2.4;5.0;.471;.500;0.9;1.4;.632;0.4;1.3;1.7;1.1;0.7;0.3;0.9;2.0;8.4;
15-16;LAC;SG;6;2;24.0;4.3;10.2;.426;0.7;2.8;.235;3.7;7.3;.500;.459;1.0;1.5;.667;0.7;2.0;2.7;2.7;0.5;1.2;2.0;10.3;
16-17;LAC;SG;3;2;30.0;3.0;8.7;.346;1.3;4.3;.308;1.7;4.3;.385;.423;0.7;0.7;1.000;0.3;2.3;2.7;0.7;0.3;0.3;1.7;2.0;8.0;
18-19;HOU;SG;10;21.5;2.7;6.2;.435;1.6;3.5;.457;1.1;2.7;.407;.565;0.4;0.6;.667;0.2;1.9;2.1;1.0;0.5;0.1;0.8;3.1;7.4;
19-20;HOU;SG;12;17.6;1.6;5.1;.311;0.8;2.9;.257;0.8;2.2;.385;.385;0.8;1.1;.769;0.2;2.3;2.5;1.3;0.6;0.1;0.7;1.8;4.8;
20-21;DEN;SG;10;9;30.5;3.0;6.9;.435;1.9;4.6;.413;1.1;2.3;.478;.572;1.3;1.6;.813;0.1;1.6;1.7;2.1;0.2;0.3;0.9;3.2;9.2;
21-22;DEN;SG;5;21.6;1.6;3.6;.444;0.8;2.4;.333;0.8;1.2;.667;.556;0.2;0.2;1.000;0.6;0.6;1.2;1.4;0.2;0.8;3.0;4.2;
Career;;60;15;22.1;2.8;6.7;.410;1.2;3.2;.358;1.6;3.5;.459;.496;0.8;1.1;.727;0.3;1.7;2.0;1.5;0.6;0.2;0.9;2.4;7.5;
Totals
12-13;NOH;SG;61;26;1418;145;390;.372;28;86;.326;117;304;.385;.408;59;108;.546;16;93;109;127;26;9;74;122;377;
13-14;NOP;PG;69;4;1339;192;474;.405;36;99;.364;156;375;.416;.443;110;173;.636;26;103;129;160;45;9;77;134;530;
14-15;TOT;PG,SG;76;5;1563;203;496;.409;39;131;.298;164;365;.449;.449;85;126;.675;27;125;152;155;48;14;65;146;530;
14-15;NOP;SG;35;3;772;86;222;.387;14;50;.280;72;172;.419;.419;53;71;.746;12;56;68;87;18;7;30;65;239;
14-15;LAC;PG;41;2;791;117;274;.427;25;81;.309;92;193;.477;.473;32;55;.582;15;69;84;68;30;7;35;81;291;
15-16;LAC;SG;67;7;1464;226;516;.438;62;185;.335;164;331;.495;.498;79;116;.681;22;108;130;99;48;9;61;137;593;
16-17;LAC;SG;74;29;2054;323;731;.442;111;299;.371;212;432;.491;.518;132;191;.691;20;141;161;204;48;10;115;187;889;
17-18;LAC;SG;61;59;2057;341;805;.424;136;360;.378;205;445;.461;.508;102;159;.642;27;118;145;242;74;16;109;152;920;
18-19;TOT;SG;76;15;2028;232;572;.406;104;327;.318;128;245;.522;.497;50;95;.526;25;137;162;167;47;23;68;207;618;
18-19;WAS;SG;29;2;683;76;194;.392;33;106;.311;43;88;.489;.477;25;46;.543;10;61;71;58;18;10;36;72;210;
18-19;HOU;SG;47;13;1345;156;378;.413;71;221;.321;85;157;.541;.507;25;49;.510;15;76;91;109;29;13;32;135;408;
19-20;HOU;SG;68;4;1594;211;501;.421;96;270;.356;115;231;.498;.517;78;111;.703;27;148;175;113;49;10;50;129;596;
20-21;TOT;SG;36;7;845;104;245;.424;55;149;.369;49;96;.510;.537;22;31;.710;8;74;82;81;30;2;36;64;285;
20-21;NYK;SG;21;2;442;58;135;.430;28;77;.364;30;58;.517;.533;10;14;.714;5;42;47;42;12;22;32;154;
20-21;DEN;SG;15;5;403;46;110;.418;27;72;.375;19;38;.500;.541;12;17;.706;3;32;35;39;18;2;14;32;131;
21-22;DEN;SG;67;18;1480;146;350;.417;79;231;.342;67;119;.563;.530;32;44;.727;19;95;114;90;51;6;54;121;403;
Career;;655;174;15842;2123;5080;.418;746;2137;.349;1377;2943;.468;.491;749;1154;.649;217;1142;1359;1438;466;108;709;1399;5741;
Playoffs Totals
14-15;LAC;PG;14;2;250;46;105;.438;13;35;.371;33;70;.471;.500;12;19;.632;6;18;24;16;10;4;12;28;117;
15-16;LAC;SG;6;2;144;26;61;.426;4;17;.235;22;44;.500;.459;6;9;.667;4;12;16;16;3;7;12;62;
16-17;LAC;SG;3;2;90;9;26;.346;4;13;.308;5;13;.385;.423;2;2;1.000;1;7;8;2;1;1;5;6;24;
18-19;HOU;SG;10;215;27;62;.435;16;35;.457;11;27;.407;.565;4;6;.667;2;19;21;10;5;1;8;31;74;
19-20;HOU;SG;12;211;19;61;.311;9;35;.257;10;26;.385;.385;10;13;.769;2;28;30;16;7;1;8;22;57;
20-21;DEN;SG;10;9;305;30;69;.435;19;46;.413;11;23;.478;.572;13;16;.813;1;16;17;21;2;3;9;32;92;
21-22;DEN;SG;5;108;8;18;.444;4;12;.333;4;6;.667;.556;1;1;1.000;3;3;6;7;1;4;15;21;
Career;;60;15;1323;165;402;.410;69;193;.358;96;209;.459;.496;48;66;.727;16;103;119;87;35;11;53;146;447;
Advanced
12-13;NOH;SG;61;1418;5.9;.431;.221;.277;1.3;8.0;4.6;13.9;1.0;0.5;14.5;16.8;-1.2;0.1;-1.1;-0.038;-4.7;-1.6;-6.2;-1.5;
13-14;NOP;PG;69;1339;11.6;.482;.209;.365;2.2;9.1;5.6;18.7;1.8;0.6;12.3;21.3;0.2;0.4;0.6;.023;-2.0;-1.4;-3.4;-0.5;
14-15;TOT;PG,SG;76;1563;10.3;.481;.264;.254;2.0;8.9;5.5;14.7;1.6;0.7;10.5;17.9;0.5;1.0;1.5;.046;-2.5;-0.3;-2.8;-0.3;
14-15;NOP;SG;35;772;10.1;.472;.225;.320;1.8;8.2;5.0;16.7;1.2;0.7;10.6;16.7;0.4;0.3;0.7;.046;-2.5;-0.5;-3.0;-0.2;
14-15;LAC;PG;41;791;10.6;.488;.296;.201;2.2;9.6;6.0;12.8;1.9;0.7;10.5;19.0;0.1;0.7;0.8;.046;-2.6;-0.1;-2.7;-0.1;
15-16;LAC;SG;67;1464;11.1;.523;.359;.225;1.7;7.9;4.8;10.6;1.6;0.5;9.7;19.4;0.6;1.3;1.9;.063;-2.2;-0.5;-2.7;-0.2;
16-17;LAC;SG;74;2054;11.4;.545;.409;.261;1.1;7.5;4.4;15.0;1.2;0.4;12.4;20.3;1.2;1.3;2.5;.059;-1.2;-1.0;-2.2;-0.1;
17-18;LAC;SG;61;2057;12.6;.526;.447;.198;1.5;6.2;3.9;17.5;1.7;0.6;11.1;20.6;1.4;1.0;2.4;.056;-0.3;-0.9;-1.2;0.4;
18-19;TOT;SG;76;2028;7.7;.503;.572;.166;1.3;7.5;4.4;11.5;1.1;1.0;10.0;14.5;0.4;0.8;1.2;.028;-3.3;-1.0;-4.3;-1.1;
18-19;WAS;SG;29;683;6.8;.490;.546;.237;1.6;9.8;5.6;11.2;1.2;1.2;14.4;15.5;-0.4;0.2;-0.2;-0.014;-4.1;-1.2;-5.3;-0.6;
18-19;HOU;SG;47;1345;8.2;.511;.585;.130;1.2;6.4;3.7;11.7;1.1;0.8;7.4;13.9;0.8;0.6;1.4;.050;-2.9;-0.9;-3.8;-0.6;
19-20;HOU;SG;68;1594;10.4;.542;.539;.222;1.8;9.8;5.8;10.0;1.4;0.5;8.3;15.6;1.2;1.2;2.4;.072;-2.1;-0.4;-2.5;-0.2;
20-21;TOT;SG;36;845;9.9;.551;.608;.127;1.1;9.6;5.4;13.2;1.8;0.2;12.2;15.4;0.4;0.9;1.3;.072;-2.2;0.3;-1.9;
20-21;NYK;SG;21;442;9.5;.545;.570;.104;1.2;10.2;5.8;13.9;1.4;13.5;16.5;0.1;0.5;0.6;.063;-2.4;0.2;-2.2;
20-21;DEN;SG;15;403;10.3;.558;.655;.155;0.8;9.0;4.9;12.5;2.2;0.5;10.6;14.2;0.3;0.4;0.7;.081;-2.1;0.4;-1.7;
21-22;DEN;SG;67;1480;7.2;.546;.660;.126;1.5;6.9;4.3;8.0;1.7;0.4;12.8;12.6;0.1;1.1;1.2;.037;-3.5;-0.3;-3.8;-0.7;
Career;;655;15842;9.9;.514;.421;.227;1.5;8.0;4.8;13.4;1.5;0.6;11.3;17.6;4.8;9.1;13.9;.042;-2.3;-0.8;-3.1;-4.2;
Playoffs Advanced
14-15;LAC;PG;14;250;12.9;.516;.333;.181;2.6;7.5;5.0;10.1;1.9;1.4;9.6;21.8;0.1;0.1;0.2;.045;-0.2;-0.2;-0.4;0.1;
15-16;LAC;SG;6;144;12.4;.477;.279;.148;2.8;8.2;5.5;18.7;1.1;9.7;22.3;0.1;0.1;.037;-1.3;-0.4;-1.8;
16-17;LAC;SG;3;90;3.1;.446;.500;.077;1.4;10.2;5.7;3.4;0.6;1.1;15.7;17.1;-0.2;0.1;-0.1;-0.062;-3.6;-1.2;-4.8;-0.1;
18-19;HOU;SG;10;215;8.4;.572;.565;.097;1.1;9.7;5.5;7.2;1.2;0.4;11.0;14.8;0.2;0.2;0.3;.072;-2.5;0.4;-2.0;
19-20;HOU;SG;12;211;5.4;.427;.574;.213;1.0;15.6;7.9;11.1;1.6;0.5;10.7;15.9;-0.3;0.3;-0.001;-4.9;0.1;-4.8;-0.1;
20-21;DEN;SG;10;305;7.5;.605;.667;.232;0.3;6.4;3.1;9.0;0.3;0.9;10.6;12.1;0.3;-0.1;0.1;.022;-3.4;-1.0;-4.4;-0.2;
21-22;DEN;SG;5;108;6.1;.569;.667;.056;3.5;1.7;7.4;3.2;1.0;17.8;9.0;.008;-3.5;1.1;-2.4;
Career;;60;1323;8.4;.519;.480;.164;1.3;8.8;5.0;9.8;1.3;0.8;10.9;16.2;0.1;0.6;0.7;.026;-2.7;-0.2;-2.9;-0.3;
