Avery Bradley;Shooting Guard and Point Guard;Right;1990-11-26;;6-3;180;Findlay Prep in Henderson,Nevada;;;;-1;;
Per Game
10-11;BOS;PG;31;5.2;0.7;2.2;.343;0.2;0.7;2.0;.371;.343;0.2;0.4;.500;0.1;0.4;0.5;0.4;0.3;0.5;0.6;1.7;
11-12;BOS;PG;64;28;21.4;3.1;6.3;.498;0.3;0.8;.407;2.8;5.4;.511;.525;1.0;1.2;.795;0.5;1.3;1.8;1.4;0.7;0.2;1.2;1.7;7.6;
12-13;BOS;PG;50;50;28.7;3.8;9.6;.402;0.8;2.5;.317;3.0;7.0;.432;.444;0.7;1.0;.755;0.6;1.6;2.2;2.1;1.3;0.4;1.4;2.6;9.2;
13-14;BOS;SG;60;58;30.9;6.0;13.8;.438;1.3;3.3;.395;4.7;10.4;.451;.485;1.5;1.9;.804;0.8;3.0;3.8;1.4;1.1;0.2;1.6;2.4;14.9;
14-15;BOS;SG;77;77;31.5;5.6;13.1;.429;1.6;4.6;.352;4.0;8.6;.470;.490;1.0;1.3;.790;0.6;2.5;3.1;1.8;1.1;0.2;1.4;2.3;13.9;
15-16;BOS;SG;76;72;33.4;6.0;13.4;.447;1.9;5.4;.361;4.1;8.1;.505;.520;1.3;1.6;.780;0.6;2.3;2.9;2.1;1.5;0.3;1.4;2.2;15.2;
16-17;BOS;SG;55;55;33.4;6.5;14.1;.463;2.0;5.0;.390;4.6;9.1;.504;.533;1.2;1.7;.731;1.2;4.9;6.1;2.2;1.2;0.2;1.6;2.6;16.3;
17-18;TOT;SG;46;46;31.2;5.6;13.6;.414;1.6;4.4;.369;4.0;9.2;.436;.474;1.4;1.8;.768;0.5;2.0;2.5;2.0;1.1;0.2;2.2;2.0;14.3;
17-18;DET;SG;40;40;31.7;5.8;14.3;.409;1.9;4.9;.381;4.0;9.4;.423;.474;1.5;2.0;.763;0.5;1.9;2.4;2.1;1.2;0.2;2.3;2.0;15.0;
17-18;LAC;SG;6;6;27.5;4.3;9.2;.473;0.2;1.5;.111;4.2;7.7;.543;.482;0.3;0.3;1.000;0.5;3.2;3.7;1.8;0.8;0.2;1.3;2.0;9.2;
18-19;TOT;SG;63;63;30.2;3.9;9.7;.408;1.4;3.9;.351;2.6;5.8;.446;.479;0.7;0.8;.860;0.7;2.1;2.8;2.4;0.7;0.3;1.4;2.7;9.9;
18-19;LAC;SG;49;49;29.9;3.3;8.6;.383;1.2;3.5;.337;2.1;5.1;.415;.452;0.4;0.5;.800;0.7;2.0;2.7;2.0;0.6;0.3;1.2;2.7;8.2;
18-19;MEM;SG;14;14;31.6;6.2;13.4;.463;2.0;5.2;.384;4.2;8.2;.513;.537;1.6;1.8;.920;0.6;2.6;3.1;4.0;1.0;2.0;2.4;16.1;
19-20;LAL;SG;49;44;24.2;3.5;7.8;.444;1.3;3.5;.364;2.2;4.3;.510;.526;0.4;0.5;.833;0.4;2.0;2.3;1.3;0.9;0.1;1.0;2.2;8.6;
20-21;TOT;SG;27;6;22.3;2.4;6.3;.374;1.2;3.7;.327;1.1;2.6;.443;.471;0.4;0.6;.800;0.3;1.8;2.1;1.7;0.8;0.1;1.0;2.0;6.4;
20-21;MIA;SG;10;1;21.1;3.1;6.6;.470;1.6;3.8;.421;1.5;2.8;.536;.591;0.7;0.9;.778;0.2;1.6;1.8;1.4;0.7;0.1;0.9;2.6;8.5;
20-21;HOU;SG;17;5;23.0;1.9;6.2;.314;1.0;3.7;.270;0.9;2.5;.381;.395;0.3;0.4;.833;0.4;1.9;2.3;1.9;0.8;0.1;1.1;1.7;5.2;
21-22;LAL;SG;62;45;22.7;2.4;5.6;.423;1.3;3.4;.390;1.1;2.3;.471;.540;0.3;0.3;.889;0.5;1.7;2.2;0.8;0.9;0.1;0.6;1.9;6.4;
Career;;660;544;27.5;4.4;10.2;.434;1.3;3.6;.365;3.1;6.6;.471;.498;0.9;1.1;.783;0.6;2.2;2.8;1.7;1.0;0.2;1.3;2.2;11.0;
Playoffs Per Game
11-12;BOS;PG;10;10;24.8;2.5;6.8;.368;0.5;2.2;.227;2.0;4.6;.435;.404;1.2;1.8;.667;0.3;1.7;2.0;0.8;0.8;0.6;1.0;2.0;6.7;
12-13;BOS;PG;6;6;31.8;2.8;7.0;.405;0.3;1.3;.250;2.5;5.7;.441;.429;0.7;0.7;1.000;0.5;1.7;2.2;1.3;1.8;0.2;1.8;1.8;6.7;
14-15;BOS;SG;4;4;33.3;4.8;12.5;.380;1.3;4.8;.263;3.5;7.8;.452;.430;1.5;1.8;.857;0.8;3.0;3.8;0.8;0.8;0.8;3.3;12.3;
15-16;BOS;SG;1;1;33.0;7.0;16.0;.438;1.0;7.0;.143;6.0;9.0;.667;.469;3.0;3.0;1.000;2.0;1.0;3.0;1.0;1.0;1.0;1.0;2.0;18.0;
16-17;BOS;SG;<strong>18</strong>;18;35.8;6.7;15.1;.441;2.2;6.3;.351;4.4;8.8;.506;.515;1.2;1.5;.778;1.0;2.9;3.9;2.3;1.3;0.2;1.7;2.2;16.7;
Career;;39;39;32.1;4.8;11.5;.420;1.4;4.4;.312;3.5;7.1;.486;.479;1.2;1.5;.780;0.7;2.4;3.1;1.6;1.2;0.3;1.4;2.2;12.2;
Totals
10-11;BOS;PG;31;162;23;67;.343;5;23;62;.371;.343;6;12;.500;4;13;17;12;9;16;20;52;
11-12;BOS;PG;64;28;1368;200;402;.498;22;54;.407;178;348;.511;.525;62;78;.795;34;81;115;87;43;12;75;109;484;
12-13;BOS;PG;50;50;1435;192;478;.402;40;126;.317;152;352;.432;.444;37;49;.755;30;81;111;104;64;19;72;129;461;
13-14;BOS;SG;60;58;1855;361;825;.438;79;200;.395;282;625;.451;.485;90;112;.804;48;178;226;85;63;11;96;145;891;
14-15;BOS;SG;77;77;2428;434;1012;.429;124;352;.352;310;660;.470;.490;79;100;.790;46;195;241;135;82;15;109;177;1071;
15-16;BOS;SG;76;72;2536;456;1019;.447;147;407;.361;309;612;.505;.520;96;123;.780;48;172;220;158;117;19;109;164;1155;
16-17;BOS;SG;55;55;1835;359;775;.463;108;277;.390;251;498;.504;.533;68;93;.731;65;269;334;122;68;11;88;141;894;
17-18;TOT;SG;46;46;1433;259;625;.414;75;203;.369;184;422;.436;.474;63;82;.768;22;94;116;94;51;8;101;92;656;
17-18;DET;SG;40;40;1268;233;570;.409;74;194;.381;159;376;.423;.474;61;80;.763;19;75;94;83;46;7;93;80;601;
17-18;LAC;SG;6;6;165;26;55;.473;1;9;.111;25;46;.543;.482;2;2;1.000;3;19;22;11;5;1;8;12;55;
18-19;TOT;SG;63;63;1905;248;608;.408;86;245;.351;162;363;.446;.479;43;50;.860;43;132;175;152;41;16;89;167;625;
18-19;LAC;SG;49;49;1463;161;420;.383;58;172;.337;103;248;.415;.452;20;25;.800;35;96;131;96;27;16;61;133;400;
18-19;MEM;SG;14;14;442;87;188;.463;28;73;.384;59;115;.513;.537;23;25;.920;8;36;44;56;14;28;34;225;
19-20;LAL;SG;49;44;1186;170;383;.444;63;173;.364;107;210;.510;.526;20;24;.833;18;97;115;63;43;5;47;110;423;
20-21;TOT;SG;27;6;602;64;171;.374;33;101;.327;31;70;.443;.471;12;15;.800;8;49;57;46;21;3;28;55;173;
20-21;MIA;SG;10;1;211;31;66;.470;16;38;.421;15;28;.536;.591;7;9;.778;2;16;18;14;7;1;9;26;85;
20-21;HOU;SG;17;5;391;33;105;.314;17;63;.270;16;42;.381;.395;5;6;.833;6;33;39;32;14;2;19;29;88;
21-22;LAL;SG;62;45;1406;148;350;.423;82;210;.390;66;140;.471;.540;16;18;.889;31;105;136;47;53;9;38;118;394;
Career;;660;544;18151;2914;6715;.434;859;2353;.365;2055;4362;.471;.498;592;756;.783;397;1466;1863;1105;655;128;868;1427;7279;
Playoffs Totals
11-12;BOS;PG;10;10;248;25;68;.368;5;22;.227;20;46;.435;.404;12;18;.667;3;17;20;8;8;6;10;20;67;
12-13;BOS;PG;6;6;191;17;42;.405;2;8;.250;15;34;.441;.429;4;4;1.000;3;10;13;8;11;1;11;11;40;
14-15;BOS;SG;4;4;133;19;50;.380;5;19;.263;14;31;.452;.430;6;7;.857;3;12;15;3;3;3;13;49;
15-16;BOS;SG;1;1;33;7;16;.438;1;7;.143;6;9;.667;.469;3;3;1.000;2;1;3;1;1;1;1;2;18;
16-17;BOS;SG;<strong>18</strong>;18;645;120;272;.441;40;114;.351;80;158;.506;.515;21;27;.778;18;53;71;41;23;3;31;40;301;
Career;;39;39;1250;188;448;.420;53;170;.312;135;278;.486;.479;46;59;.780;29;93;122;61;46;11;56;86;475;
Advanced
10-11;BOS;PG;31;162;2.2;.360;.075;.179;3.2;9.3;6.5;11.9;3.0;18.1;26.1;-0.8;0.3;-0.5;-0.139;-10.8;-0.3;-11.1;-0.4;
11-12;BOS;PG;64;1368;11.3;.555;.134;.194;3.1;6.7;5.0;10.8;1.7;0.7;14.7;17.9;0.6;1.9;2.4;.085;-2.3;0.7;-1.7;0.1;
12-13;BOS;PG;50;1435;8.8;.461;.264;.103;2.5;6.5;4.6;11.6;2.3;1.0;12.6;18.8;-1.3;1.6;0.4;.012;-4.0;0.3;-3.7;-0.6;
13-14;BOS;SG;60;1855;12.7;.510;.242;.136;2.9;11.2;6.9;8.1;1.7;0.5;9.9;23.2;0.4;1.4;1.8;.046;-1.1;-0.8;-1.9;0.1;
14-15;BOS;SG;77;2428;11.5;.507;.348;.099;2.0;8.9;5.4;8.9;1.7;0.5;9.4;21.0;0.4;2.1;2.5;.049;-1.5;-0.6;-2.2;-0.1;
15-16;BOS;SG;76;2536;13.2;.538;.399;.121;2.0;7.3;4.6;9.8;2.2;0.6;9.2;19.8;2.0;2.8;4.8;.090;-0.4;0.3;-0.1;1.2;
16-17;BOS;SG;55;1835;14.4;.548;.357;.120;4.0;16.2;10.1;11.0;1.8;0.5;9.7;21.9;1.1;2.0;3.1;.081;-0.5;-0.6;0.7;
17-18;TOT;SG;46;1433;9.6;.496;.325;.131;1.7;7.3;4.5;10.4;1.8;0.5;13.3;23.5;-1.4;1.2;-0.2;-0.007;-3.0;-1.0;-4.0;-0.7;
17-18;DET;SG;40;1268;9.7;.497;.340;.140;1.6;6.7;4.1;10.5;1.8;0.5;13.3;24.4;-1.4;1.1;-0.2;-0.009;-2.8;-1.1;-3.9;-0.6;
17-18;LAC;SG;6;165;9.0;.492;.164;.036;2.0;12.5;7.3;9.8;1.5;0.5;12.5;16.7;-0.1;0.1;.009;-4.1;-0.3;-4.4;-0.1;
18-19;TOT;SG;63;1905;7.6;.496;.403;.082;2.5;7.3;4.9;11.8;1.0;0.7;12.4;16.2;-0.6;1.0;0.3;.009;-2.8;-0.9;-3.7;-0.8;
18-19;LAC;SG;49;1463;5.5;.464;.410;.060;2.6;6.7;4.7;8.8;0.9;0.9;12.4;14.2;-1.0;0.6;-0.3;-0.011;-3.7;-0.9;-4.6;-1.0;
18-19;MEM;SG;14;442;14.5;.565;.388;.133;2.0;9.3;5.6;21.6;1.6;12.3;22.9;0.3;0.4;0.7;.074;0.1;-1.0;-0.9;0.1;
19-20;LAL;SG;49;1186;8.9;.537;.452;.063;1.7;8.9;5.3;7.2;1.7;0.4;10.7;15.7;0.2;1.4;1.5;.062;-3.0;0.5;-2.5;-0.2;
20-21;TOT;SG;27;602;6.3;.487;.591;.088;1.4;9.1;5.2;10.8;1.7;0.5;13.6;14.9;-0.5;0.4;-0.1;-0.008;-4.9;-0.5;-5.4;-0.5;
20-21;MIA;SG;10;211;10.4;.607;.576;.136;1.1;8.5;4.9;10.0;1.6;0.5;11.4;16.9;0.1;0.2;0.3;.072;-2.5;0.1;-2.4;
20-21;HOU;SG;17;391;4.0;.409;.600;.057;1.6;9.4;5.3;11.2;1.7;0.5;15.0;13.8;-0.6;0.2;-0.4;-0.052;-6.2;-0.8;-6.9;-0.5;
21-22;LAL;SG;62;1406;7.8;.550;.600;.051;2.4;8.0;5.2;4.5;1.8;0.6;9.6;12.1;0.3;0.9;1.2;.040;-3.5;-0.1;-3.6;-0.6;
Career;;660;18151;10.7;.516;.350;.113;2.4;8.9;5.7;9.6;1.8;0.6;11.0;19.3;0.3;16.9;17.2;.045;-2.1;-0.3;-2.4;-1.8;
Playoffs Advanced
11-12;BOS;PG;10;248;6.9;.441;.324;.265;1.5;7.9;4.8;5.4;1.8;2.0;11.6;16.9;-0.3;0.3;.007;-3.9;0.5;-3.4;-0.1;
12-13;BOS;PG;6;191;6.7;.457;.190;.095;2.1;5.8;4.1;8.5;3.2;0.5;20.1;14.6;-0.3;0.3;.009;-4.6;2.6;-2.0;
14-15;BOS;SG;4;133;8.2;.462;.380;.140;2.4;10.1;6.2;3.9;1.2;5.3;18.8;-0.017;-2.3;-0.4;-2.6;
15-16;BOS;SG;1;33;16.1;.520;.438;.188;6.0;3.4;4.7;6.2;1.5;2.7;5.5;23.9;0.1;.112;2.1;0.4;2.5;
16-17;BOS;SG;<strong>18</strong>;645;12.0;.530;.419;.099;3.2;10.0;6.4;10.4;1.8;0.4;9.8;22.1;-0.1;0.3;0.2;.016;-0.5;-1.6;-2.1;
Career;;39;1250;9.9;.501;.379;.132;2.7;8.7;5.7;8.3;1.9;0.7;10.6;19.7;-0.7;1.0;0.3;.012;-1.9;-0.4;-2.3;-0.1;
