Ben Gordon;Shooting Guard;Right;1983-04-04;;6-3;200;Mount Vernon in Mount Vernon,New York;;;;-1;;
Per Game
04-05;CHI;SG;82;3;24.4;5.3;12.9;.411;1.6;4.0;.405;3.7;8.8;.414;.474;2.8;3.3;.863;0.7;2.0;2.6;2.0;0.6;0.1;2.3;2.7;15.1;
05-06;CHI;SG;80;47;31.0;6.1;14.4;.422;2.1;4.8;.435;4.0;9.6;.416;.494;2.6;3.4;.787;0.5;2.2;2.7;3.0;0.9;0.1;2.3;3.0;16.9;
06-07;CHI;SG;<strong>82</strong>;51;33.0;7.4;16.3;.455;1.9;4.6;.413;5.5;11.7;.471;.513;4.6;5.4;.864;0.4;2.7;3.1;3.6;0.8;0.2;3.0;3.1;21.4;
07-08;CHI;SG;72;27;31.8;6.4;14.8;.434;2.0;4.8;.410;4.5;10.0;.445;.500;3.7;4.1;.908;0.6;2.5;3.1;3.0;0.8;0.1;2.1;2.4;18.6;
08-09;CHI;SG;<strong>82</strong>;76;36.6;7.3;16.0;.455;2.1;5.1;.410;5.2;10.9;.476;.521;4.0;4.7;.864;0.6;2.8;3.5;3.4;0.9;0.3;2.4;2.2;20.7;
09-10;DET;SG;62;17;27.9;4.7;11.3;.416;1.2;3.8;.321;3.5;7.5;.465;.470;3.2;3.7;.861;0.4;1.5;1.9;2.7;0.8;0.1;1.9;2.4;13.8;
10-11;DET;SG;82;27;26.0;4.1;9.4;.440;1.3;3.2;.402;2.8;6.1;.460;.510;1.7;2.0;.850;0.5;1.9;2.4;2.1;0.6;0.2;1.7;2.2;11.2;
11-12;DET;SG;52;21;26.9;4.5;10.2;.442;1.2;2.8;.429;3.3;7.4;.446;.501;2.3;2.6;.860;0.3;2.1;2.3;2.4;0.7;0.2;2.2;2.2;12.5;
12-13;CHA;SG;75;20.8;4.1;10.1;.408;1.5;3.9;.387;2.6;6.2;.421;.482;1.4;1.7;.843;0.2;1.5;1.7;1.9;0.5;0.2;1.8;1.8;11.2;
13-14;CHA;SG;19;14.7;1.9;5.7;.343;0.4;1.5;.276;1.5;4.2;.367;.380;0.9;1.1;.810;0.2;1.3;1.4;1.1;0.5;0.1;1.1;0.9;5.2;
14-15;ORL;SG;56;14.1;2.3;5.3;.437;0.6;1.7;.361;1.7;3.5;.475;.497;1.0;1.2;.836;0.1;1.0;1.1;0.9;0.3;1.0;1.1;6.2;
Career;;744;269;27.4;5.3;12.2;.432;1.6;3.9;.401;3.7;8.3;.447;.497;2.8;3.2;.857;0.4;2.0;2.5;2.5;0.7;0.2;2.1;2.3;14.9;
Playoffs Per Game
04-05;CHI;SG;6;1;25.5;5.0;12.3;.405;1.2;3.7;.318;3.8;8.7;.442;.453;3.3;4.2;.800;1.0;1.7;2.7;2.5;0.8;0.3;2.2;3.0;14.5;
05-06;CHI;SG;6;6;40.8;7.2;17.7;.406;2.5;6.8;.366;4.7;10.8;.431;.476;4.2;6.2;.676;0.8;2.5;3.3;3.0;1.0;2.8;2.0;21.0;
06-07;CHI;SG;10;10;39.5;6.1;14.7;.415;2.4;5.5;.436;3.7;9.2;.402;.497;5.8;6.3;.921;0.9;2.9;3.8;3.8;0.9;0.1;3.4;3.4;20.4;
08-09;CHI;SG;7;7;43.4;7.4;19.1;.388;2.4;6.6;.370;5.0;12.6;.398;.451;7.0;8.0;.875;0.4;2.4;2.9;3.0;0.4;0.1;1.1;3.1;24.3;
Career;;29;24;37.8;6.4;15.9;.403;2.2;5.7;.384;4.2;10.2;.414;.472;5.2;6.2;.840;0.8;2.4;3.2;3.2;0.8;0.1;2.5;3.0;20.2;
Totals
04-05;CHI;SG;82;3;2002;434;1056;.411;134;331;.405;300;725;.414;.474;233;270;.863;55;160;215;164;53;10;186;224;1235;
05-06;CHI;SG;80;47;2482;486;1152;.422;166;382;.435;320;770;.416;.494;211;268;.787;43;176;219;240;75;5;180;238;1349;
06-07;CHI;SG;<strong>82</strong>;51;2704;609;1338;.455;155;375;.413;454;963;.471;.513;380;440;.864;35;223;258;296;64;17;249;252;1753;
07-08;CHI;SG;72;27;2291;464;1069;.434;142;346;.410;322;723;.445;.500;266;293;.908;40;181;221;213;55;8;150;171;1336;
08-09;CHI;SG;<strong>82</strong>;76;2999;598;1315;.455;173;422;.410;425;893;.476;.521;330;382;.864;52;231;283;279;71;22;200;184;1699;
09-10;DET;SG;62;17;1730;291;699;.416;75;234;.321;216;465;.465;.470;198;230;.861;26;93;119;166;49;6;118;147;855;
10-11;DET;SG;82;27;2131;339;770;.440;107;266;.402;232;504;.460;.510;136;160;.850;41;154;195;171;48;16;141;178;921;
11-12;DET;SG;52;21;1398;234;530;.442;63;147;.429;171;383;.446;.501;117;136;.860;14;107;121;127;34;11;115;114;648;
12-13;CHA;SG;75;1560;310;760;.408;113;292;.387;197;468;.421;.482;107;127;.843;18;112;130;141;35;16;136;134;840;
13-14;CHA;SG;19;279;37;108;.343;8;29;.276;29;79;.367;.380;17;21;.810;3;24;27;21;10;2;21;18;99;
14-15;ORL;SG;56;790;129;295;.437;35;97;.361;94;198;.475;.497;56;67;.836;6;57;63;50;14;1;55;60;349;
Career;;744;269;20366;3931;9092;.432;1171;2921;.401;2760;6171;.447;.497;2051;2394;.857;333;1518;1851;1868;508;114;1551;1720;11084;
Playoffs Totals
04-05;CHI;SG;6;1;153;30;74;.405;7;22;.318;23;52;.442;.453;20;25;.800;6;10;16;15;5;2;13;18;87;
05-06;CHI;SG;6;6;245;43;106;.406;15;41;.366;28;65;.431;.476;25;37;.676;5;15;20;18;6;17;12;126;
06-07;CHI;SG;10;10;395;61;147;.415;24;55;.436;37;92;.402;.497;58;63;.921;9;29;38;38;9;1;34;34;204;
08-09;CHI;SG;7;7;304;52;134;.388;17;46;.370;35;88;.398;.451;49;56;.875;3;17;20;21;3;1;8;22;170;
Career;;29;24;1097;186;461;.403;63;164;.384;123;297;.414;.472;152;181;.840;23;71;94;92;23;4;72;86;587;
Advanced
04-05;CHI;SG;82;2002;14.9;.526;.313;.256;3.1;8.9;6.0;16.3;1.4;0.4;13.7;30.4;0.8;2.7;3.5;.084;1.0;-0.3;0.7;1.4;
05-06;CHI;SG;80;2482;14.5;.531;.332;.233;2.0;8.1;5.1;17.3;1.6;0.2;12.4;26.3;1.8;2.6;4.4;.086;0.7;-0.3;0.5;1.6;
06-07;CHI;SG;<strong>82</strong>;2704;18.2;.572;.280;.329;1.5;9.3;5.4;20.1;1.2;0.5;14.0;29.3;4.7;3.9;8.6;.152;2.5;-0.1;2.4;3.0;
07-08;CHI;SG;72;2291;16.4;.558;.324;.274;1.9;9.2;5.4;16.9;1.2;0.3;11.1;26.0;3.6;1.4;5.1;.106;2.1;-1.2;0.9;1.7;
08-09;CHI;SG;<strong>82</strong>;2999;17.0;.573;.321;.290;2.0;8.8;5.4;15.9;1.2;0.5;11.9;25.0;5.2;1.7;6.9;.110;2.4;-1.3;1.1;2.3;
09-10;DET;SG;62;1730;14.0;.534;.335;.329;1.7;7.0;4.2;16.7;1.5;0.3;12.9;24.5;1.8;0.4;2.1;.059;0.3;-1.8;-1.4;0.2;
10-11;DET;SG;82;2131;12.4;.548;.345;.208;2.2;9.3;5.6;13.2;1.2;0.6;14.4;21.5;1.3;0.3;1.7;.037;-0.6;-1.9;-2.5;-0.3;
11-12;DET;SG;52;1398;13.5;.549;.277;.257;1.2;9.5;5.2;16.5;1.3;0.6;16.3;23.3;1.0;0.7;1.7;.058;-0.3;-1.4;-1.7;0.1;
12-13;CHA;SG;75;1560;12.7;.515;.384;.167;1.3;8.5;4.8;17.6;1.2;0.8;14.3;27.8;-0.4;-0.2;-0.6;-0.018;-0.2;-3.2;-3.4;-0.6;
13-14;CHA;SG;19;279;6.4;.422;.269;.194;1.2;9.8;5.5;12.2;1.9;0.6;15.2;22.9;-0.7;0.3;-0.3;-0.058;-5.8;-0.3;-6.0;-0.3;
14-15;ORL;SG;56;790;10.6;.538;.329;.227;0.8;8.3;4.5;10.3;0.9;0.1;14.5;21.8;0.1;0.2;0.3;.015;-2.0;-2.2;-4.2;-0.4;
Career;;744;20366;14.9;.546;.321;.263;1.9;8.7;5.2;16.5;1.3;0.4;13.3;25.9;19.2;14.1;33.3;.078;0.9;-1.2;-0.3;8.7;
Playoffs Advanced
04-05;CHI;SG;6;153;14.0;.512;.297;.338;4.0;7.3;5.6;18.0;1.6;1.0;13.3;27.1;0.1;0.1;0.2;.055;-0.2;-0.3;-0.5;0.1;
05-06;CHI;SG;6;245;12.8;.515;.387;.349;2.4;7.1;4.7;13.8;1.2;12.2;25.9;0.2;0.2;.031;0.9;-1.1;-0.2;0.1;
06-07;CHI;SG;10;395;16.0;.584;.374;.429;2.7;8.5;5.6;18.4;1.2;0.2;16.3;24.4;0.7;0.4;1.1;.132;1.8;0.3;2.1;0.4;
08-09;CHI;SG;7;304;15.8;.536;.343;.418;1.2;6.2;3.8;12.5;0.5;0.2;4.8;25.0;0.7;0.7;.105;2.6;-2.5;0.1;0.2;
Career;;29;1097;14.9;.543;.356;.393;2.4;7.4;4.9;15.7;1.1;0.3;11.8;25.3;1.4;0.7;2.1;.091;1.5;-0.9;0.6;0.8;
