Ben McLemore;Shooting Guard and Small Forward;Right;1993-02-11;;6-3;195;Christian Life Center Academy in Humble,Texas;;;;-1;;
Per Game
13-14;SAC;SG;82;55;26.7;3.1;8.3;.376;1.2;3.6;.320;2.0;4.7;.419;.446;1.4;1.7;.804;0.6;2.2;2.9;1.0;0.5;0.2;1.2;2.5;8.8;
14-15;SAC;SG;82;82;32.6;4.4;10.1;.437;1.7;4.8;.358;2.7;5.4;.507;.521;1.6;2.0;.813;0.4;2.6;2.9;1.7;0.9;0.2;1.7;2.7;12.1;
15-16;SAC;SG;68;53;21.2;2.9;6.7;.429;1.0;2.7;.362;1.9;4.0;.474;.502;1.1;1.5;.718;0.5;1.7;2.2;1.2;0.8;0.1;1.5;2.1;7.8;
16-17;SAC;SG;61;26;19.3;3.0;6.9;.430;1.1;2.8;.382;1.9;4.1;.462;.507;1.1;1.5;.753;0.3;1.8;2.1;0.8;0.5;0.1;1.0;1.8;8.1;
17-18;MEM;SG;56;17;19.5;2.8;6.7;.421;1.0;2.8;.346;1.8;3.8;.477;.495;0.9;1.1;.828;0.6;1.9;2.5;0.9;0.7;0.3;1.1;2.5;7.5;
18-19;SAC;SG;19;8.3;1.3;3.4;.391;0.9;2.2;.415;0.4;1.2;.348;.523;0.4;0.6;.667;0.2;0.7;0.9;0.2;0.3;0.2;0.3;1.2;3.9;
19-20;HOU;SF;71;23;22.8;3.4;7.7;.444;2.5;6.4;.400;0.9;1.3;.656;.610;0.7;0.9;.746;0.3;1.9;2.2;0.8;0.6;0.2;0.7;2.2;10.1;
20-21;TOT;SG;53;5;17.1;2.5;6.9;.370;1.8;5.3;.346;0.7;1.6;.447;.503;0.7;1.0;.736;0.3;1.6;1.9;0.7;0.4;0.2;0.8;1.7;7.7;
20-21;HOU;SG;32;4;16.8;2.5;7.0;.357;1.7;5.2;.331;0.8;1.8;.431;.480;0.7;1.0;.719;0.3;1.7;2.1;0.9;0.6;0.1;0.9;1.6;7.4;
20-21;LAL;SG;21;1;17.5;2.6;6.7;.390;2.0;5.4;.368;0.6;1.3;.481;.539;0.8;1.0;.762;0.2;1.4;1.6;0.5;0.1;0.3;0.7;1.8;8.0;
21-22;POR;SG;64;6;20.1;3.4;8.4;.401;2.4;6.5;.362;1.0;1.9;.533;.541;1.1;1.4;.818;0.2;1.4;1.6;0.9;0.6;0.2;0.9;1.6;10.2;
Career;;556;267;22.5;3.2;7.7;.414;1.6;4.3;.363;1.6;3.4;.479;.516;1.1;1.4;.780;0.4;1.9;2.3;1.0;0.6;0.2;1.1;2.1;9.0;
Playoffs Per Game
19-20;HOU;SF;11;11.8;1.4;3.6;.375;1.3;3.3;.389;0.1;0.4;.250;.550;0.2;0.8;1.0;0.5;0.4;0.3;0.7;4.0;
20-21;LAL;SG;4;9.0;0.5;2.3;.222;0.5;1.5;.333;0.8;.333;0.3;1.5;1.8;0.3;0.3;0.3;1.3;1.5;
Career;;15;11.1;1.1;3.3;.347;1.1;2.8;.381;0.1;0.5;.143;.510;0.2;1.0;1.2;0.5;0.3;0.3;0.9;3.3;
Totals
13-14;SAC;SG;82;55;2187;255;679;.376;95;297;.320;160;382;.419;.446;115;143;.804;53;182;235;82;45;18;96;201;720;
14-15;SAC;SG;82;82;2670;363;831;.437;140;391;.358;223;440;.507;.521;130;160;.813;31;210;241;140;77;19;138;219;996;
15-16;SAC;SG;68;53;1443;195;455;.429;67;185;.362;128;270;.474;.502;74;103;.718;34;114;148;79;52;10;99;140;531;
16-17;SAC;SG;61;26;1176;180;419;.430;65;170;.382;115;249;.462;.507;70;93;.753;19;110;129;51;29;6;62;108;495;
17-18;MEM;SG;56;17;1091;157;373;.421;55;159;.346;102;214;.477;.495;53;64;.828;34;105;139;51;38;15;61;139;422;
18-19;SAC;SG;19;158;25;64;.391;17;41;.415;8;23;.348;.523;8;12;.667;3;14;17;4;6;3;5;22;75;
19-20;HOU;SF;71;23;1619;242;545;.444;181;452;.400;61;93;.656;.610;50;67;.746;21;136;157;58;45;16;50;155;715;
20-21;TOT;SG;53;5;905;135;365;.370;97;280;.346;38;85;.447;.503;39;53;.736;15;85;100;39;23;9;42;88;406;
20-21;HOU;SG;32;4;537;80;224;.357;55;166;.331;25;58;.431;.480;23;32;.719;11;55;66;28;20;3;28;51;238;
20-21;LAL;SG;21;1;368;55;141;.390;42;114;.368;13;27;.481;.539;16;21;.762;4;30;34;11;3;6;14;37;168;
21-22;POR;SG;64;6;1285;216;539;.401;151;417;.362;65;122;.533;.541;72;88;.818;12;91;103;59;38;10;55;103;655;
Career;;556;267;12534;1768;4270;.414;868;2392;.363;900;1878;.479;.516;611;783;.780;222;1047;1269;563;353;106;608;1175;5015;
Playoffs Totals
19-20;HOU;SF;11;130;15;40;.375;14;36;.389;1;4;.250;.550;2;9;11;6;4;3;8;44;
20-21;LAL;SG;4;36;2;9;.222;2;6;.333;3;.333;1;6;7;1;1;1;5;6;
Career;;15;166;17;49;.347;16;42;.381;1;7;.143;.510;3;15;18;7;5;4;13;50;
Advanced
13-14;SAC;SG;82;2187;7.7;.485;.437;.211;2.7;9.5;6.1;5.8;1.0;0.7;11.5;16.9;-0.1;0.9;0.8;.016;-2.9;-1.1;-4.0;-1.1;
14-15;SAC;SG;82;2670;10.4;.552;.471;.193;1.4;8.6;5.1;8.4;1.5;0.6;13.3;17.2;1.7;0.8;2.5;.045;-1.3;-0.9;-2.2;-0.2;
15-16;SAC;SG;68;1443;8.6;.531;.407;.226;2.6;8.5;5.6;7.9;1.7;0.6;16.5;17.6;-0.4;0.7;0.3;.010;-3.1;-0.7;-3.8;-0.7;
16-17;SAC;SG;61;1176;9.8;.538;.406;.222;1.9;10.7;6.3;6.9;1.2;0.5;11.9;20.1;-0.1;0.5;0.4;.015;-2.5;-1.7;-4.2;-0.6;
17-18;MEM;SG;56;1091;9.7;.526;.426;.172;3.5;11.4;7.4;7.5;1.8;1.3;13.2;19.0;-0.2;0.7;0.5;.023;-2.9;-1.0;-3.9;-0.5;
18-19;SAC;SG;19;158;10.5;.541;.641;.188;1.9;9.4;5.5;3.4;1.8;1.6;6.7;19.4;0.1;0.1;0.2;.055;-2.1;-1.4;-3.5;-0.1;
19-20;HOU;SF;71;1619;11.8;.622;.829;.123;1.3;8.9;5.1;5.2;1.3;0.8;8.0;16.0;2.2;1.1;3.3;.099;0.1;-0.6;-0.5;0.6;
20-21;TOT;SG;53;905;8.5;.523;.767;.145;1.7;10.5;6.0;6.4;1.2;0.9;9.8;20.4;-0.5;0.7;0.2;.013;-2.7;-1.2;-3.9;-0.4;
20-21;HOU;SG;32;537;8.3;.500;.741;.143;2.1;11.4;6.6;7.8;1.8;0.5;10.5;21.1;-0.5;0.3;-0.2;-0.019;-3.4;-1.1;-4.5;-0.3;
20-21;LAL;SG;21;368;8.8;.559;.809;.149;1.2;9.1;5.2;4.3;0.4;1.5;8.5;19.4;0.1;0.4;0.5;.061;-1.6;-1.4;-3.0;-0.1;
21-22;POR;SG;64;1285;11.7;.567;.774;.163;1.0;8.1;4.4;7.3;1.4;0.8;8.7;21.3;0.7;0.2;0.8;.031;-0.7;-2.5;-3.2;-0.4;
Career;;556;12534;9.8;.543;.560;.183;2.0;9.3;5.6;6.9;1.4;0.7;11.6;18.1;3.4;5.6;9.0;.035;-1.9;-1.1;-3.1;-3.4;
Playoffs Advanced
19-20;HOU;SF;11;130;9.0;.550;.900;1.6;8.1;4.7;7.0;1.5;7.0;14.8;0.1;0.2;.061;0.1;-0.7;-0.6;
20-21;LAL;SG;4;36;1.0;.333;.667;3.0;19.7;11.0;4.2;1.4;10.0;12.4;-0.1;-0.039;-6.6;1.4;-5.2;
Career;;15;166;7.2;.510;.857;1.9;10.6;6.1;6.4;1.5;7.5;14.3;0.2;0.1;.039;-1.4;-0.2;-1.6;
