Beno Udrih;Point Guard and Shooting Guard;Left;1982-07-05;;6-3;205;;;;;-1;;
Per Game
04-05;SAS;PG;80;2;14.4;2.2;4.9;.444;0.7;1.8;.408;1.4;3.1;.464;.518;0.8;1.1;.753;0.2;0.8;1.0;1.9;0.5;0.1;1.0;1.2;5.9;
05-06;SAS;PG;54;3;10.9;2.0;4.3;.455;0.4;1.3;.343;1.5;3.0;.503;.506;0.7;0.9;.780;0.3;0.6;1.0;1.7;0.3;1.0;1.0;5.1;
06-07;SAS;PG;73;1;13.0;1.7;4.7;.369;0.5;1.6;.287;1.3;3.1;.410;.417;0.7;0.8;.883;0.2;1.0;1.1;1.7;0.4;0.8;1.0;4.7;
07-08;SAC;PG;65;51;32.0;5.0;10.9;.463;0.8;2.1;.387;4.2;8.8;.482;.501;1.9;2.3;.850;0.5;2.8;3.3;4.3;0.9;0.2;2.3;2.1;12.8;
08-09;SAC;PG;73;72;31.1;4.4;9.5;.461;0.5;1.5;.310;3.9;8.0;.491;.486;1.7;2.1;.820;0.6;2.4;3.0;4.7;1.1;0.2;2.2;2.6;11.0;
09-10;SAC;PG;79;41;31.4;5.3;10.6;.493;0.9;2.5;.377;4.3;8.1;.530;.538;1.5;1.8;.837;0.5;2.3;2.8;4.7;1.1;0.1;1.7;2.1;12.9;
10-11;SAC;PG;79;64;34.6;5.2;10.4;.500;0.8;2.3;.357;4.4;8.1;.540;.539;2.5;2.9;.864;0.5;2.8;3.4;4.9;1.2;0.1;1.8;2.3;13.7;
11-12;MIL;SG;59;18.3;2.5;5.6;.440;0.3;1.0;.288;2.2;4.6;.473;.465;0.7;0.9;.709;0.4;1.3;1.7;3.8;0.6;1.3;1.2;5.9;
12-13;TOT;PG,SG;66;9;22.1;3.2;7.2;.441;0.5;1.5;.333;2.7;5.7;.471;.477;1.3;1.6;.816;0.5;1.6;2.1;4.6;0.6;1.6;1.4;8.2;
12-13;MIL;SG;39;18.4;2.9;6.1;.475;0.3;1.3;.265;2.6;4.8;.529;.502;0.6;0.8;.727;0.4;1.6;2.0;3.5;0.4;0.1;1.4;1.0;6.7;
12-13;ORL;PG;27;9;27.3;3.6;8.8;.408;0.8;2.0;.396;2.8;6.9;.411;.452;2.2;2.6;.857;0.6;1.7;2.3;6.1;0.9;2.0;1.9;10.2;
13-14;TOT;SG;41;12;15.7;1.9;4.3;.438;0.5;1.0;.452;1.4;3.3;.434;.492;0.6;0.7;.833;0.2;1.2;1.4;2.8;0.6;0.1;1.1;1.2;4.9;
13-14;NYK;SG;31;12;19.0;2.2;5.2;.425;0.5;1.3;.425;1.6;3.9;.425;.478;0.6;0.8;.833;0.3;1.5;1.8;3.5;0.7;0.1;1.4;1.5;5.6;
13-14;MEM;SG;10;5.5;1.0;1.8;.556;0.2;0.2;1.000;0.8;1.6;.500;.611;0.5;0.6;.833;0.2;0.2;0.6;0.1;0.1;0.5;0.4;2.7;
14-15;MEM;PG;79;12;18.9;3.1;6.4;.487;0.3;1.2;.268;2.8;5.2;.539;.513;1.1;1.3;.853;0.3;1.6;1.8;2.8;0.6;0.1;1.1;1.1;7.7;
15-16;TOT;PG;44;5;16.1;2.0;4.5;.434;0.3;1.0;.341;1.6;3.5;.461;.472;0.4;0.5;.900;0.2;1.5;1.6;2.6;0.3;1.2;1.2;4.7;
15-16;MEM;PG;8;15.0;2.5;5.8;.435;0.5;1.4;.364;2.0;4.4;.457;.478;0.4;0.4;1.000;0.3;0.9;1.1;3.3;0.4;0.1;1.4;1.4;5.9;
15-16;MIA;PG;36;5;16.3;1.8;4.2;.434;0.3;0.9;.333;1.5;3.3;.462;.470;0.4;0.5;.882;0.2;1.6;1.8;2.5;0.3;1.2;1.1;4.4;
16-17;DET;PG;39;14.4;2.4;5.1;.467;0.3;0.8;.344;2.1;4.2;.491;.495;0.8;0.9;.941;0.2;1.3;1.5;3.4;0.3;0.9;0.7;5.8;
Career;;831;272;21.9;3.3;7.1;.463;0.6;1.6;.349;2.7;5.5;.496;.502;1.2;1.5;.833;0.4;1.7;2.1;3.4;0.7;0.1;1.4;1.5;8.4;
Playoffs Per Game
04-05;SAS;PG;21;11.5;1.3;3.7;.359;0.5;1.8;.270;0.9;2.0;.439;.423;0.6;0.7;.857;0.2;0.6;0.8;1.0;0.4;1.0;1.0;3.7;
05-06;SAS;PG;7;6.7;1.4;4.3;.333;0.1;0.9;.167;1.3;3.4;.375;.350;0.6;0.7;.800;0.1;0.4;0.6;1.1;0.4;1.1;3.6;
06-07;SAS;PG;8;2.5;0.8;0.3;0.5;0.3;0.3;1.000;0.1;0.1;0.1;0.4;0.3;0.3;
13-14;MEM;SG;7;16.4;3.0;6.4;.467;0.6;1.7;.333;2.4;4.7;.515;.511;1.3;1.9;.692;0.3;1.4;1.7;1.7;0.4;1.3;1.6;7.9;
14-15;MEM;PG;10;17.5;3.1;7.3;.425;0.4;1.6;.250;2.7;5.7;.474;.452;1.0;1.2;.833;0.4;1.6;2.0;2.1;0.5;0.4;1.6;7.6;
Career;;53;11.3;1.7;4.4;.388;0.4;1.4;.260;1.3;3.0;.447;.429;0.7;0.9;.804;0.2;0.8;1.0;1.2;0.3;0.7;1.1;4.5;
Totals
04-05;SAS;PG;80;2;1149;173;390;.444;58;142;.408;115;248;.464;.518;67;89;.753;16;67;83;150;41;10;77;96;471;
05-06;SAS;PG;54;3;586;106;233;.455;24;70;.343;82;163;.503;.506;39;50;.780;18;34;52;92;14;2;53;55;275;
06-07;SAS;PG;73;1;948;127;344;.369;33;115;.287;94;229;.410;.417;53;60;.883;11;71;82;122;27;1;56;70;340;
07-08;SAC;PG;65;51;2080;328;708;.463;53;137;.387;275;571;.482;.501;125;147;.850;34;183;217;282;56;10;148;138;834;
08-09;SAC;PG;73;72;2270;321;696;.461;35;113;.310;286;583;.491;.486;123;150;.820;46;174;220;342;81;12;158;192;800;
09-10;SAC;PG;79;41;2477;415;841;.493;75;199;.377;340;642;.530;.538;118;141;.837;38;181;219;372;89;10;136;166;1023;
10-11;SAC;PG;79;64;2734;412;824;.500;65;182;.357;347;642;.540;.539;197;228;.864;41;224;265;386;94;9;141;181;1086;
11-12;MIL;SG;59;1080;146;332;.440;17;59;.288;129;273;.473;.465;39;55;.709;26;76;102;227;37;1;77;69;348;
12-13;TOT;PG,SG;66;9;1457;210;476;.441;34;102;.333;176;374;.471;.477;84;103;.816;34;107;141;302;41;3;108;90;538;
12-13;MIL;SG;39;719;113;238;.475;13;49;.265;100;189;.529;.502;24;33;.727;17;61;78;138;16;2;53;39;263;
12-13;ORL;PG;27;9;738;97;238;.408;21;53;.396;76;185;.411;.452;60;70;.857;17;46;63;164;25;1;55;51;275;
13-14;TOT;SG;41;12;643;78;178;.438;19;42;.452;59;136;.434;.492;25;30;.833;10;49;59;116;23;4;47;50;200;
13-14;NYK;SG;31;12;588;68;160;.425;17;40;.425;51;120;.425;.478;20;24;.833;10;47;57;110;22;3;42;46;173;
13-14;MEM;SG;10;55;10;18;.556;2;2;1.000;8;16;.500;.611;5;6;.833;2;2;6;1;1;5;4;27;
14-15;MEM;PG;79;12;1494;246;505;.487;26;97;.268;220;408;.539;.513;87;102;.853;20;123;143;220;46;8;89;88;605;
15-16;TOT;PG;44;5;707;86;198;.434;15;44;.341;71;154;.461;.472;18;20;.900;8;64;72;116;14;1;53;51;205;
15-16;MEM;PG;8;120;20;46;.435;4;11;.364;16;35;.457;.478;3;3;1.000;2;7;9;26;3;1;11;11;47;
15-16;MIA;PG;36;5;587;66;152;.434;11;33;.333;55;119;.462;.470;15;17;.882;6;57;63;90;11;42;40;158;
16-17;DET;PG;39;560;92;197;.467;11;32;.344;81;165;.491;.495;32;34;.941;6;51;57;131;13;36;29;227;
Career;;831;272;18185;2740;5922;.463;465;1334;.349;2275;4588;.496;.502;1007;1209;.833;308;1404;1712;2858;576;71;1179;1275;6952;
Playoffs Totals
04-05;SAS;PG;21;241;28;78;.359;10;37;.270;18;41;.439;.423;12;14;.857;4;13;17;22;9;1;20;20;78;
05-06;SAS;PG;7;47;10;30;.333;1;6;.167;9;24;.375;.350;4;5;.800;1;3;4;8;3;8;25;
06-07;SAS;PG;8;20;6;2;4;2;2;1.000;1;1;1;3;2;2;
13-14;MEM;SG;7;115;21;45;.467;4;12;.333;17;33;.515;.511;9;13;.692;2;10;12;12;3;9;11;55;
14-15;MEM;PG;10;175;31;73;.425;4;16;.250;27;57;.474;.452;10;12;.833;4;16;20;21;5;4;16;76;
Career;;53;598;90;232;.388;19;73;.260;71;159;.447;.429;37;46;.804;12;42;54;64;17;1;39;57;236;
Advanced
04-05;SAS;PG;80;1149;14.3;.549;.364;.228;1.6;6.8;4.2;22.2;1.9;0.6;15.2;20.5;1.3;1.8;3.1;.128;0.1;0.8;0.9;0.9;
05-06;SAS;PG;54;586;15.3;.539;.300;.215;3.7;6.7;5.2;27.3;1.3;0.2;17.2;25.1;0.5;0.8;1.3;.109;0.2;-1.2;-1.0;0.1;
06-07;SAS;PG;73;948;10.3;.459;.334;.174;1.5;8.7;5.2;20.6;1.5;0.1;13.1;21.3;-0.3;1.4;1.0;.053;-2.8;-0.3;-3.0;-0.2;
07-08;SAC;PG;65;2080;13.3;.540;.194;.208;2.0;10.2;6.2;22.2;1.4;0.4;16.1;19.8;1.5;0.9;2.4;.056;-0.2;-1.2;-1.4;0.3;
08-09;SAC;PG;73;2270;12.3;.525;.162;.216;2.4;9.0;5.7;24.7;1.8;0.4;17.2;18.2;1.0;0.2;1.2;.026;-1.6;-1.5;-3.1;-0.6;
09-10;SAC;PG;79;2477;15.7;.566;.237;.168;1.7;8.5;5.1;24.1;1.8;0.3;13.1;18.6;4.2;1.3;5.5;.107;0.7;-0.2;0.4;1.5;
10-11;SAC;PG;79;2734;15.7;.587;.221;.277;1.7;9.6;5.5;22.1;1.7;0.2;13.2;16.9;5.6;1.6;7.2;.126;0.5;0.5;1.7;
11-12;MIL;SG;59;1080;13.1;.488;.178;.166;2.6;8.0;5.2;32.2;1.8;0.1;17.8;17.7;0.8;0.6;1.4;.061;-0.9;-1.2;-2.1;
12-13;TOT;PG,SG;66;1457;14.2;.516;.214;.216;2.5;8.2;5.3;32.3;1.5;0.2;17.2;19.3;1.5;0.7;2.2;.071;-1.4;-1.4;0.2;
12-13;MIL;SG;39;719;13.6;.521;.206;.139;2.5;9.5;5.8;30.4;1.1;0.2;17.3;18.5;0.6;0.4;1.1;.070;-0.4;-1.1;-1.4;0.1;
12-13;ORL;PG;27;738;14.9;.512;.223;.294;2.6;7.0;4.8;34.2;1.8;0.1;17.0;20.0;0.9;0.2;1.1;.073;0.4;-1.8;-1.3;0.1;
13-14;TOT;SG;41;643;12.7;.523;.236;.169;1.8;9.2;5.4;28.0;1.9;0.5;19.7;17.2;0.5;0.3;0.8;.061;-0.9;-0.9;-1.8;
13-14;NYK;SG;31;588;12.4;.507;.250;.150;1.9;9.7;5.7;28.9;2.0;0.5;19.8;16.8;0.4;0.3;0.7;.056;-1.0;-0.9;-2.0;
13-14;MEM;SG;10;55;16.0;.654;.111;.333;4.3;2.2;18.0;1.0;1.5;19.5;21.5;0.1;0.1;.117;0.6;-0.2;0.4;
14-15;MEM;PG;79;1494;15.4;.550;.192;.202;1.5;9.4;5.5;24.0;1.6;0.4;13.9;19.6;2.0;1.6;3.6;.115;0.3;0.3;0.5;0.9;
15-16;TOT;PG;44;707;9.5;.496;.222;.101;1.3;10.0;5.8;24.9;1.0;0.1;20.4;16.7;-0.1;0.5;0.4;.029;-2.7;-1.0;-3.6;-0.3;
15-16;MEM;PG;8;120;12.6;.497;.239;.065;1.8;7.0;4.3;36.4;1.3;0.8;18.9;21.8;0.1;.024;-0.2;-1.7;-1.9;
15-16;MIA;PG;36;587;8.9;.495;.217;.112;1.2;10.7;6.1;22.5;1.0;20.8;15.7;-0.1;0.5;0.4;.030;-3.2;-0.8;-4.0;-0.3;
16-17;DET;PG;39;560;16.2;.535;.162;.173;1.1;10.3;5.6;35.4;1.2;14.5;19.6;0.8;0.5;1.3;.113;0.6;-0.2;0.3;0.3;
Career;;831;18185;14.0;.539;.225;.204;1.9;8.9;5.4;25.1;1.6;0.3;15.4;18.9;19.4;12.1;31.4;.083;-0.3;-0.6;-0.9;4.9;
Playoffs Advanced
04-05;SAS;PG;21;241;7.7;.463;.474;.179;2.0;6.3;4.2;15.2;2.1;0.3;19.2;20.3;-0.3;0.3;-3.1;-0.2;-3.3;-0.1;
05-06;SAS;PG;7;47;8.1;.388;.200;.167;2.9;7.7;5.4;32.2;8.5;36.4;-0.1;-0.1;-0.128;-3.3;-4.7;-8.0;-0.1;
06-07;SAS;PG;8;20;-14.1;.145;.333;.333;6.0;3.0;6.8;30.4;23.4;-0.2;-0.2;-0.415;-14.3;-7.6;-21.9;-0.1;
13-14;MEM;SG;7;115;13.2;.542;.267;.289;1.9;10.2;5.8;19.3;1.4;15.1;23.9;0.1;0.1;.034;-0.4;0.4;
14-15;MEM;PG;10;175;14.8;.485;.219;.164;2.5;10.3;6.3;21.2;1.5;4.9;21.5;0.2;0.1;0.3;.090;0.5;0.4;0.1;
Career;;53;598;10.1;.468;.315;.198;2.3;8.1;5.2;18.8;1.5;0.1;13.4;22.7;-0.3;0.5;0.1;.009;-2.1;-0.5;-2.6;-0.1;
