Bismack Biyombo;Center;Right;1992-08-28;;6-8;255;;;;;-1;;
Per Game
11-12;CHA;C;63;41;23.1;2.0;4.4;.464;2.0;4.4;.464;.464;1.1;2.3;.483;1.8;4.0;5.8;0.4;0.3;1.8;1.1;2.3;5.2;
12-13;CHA;C;80;65;27.3;2.0;4.3;.451;2.0;4.3;.451;.451;0.9;1.8;.521;2.4;4.9;7.3;0.4;0.4;1.8;1.0;2.4;4.8;
13-14;CHA;C;77;9;13.9;1.1;1.9;.611;1.1;1.9;.611;.611;0.6;1.2;.517;1.4;3.4;4.8;0.1;0.1;1.1;0.5;1.6;2.9;
14-15;CHO;C;64;21;19.4;1.6;2.9;.543;1.6;2.9;.543;.543;1.6;2.7;.583;2.5;3.9;6.4;0.3;0.3;1.5;0.8;2.2;4.8;
15-16;TOR;C;<strong>82</strong>;22;22.0;1.9;3.5;.542;1.9;3.5;.544;.542;1.7;2.8;.628;2.2;5.8;8.0;0.4;0.2;1.6;0.9;2.7;5.5;
16-17;ORL;C;81;27;22.1;2.2;4.2;.528;2.2;4.2;.528;.528;1.5;2.9;.534;1.9;5.1;7.0;0.9;0.3;1.1;1.2;2.5;6.0;
17-18;ORL;C;<strong>82</strong>;25;18.2;2.2;4.3;.520;2.2;4.3;.521;.520;1.2;1.9;.650;1.8;4.0;5.7;0.8;0.3;1.2;1.0;1.9;5.7;
18-19;CHO;C;54;32;14.5;1.6;2.9;.571;1.6;2.9;.571;.571;1.1;1.7;.637;1.5;3.1;4.6;0.6;0.2;0.8;0.6;1.9;4.4;
19-20;CHO;C;53;29;19.4;2.8;5.2;.543;2.8;5.2;.543;.543;1.7;2.8;.603;2.3;3.5;5.8;0.9;0.2;0.9;0.9;2.2;7.4;
20-21;CHO;C;66;36;20.4;2.2;3.7;.587;2.2;3.7;.589;.587;0.7;1.6;.448;2.1;3.2;5.3;1.2;0.3;1.1;1.1;2.1;5.0;
21-22;PHO;C;36;3;14.1;2.4;4.0;.593;2.4;4.0;.593;.593;1.1;2.0;.535;1.8;2.9;4.6;0.6;0.3;0.7;0.7;1.9;5.8;
Career;;738;310;19.9;2.0;3.7;.530;2.0;3.7;.531;.530;1.2;2.1;.564;2.0;4.1;6.1;0.6;0.3;1.3;0.9;2.2;5.2;
Playoffs Per Game
13-14;CHA;C;3;1;16.0;1.0;1.7;.600;1.0;1.7;.600;.600;0.7;2.0;.333;1.7;2.0;3.7;0.3;0.7;1.3;2.7;
15-16;TOR;C;20;10;25.3;2.0;3.5;.580;2.0;3.5;.580;.580;2.2;3.6;.597;2.7;6.7;9.4;0.4;0.4;1.4;1.1;2.4;6.2;
21-22;PHO;C;4;3.8;0.3;0.8;.333;0.3;0.8;.333;.333;0.5;0.5;1.0;0.5;1.3;1.5;0.5;
Career;;27;11;21.1;1.6;2.9;.571;1.6;2.9;.571;.571;1.7;2.9;.577;2.2;5.3;7.5;0.4;0.3;1.1;1.0;2.1;4.9;
Totals
11-12;CHA;C;63;41;1455;129;278;.464;129;278;.464;.464;69;143;.483;113;255;368;27;20;115;71;145;327;
12-13;CHA;C;80;65;2186;156;346;.451;156;346;.451;.451;74;142;.521;194;388;582;35;28;143;82;195;386;
13-14;CHA;C;77;9;1072;88;144;.611;88;144;.611;.611;46;89;.517;105;261;366;8;7;86;40;124;222;
14-15;CHO;C;64;21;1243;101;186;.543;101;186;.543;.543;102;175;.583;159;248;407;16;18;99;52;140;304;
15-16;TOR;C;<strong>82</strong>;22;1808;156;288;.542;1;156;287;.544;.542;142;226;.628;182;473;655;29;19;133;71;225;454;
16-17;ORL;C;81;27;1793;179;339;.528;179;339;.528;.528;125;234;.534;157;410;567;74;25;91;95;202;483;
17-18;ORL;C;<strong>82</strong>;25;1495;183;352;.520;1;183;351;.521;.520;102;157;.650;144;324;468;66;21;95;84;158;468;
18-19;CHO;C;54;32;783;89;156;.571;89;156;.571;.571;58;91;.637;81;166;247;33;11;41;34;103;236;
19-20;CHO;C;53;29;1029;151;278;.543;151;278;.543;.543;91;151;.603;120;188;308;50;10;49;48;116;393;
20-21;CHO;C;66;36;1349;142;242;.587;1;142;241;.589;.587;47;105;.448;137;210;347;81;17;74;71;141;331;
21-22;PHO;C;36;3;506;86;145;.593;86;145;.593;.593;38;71;.535;63;104;167;23;12;26;25;70;210;
Career;;738;310;14719;1460;2754;.530;3;1460;2751;.531;.530;894;1584;.564;1455;3027;4482;442;188;952;673;1619;3814;
Playoffs Totals
13-14;CHA;C;3;1;48;3;5;.600;3;5;.600;.600;2;6;.333;5;6;11;1;2;4;8;
15-16;TOR;C;20;10;506;40;69;.580;40;69;.580;.580;43;72;.597;53;134;187;8;8;27;21;48;123;
21-22;PHO;C;4;15;1;3;.333;1;3;.333;.333;2;2;4;2;5;6;2;
Career;;27;11;569;44;77;.571;44;77;.571;.571;45;78;.577;60;142;202;11;8;29;26;58;133;
Advanced
11-12;CHA;C;63;1455;10.6;.480;.514;8.6;20.8;14.5;3.1;0.7;5.9;17.2;13.1;-0.5;1.1;0.6;.019;-4.5;-0.2;-4.6;-1.0;
12-13;CHA;C;80;2186;10.1;.472;.410;9.9;20.9;15.2;2.5;0.7;5.3;16.7;10.2;0.1;1.3;1.4;.031;-3.6;-0.8;-4.4;-1.3;
13-14;CHA;C;77;1072;13.3;.606;.618;11.0;27.6;19.3;1.1;0.3;6.3;17.9;9.6;1.1;2.1;3.2;.144;-2.9;1.7;-1.2;0.2;
14-15;CHO;C;64;1243;15.2;.578;.941;13.7;22.6;18.0;2.0;0.7;6.3;16.5;11.6;1.8;2.2;4.0;.156;-2.4;1.3;-1.1;0.3;
15-16;TOR;C;<strong>82</strong>;1808;14.9;.586;.003;.785;11.7;29.5;20.8;2.4;0.5;6.1;15.5;11.5;2.8;3.1;5.9;.156;-1.3;1.1;-0.2;0.8;
16-17;ORL;C;81;1793;12.2;.546;.690;9.3;25.6;17.2;6.0;0.7;4.1;17.7;13.2;0.8;2.1;2.9;.077;-3.4;0.2;-3.2;-0.6;
17-18;ORL;C;<strong>82</strong>;1495;14.1;.556;.003;.446;10.5;24.0;17.2;6.5;0.7;5.1;16.6;14.9;1.1;1.8;2.9;.094;-2.6;0.2;-2.4;-0.2;
18-19;CHO;C;54;783;14.4;.602;.583;11.0;23.3;17.0;5.9;0.7;4.6;14.8;12.7;1.2;0.8;2.0;.125;-2.4;-2.5;-0.1;
19-20;CHO;C;53;1029;16.1;.570;.543;12.3;20.7;16.3;7.8;0.5;4.4;12.2;16.8;1.5;0.9;2.4;.113;-1.8;-0.7;-2.5;-0.1;
20-21;CHO;C;66;1349;11.7;.574;.004;.434;10.8;17.1;13.9;8.3;0.6;5.4;19.8;11.5;0.9;1.4;2.3;.081;-3.4;0.4;-3.0;-0.4;
21-22;PHO;C;36;506;17.3;.596;.490;13.7;21.5;17.7;6.2;1.1;4.6;12.4;17.1;0.9;0.9;1.8;.170;-1.7;0.4;-1.3;0.1;
Career;;738;14719;13.1;.553;.001;.575;10.8;23.3;17.0;4.4;0.6;5.3;16.3;12.5;11.7;17.7;29.4;.096;-2.8;0.3;-2.6;-2.2;
Playoffs Advanced
13-14;CHA;C;3;48;11.2;.524;1.200;12.6;16.3;14.4;3.3;3.7;7.6;0.1;0.1;.103;-1.0;-0.6;-1.6;
15-16;TOR;C;20;506;15.9;.611;1.043;11.9;33.8;22.2;2.5;0.8;4.7;17.3;11.1;0.8;0.8;1.5;.146;0.3;1.2;1.5;0.4;
21-22;PHO;C;4;15;-13.2;.333;16.8;14.8;15.7;15.9;62.5;25.0;-0.1;-0.1;-0.414;-22.3;-1.6;-23.9;-0.1;
Career;;27;569;14.8;.597;1.013;12.1;31.8;21.3;2.9;0.8;4.5;18.9;11.2;0.7;0.8;1.5;.128;-0.4;1.0;0.6;0.4;
