Blake Griffin;Power Forward;Right;1989-03-16;;6-9;250;Oklahoma Christian School in Edmond,Oklahoma;;;;-1;;
Per Game
10-11;LAC;PF;82;82;38.0;8.5;16.8;.506;0.1;0.3;.292;8.4;16.5;.510;.508;5.4;8.5;.642;3.3;8.8;12.1;3.8;0.8;0.5;2.7;3.1;22.5;
11-12;LAC;PF;<strong>66</strong>;66;36.2;8.5;15.5;.549;0.2;.125;8.5;15.2;.556;.550;3.7;7.1;.521;3.3;7.6;10.9;3.2;0.8;0.7;2.3;3.3;20.7;
12-13;LAC;PF;80;80;32.5;7.2;13.4;.538;0.1;0.4;.179;7.2;13.1;.548;.541;3.5;5.3;.660;2.3;6.0;8.3;3.7;1.2;0.6;2.3;2.9;18.0;
13-14;LAC;PF;80;80;35.8;9.0;17.0;.528;0.2;0.6;.273;8.8;16.4;.537;.533;6.0;8.4;.715;2.4;7.1;9.5;3.9;1.2;0.6;2.8;3.3;24.1;
14-15;LAC;PF;67;67;35.2;8.6;17.1;.502;0.1;0.4;.400;8.4;16.7;.504;.506;4.6;6.4;.728;1.9;5.7;7.6;5.3;0.9;0.5;2.3;2.9;21.9;
15-16;LAC;PF;35;35;33.4;8.6;17.2;.499;0.2;0.5;.333;8.4;16.7;.504;.504;4.0;5.5;.727;1.5;6.9;8.4;4.9;0.8;0.5;2.4;2.7;21.4;
16-17;LAC;PF;61;61;34.0;7.9;15.9;.493;0.6;1.9;.336;7.2;14.1;.514;.513;5.2;6.9;.760;1.8;6.3;8.1;4.9;0.9;0.4;2.3;2.6;21.6;
17-18;TOT;PF;58;58;34.0;7.5;17.2;.438;1.9;5.6;.345;5.6;11.6;.482;.493;4.5;5.7;.785;1.3;6.1;7.4;5.8;0.7;0.3;2.8;2.4;21.4;
17-18;LAC;PF;33;33;34.5;7.7;17.5;.441;1.9;5.7;.342;5.8;11.8;.488;.497;5.2;6.6;.785;1.4;6.5;7.9;5.4;0.9;0.3;3.0;2.4;22.6;
17-18;DET;PF;25;25;33.2;7.2;16.7;.433;1.9;5.4;.348;5.4;11.3;.473;.489;3.5;4.4;.784;1.1;5.6;6.6;6.2;0.4;0.4;2.6;2.4;19.8;
18-19;DET;PF;75;75;35.0;8.3;17.9;.462;2.5;7.0;.362;5.7;10.9;.525;.532;5.5;7.3;.753;1.3;6.2;7.5;5.4;0.7;0.4;3.4;2.7;24.5;
19-20;DET;PF;18;18;28.4;4.9;13.9;.352;1.5;6.2;.243;3.4;7.7;.439;.406;4.2;5.4;.776;0.9;3.7;4.7;3.3;0.4;0.4;2.2;1.5;15.5;
20-21;TOT;PF;46;30;25.8;3.8;8.9;.423;1.5;4.5;.341;2.3;4.5;.505;.509;1.9;2.5;.744;0.8;4.1;4.9;3.0;0.7;0.3;1.3;2.4;11.0;
20-21;DET;PF;20;20;31.3;4.1;11.1;.365;2.0;6.2;.315;2.1;4.9;.429;.453;2.2;3.1;.710;0.4;4.9;5.2;3.9;0.7;0.1;1.6;2.1;12.3;
20-21;BRK;PF;26;10;21.5;3.6;7.3;.492;1.2;3.1;.383;2.4;4.2;.574;.574;1.7;2.1;.782;1.1;3.6;4.7;2.4;0.7;0.5;1.2;2.7;10.0;
21-22;BRK;PF;56;24;17.1;2.4;5.6;.425;0.7;2.6;.262;1.7;3.0;.565;.486;1.0;1.4;.724;1.1;3.0;4.1;1.9;0.5;0.3;0.6;1.7;6.4;
Career;;724;676;32.9;7.4;15.0;.493;0.7;2.2;.327;6.7;12.8;.521;.517;4.3;6.2;.696;2.0;6.2;8.2;4.1;0.8;0.5;2.4;2.7;19.8;
Playoffs Per Game
11-12;LAC;PF;11;11;35.7;7.6;15.3;.500;0.1;7.6;15.2;.503;.500;3.8;6.0;.636;1.7;5.2;6.9;2.5;1.8;0.9;2.3;3.7;19.1;
12-13;LAC;PF;6;5;26.3;4.8;10.7;.453;4.8;10.7;.453;.453;3.5;4.3;.808;1.3;4.2;5.5;2.5;0.8;2.2;4.0;13.2;
13-14;LAC;PF;13;13;36.8;9.0;18.0;.500;0.1;0.5;.143;8.9;17.5;.511;.502;5.5;7.4;.740;2.7;4.7;7.4;3.8;1.2;1.1;2.4;4.2;23.5;
14-15;LAC;PF;14;14;39.8;10.0;19.6;.511;0.1;0.5;.143;9.9;19.1;.521;.513;5.4;7.6;.717;2.7;10.0;12.7;6.1;1.0;1.0;3.2;3.1;25.5;
15-16;LAC;PF;4;4;31.8;5.0;13.3;.377;0.3;0.5;.500;4.8;12.8;.373;.387;4.8;6.3;.760;1.8;7.0;8.8;4.0;0.8;0.5;2.3;2.3;15.0;
16-17;LAC;PF;3;3;33.0;8.3;17.0;.490;1.3;2.0;.667;7.0;15.0;.467;.529;2.3;2.3;1.000;1.0;5.0;6.0;2.3;0.7;0.3;2.0;0.7;20.3;
18-19;DET;PF;2;2;29.0;9.0;19.5;.462;3.0;6.5;.462;6.0;13.0;.462;.538;3.5;3.5;1.000;2.0;4.0;6.0;6.0;1.0;3.0;4.5;24.5;
20-21;BRK;PF;12;12;26.5;3.5;6.6;.532;1.2;3.0;.389;2.3;3.6;.651;.620;0.8;1.2;.714;1.3;4.7;5.9;1.8;0.8;0.5;0.4;3.3;9.0;
21-22;BRK;PF;2;12.5;1.0;3.5;.286;1.0;2.5;.400;1.0;.429;1.0;1.0;1.000;1.0;1.0;2.0;2.0;0.5;0.5;0.5;1.5;4.0;
Career;;67;64;33.0;7.1;14.5;.492;0.4;1.1;.377;6.7;13.3;.502;.507;3.8;5.2;.731;2.0;5.9;7.8;3.6;1.0;0.8;2.1;3.4;18.5;
Totals
10-11;LAC;PF;82;82;3112;696;1376;.506;7;24;.292;689;1352;.510;.508;446;695;.642;270;719;989;312;63;45;223;252;1845;
11-12;LAC;PF;<strong>66</strong>;66;2392;561;1022;.549;2;16;.125;559;1006;.556;.550;244;468;.521;218;499;717;210;54;48;150;216;1368;
12-13;LAC;PF;80;80;2598;577;1072;.538;5;28;.179;572;1044;.548;.541;281;426;.660;186;476;662;299;97;50;185;231;1440;
13-14;LAC;PF;80;80;2863;718;1359;.528;12;44;.273;<strong>706</strong>;1315;.537;.533;482;674;.715;192;565;757;309;92;51;224;265;1930;
14-15;LAC;PF;67;67;2356;574;1144;.502;10;25;.400;564;1119;.504;.506;311;427;.728;126;382;508;354;63;35;152;196;1469;
15-16;LAC;PF;35;35;1170;301;603;.499;6;18;.333;295;585;.504;.504;141;194;.727;51;243;294;170;28;17;83;95;749;
16-17;LAC;PF;61;61;2076;479;971;.493;38;113;.336;441;858;.514;.513;320;421;.760;112;385;497;300;57;22;142;157;1316;
17-18;TOT;PF;58;58;1970;436;996;.438;111;322;.345;325;674;.482;.493;259;330;.785;73;355;428;334;41;18;165;139;1242;
17-18;LAC;PF;33;33;1139;255;578;.441;64;187;.342;191;391;.488;.497;172;219;.785;46;216;262;179;30;9;99;78;746;
17-18;DET;PF;25;25;831;181;418;.433;47;135;.348;134;283;.473;.489;87;111;.784;27;139;166;155;11;9;66;61;496;
18-19;DET;PF;75;75;2622;619;1341;.462;189;522;.362;430;819;.525;.532;414;550;.753;100;465;565;402;52;28;253;199;1841;
19-20;DET;PF;18;18;512;88;250;.352;27;111;.243;61;139;.439;.406;76;98;.776;17;67;84;59;7;7;40;27;279;
20-21;TOT;PF;46;30;1186;174;411;.423;70;205;.341;104;206;.505;.509;87;117;.744;35;190;225;140;32;15;62;111;505;
20-21;DET;PF;20;20;626;81;222;.365;39;124;.315;42;98;.429;.453;44;62;.710;7;97;104;77;14;2;32;42;245;
20-21;BRK;PF;26;10;560;93;189;.492;31;81;.383;62;108;.574;.574;43;55;.782;28;93;121;63;18;13;30;69;260;
21-22;BRK;PF;56;24;958;133;313;.425;38;145;.262;95;168;.565;.486;55;76;.724;60;168;228;105;27;14;31;95;359;
Career;;724;676;23815;5356;10858;.493;515;1573;.327;4841;9285;.521;.517;3116;4476;.696;1440;4514;5954;2994;613;350;1710;1983;14343;
Playoffs Totals
11-12;LAC;PF;11;11;393;84;168;.500;1;84;167;.503;.500;42;66;.636;19;57;76;27;20;10;25;41;210;
12-13;LAC;PF;6;5;158;29;64;.453;29;64;.453;.453;21;26;.808;8;25;33;15;5;13;24;79;
13-14;LAC;PF;13;13;478;117;234;.500;1;7;.143;116;227;.511;.502;71;96;.740;35;61;96;50;16;14;31;54;306;
14-15;LAC;PF;14;14;557;140;274;.511;1;7;.143;139;267;.521;.513;76;106;.717;38;140;178;86;14;14;45;43;357;
15-16;LAC;PF;4;4;127;20;53;.377;1;2;.500;19;51;.373;.387;19;25;.760;7;28;35;16;3;2;9;9;60;
16-17;LAC;PF;3;3;99;25;51;.490;4;6;.667;21;45;.467;.529;7;7;1.000;3;15;18;7;2;1;6;2;61;
18-19;DET;PF;2;2;58;18;39;.462;6;13;.462;12;26;.462;.538;7;7;1.000;4;8;12;12;2;6;9;49;
20-21;BRK;PF;12;12;318;42;79;.532;14;36;.389;28;43;.651;.620;10;14;.714;15;56;71;21;10;6;5;40;108;
21-22;BRK;PF;2;25;2;7;.286;2;5;.400;2;.429;2;2;1.000;2;2;4;4;1;1;1;3;8;
Career;;67;64;2213;477;969;.492;29;77;.377;448;892;.502;.507;255;349;.731;131;392;523;238;68;53;141;225;1238;
Advanced
10-11;LAC;PF;82;3112;21.9;.549;.017;.505;10.2;26.9;18.6;18.7;1.0;1.1;11.7;27.3;6.5;3.4;9.8;.152;3.0;-0.3;2.6;3.6;
11-12;LAC;PF;<strong>66</strong>;2392;23.4;.557;.016;.458;10.7;25.1;17.8;16.6;1.2;1.7;10.9;26.6;6.6;2.6;9.2;.185;3.9;-0.2;3.7;3.4;
12-13;LAC;PF;80;2598;22.4;.572;.026;.397;8.7;21.5;15.2;19.9;2.0;1.6;12.8;25.4;6.8;3.9;10.6;.196;3.2;0.8;4.1;4.0;
13-14;LAC;PF;80;2863;23.9;.583;.032;.496;7.7;21.2;14.7;19.2;1.6;1.4;11.9;29.0;8.1;4.1;12.2;.205;3.8;0.7;4.5;4.7;
14-15;LAC;PF;67;2356;22.8;.551;.022;.373;6.1;17.9;12.1;26.2;1.4;1.2;10.2;28.4;6.6;2.4;9.0;.183;3.8;0.2;4.0;3.6;
15-16;LAC;PF;35;1170;22.1;.544;.030;.322;4.8;22.3;13.7;27.2;1.2;1.1;10.8;29.8;2.2;1.6;3.8;.156;3.4;1.1;4.5;1.9;
16-17;LAC;PF;61;2076;22.6;.569;.116;.434;6.2;20.2;13.4;24.5;1.4;0.9;10.9;28.0;5.4;2.4;7.7;.179;4.2;0.5;4.7;3.5;
17-18;TOT;PF;58;1970;19.6;.544;.323;.331;4.1;19.8;12.0;28.1;1.0;0.8;12.6;28.9;3.2;1.8;4.9;.120;3.6;-0.2;3.4;2.7;
17-18;LAC;PF;33;1139;20.4;.553;.324;.379;4.5;20.5;12.6;25.6;1.3;0.7;12.8;29.3;2.0;1.0;3.0;.126;3.8;-0.4;3.4;1.6;
17-18;DET;PF;25;831;18.5;.531;.323;.266;3.5;18.9;11.0;31.5;0.7;1.0;12.4;28.4;1.1;0.8;1.9;.113;3.4;0.1;3.4;1.1;
18-19;DET;PF;75;2622;21.0;.581;.389;.410;4.0;20.1;11.8;27.1;1.0;0.9;13.8;30.2;5.1;2.9;8.0;.147;4.9;0.2;5.1;4.7;
19-20;DET;PF;18;512;11.9;.476;.444;.392;3.7;15.0;9.3;18.0;0.7;1.1;12.0;28.4;-0.4;0.3;-0.1;-0.012;-1.7;-2.6;-4.3;-0.3;
20-21;TOT;PF;46;1186;12.9;.546;.499;.285;3.4;17.4;10.5;17.0;1.3;1.1;11.8;19.3;0.9;1.1;2.0;.081;-0.8;-0.8;0.3;
20-21;DET;PF;20;626;9.8;.491;.559;.279;1.2;17.4;9.2;18.4;1.1;0.3;11.4;19.6;-0.2;0.5;0.3;.026;-1.9;-0.3;-2.2;-0.1;
20-21;BRK;PF;26;560;16.3;.610;.429;.291;5.8;17.5;11.9;15.5;1.6;2.0;12.3;18.9;1.1;0.6;1.7;.142;0.5;0.3;0.8;0.4;
21-22;BRK;PF;56;958;13.7;.518;.463;.243;7.0;18.6;13.0;15.0;1.4;1.3;8.2;16.9;1.2;0.9;2.1;.106;-0.6;0.1;-0.6;0.3;
Career;;724;23815;21.2;.559;.145;.412;7.0;21.3;14.2;21.8;1.3;1.2;11.8;27.2;52.0;27.3;79.3;.160;3.2;0.2;3.4;32.5;
Playoffs Advanced
11-12;LAC;PF;11;393;20.8;.533;.006;.393;6.0;17.8;11.9;13.8;2.7;2.0;11.3;27.3;0.6;0.4;1.0;.118;2.4;0.5;2.8;0.5;
12-13;LAC;PF;6;158;16.3;.524;.406;6.7;19.6;13.4;17.3;2.4;14.7;27.1;0.2;0.1;.045;1.0;-1.4;-0.4;0.1;
13-14;LAC;PF;13;478;21.7;.554;.030;.410;8.1;15.2;11.5;18.2;1.7;2.5;10.1;27.9;1.1;0.3;1.4;.143;3.9;0.5;4.4;0.8;
14-15;LAC;PF;14;557;24.8;.557;.026;.387;7.3;26.1;16.8;27.3;1.2;2.2;12.3;28.5;1.5;0.6;2.1;.179;5.5;1.1;6.6;1.2;
15-16;LAC;PF;4;127;16.5;.469;.038;.472;5.5;21.7;13.6;20.4;1.2;1.3;12.3;25.6;0.2;0.2;.074;0.9;0.9;1.8;0.1;
16-17;LAC;PF;3;99;20.1;.564;.118;.137;3.8;19.8;11.6;14.0;1.1;1.0;10.0;29.2;0.1;0.1;0.2;.092;4.8;-0.6;4.2;0.2;
18-19;DET;PF;2;58;25.3;.582;.333;.179;6.1;16.1;10.4;43.9;1.6;12.5;34.7;0.1;0.1;.089;9.5;0.4;10.0;0.2;
20-21;BRK;PF;12;318;14.6;.634;.456;.177;5.4;18.6;12.3;9.3;1.6;1.7;5.5;12.9;0.7;0.5;1.2;.181;0.9;1.6;2.4;0.4;
21-22;BRK;PF;2;25;15.2;.508;.714;.286;10.4;10.5;10.4;21.7;2.0;3.9;11.3;16.3;0.1;0.1;.099;2.9;1.0;3.9;
Career;;67;2213;20.6;.551;.079;.360;6.7;19.7;13.2;19.0;1.6;2.0;11.2;25.7;4.2;2.1;6.4;.138;3.4;0.6;4.0;3.4;
