Bojan Bogdanović;Small Forward and Power Forward;Right;1989-04-18;;6-7;226;;;;;-1;;
Per Game
14-15;BRK;SF;78;28;23.8;3.3;7.4;.453;1.2;3.3;.355;2.2;4.1;.531;.532;1.1;1.4;.821;0.6;2.1;2.7;0.9;0.4;0.1;1.0;1.3;9.0;
15-16;BRK;SF;79;39;26.8;4.1;9.5;.433;1.6;4.3;.382;2.5;5.2;.474;.519;1.4;1.7;.833;0.5;2.8;3.2;1.3;0.4;0.1;1.5;1.5;11.2;
16-17;TOT;SF;81;54;25.7;4.6;10.4;.445;1.8;4.8;.367;2.9;5.6;.512;.530;2.7;3.0;.893;0.5;3.0;3.4;1.4;0.4;0.1;1.6;1.8;13.7;
16-17;BRK;SF;55;54;26.9;4.9;11.1;.440;1.8;5.0;.357;3.1;6.1;.509;.521;2.7;3.0;.874;0.4;3.2;3.6;1.6;0.4;0.1;1.7;1.8;14.2;
16-17;WAS;SF;26;23.1;4.1;9.0;.457;1.7;4.4;.391;2.4;4.6;.521;.553;2.7;2.9;.934;0.5;2.5;3.1;0.8;0.4;0.2;1.5;1.8;12.7;
17-18;IND;SF;80;80;30.8;5.1;10.7;.474;1.9;4.8;.402;3.1;5.8;.534;.565;2.2;2.6;.868;0.4;3.0;3.4;1.5;0.7;0.1;1.3;1.6;14.3;
18-19;IND;SF;81;81;31.8;6.4;13.0;.497;2.0;4.8;.425;4.4;8.2;.538;.575;3.0;3.8;.807;0.4;3.7;4.1;2.0;0.9;1.7;1.7;18.0;
19-20;UTA;SF;63;63;33.1;6.6;14.8;.447;3.0;7.3;.414;3.6;7.6;.479;.548;4.0;4.4;.903;0.6;3.5;4.1;2.1;0.5;0.1;2.5;1.7;20.2;
20-21;UTA;SF;<strong>72</strong>;72;30.8;5.6;12.8;.439;2.5;6.4;.390;3.1;6.4;.487;.536;3.2;3.7;.879;0.6;3.3;3.9;1.9;0.6;0.1;1.8;1.6;17.0;
21-22;UTA;PF;69;69;30.9;6.1;13.4;.455;2.6;6.8;.387;3.5;6.7;.524;.552;3.2;3.8;.858;0.8;3.4;4.3;1.7;0.5;1.7;1.7;18.1;
Career;;603;486;29.1;5.2;11.4;.457;2.0;5.2;.392;3.2;6.2;.511;.546;2.6;3.0;.861;0.5;3.1;3.6;1.6;0.6;0.1;1.6;1.6;15.0;
Playoffs Per Game
14-15;BRK;SF;6;5;34.3;3.8;9.8;.390;1.8;5.5;.333;2.0;4.3;.462;.483;0.8;1.2;.714;0.5;3.3;3.8;1.7;0.7;0.3;1.3;2.0;10.3;
16-17;WAS;SF;13;20.3;2.8;6.7;.414;1.2;3.5;.356;1.5;3.2;.476;.506;2.1;2.5;.844;0.8;3.5;4.3;0.7;0.5;0.1;0.6;1.3;8.8;
17-18;IND;SF;7;7;34.0;4.6;11.6;.395;2.4;6.4;.378;2.1;5.1;.417;.500;0.9;1.4;.600;0.1;3.3;3.4;1.9;0.9;1.9;3.3;12.4;
18-19;IND;SF;4;4;37.0;6.3;15.8;.397;1.8;5.5;.318;4.5;10.3;.439;.452;3.8;4.3;.882;0.8;5.0;5.8;2.8;2.0;1.5;1.8;18.0;
20-21;UTA;SF;11;11;35.5;5.8;12.5;.467;3.2;6.9;.461;2.6;5.5;.475;.595;3.3;3.7;.878;0.5;3.7;4.3;1.5;0.9;2.1;2.5;18.1;
21-22;UTA;PF;<strong>6</strong>;6;35.7;6.5;13.5;.481;1.8;5.5;.333;4.7;8.0;.583;.549;3.2;4.0;.792;0.5;3.7;4.2;1.7;0.3;2.0;4.0;18.0;
Career;;47;33;31.1;4.7;10.8;.431;2.1;5.4;.382;2.6;5.4;.480;.527;2.3;2.8;.824;0.6;3.7;4.2;1.5;0.8;0.1;1.5;2.3;13.7;
Totals
14-15;BRK;SF;78;28;1854;261;576;.453;91;256;.355;170;320;.531;.532;87;106;.821;50;163;213;68;34;9;78;104;700;
15-16;BRK;SF;79;39;2115;324;749;.433;129;338;.382;195;411;.474;.519;110;132;.833;36;219;255;99;29;5;115;119;887;
16-17;TOT;SF;81;54;2083;376;845;.445;144;392;.367;232;453;.512;.530;217;243;.893;37;240;277;111;34;7;131;146;1113;
16-17;BRK;SF;55;54;1482;269;611;.440;99;277;.357;170;334;.509;.521;146;167;.874;23;174;197;90;24;3;93;99;783;
16-17;WAS;SF;26;601;107;234;.457;45;115;.391;62;119;.521;.553;71;76;.934;14;66;80;21;10;4;38;47;330;
17-18;IND;SF;80;80;2464;404;852;.474;155;386;.402;249;466;.534;.565;178;205;.868;30;240;270;119;55;8;106;129;1141;
18-19;IND;SF;81;81;2573;522;1051;.497;164;386;.425;358;665;.538;.575;246;305;.807;33;300;333;161;69;1;134;138;1454;
19-20;UTA;SF;63;63;2083;418;935;.447;189;457;.414;229;478;.479;.548;250;277;.903;39;220;259;131;34;7;159;110;1275;
20-21;UTA;SF;<strong>72</strong>;72;2216;406;925;.439;180;461;.390;226;464;.487;.536;233;265;.879;40;241;281;136;45;4;128;115;1225;
21-22;UTA;PF;69;69;2131;422;928;.455;181;468;.387;241;460;.524;.552;223;260;.858;58;238;296;120;34;1;118;116;1248;
Career;;603;486;17519;3133;6861;.457;1233;3144;.392;1900;3717;.511;.546;1544;1793;.861;323;1861;2184;945;334;42;969;977;9043;
Playoffs Totals
14-15;BRK;SF;6;5;206;23;59;.390;11;33;.333;12;26;.462;.483;5;7;.714;3;20;23;10;4;2;8;12;62;
16-17;WAS;SF;13;264;36;87;.414;16;45;.356;20;42;.476;.506;27;32;.844;10;46;56;9;6;1;8;17;115;
17-18;IND;SF;7;7;238;32;81;.395;17;45;.378;15;36;.417;.500;6;10;.600;1;23;24;13;6;13;23;87;
18-19;IND;SF;4;4;148;25;63;.397;7;22;.318;18;41;.439;.452;15;17;.882;3;20;23;11;8;6;7;72;
20-21;UTA;SF;11;11;390;64;137;.467;35;76;.461;29;61;.475;.595;36;41;.878;6;41;47;16;10;23;27;199;
21-22;UTA;PF;<strong>6</strong>;6;214;39;81;.481;11;33;.333;28;48;.583;.549;19;24;.792;3;22;25;10;2;12;24;108;
Career;;47;33;1460;219;508;.431;97;254;.382;122;254;.480;.527;108;131;.824;26;172;198;69;36;3;70;110;643;
Advanced
14-15;BRK;SF;78;1854;11.6;.562;.444;.184;3.0;9.8;6.4;5.8;0.9;0.4;11.1;17.2;1.7;0.7;2.4;.062;-0.3;-1.4;-1.7;0.1;
15-16;BRK;SF;79;2115;10.7;.550;.451;.176;1.9;11.8;6.8;7.3;0.7;0.2;12.5;19.4;0.9;0.9;.021;-1.0;-2.6;-3.5;-0.8;
16-17;TOT;SF;81;2083;13.5;.585;.464;.288;1.9;12.3;7.2;8.7;0.8;0.3;12.1;22.4;2.0;0.9;2.9;.067;-0.1;-2.1;-2.2;-0.1;
16-17;BRK;SF;55;1482;13.0;.572;.453;.273;1.7;12.3;7.0;10.1;0.8;0.2;12.0;22.5;1.0;0.6;1.6;.052;-0.5;-2.1;-2.6;-0.2;
16-17;WAS;SF;26;601;14.7;.617;.491;.325;2.6;12.3;7.5;5.2;0.8;0.6;12.4;22.2;0.9;0.3;1.3;.103;0.8;-2.0;-1.2;0.1;
17-18;IND;SF;80;2464;13.9;.605;.453;.241;1.4;10.9;6.2;7.1;1.1;0.3;10.1;19.0;3.8;1.6;5.4;.105;0.5;-1.2;-0.7;0.8;
18-19;IND;SF;81;2573;16.1;.613;.367;.290;1.5;12.7;7.2;9.5;1.3;10.2;22.4;3.9;2.8;6.8;.126;1.3;-0.6;0.7;1.7;
19-20;UTA;SF;63;2083;15.6;.603;.489;.296;2.1;11.2;6.8;10.0;0.8;0.3;13.1;25.5;2.6;1.6;4.2;.096;1.6;-1.5;0.1;1.1;
20-21;UTA;SF;<strong>72</strong>;2216;14.0;.588;.498;.286;2.0;11.1;6.7;9.1;1.0;0.1;10.9;22.8;2.7;2.5;5.2;.113;0.2;-0.7;-0.4;0.9;
21-22;UTA;PF;69;2131;15.7;.599;.504;.280;3.1;11.8;7.6;8.7;0.8;10.2;23.7;3.6;1.6;5.2;.118;1.6;-1.6;1.1;
Career;;603;17519;14.0;.591;.458;.261;2.1;11.5;6.9;8.3;0.9;0.2;11.2;21.6;21.3;11.7;33.0;.090;0.5;-1.4;-0.9;4.8;
Playoffs Advanced
14-15;BRK;SF;6;206;8.3;.499;.559;.119;1.6;10.5;6.0;7.7;1.0;0.9;11.4;15.6;0.1;0.1;.015;-1.3;-0.7;-2.0;
16-17;WAS;SF;13;264;13.6;.569;.517;.368;4.4;20.2;12.3;4.9;1.1;0.3;7.3;17.8;0.4;0.2;0.6;.113;1.3;-1.3;0.1;
17-18;IND;SF;7;238;7.5;.509;.556;.123;0.5;11.3;6.1;8.2;1.3;13.2;19.5;-0.2;0.3;0.1;.023;-2.7;-0.5;-3.2;-0.1;
18-19;IND;SF;4;148;15.2;.511;.349;.270;2.0;16.3;8.5;14.1;2.7;7.8;23.7;0.3;0.3;.085;0.4;1.4;1.9;0.1;
20-21;UTA;SF;11;390;13.8;.642;.555;.299;1.9;11.7;7.0;6.2;1.3;12.9;20.2;0.6;0.5;.067;1.1;-0.6;0.5;0.2;
21-22;UTA;PF;<strong>6</strong>;214;12.8;.590;.407;.296;1.6;11.9;6.8;8.5;0.5;11.6;22.7;0.2;0.1;0.3;.057;0.2;-0.7;-0.5;0.1;
Career;;47;1460;12.0;.568;.500;.258;2.0;13.5;7.8;7.6;1.3;0.2;11.0;19.7;0.9;0.9;1.9;.061;-0.5;-0.6;0.5;
