Boris Diaw;Power Forward and Shooting Guard;Right;1982-04-16;;6-8;250;;;;;-1;;
Per Game
03-04;ATL;SG;76;37;25.3;1.8;4.1;.447;0.1;0.3;.231;1.8;3.8;.467;.457;0.7;1.2;.602;1.5;3.0;4.5;2.4;0.8;0.5;1.7;2.5;4.5;
04-05;ATL;SG;66;25;18.2;1.9;4.5;.422;0.1;0.8;.180;1.7;3.7;.471;.437;0.9;1.2;.740;0.8;1.8;2.6;2.3;0.6;0.3;1.3;1.9;4.8;
05-06;PHO;PF;81;70;35.5;5.5;10.5;.526;0.1;0.4;.267;5.4;10.2;.536;.531;2.1;2.9;.731;2.0;4.9;6.9;6.2;0.7;1.0;2.3;3.2;13.3;
06-07;PHO;PF;73;59;31.1;4.2;7.8;.538;0.2;0.6;.333;4.0;7.2;.555;.551;1.1;1.6;.683;1.2;3.1;4.3;4.8;0.4;0.5;2.1;2.4;9.7;
07-08;PHO;PF;<strong>82</strong>;19;28.1;3.8;7.9;.477;0.2;0.5;.317;3.6;7.4;.488;.487;1.2;1.6;.744;1.2;3.4;4.6;3.9;0.7;0.5;1.9;2.0;8.8;
08-09;TOT;PF;81;59;34.0;5.5;10.9;.507;0.9;2.2;.414;4.6;8.7;.531;.549;1.2;1.8;.687;1.5;3.9;5.3;4.1;0.8;0.7;2.7;2.5;13.2;
08-09;PHO;PF;22;24.5;3.6;6.4;.567;0.2;0.6;.357;3.4;5.8;.591;.585;0.8;1.2;.692;1.1;2.7;3.8;2.1;0.5;0.4;1.7;1.8;8.3;
08-09;CHA;PF;59;59;37.6;6.2;12.6;.495;1.2;2.8;.419;5.1;9.8;.517;.542;1.4;2.1;.686;1.6;4.3;5.9;4.9;0.8;0.7;3.0;2.8;15.1;
09-10;CHA;PF;<strong>82</strong>;82;35.4;4.5;9.4;.483;0.8;2.5;.320;3.7;6.9;.541;.525;1.4;1.8;.769;1.6;3.6;5.2;4.0;0.7;0.7;2.2;2.7;11.3;
10-11;CHA;PF;82;82;33.9;4.6;9.4;.492;1.0;2.8;.345;3.7;6.7;.553;.543;1.0;1.5;.683;1.3;3.8;5.0;4.1;0.9;0.6;2.0;2.3;11.3;
11-12;TOT;PF;57;35;25.0;2.7;6.2;.444;0.5;1.7;.313;2.2;4.4;.496;.489;0.4;0.6;.629;1.2;3.7;4.9;3.6;0.6;0.4;2.0;2.2;6.4;
11-12;CHA;PF;37;28;27.5;3.1;7.6;.410;0.6;2.3;.267;2.5;5.3;.472;.451;0.5;0.7;.630;1.3;4.0;5.3;4.3;0.5;0.5;2.3;1.9;7.4;
11-12;SAS;PF;20;7;20.3;2.0;3.4;.588;0.4;0.7;.615;1.6;2.8;.582;.647;0.3;0.4;.625;1.2;3.1;4.3;2.4;0.7;0.3;1.4;2.7;4.7;
12-13;SAS;PF;75;20;22.8;2.4;4.4;.539;0.4;1.0;.385;2.0;3.4;.587;.584;0.6;0.9;.723;0.9;2.5;3.4;2.4;0.7;0.4;1.1;1.9;5.8;
13-14;SAS;PF;79;24;25.0;3.8;7.3;.521;0.6;1.4;.402;3.3;5.9;.549;.559;0.9;1.2;.739;0.9;3.2;4.1;2.8;0.6;0.4;1.5;1.8;9.1;
14-15;SAS;PF;81;15;24.5;3.6;7.8;.460;0.7;2.1;.320;2.9;5.7;.512;.503;0.9;1.1;.774;1.0;3.3;4.3;2.9;0.4;0.3;1.6;1.8;8.7;
15-16;SAS;PF;76;4;18.2;2.7;5.0;.527;0.3;0.9;.362;2.3;4.1;.564;.560;0.7;1.0;.737;0.8;2.3;3.1;2.3;0.3;0.3;1.3;1.3;6.4;
16-17;UTA;PF;73;33;17.6;2.0;4.5;.446;0.3;1.1;.247;1.7;3.4;.512;.477;0.4;0.5;.743;0.6;1.5;2.2;2.3;0.2;0.1;1.2;1.1;4.6;
Career;;1064;564;27.0;3.6;7.2;.493;0.4;1.3;.336;3.1;5.9;.529;.524;1.0;1.4;.717;1.2;3.2;4.4;3.5;0.6;0.5;1.8;2.1;8.6;
Playoffs Per Game
05-06;PHO;PF;20;20;39.8;7.6;14.5;.526;0.2;0.4;.429;7.5;14.1;.528;.531;3.4;4.4;.761;2.0;4.7;6.7;5.2;0.9;1.1;2.8;3.2;18.7;
06-07;PHO;PF;10;23.5;2.8;5.9;.475;0.6;2.8;5.3;.528;.475;1.0;1.5;.667;1.3;1.9;3.2;3.0;0.7;0.2;1.7;1.8;6.6;
07-08;PHO;PF;5;2;35.6;7.0;12.8;.547;1.4;7.0;11.4;.614;.547;0.6;1.2;.500;1.4;4.2;5.6;4.6;0.6;0.8;2.2;4.4;14.6;
09-10;CHA;PF;4;4;38.0;3.5;7.0;.500;0.3;2.3;.111;3.3;4.8;.684;.518;0.3;0.5;.500;1.8;3.3;5.0;4.0;0.3;0.8;3.0;2.8;7.5;
11-12;SAS;PF;14;14;24.7;2.6;5.0;.514;0.6;1.3;.500;1.9;3.7;.519;.579;0.4;0.6;.750;2.0;3.2;5.2;2.5;0.8;0.3;1.1;2.1;6.2;
12-13;SAS;PF;16;1;17.1;1.5;3.4;.444;0.3;0.8;.385;1.2;2.6;.463;.491;0.8;0.9;.857;0.5;2.0;2.5;1.8;0.3;0.2;0.8;1.8;4.1;
13-14;SAS;PF;<strong>23</strong>;3;26.3;3.5;7.0;.500;0.8;2.0;.400;2.7;5.0;.539;.556;1.4;2.1;.688;1.1;3.7;4.8;3.4;0.6;0.1;1.3;1.9;9.2;
14-15;SAS;PF;7;28.3;4.9;10.1;.479;0.6;2.6;.222;4.3;7.6;.566;.507;1.3;1.9;.692;1.9;4.3;6.1;3.6;0.7;0.4;1.3;3.4;11.6;
15-16;SAS;PF;9;17.7;2.3;5.1;.457;0.2;0.7;.333;2.1;4.4;.475;.478;0.3;0.4;.750;0.2;1.9;2.1;2.3;0.2;0.4;0.7;1.0;5.2;
16-17;UTA;PF;11;9;18.5;2.2;4.4;.500;0.5;1.3;.429;1.6;3.1;.529;.563;0.8;0.9;.900;0.3;1.6;1.9;2.0;0.6;0.4;1.3;1.1;5.7;
Career;;119;53;26.4;3.8;7.5;.504;0.4;1.2;.336;3.4;6.3;.536;.531;1.3;1.7;.736;1.2;3.2;4.4;3.2;0.6;0.4;1.5;2.2;9.2;
Totals
03-04;ATL;SG;76;37;1919;140;313;.447;6;26;.231;134;287;.467;.457;56;93;.602;111;231;342;182;59;37;126;191;342;
04-05;ATL;SG;66;25;1201;124;294;.422;9;50;.180;115;244;.471;.437;57;77;.740;54;116;170;149;37;18;87;123;314;
05-06;PHO;PF;81;70;2874;449;853;.526;8;30;.267;441;823;.536;.531;174;238;.731;159;399;558;503;58;85;189;260;1080;
06-07;PHO;PF;73;59;2268;306;569;.538;15;45;.333;291;524;.555;.551;82;120;.683;91;226;317;352;28;38;154;177;709;
07-08;PHO;PF;<strong>82</strong>;19;2308;308;646;.477;13;41;.317;295;605;.488;.487;96;129;.744;97;281;378;317;61;39;155;166;725;
08-09;TOT;PF;81;59;2754;448;884;.507;75;181;.414;373;703;.531;.549;101;147;.687;118;314;432;333;61;53;215;202;1072;
08-09;PHO;PF;22;538;80;141;.567;5;14;.357;75;127;.591;.585;18;26;.692;24;60;84;46;11;9;37;39;183;
08-09;CHA;PF;59;59;2216;368;743;.495;70;167;.419;298;576;.517;.542;83;121;.686;94;254;348;287;50;44;178;163;889;
09-10;CHA;PF;<strong>82</strong>;82;2906;373;773;.483;66;206;.320;307;567;.541;.525;113;147;.769;131;293;424;325;60;57;178;219;925;
10-11;CHA;PF;82;82;2778;381;774;.492;78;226;.345;303;548;.553;.543;84;123;.683;105;309;414;337;74;46;166;190;924;
11-12;TOT;PF;57;35;1424;156;351;.444;31;99;.313;125;252;.496;.489;22;35;.629;70;210;280;205;34;25;112;125;365;
11-12;CHA;PF;37;28;1018;116;283;.410;23;86;.267;93;197;.472;.451;17;27;.630;47;148;195;158;20;19;84;71;272;
11-12;SAS;PF;20;7;406;40;68;.588;8;13;.615;32;55;.582;.647;5;8;.625;23;62;85;47;14;6;28;54;93;
12-13;SAS;PF;75;20;1709;179;332;.539;30;78;.385;149;254;.587;.584;47;65;.723;66;188;254;180;52;27;84;143;435;
13-14;SAS;PF;79;24;1974;302;580;.521;45;112;.402;257;468;.549;.559;68;92;.739;74;252;326;222;44;32;121;140;717;
14-15;SAS;PF;81;15;1984;291;632;.460;54;169;.320;237;463;.512;.503;72;93;.774;78;270;348;233;36;23;126;148;708;
15-16;SAS;PF;76;4;1386;202;383;.527;25;69;.362;177;314;.564;.560;56;76;.737;58;175;233;176;26;21;97;102;485;
16-17;UTA;PF;73;33;1283;146;327;.446;20;81;.247;126;246;.512;.477;26;35;.743;46;112;158;170;18;9;87;83;338;
Career;;1064;564;28768;3805;7711;.493;475;1413;.336;3330;6298;.529;.524;1054;1470;.717;1258;3376;4634;3684;648;510;1897;2269;9139;
Playoffs Totals
05-06;PHO;PF;20;20;796;152;289;.526;3;7;.429;149;282;.528;.531;67;88;.761;39;94;133;104;18;22;55;64;374;
06-07;PHO;PF;10;235;28;59;.475;6;28;53;.528;.475;10;15;.667;13;19;32;30;7;2;17;18;66;
07-08;PHO;PF;5;2;178;35;64;.547;7;35;57;.614;.547;3;6;.500;7;21;28;23;3;4;11;22;73;
09-10;CHA;PF;4;4;152;14;28;.500;1;9;.111;13;19;.684;.518;1;2;.500;7;13;20;16;1;3;12;11;30;
11-12;SAS;PF;14;14;346;36;70;.514;9;18;.500;27;52;.519;.579;6;8;.750;28;45;73;35;11;4;15;29;87;
12-13;SAS;PF;16;1;273;24;54;.444;5;13;.385;19;41;.463;.491;12;14;.857;8;32;40;28;4;3;13;28;65;
13-14;SAS;PF;<strong>23</strong>;3;604;80;160;.500;18;45;.400;62;115;.539;.556;33;48;.688;25;86;111;78;14;3;29;44;211;
14-15;SAS;PF;7;198;34;71;.479;4;18;.222;30;53;.566;.507;9;13;.692;13;30;43;25;5;3;9;24;81;
15-16;SAS;PF;9;159;21;46;.457;2;6;.333;19;40;.475;.478;3;4;.750;2;17;19;21;2;4;6;9;47;
16-17;UTA;PF;11;9;203;24;48;.500;6;14;.429;18;34;.529;.563;9;10;.900;3;18;21;22;7;4;14;12;63;
Career;;119;53;3144;448;889;.504;48;143;.336;400;746;.536;.531;153;208;.736;145;375;520;382;72;52;181;261;1097;
Advanced
03-04;ATL;SG;76;1919;8.8;.483;.083;.297;6.6;13.5;10.1;14.9;1.6;1.4;26.3;11.4;-0.3;1.1;0.8;.021;-2.4;0.1;-2.3;-0.2;
04-05;ATL;SG;66;1201;10.0;.479;.170;.262;5.0;11.8;8.2;19.5;1.6;1.2;21.0;15.5;-0.3;0.4;0.1;.005;-2.7;-0.8;-3.5;-0.4;
05-06;PHO;PF;81;2874;17.3;.564;.035;.279;6.3;15.1;10.8;24.9;1.0;2.1;16.5;17.9;5.9;3.0;8.9;.149;1.4;1.4;2.8;3.5;
06-07;PHO;PF;73;2268;13.0;.570;.079;.211;4.9;11.0;8.1;21.7;0.6;1.2;19.9;15.4;3.0;1.5;4.6;.097;0.3;0.2;0.4;1.4;
07-08;PHO;PF;<strong>82</strong>;2308;12.0;.516;.063;.200;5.2;12.7;9.3;19.0;1.3;1.1;18.1;16.6;1.1;1.9;3.0;.063;-1.0;0.2;-0.8;0.7;
08-09;TOT;PF;81;2754;14.4;.565;.205;.166;5.3;13.8;9.6;21.2;1.2;1.6;18.5;19.7;1.9;2.8;4.7;.082;0.8;0.3;1.2;2.2;
08-09;PHO;PF;22;538;12.5;.600;.099;.184;5.4;12.5;9.1;12.1;1.0;1.2;19.5;15.5;0.5;0.2;0.7;.062;0.2;-0.4;-0.1;0.3;
08-09;CHA;PF;59;2216;14.9;.558;.225;.163;5.3;14.1;9.7;23.4;1.2;1.6;18.3;20.8;1.4;2.6;4.0;.086;1.0;0.5;1.5;1.9;
09-10;CHA;PF;<strong>82</strong>;2906;12.8;.552;.266;.190;5.5;11.9;8.8;18.9;1.1;1.6;17.5;16.2;2.4;3.8;6.2;.103;-0.1;0.9;0.8;2.0;
10-11;CHA;PF;82;2778;13.9;.558;.292;.159;4.5;13.6;9.0;20.6;1.4;1.3;16.7;16.8;2.4;2.3;4.8;.082;0.3;0.3;0.6;1.8;
11-12;TOT;PF;57;1424;11.2;.498;.282;.100;5.5;17.3;11.3;23.8;1.2;1.3;23.4;15.5;-0.3;0.8;0.6;.019;-1.6;-0.2;-1.8;0.1;
11-12;CHA;PF;37;1018;10.8;.461;.304;.095;5.1;17.3;11.0;26.9;1.0;1.4;22.2;17.2;-0.8;0.3;-0.5;-0.023;-1.8;-0.9;-2.8;-0.2;
11-12;SAS;PF;20;406;12.1;.650;.191;.118;6.6;17.2;12.0;16.1;1.8;1.1;28.1;11.2;0.5;0.5;1.1;.125;-1.2;1.7;0.5;0.3;
12-13;SAS;PF;75;1709;11.9;.603;.235;.196;4.7;12.0;8.6;15.0;1.6;1.1;18.9;12.0;2.2;2.3;4.4;.124;-0.7;1.5;0.8;1.2;
13-14;SAS;PF;79;1974;14.1;.578;.193;.159;4.4;13.8;9.3;16.3;1.1;1.2;16.3;17.0;2.3;2.6;4.9;.120;0.4;0.9;1.3;1.6;
14-15;SAS;PF;81;1984;12.7;.526;.267;.147;4.5;15.2;10.0;17.9;0.9;0.9;15.8;18.3;1.3;2.3;3.6;.088;-0.6;0.2;-0.4;0.8;
15-16;SAS;PF;76;1386;14.0;.582;.180;.198;4.9;13.9;9.6;18.4;1.0;1.2;18.9;17.0;1.6;2.2;3.8;.132;-0.1;0.9;0.8;1.0;
16-17;UTA;PF;73;1283;9.0;.494;.248;.107;4.3;9.8;7.1;20.3;0.7;0.6;20.3;15.6;-0.1;1.2;1.1;.041;-2.3;-0.2;-2.5;-0.1;
Career;;1064;28768;12.9;.547;.183;.191;5.2;13.3;9.3;19.7;1.2;1.3;18.5;16.3;23.3;28.3;51.6;.086;-0.3;0.5;0.1;15.5;
Playoffs Advanced
05-06;PHO;PF;20;796;18.8;.571;.024;.304;5.9;13.9;10.0;20.9;1.2;2.0;14.4;22.6;1.4;0.4;1.8;.108;2.3;0.8;3.1;1.0;
06-07;PHO;PF;10;235;11.4;.503;.102;.254;6.8;8.9;7.9;18.4;1.5;0.7;20.6;15.9;0.1;0.2;0.3;.052;-0.9;0.5;-0.4;0.1;
07-08;PHO;PF;5;178;15.6;.548;.109;.094;4.6;14.0;9.2;22.9;0.9;1.5;14.2;20.2;0.2;0.2;0.4;.097;1.0;1.8;2.8;0.2;
09-10;CHA;PF;4;152;7.4;.519;.321;.071;6.0;11.0;8.5;18.8;0.4;2.4;29.4;13.3;-0.1;-0.1;-0.028;-1.6;-0.6;-2.2;
11-12;SAS;PF;14;346;14.5;.592;.257;.114;9.8;14.6;12.3;14.7;1.7;0.8;16.9;11.9;0.8;0.3;1.1;.151;1.7;1.7;3.4;0.5;
12-13;SAS;PF;16;273;10.1;.540;.241;.259;3.5;13.0;8.4;15.0;0.8;0.8;17.8;12.7;0.2;0.3;0.5;.095;-1.1;1.4;0.3;0.2;
13-14;SAS;PF;<strong>23</strong>;604;15.3;.582;.281;.300;5.0;16.3;10.8;18.7;1.2;0.4;13.8;16.2;1.1;0.8;2.0;.155;1.9;1.9;3.8;0.9;
14-15;SAS;PF;7;198;16.5;.528;.254;.183;6.8;16.7;11.6;20.6;1.3;1.2;10.5;19.4;0.4;0.2;0.5;.127;0.9;2.2;3.1;0.3;
15-16;SAS;PF;9;159;12.0;.492;.130;.087;1.5;11.6;6.9;19.6;0.7;2.0;11.2;15.7;0.1;0.2;0.3;.083;-0.5;0.7;0.1;0.1;
16-17;UTA;PF;11;203;11.9;.601;.292;.208;1.8;10.7;6.2;17.4;1.8;1.8;21.1;15.6;0.1;0.2;0.3;.061;-0.1;1.8;1.7;0.2;
Career;;119;3144;14.7;.559;.161;.234;5.5;13.7;9.7;18.8;1.2;1.3;15.6;17.2;4.1;2.8;7.0;.106;1.0;1.3;2.2;3.4;
