Brandon Davies;Power Forward;Right;1991-07-25;;6-10;240;Provo in Provo,Utah;;;;-1;;
Per Game
13-14;PHI;PF;51;11.3;1.1;2.5;.422;0.2;.200;1.0;2.3;.441;.430;0.7;1.0;.642;0.7;1.4;2.1;0.5;0.5;0.2;0.7;1.8;2.8;
14-15;TOT;PF;27;6;15.7;2.0;5.1;.401;0.3;1.3;.235;1.7;3.8;.456;.431;0.9;1.4;.649;1.4;1.7;3.1;1.1;0.7;0.3;1.1;2.2;5.3;
14-15;PHI;PF;20;6;19.0;2.5;6.0;.412;0.4;1.5;.233;2.1;4.5;.472;.441;1.1;1.7;.636;1.8;1.9;3.7;1.4;0.9;0.2;1.3;2.7;6.3;
14-15;BRK;PF;7;6.3;0.9;2.6;.333;0.1;0.6;.250;0.7;2.0;.357;.361;0.4;0.6;.750;0.4;1.0;1.4;0.3;0.1;0.4;0.6;0.7;2.3;
Career;;78;6;12.8;1.4;3.4;.411;0.1;0.6;.227;1.3;2.8;.448;.430;0.7;1.2;.644;1.0;1.5;2.5;0.7;0.5;0.2;0.8;1.9;3.7;
Totals
13-14;PHI;PF;51;575;54;128;.422;2;10;.200;52;118;.441;.430;34;53;.642;38;71;109;28;24;8;35;92;144;
14-15;TOT;PF;27;6;423;55;137;.401;8;34;.235;47;103;.456;.431;24;37;.649;38;45;83;30;18;7;29;59;142;
14-15;PHI;PF;20;6;379;49;119;.412;7;30;.233;42;89;.472;.441;21;33;.636;35;38;73;28;17;4;25;54;126;
14-15;BRK;PF;7;44;6;18;.333;1;4;.250;5;14;.357;.361;3;4;.750;3;7;10;2;1;3;4;5;16;
Career;;78;6;998;109;265;.411;10;44;.227;99;221;.448;.430;58;90;.644;76;116;192;58;42;15;64;151;286;
Advanced
13-14;PHI;PF;51;575;7.5;.476;.078;.414;6.9;13.9;10.2;7.1;2.0;1.1;18.8;13.7;-0.3;0.4;0.1;.008;-5.7;-0.6;-6.3;-0.6;
14-15;TOT;PF;27;423;10.5;.463;.248;.270;9.4;12.1;10.7;12.4;2.1;1.3;15.9;18.9;-0.2;0.4;0.2;.028;-3.9;-0.6;-4.5;-0.3;
14-15;PHI;PF;20;379;10.7;.472;.252;.277;9.5;11.4;10.4;13.0;2.2;0.9;15.8;18.2;-0.1;0.4;0.3;.039;-3.6;-0.5;-4.1;-0.2;
14-15;BRK;PF;7;44;8.5;.405;.222;.222;7.7;17.8;12.7;7.2;1.2;5.5;16.8;24.6;-0.1;0.1;-0.1;-0.069;-6.5;-0.9;-7.4;-0.1;
Career;;78;998;8.7;.469;.166;.340;7.9;13.1;10.4;9.3;2.1;1.2;17.4;15.9;-0.5;0.8;0.3;.016;-5.0;-0.6;-5.5;-0.9;
