Brandon Rush;Shooting Guard and Small Forward;Right;1985-07-07;;6-6;220;;;;;-1;;
Per Game
08-09;IND;SG;75;19;24.0;3.2;7.7;.423;1.0;2.8;.373;2.2;4.9;.451;.490;0.6;0.9;.697;0.5;2.7;3.1;0.9;0.5;0.5;1.0;1.7;8.1;
09-10;IND;SG;<strong>82</strong>;64;30.4;3.6;8.6;.423;1.5;3.7;.411;2.1;4.9;.433;.511;0.7;1.1;.629;0.5;3.7;4.2;1.4;0.7;0.8;1.1;1.9;9.4;
10-11;IND;SG;67;21;26.2;3.2;7.7;.421;1.4;3.3;.417;1.9;4.4;.425;.512;1.2;1.6;.755;0.5;2.7;3.2;0.9;0.6;0.5;1.0;1.6;9.1;
11-12;GSW;SF;65;1;26.4;3.6;7.2;.501;1.5;3.4;.452;2.1;3.8;.544;.607;1.0;1.3;.793;0.5;3.4;3.9;1.4;0.5;0.9;1.0;1.0;9.8;
12-13;GSW;SF;2;12.5;3.0;4.5;.667;1.0;3.0;3.5;.857;.667;1.0;1.5;.667;0.5;0.5;1.0;1.5;2.5;7.0;
13-14;UTA;SG;38;11.0;0.8;2.4;.333;0.4;1.2;.340;0.4;1.1;.326;.422;0.1;0.1;.600;0.1;1.0;1.2;0.6;0.1;0.2;0.5;0.8;2.1;
14-15;GSW;SG;33;8.2;0.3;1.6;.204;0.1;0.8;.111;0.2;0.8;.296;.231;0.2;0.3;.455;0.1;1.1;1.2;0.4;0.2;0.4;0.3;0.8;0.9;
15-16;GSW;SG;72;25;14.7;1.5;3.6;.427;0.9;2.2;.414;0.6;1.4;.447;.552;0.3;0.4;.643;0.3;2.2;2.5;0.8;0.3;0.3;0.5;0.8;4.2;
16-17;MIN;SG;47;33;21.9;1.5;4.0;.374;0.9;2.4;.386;0.6;1.6;.356;.492;0.3;0.4;.722;0.3;1.8;2.1;1.0;0.5;0.5;0.6;0.9;4.2;
Career;;481;163;22.0;2.5;5.9;.426;1.1;2.7;.402;1.5;3.2;.447;.518;0.6;0.8;.706;0.4;2.5;2.9;1.0;0.5;0.5;0.8;1.3;6.8;
Playoffs Per Game
10-11;IND;SG;5;11.0;1.2;2.6;.462;0.6;0.8;.750;0.6;1.8;.333;.577;0.2;0.4;.500;1.4;1.4;0.6;0.2;0.2;0.2;1.0;3.2;
14-15;GSW;SG;3;2.3;0.3;2.0;.167;0.3;0.7;.500;1.3;.250;0.3;0.7;1.0;0.7;1.0;
15-16;GSW;SG;14;7.9;0.6;1.4;.450;0.3;0.9;.333;0.4;0.6;.625;.550;0.1;0.1;.500;1.6;1.6;0.2;0.1;0.1;0.1;0.6;1.6;
Career;;22;7.8;0.7;1.8;.410;0.4;0.8;.444;0.4;1.0;.381;.513;0.1;0.2;.500;1.5;1.5;0.3;0.1;0.1;0.1;0.7;1.9;
Totals
08-09;IND;SG;75;19;1803;243;575;.423;78;209;.373;165;366;.451;.490;46;66;.697;34;199;233;66;38;37;75;128;610;
09-10;IND;SG;<strong>82</strong>;64;2491;297;702;.423;124;302;.411;173;400;.433;.511;56;89;.629;41;305;346;112;56;65;93;159;774;
10-11;IND;SG;67;21;1754;217;515;.421;93;223;.417;124;292;.425;.512;80;106;.755;33;184;217;62;41;35;69;107;607;
11-12;GSW;SF;65;1;1717;235;469;.501;99;219;.452;136;250;.544;.607;65;82;.793;33;218;251;88;35;58;68;64;634;
12-13;GSW;SF;2;25;6;9;.667;2;6;7;.857;.667;2;3;.667;1;1;2;3;5;14;
13-14;UTA;SG;38;418;30;90;.333;16;47;.340;14;43;.326;.422;3;5;.600;5;39;44;24;5;9;20;31;79;
14-15;GSW;SG;33;271;11;54;.204;3;27;.111;8;27;.296;.231;5;11;.455;4;37;41;12;5;12;11;27;30;
15-16;GSW;SG;72;25;1055;111;260;.427;65;157;.414;46;103;.447;.552;18;28;.643;21;160;181;57;20;23;33;57;305;
16-17;MIN;SG;47;33;1030;70;187;.374;44;114;.386;26;73;.356;.492;13;18;.722;16;83;99;45;22;23;28;42;197;
Career;;481;163;10564;1220;2861;.426;522;1300;.402;698;1561;.447;.518;288;408;.706;187;1226;1413;468;222;262;400;620;3250;
Playoffs Totals
10-11;IND;SG;5;55;6;13;.462;3;4;.750;3;9;.333;.577;1;2;.500;7;7;3;1;1;1;5;16;
14-15;GSW;SG;3;7;1;6;.167;1;2;.500;4;.250;1;2;3;2;3;
15-16;GSW;SG;14;110;9;20;.450;4;12;.333;5;8;.625;.550;1;2;.500;23;23;3;2;2;2;9;23;
Career;;22;172;16;39;.410;8;18;.444;8;21;.381;.513;2;4;.500;1;32;33;6;3;3;3;16;42;
Advanced
08-09;IND;SG;75;1803;9.0;.505;.363;.115;2.1;12.3;7.1;5.4;1.0;1.5;11.0;16.4;-0.4;1.3;0.9;.024;-2.1;-0.7;-2.8;-0.3;
09-10;IND;SG;<strong>82</strong>;2491;9.6;.522;.430;.127;1.8;13.5;7.6;6.9;1.1;1.9;11.1;14.8;2.5;2.5;.047;-1.5;0.1;-1.3;0.4;
10-11;IND;SG;67;1754;10.6;.540;.433;.206;2.1;11.6;6.9;5.6;1.2;1.5;10.9;15.9;0.9;1.7;2.6;.070;-0.9;-0.8;0.5;
11-12;GSW;SF;65;1717;15.2;.628;.467;.175;2.2;14.4;8.3;7.9;1.1;2.6;11.9;15.4;2.9;0.6;3.5;.099;2.1;-0.4;1.7;1.6;
12-13;GSW;SF;2;25;11.9;.678;.222;.333;4.3;2.2;14.5;22.5;23.9;.051;-2.7;1.7;-1.0;
13-14;UTA;SG;38;418;4.1;.428;.522;.056;1.3;11.1;6.1;8.5;0.6;1.7;17.8;12.3;-0.5;-0.4;-0.050;-4.2;-1.3;-5.6;-0.4;
14-15;GSW;SG;33;271;0.8;.255;.500;.204;1.6;14.3;8.2;5.4;0.9;3.3;15.8;11.2;-0.7;0.4;-0.3;-0.056;-7.1;-0.3;-7.3;-0.4;
15-16;GSW;SG;72;1055;10.1;.560;.604;.108;2.3;15.4;9.2;7.0;0.9;1.6;10.8;12.5;0.8;1.2;2.0;.090;-0.6;-0.2;-0.8;0.3;
16-17;MIN;SG;47;1030;6.6;.505;.610;.096;1.8;9.5;5.6;5.8;1.1;1.9;12.6;9.6;0.1;0.3;0.4;.019;-2.0;-0.5;-2.5;-0.1;
Career;;481;10564;9.9;.534;.454;.143;2.0;12.8;7.4;6.6;1.1;1.9;11.6;14.4;3.2;8.0;11.2;.051;-1.1;-0.3;-1.4;1.6;
Playoffs Advanced
10-11;IND;SG;5;55;11.1;.576;.308;.154;15.2;7.2;9.5;1.0;1.5;6.7;12.2;0.1;0.1;.095;0.5;0.5;
14-15;GSW;SG;3;7;-4.5;.250;.333;15.8;30.8;23.4;38.4;-0.223;-11.4;-6.3;-17.7;
15-16;GSW;SG;14;110;7.8;.551;.600;.100;22.3;11.3;3.8;0.9;1.5;8.7;9.1;0.1;0.2;.073;-2.8;0.7;-2.1;
Career;;22;172;8.3;.515;.462;.103;0.6;20.4;10.5;5.4;0.9;1.4;6.9;11.3;0.1;0.2;0.2;.068;-2.3;0.3;-1.9;
