Brandan Wright;Power Forward and Center;Left;1987-10-05;;6-10;210;Brentwood Academy in Brentwood,Tennessee;;;;-1;;
Per Game
07-08;GSW;PF;38;6;9.9;1.6;2.9;.554;1.6;2.9;.554;.554;0.7;1.1;.675;1.0;1.6;2.6;0.2;0.2;0.6;0.3;0.9;4.0;
08-09;GSW;PF;39;23;17.6;3.3;6.3;.528;0.1;3.3;6.2;.537;.528;1.6;2.2;.741;1.6;2.4;4.0;0.5;0.6;0.9;0.6;1.9;8.3;
10-11;TOT;PF;37;2;10.2;1.6;3.2;.513;1.6;3.2;.513;.513;0.6;0.8;.677;0.8;1.6;2.4;0.3;0.3;0.5;0.4;0.9;3.8;
10-11;GSW;PF;21;1;9.3;1.8;3.0;.603;1.8;3.0;.603;.603;0.3;0.7;.500;0.7;1.3;2.0;0.2;0.1;0.5;0.5;0.9;4.0;
10-11;NJN;PF;16;1;11.5;1.4;3.4;.407;1.4;3.4;.407;.407;0.9;1.1;.824;1.1;1.9;3.0;0.4;0.5;0.4;0.3;0.9;3.6;
11-12;DAL;C;49;16.1;2.9;4.8;.618;2.9;4.7;.621;.618;1.1;1.7;.634;1.3;2.3;3.6;0.3;0.4;1.3;0.4;1.2;6.9;
12-13;DAL;C;64;16;18.0;3.8;6.3;.597;3.8;6.3;.601;.597;0.9;1.5;.615;1.3;2.7;4.1;0.6;0.4;1.2;0.5;1.2;8.5;
13-14;DAL;C;58;18.6;3.9;5.7;.677;3.9;5.7;.677;.677;1.3;1.8;.726;1.8;2.4;4.2;0.5;0.6;0.9;0.6;1.6;9.1;
14-15;TOT;PF;75;7;19.3;3.1;4.8;.642;3.1;4.8;.647;.642;1.0;1.5;.696;1.7;2.6;4.3;0.5;0.7;1.3;0.5;1.4;7.3;
14-15;DAL;PF;27;18.7;3.7;5.0;.748;3.7;5.0;.748;.748;1.3;1.8;.750;1.9;2.2;4.1;0.4;0.6;1.6;0.5;1.6;8.8;
14-15;BOS;PF;8;10.8;1.5;2.6;.571;1.5;2.6;.571;.571;0.3;0.5;.500;0.9;1.3;2.1;1.0;0.1;0.6;0.6;0.5;3.3;
14-15;PHO;PF;40;7;21.5;3.0;5.2;.580;0.1;3.0;5.1;.588;.580;1.0;1.5;.667;1.8;3.1;4.9;0.6;0.8;1.2;0.4;1.4;7.0;
15-16;MEM;PF;12;2;17.7;2.9;4.3;.673;2.9;4.3;.673;.673;1.1;2.0;.542;1.2;2.4;3.6;0.5;0.4;1.3;0.8;1.8;6.9;
16-17;MEM;PF;28;5;16.0;3.0;4.8;.615;3.0;4.8;.619;.615;0.8;1.3;.657;1.1;1.7;2.8;0.5;0.4;0.7;0.4;1.5;6.8;
17-18;TOT;PF;28;1;13.6;2.1;3.6;.578;2.1;3.6;.578;.578;0.8;1.2;.636;1.2;2.2;3.4;0.5;0.5;0.9;0.3;1.1;5.0;
17-18;MEM;PF;27;1;13.6;2.1;3.7;.576;2.1;3.7;.576;.576;0.8;1.2;.636;1.2;2.3;3.4;0.5;0.5;0.9;0.3;1.1;5.0;
17-18;HOU;PF;1;15.0;2.0;3.0;.667;2.0;3.0;.667;.667;1.0;1.0;2.0;1.0;3.0;4.0;
Career;;428;62;16.2;3.0;4.9;.607;3.0;4.9;.610;.607;1.0;1.5;.674;1.4;2.3;3.6;0.5;0.5;1.0;0.5;1.3;7.0;
Playoffs Per Game
11-12;DAL;C;4;6.8;0.5;1.3;.400;0.5;1.3;.400;.400;0.3;0.5;.500;0.5;0.8;1.3;0.3;0.3;0.8;1.0;1.3;
13-14;DAL;C;6;15.0;2.5;3.0;.833;2.5;3.0;.833;.833;0.5;1.0;.500;0.8;1.2;2.0;1.3;0.3;1.0;0.3;1.3;5.5;
16-17;MEM;PF;2;6.0;1.0;2.5;.400;1.0;2.5;.400;.400;0.5;0.5;1.0;1.0;0.5;2.0;
Career;;12;10.8;1.6;2.3;.679;1.6;2.3;.679;.679;0.3;0.7;.500;0.7;0.9;1.6;0.7;0.3;0.8;0.5;1.0;3.5;
Totals
07-08;GSW;PF;38;6;376;62;112;.554;62;112;.554;.554;27;40;.675;38;61;99;9;6;22;13;36;151;
08-09;GSW;PF;39;23;688;130;246;.528;4;130;242;.537;.528;63;85;.741;62;95;157;21;22;37;23;74;323;
10-11;TOT;PF;37;2;379;60;117;.513;60;117;.513;.513;21;31;.677;31;58;89;12;11;17;14;34;141;
10-11;GSW;PF;21;1;195;38;63;.603;38;63;.603;.603;7;14;.500;14;27;41;5;3;10;10;19;83;
10-11;NJN;PF;16;1;184;22;54;.407;22;54;.407;.407;14;17;.824;17;31;48;7;8;7;4;15;58;
11-12;DAL;C;49;791;144;233;.618;1;144;232;.621;.618;52;82;.634;62;112;174;13;22;63;21;61;340;
12-13;DAL;C;64;16;1149;241;404;.597;3;241;401;.601;.597;59;96;.615;85;175;260;38;26;76;34;78;541;
13-14;DAL;C;58;1077;224;331;.677;224;331;.677;.677;77;106;.726;102;142;244;31;32;55;35;94;525;
14-15;TOT;PF;75;7;1449;233;363;.642;3;233;360;.647;.642;78;112;.696;128;193;321;41;50;94;34;102;544;
14-15;DAL;PF;27;505;101;135;.748;101;135;.748;.748;36;48;.750;51;59;110;10;17;42;13;44;238;
14-15;BOS;PF;8;86;12;21;.571;12;21;.571;.571;2;4;.500;7;10;17;8;1;5;5;4;26;
14-15;PHO;PF;40;7;858;120;207;.580;3;120;204;.588;.580;40;60;.667;70;124;194;23;32;47;16;54;280;
15-16;MEM;PF;12;2;212;35;52;.673;35;52;.673;.673;13;24;.542;14;29;43;6;5;15;10;21;83;
16-17;MEM;PF;28;5;447;83;135;.615;1;83;134;.619;.615;23;35;.657;31;47;78;15;11;20;10;42;189;
17-18;TOT;PF;28;1;381;59;102;.578;59;102;.578;.578;21;33;.636;33;62;95;13;13;26;8;32;139;
17-18;MEM;PF;27;1;366;57;99;.576;57;99;.576;.576;21;33;.636;32;61;93;13;13;25;8;29;135;
17-18;HOU;PF;1;15;2;3;.667;2;3;.667;.667;1;1;2;1;3;4;
Career;;428;62;6949;1271;2095;.607;12;1271;2083;.610;.607;434;644;.674;586;974;1560;199;198;425;202;574;2976;
Playoffs Totals
11-12;DAL;C;4;27;2;5;.400;2;5;.400;.400;1;2;.500;2;3;5;1;1;3;4;5;
13-14;DAL;C;6;90;15;18;.833;15;18;.833;.833;3;6;.500;5;7;12;8;2;6;2;8;33;
16-17;MEM;PF;2;12;2;5;.400;2;5;.400;.400;1;1;2;2;1;4;
Career;;12;129;19;28;.679;19;28;.679;.679;4;8;.500;8;11;19;8;3;9;6;12;42;
Advanced
07-08;GSW;PF;38;376;17.2;.583;.357;10.4;18.1;14.1;3.4;0.8;4.3;9.1;16.0;0.8;0.3;1.1;.142;0.2;-0.6;-0.4;0.2;
08-09;GSW;PF;39;688;18.7;.570;.016;.346;9.8;15.0;12.4;4.9;1.6;3.7;7.5;19.0;1.4;0.4;1.9;.131;0.8;-0.7;0.1;0.4;
10-11;TOT;PF;37;379;15.9;.540;.265;9.2;18.2;13.6;5.1;1.5;3.4;9.7;17.2;0.4;0.4;0.8;.099;-0.8;-0.6;-1.4;0.1;
10-11;GSW;PF;21;195;16.2;.600;.222;8.0;16.1;11.9;4.1;0.8;3.9;12.6;17.9;0.3;0.1;0.4;.091;-0.6;-0.9;-1.5;
10-11;NJN;PF;16;184;15.5;.472;.315;10.6;20.5;15.4;6.2;2.3;2.9;6.1;16.5;0.2;0.2;0.4;.107;-1.1;-0.3;-1.4;
11-12;DAL;C;49;791;21.6;.632;.004;.352;8.9;15.8;12.4;2.9;1.5;6.4;7.2;17.0;2.2;1.3;3.5;.215;1.9;1.8;3.7;1.1;
12-13;DAL;C;64;1149;21.0;.606;.007;.238;8.4;16.7;12.6;5.6;1.2;5.2;7.1;19.0;2.8;1.3;4.1;.172;2.1;0.4;2.5;1.3;
13-14;DAL;C;58;1077;23.5;.695;.320;11.0;15.1;13.1;4.7;1.5;4.2;8.5;17.4;4.1;1.0;5.1;.227;3.4;3.4;1.5;
14-15;TOT;PF;75;1449;20.4;.660;.008;.309;9.6;14.7;12.1;4.4;1.7;5.1;7.6;13.6;4.3;1.8;6.1;.202;2.1;1.6;3.7;2.1;
14-15;DAL;PF;27;505;25.7;.762;.356;11.0;12.9;11.9;3.2;1.7;6.8;7.7;14.9;2.2;0.6;2.9;.274;4.3;1.2;5.6;1.0;
14-15;BOS;PF;8;86;15.0;.571;.190;8.8;12.9;10.8;14.0;0.6;4.5;18.0;14.1;0.1;0.1;0.2;.106;0.1;0.8;1.0;0.1;
14-15;PHO;PF;40;858;17.8;.600;.014;.290;8.9;16.0;12.4;4.1;1.9;4.2;6.4;12.8;2.0;1.1;3.0;.170;1.0;1.9;2.9;1.0;
15-16;MEM;PF;12;212;18.3;.663;.462;7.2;16.3;11.6;4.7;1.2;6.6;13.8;15.4;0.4;0.2;0.7;.147;0.7;0.7;0.1;
16-17;MEM;PF;28;447;18.6;.628;.007;.259;7.7;12.4;10.0;6.0;1.3;4.3;6.2;16.3;1.1;0.5;1.6;.177;1.0;0.7;1.7;0.4;
17-18;TOT;PF;28;381;19.0;.596;.324;9.8;19.3;14.4;5.6;1.7;6.4;6.4;14.7;0.8;0.5;1.3;.163;1.1;1.0;2.1;0.4;
17-18;MEM;PF;27;366;19.3;.595;.333;9.9;19.7;14.7;5.8;1.8;6.4;6.6;14.9;0.8;0.5;1.2;.163;1.2;1.0;2.3;0.4;
17-18;HOU;PF;1;15;11.3;.667;7.6;7.5;7.5;5.7;8.8;.157;-1.5;0.3;-1.2;
Career;;428;6949;20.3;.626;.006;.307;9.4;15.8;12.6;4.7;1.4;4.9;7.8;16.6;18.4;7.8;26.2;.181;1.7;0.6;2.3;7.5;
Playoffs Advanced
11-12;DAL;C;4;27;2.7;.425;.400;8.4;14.3;11.1;2.0;3.2;33.8;15.1;-0.1;-0.1;-0.117;-8.1;-0.8;-8.8;
13-14;DAL;C;6;90;22.1;.799;.333;6.0;9.9;7.8;13.7;1.2;5.4;8.8;11.3;0.4;0.1;0.4;.225;4.5;4.2;8.7;0.2;
16-17;MEM;PF;2;12;11.4;.400;10.8;10.8;10.8;15.3;16.7;25.1;-0.151;-2.2;-0.7;-2.9;
Career;;12;129;17.1;.666;.286;6.9;10.9;8.8;9.6;1.2;5.9;16.0;13.4;0.2;0.1;0.3;.119;1.3;2.7;4.0;0.2;
