Brandon Bass;Power Forward and Center;Right;1985-04-30;;6-8;250;Capitol in Baton Rouge,Louisiana;;;;-1;;
Per Game
05-06;NOK;PF;29;1;9.2;1.0;2.4;.400;1.0;2.4;.400;.400;0.4;0.7;.632;0.6;1.7;2.3;0.1;0.1;0.2;0.4;0.6;2.3;
06-07;NOK;PF;21;3;7.7;0.7;2.1;.341;0.7;2.0;.349;.341;0.6;0.8;.750;0.6;1.4;2.0;0.1;0.1;0.1;0.5;0.8;2.0;
07-08;DAL;C;79;1;19.7;3.1;6.2;.499;0.1;3.1;6.2;.503;.499;2.1;2.5;.822;1.5;2.9;4.4;0.7;0.3;0.6;1.0;1.9;8.3;
08-09;DAL;C;81;19.4;3.1;6.3;.496;0.1;3.1;6.2;.502;.496;2.2;2.6;.867;1.6;2.9;4.5;0.5;0.3;0.7;1.1;1.7;8.5;
09-10;ORL;PF;50;3;13.0;2.4;4.7;.511;2.4;4.7;.511;.511;1.0;1.3;.825;1.1;1.5;2.5;0.4;0.2;0.5;0.6;1.4;5.8;
10-11;ORL;PF;76;51;26.1;4.4;8.5;.515;4.4;8.5;.516;.515;2.5;3.1;.815;1.8;3.8;5.6;0.8;0.4;0.7;1.3;2.1;11.2;
11-12;BOS;PF;59;39;31.7;5.1;10.7;.479;5.1;10.7;.479;.479;2.2;2.8;.810;1.6;4.6;6.2;0.9;0.6;0.9;1.1;2.3;12.5;
12-13;BOS;PF;81;69;27.6;3.5;7.3;.486;3.5;7.2;.487;.486;1.6;1.9;.860;1.6;3.7;5.2;1.0;0.5;0.8;1.0;2.3;8.7;
13-14;BOS;PF;82;73;27.6;4.3;8.8;.486;0.1;.333;4.3;8.8;.487;.487;2.5;2.9;.858;2.0;3.8;5.7;1.1;0.4;0.9;1.2;2.3;11.1;
14-15;BOS;PF;82;43;23.5;4.2;8.3;.504;0.1;0.4;.281;4.1;7.9;.515;.510;2.1;2.6;.790;1.7;3.2;4.9;1.3;0.5;0.4;1.0;1.7;10.6;
15-16;LAL;PF;66;20.3;2.6;4.8;.549;2.6;4.8;.552;.549;1.9;2.2;.845;1.6;2.7;4.3;1.1;0.5;0.8;0.6;1.9;7.2;
16-17;LAC;PF;52;11.1;2.1;3.6;.575;0.1;.333;2.0;3.5;.579;.578;1.5;1.7;.875;0.8;1.7;2.5;0.4;0.3;0.2;0.6;0.9;5.6;
Career;;758;283;21.6;3.4;6.8;.499;0.1;.207;3.4;6.7;.502;.500;1.9;2.3;.832;1.5;3.0;4.5;0.8;0.4;0.6;0.9;1.8;8.7;
Playoffs Per Game
07-08;DAL;C;5;26.6;3.4;7.2;.472;0.2;3.4;7.0;.486;.472;4.8;5.0;<strong>.960</strong>;4.0;2.8;6.8;0.4;0.6;0.6;0.6;2.4;11.6;
08-09;DAL;C;10;19.2;3.3;6.0;.550;3.3;6.0;.550;.550;2.8;3.1;.903;1.3;2.8;4.1;0.7;0.7;0.4;0.4;2.2;9.4;
09-10;ORL;PF;7;6.0;1.0;1.9;.538;1.0;1.9;.538;.538;0.7;0.9;.833;0.3;0.9;1.1;0.1;0.1;0.3;2.7;
10-11;ORL;PF;6;6;23.2;2.7;6.3;.421;2.7;6.3;.421;.421;2.0;2.2;.923;2.0;2.2;4.2;0.3;0.5;0.8;1.2;1.2;7.3;
11-12;BOS;PF;20;20;30.4;4.1;8.8;.463;4.1;8.8;.463;.463;3.0;3.2;.922;1.3;4.0;5.3;0.8;0.7;0.5;0.8;2.5;11.1;
12-13;BOS;PF;6;5;34.0;2.3;4.8;.483;2.3;4.8;.483;.483;2.0;2.5;.800;1.3;5.3;6.7;1.2;0.3;0.2;0.8;2.8;6.7;
14-15;BOS;PF;4;4;21.5;1.8;5.0;.350;1.8;5.0;.350;.350;1.5;2.5;.600;0.8;1.3;2.0;2.5;0.3;0.8;0.8;1.0;5.0;
16-17;LAC;PF;1;4.0;1.0;3.0;.333;1.0;3.0;.333;.333;1.0;1.0;1.0;2.0;
Career;;59;35;23.9;3.0;6.3;.471;3.0;6.3;.472;.471;2.5;2.8;.890;1.4;3.0;4.4;0.7;0.5;0.4;0.6;1.9;8.4;
Totals
05-06;NOK;PF;29;1;268;28;70;.400;28;70;.400;.400;12;19;.632;18;50;68;3;3;7;11;18;68;
06-07;NOK;PF;21;3;162;15;44;.341;1;15;43;.349;.341;12;16;.750;13;30;43;3;2;3;10;16;42;
07-08;DAL;C;79;1;1557;246;493;.499;4;246;489;.503;.499;162;197;.822;120;227;347;58;22;48;82;150;654;
08-09;DAL;C;81;1574;252;508;.496;6;252;502;.502;.496;182;210;.867;129;238;367;43;27;55;86;140;686;
09-10;ORL;PF;50;3;648;119;233;.511;119;233;.511;.511;52;63;.825;54;73;127;19;12;27;31;69;290;
10-11;ORL;PF;76;51;1980;332;645;.515;2;332;643;.516;.515;190;233;.815;134;290;424;57;27;52;97;159;854;
11-12;BOS;PF;59;39;1868;303;632;.479;303;632;.479;.479;132;163;.810;95;270;365;55;34;54;65;135;738;
12-13;BOS;PF;81;69;2239;286;589;.486;2;286;587;.487;.486;129;150;.860;129;296;425;84;44;64;80;188;701;
13-14;BOS;PF;82;73;2266;352;725;.486;2;6;.333;350;719;.487;.487;205;239;.858;161;309;470;87;36;71;102;190;911;
14-15;BOS;PF;82;43;1929;344;683;.504;9;32;.281;335;651;.515;.510;169;214;.790;139;259;398;104;41;32;83;140;866;
15-16;LAL;PF;66;1342;174;317;.549;2;174;315;.552;.549;125;148;.845;104;181;285;74;33;55;42;125;473;
16-17;LAC;PF;52;577;107;186;.575;1;3;.333;106;183;.579;.578;77;88;.875;43;86;129;21;14;11;29;45;292;
Career;;758;283;16410;2558;5125;.499;12;58;.207;2546;5067;.502;.500;1447;1740;.832;1139;2309;3448;608;295;479;718;1375;6575;
Playoffs Totals
07-08;DAL;C;5;133;17;36;.472;1;17;35;.486;.472;24;25;<strong>.960</strong>;20;14;34;2;3;3;3;12;58;
08-09;DAL;C;10;192;33;60;.550;33;60;.550;.550;28;31;.903;13;28;41;7;7;4;4;22;94;
09-10;ORL;PF;7;42;7;13;.538;7;13;.538;.538;5;6;.833;2;6;8;1;1;2;19;
10-11;ORL;PF;6;6;139;16;38;.421;16;38;.421;.421;12;13;.923;12;13;25;2;3;5;7;7;44;
11-12;BOS;PF;20;20;608;81;175;.463;81;175;.463;.463;59;64;.922;26;79;105;15;14;10;15;50;221;
12-13;BOS;PF;6;5;204;14;29;.483;14;29;.483;.483;12;15;.800;8;32;40;7;2;1;5;17;40;
14-15;BOS;PF;4;4;86;7;20;.350;7;20;.350;.350;6;10;.600;3;5;8;10;1;3;3;4;20;
16-17;LAC;PF;1;4;1;3;.333;1;3;.333;.333;1;1;1;2;
Career;;59;35;1408;176;374;.471;1;176;373;.472;.471;146;164;.890;85;177;262;44;31;26;38;114;498;
Advanced
05-06;NOK;PF;29;268;9.1;.434;.271;7.8;22.8;15.1;1.8;0.6;2.2;12.3;15.6;-0.2;0.3;0.1;.013;-3.6;-1.4;-5.0;-0.2;
06-07;NOK;PF;21;162;7.2;.411;.023;.364;9.1;21.9;15.3;2.8;0.7;1.5;16.4;17.2;-0.2;0.2;-0.011;-4.5;-1.1;-5.6;-0.1;
07-08;DAL;C;79;1557;15.9;.564;.008;.400;9.2;16.3;12.9;6.1;0.8;2.3;12.4;19.8;2.4;1.9;4.3;.132;-0.2;-0.2;-0.4;0.6;
08-09;DAL;C;81;1574;16.4;.571;.012;.413;9.5;17.2;13.4;4.3;0.9;2.6;12.5;20.0;2.5;1.6;4.1;.124;-0.7;-0.8;-1.5;0.2;
09-10;ORL;PF;50;648;16.5;.556;.270;10.0;12.6;11.3;5.1;1.0;3.1;10.6;20.9;1.0;1.0;2.0;.147;-0.7;0.1;-0.6;0.2;
10-11;ORL;PF;76;1980;15.9;.571;.003;.361;8.1;16.7;12.5;5.0;0.7;2.0;11.5;19.8;3.2;3.1;6.3;.153;-0.3;0.5;0.2;1.1;
11-12;BOS;PF;59;1868;14.1;.524;.258;6.3;16.3;11.5;5.1;1.0;2.2;8.5;19.8;1.5;3.2;4.7;.122;-1.3;0.3;-1.0;0.5;
12-13;BOS;PF;81;2239;12.3;.535;.003;.255;7.0;15.2;11.2;6.0;1.0;2.3;10.9;15.5;2.0;2.7;4.7;.101;-1.9;-1.9;0.1;
13-14;BOS;PF;82;2266;15.0;.549;.008;.330;7.8;15.9;11.8;6.4;0.8;2.4;10.9;18.2;3.2;1.9;5.1;.107;-0.6;-0.6;-1.1;0.5;
14-15;BOS;PF;82;1929;16.3;.557;.047;.313;7.8;14.9;11.3;8.6;1.1;1.3;9.6;19.5;3.4;1.9;5.3;.132;0.5;-0.5;1.0;
15-16;LAL;PF;66;1342;17.3;.619;.006;.467;8.1;15.0;11.4;9.2;1.2;3.2;9.9;13.9;3.4;0.7;4.1;.146;0.6;0.6;0.9;
16-17;LAC;PF;52;577;19.7;.650;.016;.473;8.6;16.2;12.5;5.7;1.2;1.6;11.4;19.7;1.6;0.6;2.2;.186;1.2;-0.8;0.4;0.4;
Career;;758;16410;15.3;.558;.011;.340;8.0;16.0;12.0;6.1;0.9;2.2;10.9;18.4;23.9;18.9;42.8;.125;-0.6;-0.2;-0.8;5.1;
Playoffs Advanced
07-08;DAL;C;5;133;22.1;.617;.028;.694;15.9;12.4;14.2;2.8;1.2;1.6;6.0;17.4;0.6;0.5;.198;4.3;-0.5;3.8;0.2;
08-09;DAL;C;10;192;22.8;.638;.517;8.7;17.2;13.1;6.4;1.9;1.7;5.2;19.2;0.8;0.1;0.9;.220;3.1;0.4;3.5;0.3;
09-10;ORL;PF;7;42;17.8;.607;.462;6.1;17.2;11.9;4.7;6.0;19.6;0.1;0.1;0.2;.204;1.5;-0.3;1.2;
10-11;ORL;PF;6;139;13.2;.503;.342;10.1;11.3;10.7;2.7;1.2;2.9;13.8;17.4;0.1;0.2;0.3;.106;-0.5;0.2;-0.2;0.1;
11-12;BOS;PF;20;608;14.5;.544;.366;5.3;14.9;10.3;4.4;1.3;1.3;6.9;17.6;1.0;0.8;1.8;.144;-0.1;0.9;0.8;0.4;
12-13;BOS;PF;6;204;9.3;.562;.517;5.2;17.3;11.8;6.7;0.5;0.4;12.3;10.1;0.2;0.3;0.5;.120;-2.2;1.3;-0.8;0.1;
14-15;BOS;PF;4;86;9.0;.410;.500;3.7;6.5;5.1;18.1;0.6;3.4;10.9;14.2;-0.022;-0.4;0.8;0.4;0.1;
16-17;LAC;PF;1;4;25.5;.333;31.0;15.9;13.4;36.1;.029;4.3;1.3;5.6;
Career;;59;1408;15.2;.558;.003;.439;7.2;14.5;11.0;5.5;1.2;1.5;7.8;16.6;2.7;1.5;4.2;.144;0.5;0.6;1.1;1.1;
