Brandon Jennings;Point Guard;Left;1989-09-23;;6-1;170;;;;;-1;;
Per Game
09-10;MIL;PG;<strong>82</strong>;82;32.6;5.5;14.8;.371;1.8;4.7;.374;3.7;10.1;.370;.431;2.7;3.3;.817;0.6;2.8;3.4;5.7;1.3;0.2;2.4;2.3;15.5;
10-11;MIL;PG;63;61;34.4;5.7;14.7;.390;1.6;4.8;.323;4.2;9.9;.422;.443;3.2;3.9;.809;0.7;3.0;3.7;4.8;1.5;0.3;2.3;2.1;16.2;
11-12;MIL;PG;<strong>66</strong>;66;35.3;7.1;17.0;.418;2.0;5.9;.332;5.2;11.1;.464;.476;2.9;3.6;.808;0.7;2.7;3.4;5.5;1.6;0.3;2.2;1.7;19.1;
12-13;MIL;PG;80;80;36.2;6.2;15.6;.399;2.2;5.8;.375;4.1;9.8;.412;.468;2.9;3.5;.819;0.7;2.3;3.1;6.5;1.6;0.1;2.5;1.9;17.5;
13-14;DET;PG;80;79;34.1;5.3;14.2;.373;1.9;5.7;.337;3.4;8.5;.397;.441;3.0;4.0;.751;0.7;2.3;3.1;7.6;1.3;0.1;2.7;2.0;15.5;
14-15;DET;PG;41;41;28.6;5.3;13.2;.401;1.9;5.1;.360;3.5;8.1;.428;.471;2.9;3.5;.839;0.5;2.0;2.5;6.6;1.1;0.1;2.2;1.6;15.4;
15-16;TOT;PG;48;7;18.1;2.3;6.3;.368;1.1;3.2;.329;1.3;3.1;.409;.452;1.2;1.6;.731;0.3;1.7;2.0;3.5;0.6;0.1;1.2;1.2;6.9;
15-16;DET;PG;23;1;18.1;2.3;6.2;.371;1.0;3.3;.312;1.3;2.9;.439;.455;1.2;1.7;.711;0.2;1.8;2.0;3.0;0.5;0.1;1.0;1.0;6.8;
15-16;ORL;PG;25;6;18.1;2.4;6.4;.366;1.1;3.1;.346;1.3;3.3;.386;.450;1.2;1.6;.750;0.4;1.6;2.0;4.0;0.7;0.2;1.4;1.3;7.0;
16-17;TOT;PG;81;13;22.2;2.4;6.6;.359;1.0;3.1;.313;1.4;3.5;.399;.433;1.4;1.9;.750;0.4;2.1;2.4;4.9;0.9;1.6;1.4;7.1;
16-17;NYK;PG;58;11;24.6;2.8;7.4;.380;1.2;3.4;.340;1.6;3.9;.415;.459;1.8;2.3;.756;0.4;2.3;2.6;4.9;0.9;0.1;1.8;1.4;8.6;
16-17;WAS;PG;23;2;16.3;1.3;4.6;.274;0.5;2.3;.212;0.8;2.3;.333;.325;0.5;0.7;.706;0.3;1.6;1.9;4.7;0.7;1.0;1.4;3.5;
17-18;MIL;PG;14;14.6;1.9;5.1;.375;0.6;2.4;.273;1.3;2.8;.462;.438;0.7;0.7;1.000;0.4;1.9;2.2;3.1;0.4;0.3;1.3;0.8;5.2;
Career;;555;429;30.3;5.0;12.8;.387;1.6;4.8;.345;3.3;8.0;.412;.452;2.5;3.1;.796;0.6;2.4;3.0;5.7;1.2;0.2;2.2;1.8;14.1;
Playoffs Per Game
09-10;MIL;PG;7;7;35.6;7.0;17.1;.408;1.7;5.9;.293;5.3;11.3;.468;.458;3.0;3.7;.808;0.7;2.3;3.0;3.6;1.1;0.6;1.1;2.7;18.7;
12-13;MIL;PG;4;4;33.3;4.3;14.3;.298;1.5;7.0;.214;2.8;7.3;.379;.351;3.3;4.5;.722;0.3;2.0;2.3;4.0;2.3;0.3;2.8;1.5;13.3;
16-17;WAS;PG;13;13.7;1.1;2.8;.389;0.2;1.0;.154;0.9;1.8;.522;.417;0.5;0.6;.875;0.4;1.1;1.5;1.8;0.2;0.6;1.0;2.8;
17-18;MIL;PG;1;5.0;2.0;2.0;2.0;2.0;1.000;1.0;2.0;
Career;;25;11;22.6;3.2;8.6;.372;0.8;3.4;.238;2.4;5.2;.458;.419;1.7;2.2;.796;0.4;1.5;2.0;2.6;0.8;0.2;1.1;1.5;8.9;
Totals
09-10;MIL;PG;<strong>82</strong>;82;2671;451;1216;.371;145;388;.374;306;828;.370;.431;223;273;.817;49;233;282;470;105;18;200;191;1270;
10-11;MIL;PG;63;61;2169;361;926;.390;98;303;.323;263;623;.422;.443;199;246;.809;42;192;234;305;95;21;146;131;1019;
11-12;MIL;PG;<strong>66</strong>;66;2331;469;1121;.418;129;388;.332;340;733;.464;.476;193;239;.808;49;177;226;365;104;22;146;114;1260;
12-13;MIL;PG;80;80;2897;497;1247;.399;173;461;.375;324;786;.412;.468;230;281;.819;59;187;246;521;125;10;203;155;1397;
13-14;DET;PG;80;79;2728;423;1135;.373;154;457;.337;269;678;.397;.441;241;321;.751;59;185;244;609;101;8;215;157;1241;
14-15;DET;PG;41;41;1173;218;543;.401;76;211;.360;142;332;.428;.471;120;143;.839;21;83;104;272;44;4;90;64;632;
15-16;TOT;PG;48;7;868;112;304;.368;51;155;.329;61;149;.409;.452;57;78;.731;16;80;96;170;29;7;57;57;332;
15-16;DET;PG;23;1;416;53;143;.371;24;77;.312;29;66;.439;.455;27;38;.711;5;41;46;70;11;2;22;24;157;
15-16;ORL;PG;25;6;452;59;161;.366;27;78;.346;32;83;.386;.450;30;40;.750;11;39;50;100;18;5;35;33;175;
16-17;TOT;PG;81;13;1802;192;535;.359;79;252;.313;113;283;.399;.433;114;152;.750;29;167;196;395;70;4;128;116;577;
16-17;NYK;PG;58;11;1428;163;429;.380;68;200;.340;95;229;.415;.459;102;135;.756;21;131;152;287;55;4;106;84;496;
16-17;WAS;PG;23;2;374;29;106;.274;11;52;.212;18;54;.333;.325;12;17;.706;8;36;44;108;15;22;32;81;
17-18;MIL;PG;14;205;27;72;.375;9;33;.273;18;39;.462;.438;10;10;1.000;5;26;31;44;6;4;18;11;73;
Career;;555;429;16844;2750;7099;.387;914;2648;.345;1836;4451;.412;.452;1387;1743;.796;329;1330;1659;3151;679;98;1203;996;7801;
Playoffs Totals
09-10;MIL;PG;7;7;249;49;120;.408;12;41;.293;37;79;.468;.458;21;26;.808;5;16;21;25;8;4;8;19;131;
12-13;MIL;PG;4;4;133;17;57;.298;6;28;.214;11;29;.379;.351;13;18;.722;1;8;9;16;9;1;11;6;53;
16-17;WAS;PG;13;178;14;36;.389;2;13;.154;12;23;.522;.417;7;8;.875;5;14;19;24;2;8;13;37;
17-18;MIL;PG;1;5;2;2;2;2;1.000;1;2;
Career;;25;11;565;80;215;.372;20;84;.238;60;131;.458;.419;43;54;.796;11;38;49;65;19;5;28;38;223;
Advanced
09-10;MIL;PG;<strong>82</strong>;2671;14.5;.475;.319;.225;2.0;10.4;6.0;29.6;2.1;0.5;13.0;26.1;0.3;3.9;4.2;.075;0.5;0.2;0.7;1.8;
10-11;MIL;PG;63;2169;15.6;.493;.327;.266;2.2;10.6;6.3;25.9;2.3;0.8;12.4;25.5;0.6;3.3;3.9;.086;0.8;0.9;1.6;2.0;
11-12;MIL;PG;<strong>66</strong>;2331;18.4;.514;.346;.213;2.3;8.6;5.3;26.7;2.3;0.7;10.6;25.9;3.8;1.8;5.5;.114;3.0;-0.3;2.7;2.8;
12-13;MIL;PG;80;2897;16.1;.510;.370;.225;2.1;7.2;4.6;29.1;2.2;0.3;12.9;23.7;3.6;2.2;5.8;.096;1.7;-0.6;1.1;2.2;
13-14;DET;PG;80;2728;15.6;.486;.403;.283;2.2;7.8;4.9;34.4;1.9;0.2;14.4;23.4;3.0;0.9;3.9;.068;1.9;-1.9;0.1;1.4;
14-15;DET;PG;41;1173;19.7;.522;.389;.263;1.9;8.0;4.8;39.9;1.9;0.3;12.9;26.3;2.6;0.7;3.3;.136;4.0;-0.6;3.3;1.6;
15-16;TOT;PG;48;868;13.7;.491;.510;.257;2.0;10.4;6.1;29.2;1.7;0.7;14.4;20.0;0.8;0.7;1.5;.082;0.2;-0.7;-0.4;0.3;
15-16;DET;PG;23;416;13.1;.491;.538;.266;1.3;11.2;6.0;25.7;1.3;0.4;12.1;19.0;0.4;0.4;0.8;.094;0.1;-0.2;0.2;
15-16;ORL;PG;25;452;14.3;.490;.484;.248;2.7;9.7;6.1;32.4;2.0;0.9;16.4;20.9;0.3;0.4;0.7;.071;0.3;-1.2;-0.8;0.1;
16-17;TOT;PG;81;1802;12.1;.479;.471;.284;1.8;10.1;5.9;30.4;1.9;0.2;17.5;17.6;0.7;1.0;1.7;.046;-1.2;-1.2;-2.4;-0.2;
16-17;NYK;PG;58;1428;12.7;.508;.466;.315;1.6;9.9;5.7;28.6;1.9;0.2;17.8;18.1;0.8;0.7;1.5;.052;-0.8;-1.2;-2.0;
16-17;WAS;PG;23;374;9.7;.357;.491;.160;2.4;10.8;6.6;37.2;2.0;16.2;15.8;-0.1;0.3;0.2;.025;-2.8;-1.2;-4.0;-0.2;
17-18;MIL;PG;14;205;12.7;.478;.458;.139;2.9;14.8;8.9;31.1;1.5;1.7;19.1;20.8;0.1;0.1;.026;-1.2;-2.2;-3.4;-0.1;
Career;;555;16844;15.7;.496;.373;.246;2.1;9.1;5.5;30.2;2.1;0.5;13.3;23.9;15.2;14.7;29.9;.085;1.3;-0.5;0.8;11.8;
Playoffs Advanced
09-10;MIL;PG;7;249;17.7;.498;.342;.217;2.4;7.4;4.9;19.9;1.8;1.2;5.7;26.7;0.4;0.2;0.6;.106;2.4;1.0;3.5;0.3;
12-13;MIL;PG;4;133;9.9;.408;.491;.316;0.9;7.9;4.2;21.3;3.6;0.7;14.5;26.9;-0.3;0.1;-0.3;-0.094;-2.0;-0.8;-2.8;
16-17;WAS;PG;13;178;6.9;.468;.361;.222;3.2;9.1;6.2;18.0;0.6;16.8;11.5;0.1;0.1;.025;-3.7;-2.3;-6.0;-0.2;
17-18;MIL;PG;1;5;-9.8;.347;1.000;1.000;25.8;37.7;-0.468;-17.5;-14.7;-32.2;
Career;;25;565;12.2;.467;.391;.251;2.3;8.0;5.1;19.4;1.8;0.7;10.5;22.0;0.3;0.3;.028;-0.7;-0.6;-1.3;0.1;
