Brandon Knight;Point Guard and Shooting Guard;Right;1991-12-02;;6-2;182;Pine Crest School in Fort Lauderdale,Florida;;;;-1;;
Per Game
11-12;DET;PG;<strong>66</strong>;60;32.3;4.8;11.7;.415;1.6;4.2;.380;3.2;7.5;.434;.483;1.6;2.1;.759;0.5;2.7;3.2;3.8;0.7;0.2;2.6;2.3;12.8;
12-13;DET;PG;75;75;31.5;4.8;11.7;.407;1.6;4.4;.367;3.2;7.3;.430;.475;2.2;3.0;.733;0.7;2.6;3.3;4.0;0.8;0.1;2.7;2.1;13.3;
13-14;MIL;PG;72;69;33.3;6.4;15.2;.422;1.5;4.7;.325;4.9;10.5;.466;.473;3.6;4.5;.802;0.6;2.9;3.5;4.9;1.0;0.2;2.6;2.0;17.9;
14-15;TOT;PG,SG;63;61;32.3;6.0;14.1;.422;2.0;5.1;.389;4.0;9.0;.441;.493;3.1;3.5;.874;0.4;3.4;3.9;5.2;1.4;0.2;3.0;1.8;17.0;
14-15;MIL;PG;52;52;32.5;6.2;14.3;.435;2.0;4.9;.409;4.2;9.4;.448;.505;3.3;3.7;.881;0.5;3.8;4.3;5.4;1.6;0.2;3.2;1.8;17.8;
14-15;PHO;SG;11;9;31.5;4.6;13.0;.357;1.9;6.1;.313;2.7;6.9;.395;.430;2.2;2.6;.828;0.2;1.9;2.1;4.5;0.5;0.1;2.1;1.9;13.4;
15-16;PHO;SG;52;50;36.0;7.1;17.2;.415;2.3;6.8;.342;4.8;10.5;.461;.482;3.0;3.5;.852;0.7;3.2;3.9;5.1;1.2;0.4;3.4;2.4;19.6;
16-17;PHO;SG;54;5;21.1;3.9;9.7;.398;0.8;2.6;.324;3.0;7.1;.425;.441;2.4;2.9;.857;0.5;1.7;2.2;2.4;0.5;0.1;1.6;1.6;11.0;
18-19;TOT;PG;39;26;18.9;2.5;6.7;.381;1.1;3.3;.318;1.5;3.4;.443;.460;0.7;0.9;.794;0.3;1.3;1.5;1.8;0.5;0.1;0.8;1.6;6.8;
18-19;HOU;PG;12;9.8;0.9;3.9;.234;0.4;2.7;.156;0.5;1.3;.400;.287;0.8;0.9;.818;0.1;0.7;0.8;0.8;0.2;0.4;1.2;3.0;
18-19;CLE;PG;27;26;22.9;3.3;7.9;.413;1.3;3.6;.371;1.9;4.3;.448;.498;0.7;0.9;.783;0.3;1.5;1.9;2.3;0.7;0.1;0.9;1.8;8.5;
19-20;TOT;PG,SG;25;3;18.5;2.4;6.7;.353;1.8;5.2;.344;0.6;1.4;.389;.488;0.8;1.4;.588;0.2;1.5;1.6;2.8;0.4;0.1;1.5;1.6;7.3;
19-20;CLE;SG;16;15.1;1.8;5.4;.326;1.2;4.0;.297;0.6;1.4;.409;.436;0.3;0.8;.308;0.2;1.1;1.3;1.9;0.3;0.1;1.0;1.3;4.9;
19-20;DET;PG;9;3;24.6;3.4;9.0;.383;2.9;7.4;.388;0.6;1.6;.357;.543;1.8;2.3;.762;0.1;2.2;2.3;4.2;0.6;0.1;2.4;2.2;11.6;
21-22;DAL;PG;5;13.0;2.0;5.0;.400;0.8;3.4;.235;1.2;1.6;.750;.480;1.6;1.6;1.000;1.6;1.6;1.6;0.2;0.8;1.0;6.4;
Career;;451;349;29.3;5.0;12.2;.411;1.6;4.5;.352;3.4;7.7;.445;.476;2.4;2.9;.807;0.5;2.5;3.1;3.9;0.9;0.2;2.4;2.0;14.0;
Totals
11-12;DET;PG;<strong>66</strong>;60;2129;319;769;.415;105;276;.380;214;493;.434;.483;104;137;.759;33;178;211;251;49;10;171;154;847;
12-13;DET;PG;75;75;2365;357;878;.407;120;327;.367;237;551;.430;.475;165;225;.733;54;193;247;303;58;8;205;157;999;
13-14;MIL;PG;72;69;2400;461;1092;.422;110;338;.325;351;754;.466;.473;259;323;.802;46;209;255;352;69;17;188;146;1291;
14-15;TOT;PG,SG;63;61;2035;375;888;.422;125;321;.389;250;567;.441;.493;195;223;.874;28;216;244;330;90;10;189;114;1070;
14-15;MIL;PG;52;52;1688;324;745;.435;104;254;.409;220;491;.448;.505;171;194;.881;26;195;221;281;84;9;166;93;923;
14-15;PHO;SG;11;9;347;51;143;.357;21;67;.313;30;76;.395;.430;24;29;.828;2;21;23;49;6;1;23;21;147;
15-16;PHO;SG;52;50;1870;371;895;.415;120;351;.342;251;544;.461;.482;156;183;.852;36;166;202;263;61;20;177;124;1018;
16-17;PHO;SG;54;5;1140;209;525;.398;45;139;.324;164;386;.425;.441;132;154;.857;25;93;118;130;27;5;88;87;595;
18-19;TOT;PG;39;26;736;99;260;.381;41;129;.318;58;131;.443;.460;27;34;.794;10;49;59;71;21;2;30;62;266;
18-19;HOU;PG;12;118;11;47;.234;5;32;.156;6;15;.400;.287;9;11;.818;1;8;9;9;2;5;14;36;
18-19;CLE;PG;27;26;618;88;213;.413;36;97;.371;52;116;.448;.498;18;23;.783;9;41;50;62;19;2;25;48;230;
19-20;TOT;PG,SG;25;3;462;59;167;.353;45;131;.344;14;36;.389;.488;20;34;.588;4;37;41;69;10;3;38;40;183;
19-20;CLE;SG;16;241;28;86;.326;19;64;.297;9;22;.409;.436;4;13;.308;3;17;20;31;5;2;16;20;79;
19-20;DET;PG;9;3;221;31;81;.383;26;67;.388;5;14;.357;.543;16;21;.762;1;20;21;38;5;1;22;20;104;
21-22;DAL;PG;5;65;10;25;.400;4;17;.235;6;8;.750;.480;8;8;1.000;8;8;8;1;4;5;32;
Career;;451;349;13202;2260;5499;.411;715;2029;.352;1545;3470;.445;.476;1066;1321;.807;236;1149;1385;1777;386;75;1090;889;6301;
Advanced
11-12;DET;PG;<strong>66</strong>;2129;11.7;.511;.359;.178;1.8;10.3;5.9;20.8;1.2;0.4;17.1;21.7;0.3;1.0;1.3;.029;-0.9;-1.7;-2.6;-0.3;
12-13;DET;PG;75;2365;12.0;.511;.372;.256;2.6;9.6;6.0;21.3;1.3;0.3;17.3;22.8;0.3;0.8;1.1;.022;-0.9;-1.9;-2.8;-0.5;
13-14;MIL;PG;72;2400;16.5;.523;.310;.296;2.1;10.3;6.1;26.6;1.5;0.6;13.2;26.8;2.4;0.4;2.8;.055;1.7;-2.2;-0.5;0.9;
14-15;TOT;PG,SG;63;2035;17.1;.543;.361;.251;1.6;12.0;6.8;27.4;2.3;0.4;16.1;25.9;2.0;2.5;4.5;.106;1.9;-0.3;1.6;1.9;
14-15;MIL;PG;52;1688;18.5;.556;.341;.260;1.8;13.1;7.5;28.6;2.5;0.5;16.7;26.6;2.0;2.4;4.4;.124;2.5;2.5;1.9;
14-15;PHO;SG;11;347;10.5;.472;.469;.203;0.6;6.7;3.6;21.6;0.9;0.2;12.9;22.6;0.1;0.1;.016;-1.2;-1.7;-2.9;-0.1;
15-16;PHO;SG;52;1870;14.7;.522;.392;.204;2.0;9.9;5.9;24.4;1.6;0.9;15.4;26.2;0.7;0.9;1.7;.043;0.9;-1.5;-0.6;0.6;
16-17;PHO;SG;54;1140;12.4;.502;.265;.293;2.3;9.1;5.6;17.8;1.1;0.4;12.9;25.0;0.1;0.2;0.3;.015;-0.8;-2.1;-2.8;-0.2;
18-19;TOT;PG;39;736;8.9;.484;.496;.131;1.4;7.7;4.4;14.4;1.4;0.2;9.8;18.1;-0.1;-0.002;-3.5;-2.0;-5.4;-0.6;
18-19;HOU;PG;12;118;0.8;.347;.681;.234;0.9;7.7;4.2;10.6;0.8;8.8;20.9;-0.3;-0.3;-0.113;-9.5;-2.9;-12.4;-0.3;
18-19;CLE;PG;27;618;10.5;.515;.455;.108;1.5;7.7;4.5;15.1;1.5;0.3;10.1;17.6;0.3;0.2;.019;-2.3;-1.8;-4.1;-0.3;
19-20;TOT;PG,SG;25;462;8.5;.503;.784;.204;1.0;9.1;5.0;21.6;1.1;0.6;17.3;20.6;-0.2;0.1;-0.1;-0.010;-1.8;-2.6;-4.4;-0.3;
19-20;CLE;SG;16;241;5.4;.431;.744;.151;1.4;7.9;4.6;18.0;1.0;0.7;14.9;19.1;-0.3;-0.3;-0.062;-3.8;-2.7;-6.5;-0.3;
19-20;DET;PG;9;221;11.9;.576;.827;.259;0.5;10.4;5.4;25.6;1.1;0.4;19.6;22.2;0.1;0.1;0.2;.046;0.5;-2.5;-2.0;
21-22;DAL;PG;5;65;13.0;.561;.680;.320;13.7;6.8;18.6;0.8;12.3;22.5;0.1;0.1;0.1;.091;-2.7;-1.9;-4.6;
Career;;451;13202;13.7;.518;.369;.240;2.0;10.1;6.0;22.9;1.5;0.5;15.2;24.2;5.6;6.0;11.6;.042;0.1;-1.7;-1.6;1.4;
