Brendan Haywood;Center;Right;1979-11-27;;7-0;268;Dudley in Greensboro,North Carolina;;;;-1;;
Per Game
01-02;WAS;C;62;2;20.4;1.8;3.6;.493;1.8;3.6;.493;.493;1.6;2.6;.606;2.3;2.9;5.2;0.5;0.3;1.5;0.8;2.5;5.1;
02-03;WAS;C;81;69;23.8;2.1;4.2;.510;2.1;4.2;.510;.510;1.9;3.0;.633;2.4;2.6;5.0;0.4;0.4;1.5;0.8;2.8;6.2;
03-04;WAS;C;77;59;19.3;2.6;5.0;.515;2.6;5.0;.517;.515;1.8;3.0;.585;2.4;2.6;5.0;0.6;0.4;1.3;1.0;2.0;7.0;
04-05;WAS;C;68;68;27.4;3.5;6.3;.560;3.5;6.3;.560;.560;2.3;3.8;.609;3.0;3.9;6.8;0.8;0.8;1.7;1.4;3.2;9.4;
05-06;WAS;C;79;70;23.8;2.8;5.5;.514;2.8;5.5;.514;.514;1.7;2.8;.585;2.5;3.4;5.9;0.6;0.4;1.3;1.2;2.9;7.3;
06-07;WAS;C;77;49;22.6;2.6;4.6;.558;2.6;4.6;.558;.558;1.5;2.7;.548;2.5;3.7;6.2;0.6;0.4;1.1;1.2;2.7;6.6;
07-08;WAS;C;80;80;27.9;4.0;7.5;.528;4.0;7.5;.528;.528;2.7;3.7;.735;3.4;3.8;7.2;0.9;0.4;1.7;1.4;2.7;10.6;
08-09;WAS;C;6;5;29.2;4.0;8.3;.480;4.0;8.3;.480;.480;1.7;3.5;.476;2.2;5.2;7.3;1.3;0.7;2.5;1.5;2.3;9.7;
09-10;TOT;C;77;67;30.6;3.6;6.4;.562;3.6;6.4;.563;.562;2.0;3.2;.620;3.6;5.7;9.3;0.6;0.3;2.1;1.3;2.7;9.1;
09-10;WAS;C;49;48;32.9;3.8;6.8;.561;3.8;6.8;.561;.561;2.1;3.2;.646;4.1;6.3;10.3;0.4;0.4;2.1;1.4;3.0;9.8;
09-10;DAL;C;28;19;26.5;3.1;5.6;.564;3.1;5.5;.568;.564;1.8;3.1;.575;2.8;4.6;7.4;0.9;0.3;2.0;1.1;2.3;8.1;
10-11;DAL;C;72;8;18.5;1.8;3.1;.574;1.8;3.1;.577;.574;0.9;2.5;.362;1.8;3.4;5.2;0.3;0.2;1.0;0.7;2.0;4.4;
11-12;DAL;C;54;54;21.2;2.2;4.2;.518;2.2;4.2;.518;.518;0.8;1.8;.469;2.6;3.4;6.0;0.4;0.4;1.0;0.9;2.2;5.2;
12-13;CHA;C;61;17;19.0;1.5;3.5;.431;1.5;3.5;.433;.431;0.5;1.1;.455;2.0;2.7;4.8;0.5;0.3;0.8;0.8;2.0;3.5;
14-15;CLE;C;22;1;5.4;0.6;1.4;.467;0.6;1.4;.467;.467;0.3;0.6;.538;0.3;1.0;1.3;0.1;0.1;0.5;0.5;0.8;1.6;
Career;;816;549;22.9;2.6;4.9;.528;2.6;4.9;.528;.528;1.6;2.8;.587;2.6;3.4;6.0;0.5;0.4;1.4;1.0;2.5;6.8;
Playoffs Per Game
04-05;WAS;C;10;10;29.6;3.9;7.2;.542;3.9;7.2;.542;.542;2.8;4.4;.636;3.5;4.1;7.6;1.0;1.4;2.0;1.0;4.0;10.6;
05-06;WAS;C;6;6;25.8;2.5;3.7;.682;2.5;3.7;.682;.682;2.2;4.2;.520;1.2;2.0;3.2;0.8;0.3;1.8;1.2;3.7;7.2;
06-07;WAS;C;3;11.3;1.7;2.3;.714;1.7;2.3;.714;.714;1.0;1.3;.750;1.0;0.7;1.7;0.3;0.3;0.3;2.3;4.3;
07-08;WAS;C;6;6;29.7;4.3;7.3;.591;4.3;7.3;.591;.591;3.3;4.2;.800;2.2;4.5;6.7;0.8;0.7;1.5;1.0;4.2;12.0;
09-10;DAL;C;6;2;23.2;2.0;3.5;.571;2.0;3.5;.571;.571;2.0;3.3;.600;3.0;3.2;6.2;0.5;1.2;1.7;0.5;2.3;6.0;
10-11;DAL;C;18;15.3;1.0;1.7;.581;1.0;1.7;.581;.581;1.1;2.4;.465;1.9;2.2;4.1;0.2;0.1;1.0;0.7;2.7;3.1;
11-12;DAL;C;4;4;15.3;1.0;3.5;.286;1.0;3.5;.286;.286;1.3;2.0;.625;1.8;1.5;3.3;0.3;0.3;0.5;0.5;2.0;3.3;
14-15;CLE;C;1;2.0;1.0;1.0;
Career;;54;28;21.1;2.2;3.9;.561;2.2;3.9;.561;.561;1.9;3.1;.598;2.2;2.7;4.9;0.5;0.6;1.3;0.8;3.0;6.3;
Totals
01-02;WAS;C;62;2;1266;109;221;.493;109;221;.493;.493;97;160;.606;143;179;322;29;21;91;50;158;315;
02-03;WAS;C;81;69;1930;173;339;.510;173;339;.510;.510;155;245;.633;192;212;404;29;32;119;65;225;501;
03-04;WAS;C;77;59;1484;200;388;.515;1;200;387;.517;.515;137;234;.585;186;201;387;43;32;100;80;154;537;
04-05;WAS;C;68;68;1865;239;427;.560;239;427;.560;.560;159;261;.609;202;262;464;57;52;114;96;218;637;
05-06;WAS;C;79;70;1879;222;432;.514;222;432;.514;.514;131;224;.585;200;267;467;46;30;104;97;232;575;
06-07;WAS;C;77;49;1740;198;355;.558;198;355;.558;.558;115;210;.548;195;282;477;47;34;88;90;208;511;
07-08;WAS;C;80;80;2228;316;599;.528;316;599;.528;.528;216;294;.735;273;303;576;71;31;133;108;216;848;
08-09;WAS;C;6;5;175;24;50;.480;24;50;.480;.480;10;21;.476;13;31;44;8;4;15;9;14;58;
09-10;TOT;C;77;67;2355;276;491;.562;1;276;490;.563;.562;152;245;.620;278;437;715;43;26;158;99;209;704;
09-10;WAS;C;49;48;1614;188;335;.561;188;335;.561;.561;102;158;.646;200;307;507;18;18;101;67;145;478;
09-10;DAL;C;28;19;741;88;156;.564;1;88;155;.568;.564;50;87;.575;78;130;208;25;8;57;32;64;226;
10-11;DAL;C;72;8;1331;128;223;.574;1;128;222;.577;.574;64;177;.362;129;247;376;19;16;74;51;146;320;
11-12;DAL;C;54;54;1146;118;228;.518;118;228;.518;.518;45;96;.469;139;185;324;19;24;54;46;121;281;
12-13;CHA;C;61;17;1162;93;216;.431;1;93;215;.433;.431;30;66;.455;125;165;290;29;16;49;50;125;216;
14-15;CLE;C;22;1;119;14;30;.467;14;30;.467;.467;7;13;.538;6;23;29;2;2;10;10;17;35;
Career;;816;549;18680;2110;3999;.528;4;2110;3995;.528;.528;1318;2246;.587;2081;2794;4875;442;320;1109;851;2043;5538;
Playoffs Totals
04-05;WAS;C;10;10;296;39;72;.542;39;72;.542;.542;28;44;.636;35;41;76;10;14;20;10;40;106;
05-06;WAS;C;6;6;155;15;22;.682;15;22;.682;.682;13;25;.520;7;12;19;5;2;11;7;22;43;
06-07;WAS;C;3;34;5;7;.714;5;7;.714;.714;3;4;.750;3;2;5;1;1;1;7;13;
07-08;WAS;C;6;6;178;26;44;.591;26;44;.591;.591;20;25;.800;13;27;40;5;4;9;6;25;72;
09-10;DAL;C;6;2;139;12;21;.571;12;21;.571;.571;12;20;.600;18;19;37;3;7;10;3;14;36;
10-11;DAL;C;18;275;18;31;.581;18;31;.581;.581;20;43;.465;34;39;73;4;2;18;13;48;56;
11-12;DAL;C;4;4;61;4;14;.286;4;14;.286;.286;5;8;.625;7;6;13;1;1;2;2;8;13;
14-15;CLE;C;1;2;1;1;
Career;;54;28;1140;119;212;.561;119;212;.561;.561;101;169;.598;117;146;263;29;31;70;42;164;339;
Advanced
01-02;WAS;C;62;1266;13.7;.540;.724;13.0;16.6;14.8;3.5;0.9;5.3;14.6;12.4;1.7;1.4;3.1;.116;-1.7;0.5;-1.3;0.2;
02-03;WAS;C;81;1930;13.5;.561;.723;11.7;13.0;12.4;2.4;0.9;4.6;12.7;12.5;3.1;1.9;5.0;.125;-1.6;-0.2;-1.8;0.1;
03-04;WAS;C;77;1484;17.2;.547;.003;.603;13.7;15.6;14.6;5.2;1.1;4.9;14.0;17.0;2.4;1.4;3.8;.123;-0.2;-0.5;-0.7;0.5;
04-05;WAS;C;68;1865;16.5;.588;.611;11.8;16.4;14.0;4.9;1.4;4.5;15.1;14.9;3.2;2.0;5.2;.134;-0.5;0.3;-0.1;0.9;
05-06;WAS;C;79;1879;13.8;.542;.519;12.0;17.0;14.5;3.9;0.8;4.3;15.5;14.9;2.0;1.9;3.9;.099;-1.5;-0.2;-1.7;0.2;
06-07;WAS;C;77;1740;14.2;.571;.592;12.5;19.2;15.8;4.1;1.0;3.9;16.7;13.6;2.2;1.3;3.4;.095;-1.1;-0.8;-1.8;0.1;
07-08;WAS;C;80;2228;18.3;.582;.491;14.0;16.4;15.2;5.2;0.7;5.0;12.9;17.3;4.9;1.9;6.8;.146;0.6;-0.8;-0.2;1.0;
08-09;WAS;C;6;175;14.9;.490;.420;8.5;21.4;14.8;7.3;1.2;7.0;13.2;17.7;0.2;0.2;.041;-2.1;0.1;-2.0;
09-10;TOT;C;77;2355;16.1;.588;.002;.499;13.5;21.5;17.5;2.8;0.6;5.1;14.2;13.5;3.7;3.0;6.7;.137;-0.3;0.2;-0.1;1.1;
09-10;WAS;C;49;1614;16.2;.591;.472;14.1;22.2;18.1;1.7;0.6;4.8;14.2;13.2;2.6;1.9;4.5;.133;-0.2;-0.2;-0.4;0.7;
09-10;DAL;C;28;741;16.1;.582;.006;.558;12.2;19.9;16.1;5.0;0.6;5.8;14.1;14.0;1.1;1.1;2.2;.144;-0.4;1.0;0.6;0.5;
10-11;DAL;C;72;1331;11.7;.532;.004;.794;11.8;20.9;16.5;2.1;0.6;4.2;14.5;12.4;0.8;2.1;2.9;.104;-2.5;0.6;-1.9;
11-12;DAL;C;54;1146;12.9;.520;.421;13.7;18.0;15.9;2.6;1.1;3.8;14.5;12.8;1.1;1.6;2.7;.114;-2.1;0.2;-1.9;
12-13;CHA;C;61;1162;8.7;.441;.005;.306;12.0;16.7;14.3;3.9;0.7;3.4;16.9;11.5;-0.2;0.4;0.1;.006;-4.2;-1.8;-6.0;-1.2;
14-15;CLE;C;22;119;9.1;.490;.433;5.9;21.9;14.0;2.5;0.9;6.6;21.9;17.3;-0.2;0.2;.008;-7.0;0.7;-6.3;-0.1;
Career;;816;18680;14.6;.555;.001;.562;12.6;17.5;15.0;3.8;0.9;4.6;14.6;14.2;24.7;19.1;43.8;.113;-1.2;-0.2;-1.4;2.9;
Playoffs Advanced
04-05;WAS;C;10;296;18.8;.580;.611;12.7;15.7;14.2;5.6;2.4;5.5;9.9;14.8;0.7;0.4;1.1;.177;1.9;1.2;3.1;0.4;
05-06;WAS;C;6;155;12.4;.652;1.136;5.2;9.5;7.3;5.2;0.7;5.2;17.5;12.1;0.2;0.1;0.3;.099;-2.0;1.8;-0.2;0.1;
06-07;WAS;C;3;34;17.1;.742;.571;9.1;7.3;8.3;5.2;1.6;10.2;13.6;0.1;0.1;.175;-1.3;-0.7;-2.0;
07-08;WAS;C;6;178;19.7;.655;.568;8.5;17.8;13.1;5.4;1.2;4.4;9.8;16.4;0.5;0.2;0.8;.203;1.6;1.5;3.1;0.2;
09-10;DAL;C;6;139;19.3;.604;.952;14.6;15.3;14.9;3.5;2.7;5.3;9.1;11.0;0.3;0.3;0.6;.212;1.6;2.7;4.3;0.2;
10-11;DAL;C;18;275;10.7;.561;1.387;<strong>15.5</strong>;17.1;16.3;2.2;0.4;5.4;20.7;11.2;0.3;0.3;0.6;.110;-3.0;1.3;-1.6;
11-12;DAL;C;4;61;7.2;.371;.571;13.0;12.7;12.8;2.8;0.9;2.8;10.2;14.7;-0.019;-3.9;-1.5;-5.3;-0.1;
14-15;CLE;C;1;2;-21.0;22.7;-0.521;-17.3;-9.4;-26.7;
Career;;54;1140;15.4;.592;.797;11.8;15.0;13.4;4.3;1.4;4.9;12.8;13.3;2.1;1.4;3.5;.147;-0.3;1.3;1.0;0.9;
