Brian Roberts;Point Guard;Right;1985-12-03;;6-1;173;St John's Jesuit in Toledo,Ohio;;;;-1;;
Per Game
12-13;NOH;PG;78;5;17.0;2.7;6.6;.417;0.8;2.0;.386;2.0;4.6;.430;.475;0.9;1.0;.909;0.2;1.0;1.2;2.8;0.5;0.9;1.4;7.1;
13-14;NOP;PG;72;42;23.2;3.4;8.1;.420;0.9;2.5;.360;2.5;5.6;.447;.475;1.7;1.8;<strong>.940</strong>;0.2;1.7;1.9;3.3;0.6;0.1;1.3;1.8;9.4;
14-15;CHO;PG;72;10;18.5;2.4;6.3;.389;0.9;2.7;.321;1.6;3.6;.440;.458;0.9;1.0;.892;0.2;1.3;1.5;2.3;0.5;0.1;0.8;1.0;6.7;
15-16;TOT;PG;51;9.2;1.5;3.2;.448;0.3;0.8;.357;1.2;2.4;.480;.494;0.8;0.9;.894;0.1;0.7;0.8;1.1;0.2;0.5;0.7;4.0;
15-16;CHO;PG;30;11.1;1.7;3.8;.443;0.3;0.9;.333;1.4;2.9;.477;.483;1.1;1.2;.919;0.1;0.8;1.0;1.3;0.2;0.5;0.8;4.8;
15-16;POR;PG;21;6.5;1.1;2.4;.460;0.3;0.7;.400;0.8;1.7;.486;.520;0.4;0.5;.800;0.1;0.5;0.6;0.8;0.1;0.3;0.6;2.9;
16-17;CHO;PG;41;2;10.1;1.1;3.0;.377;0.4;1.1;.386;0.7;1.9;.372;.447;0.8;1.0;.846;0.1;0.8;1.0;1.3;0.2;0.6;0.4;3.5;
Career;;314;59;16.6;2.4;5.8;.411;0.7;1.9;.356;1.7;3.9;.439;.471;1.1;1.2;.908;0.2;1.2;1.3;2.3;0.4;0.1;0.9;1.2;6.6;
Playoffs Per Game
15-16;POR;PG;10;3.6;0.2;0.9;.222;0.4;0.2;0.5;.400;.222;0.4;0.6;.667;0.1;0.1;0.3;0.1;0.5;0.8;
Career;;10;3.6;0.2;0.9;.222;0.4;0.2;0.5;.400;.222;0.4;0.6;.667;0.1;0.1;0.3;0.1;0.5;0.8;
Totals
12-13;NOH;PG;78;5;1324;213;511;.417;59;153;.386;154;358;.430;.475;70;77;.909;17;80;97;219;37;3;71;108;555;
13-14;NOP;PG;72;42;1667;244;581;.420;64;178;.360;180;403;.447;.475;125;133;<strong>.940</strong>;17;119;136;234;43;7;95;132;677;
14-15;CHO;PG;72;10;1330;176;452;.389;62;193;.321;114;259;.440;.458;66;74;.892;13;96;109;162;33;6;57;75;480;
15-16;TOT;PG;51;470;74;165;.448;15;42;.357;59;123;.480;.494;42;47;.894;6;35;41;54;10;2;23;35;205;
15-16;CHO;PG;30;333;51;115;.443;9;27;.333;42;88;.477;.483;34;37;.919;4;25;29;38;7;1;16;23;145;
15-16;POR;PG;21;137;23;50;.460;6;15;.400;17;35;.486;.520;8;10;.800;2;10;12;16;3;1;7;12;60;
16-17;CHO;PG;41;2;416;46;122;.377;17;44;.386;29;78;.372;.447;33;39;.846;5;34;39;52;9;1;26;18;142;
Career;;314;59;5207;753;1831;.411;217;610;.356;536;1221;.439;.471;336;370;.908;58;364;422;721;132;19;272;368;2059;
Playoffs Totals
15-16;POR;PG;10;36;2;9;.222;4;2;5;.400;.222;4;6;.667;1;1;3;1;5;8;
Career;;10;36;2;9;.222;4;2;5;.400;.222;4;6;.667;1;1;3;1;5;8;
Advanced
12-13;NOH;PG;78;1324;14.6;.509;.299;.151;1.5;7.3;4.4;28.2;1.5;0.2;11.5;21.6;2.0;0.2;2.2;.078;0.8;-1.4;-0.6;0.5;
13-14;NOP;PG;72;1667;13.4;.529;.306;.229;1.2;8.4;4.7;22.1;1.3;0.4;12.9;20.0;2.0;0.2;2.2;.063;-0.1;-1.6;-1.7;0.1;
14-15;CHO;PG;72;1330;11.7;.495;.427;.164;1.0;8.2;4.5;20.3;1.3;0.4;10.5;18.6;0.6;1.2;1.8;.064;-1.5;-0.2;-1.7;0.1;
15-16;TOT;PG;51;470;13.8;.552;.255;.285;1.4;8.2;4.8;18.6;1.1;0.3;11.0;19.8;0.7;0.3;1.0;.105;-0.9;-0.7;-1.6;
15-16;CHO;PG;30;333;13.9;.552;.235;.322;1.3;8.3;4.8;18.7;1.1;0.2;10.9;19.9;0.5;0.3;0.8;.108;-0.9;-0.5;-1.4;
15-16;POR;PG;21;137;13.7;.551;.300;.200;1.6;7.9;4.7;18.5;1.1;0.6;11.4;19.6;0.2;0.1;0.3;.096;-0.8;-1.3;-2.2;
16-17;CHO;PG;41;416;9.8;.510;.361;.320;1.3;9.0;5.2;18.7;1.1;0.2;15.7;17.9;0.3;0.2;.028;-2.8;-1.3;-4.2;-0.2;
Career;;314;5207;13.0;.516;.333;.202;1.3;8.1;4.6;22.6;1.3;0.3;12.0;19.9;5.2;2.1;7.4;.068;-0.5;-1.1;-1.6;0.6;
Playoffs Advanced
15-16;POR;PG;10;36;1.1;.344;.444;.667;2.8;1.4;11.7;7.9;15.0;-0.1;-0.075;-7.4;-4.7;-12.1;-0.1;
Career;;10;36;1.1;.344;.444;.667;2.8;1.4;11.7;7.9;15.0;-0.1;-0.075;-7.4;-4.7;-12.1;-0.1;
