Brook Lopez;Center;Right;1988-04-01;;7-0;282;San Joaquin Memorial in Fresno,California;;;;-1;;
Per Game
08-09;NJN;C;<strong>82</strong>;75;30.5;5.5;10.3;.531;5.5;10.3;.532;.531;2.1;2.6;.793;2.7;5.4;8.1;1.0;0.5;1.8;1.8;3.1;13.0;
09-10;NJN;C;<strong>82</strong>;82;36.9;6.9;13.8;.499;6.9;13.7;.500;.499;5.1;6.2;.817;3.3;5.4;8.6;2.3;0.7;1.7;2.5;3.1;18.8;
10-11;NJN;C;82;82;35.2;7.9;16.0;.492;7.9;16.0;.492;.492;4.7;6.0;.787;2.4;3.5;6.0;1.6;0.6;1.5;2.1;2.9;20.4;
11-12;NJN;C;5;5;27.2;7.6;15.4;.494;7.6;15.4;.494;.494;4.0;6.4;.625;1.6;2.0;3.6;1.2;0.2;0.8;1.2;1.6;19.2;
12-13;BRK;C;74;74;30.4;7.7;14.8;.521;7.7;14.8;.522;.521;4.0;5.3;.758;2.8;4.1;6.9;0.9;0.4;2.1;1.8;2.1;19.4;
13-14;BRK;C;17;17;31.4;7.6;13.5;.563;0.1;7.6;13.4;.566;.563;5.5;6.8;.817;2.3;3.7;6.0;0.9;0.5;1.8;1.6;3.1;20.7;
14-15;BRK;C;72;44;29.2;7.0;13.7;.513;0.1;.100;7.0;13.6;.517;.513;3.1;3.8;.814;3.0;4.5;7.4;0.7;0.6;1.8;1.4;2.9;17.2;
15-16;BRK;C;73;73;33.7;8.1;15.8;.511;0.2;.143;8.1;15.7;.515;.512;4.3;5.5;.787;2.8;5.1;7.8;2.0;0.8;1.7;2.4;2.9;20.6;
16-17;BRK;C;75;75;29.6;7.4;15.6;.474;1.8;5.2;.346;5.6;10.5;.536;.531;3.9;4.9;.810;1.6;3.8;5.4;2.3;0.5;1.7;2.5;2.6;20.5;
17-18;LAL;C;74;72;23.4;5.0;10.7;.465;1.5;4.4;.345;3.5;6.3;.549;.536;1.5;2.1;.703;1.0;3.0;4.0;1.7;0.4;1.3;1.3;2.6;13.0;
18-19;MIL;C;81;81;28.7;4.4;9.7;.452;2.3;6.3;.365;2.1;3.4;.613;.571;1.4;1.6;.842;0.4;4.5;4.9;1.2;0.6;2.2;1.0;2.3;12.5;
19-20;MIL;C;68;67;26.7;4.3;9.9;.435;1.5;4.8;.314;2.8;5.1;.549;.511;1.9;2.2;.836;0.9;3.7;4.6;1.5;0.7;2.4;1.0;2.4;12.0;
20-21;MIL;C;70;70;27.2;4.6;9.1;.503;1.4;4.0;.338;3.2;5.1;.632;.577;1.7;2.0;.845;1.5;3.5;5.0;0.7;0.6;1.5;0.9;2.1;12.3;
21-22;MIL;C;13;11;22.9;4.7;10.1;.466;1.5;4.1;.358;3.2;6.0;.538;.538;1.5;1.8;.870;1.5;2.6;4.1;0.5;0.6;1.2;0.9;2.6;12.4;
Career;;868;828;30.2;6.3;12.7;.494;0.8;2.2;.341;5.5;10.5;.526;.524;3.1;3.9;.796;2.0;4.2;6.2;1.4;0.6;1.8;1.7;2.7;16.4;
Playoffs Per Game
12-13;BRK;C;7;7;37.6;8.3;17.6;.472;0.1;0.1;1.000;8.1;17.4;.467;.476;5.6;6.3;.886;4.1;3.3;7.4;1.4;0.9;<strong>3.0</strong>;2.3;2.9;22.3;
14-15;BRK;C;6;6;39.0;7.2;14.5;.494;7.2;14.5;.494;.494;5.5;6.7;.825;3.3;5.7;9.0;0.8;0.7;2.2;1.0;3.0;19.8;
18-19;MIL;C;15;15;29.2;4.1;8.9;.455;1.5;5.0;.293;2.6;3.9;.661;.537;1.6;1.9;.828;0.8;4.7;5.5;1.4;0.4;1.9;0.7;3.1;11.2;
19-20;MIL;C;10;10;32.8;6.1;11.4;.535;2.1;5.3;.396;4.0;6.1;.656;.627;1.5;2.0;.750;1.9;3.6;5.5;0.5;1.0;1.3;1.2;2.7;15.8;
20-21;MIL;C;<strong>23</strong>;23;29.0;5.2;9.4;.548;1.0;3.1;.319;4.2;6.3;.662;.601;1.6;1.9;.860;2.1;3.8;5.9;0.3;0.7;1.5;1.1;2.1;13.0;
21-22;MIL;C;5;5;28.8;5.0;10.0;.500;1.0;3.0;.333;4.0;7.0;.571;.550;2.2;2.4;.917;1.4;3.0;4.4;0.8;0.4;1.6;1.0;2.8;13.2;
Career;;66;66;31.4;5.6;11.0;.506;1.1;3.3;.333;4.5;7.7;.580;.556;2.4;2.8;.846;2.0;4.0;6.1;0.8;0.7;1.8;1.1;2.6;14.6;
Totals
08-09;NJN;C;<strong>82</strong>;75;2501;448;844;.531;2;448;842;.532;.531;172;217;.793;225;440;665;86;44;151;147;257;1068;
09-10;NJN;C;<strong>82</strong>;82;3027;563;1129;.499;2;563;1127;.500;.499;416;509;.817;270;439;709;187;55;139;204;251;1542;
10-11;NJN;C;82;82;2889;644;1309;.492;1;644;1308;.492;.492;385;489;.787;197;291;488;129;47;120;176;240;1673;
11-12;NJN;C;5;5;136;38;77;.494;38;77;.494;.494;20;32;.625;8;10;18;6;1;4;6;8;96;
12-13;BRK;C;74;74;2253;570;1094;.521;1;570;1093;.522;.521;297;392;.758;208;304;512;70;33;154;131;152;1437;
13-14;BRK;C;17;17;533;129;229;.563;1;129;228;.566;.563;94;115;.817;39;63;102;16;9;30;28;52;352;
14-15;BRK;C;72;44;2100;506;987;.513;1;10;.100;505;977;.517;.513;223;274;.814;214;321;535;50;43;126;104;206;1236;
15-16;BRK;C;73;73;2457;591;1157;.511;2;14;.143;589;1143;.515;.512;317;403;.787;204;369;573;147;58;124;175;215;1501;
16-17;BRK;C;75;75;2222;555;1172;.474;134;387;.346;421;785;.536;.531;295;364;.810;121;282;403;176;38;124;184;192;1539;
17-18;LAL;C;74;72;1735;369;793;.465;112;325;.345;257;468;.549;.536;111;158;.703;74;220;294;126;30;98;98;195;961;
18-19;MIL;C;81;81;2322;355;786;.452;187;512;.365;168;274;.613;.571;112;133;.842;33;363;396;98;51;179;82;189;1009;
19-20;MIL;C;68;67;1817;292;671;.435;102;325;.314;190;346;.549;.511;127;152;.836;58;254;312;99;46;163;70;163;813;
20-21;MIL;C;70;70;1902;322;640;.503;95;281;.338;227;359;.632;.577;120;142;.845;104;243;347;50;40;103;64;149;859;
21-22;MIL;C;13;11;298;61;131;.466;19;53;.358;42;78;.538;.538;20;23;.870;19;34;53;6;8;15;12;34;161;
Career;;868;828;26192;5443;11019;.494;652;1914;.341;4791;9105;.526;.524;2709;3403;.796;1774;3633;5407;1246;503;1530;1481;2303;14247;
Playoffs Totals
12-13;BRK;C;7;7;263;58;123;.472;1;1;1.000;57;122;.467;.476;39;44;.886;29;23;52;10;6;21;16;20;156;
14-15;BRK;C;6;6;234;43;87;.494;43;87;.494;.494;33;40;.825;20;34;54;5;4;13;6;18;119;
18-19;MIL;C;15;15;438;61;134;.455;22;75;.293;39;59;.661;.537;24;29;.828;12;70;82;21;6;28;10;46;168;
19-20;MIL;C;10;10;328;61;114;.535;21;53;.396;40;61;.656;.627;15;20;.750;19;36;55;5;10;13;12;27;158;
20-21;MIL;C;<strong>23</strong>;23;667;119;217;.548;23;72;.319;96;145;.662;.601;37;43;.860;48;87;135;6;17;<strong>34</strong>;25;48;298;
21-22;MIL;C;5;5;144;25;50;.500;5;15;.333;20;35;.571;.550;11;12;.917;7;15;22;4;2;8;5;14;66;
Career;;66;66;2074;367;725;.506;72;216;.333;295;509;.580;.556;159;188;.846;135;265;400;51;45;117;74;173;965;
Advanced
08-09;NJN;C;<strong>82</strong>;2501;17.9;.568;.002;.257;10.6;21.2;15.8;6.2;0.9;4.9;13.5;20.3;3.2;2.7;5.8;.112;-0.3;-0.3;-0.6;0.9;
09-10;NJN;C;<strong>82</strong>;3027;20.1;.570;.002;.451;9.9;17.5;13.5;11.8;1.0;3.4;13.1;23.6;5.5;2.4;7.9;.125;1.6;-0.5;1.2;2.5;
10-11;NJN;C;82;2889;19.3;.549;.001;.374;7.8;12.3;10.0;8.8;0.9;3.2;10.4;27.3;4.4;1.9;6.3;.105;1.4;-0.9;0.6;1.9;
11-12;NJN;C;5;136;21.9;.527;.416;6.6;8.8;7.7;10.2;0.4;2.3;6.2;32.7;0.3;0.3;.091;3.4;-2.8;0.6;0.1;
12-13;BRK;C;74;2253;24.7;.567;.001;.358;10.8;16.1;13.4;6.4;0.8;5.2;9.4;28.6;6.4;2.6;9.0;.191;3.4;-0.2;3.2;3.0;
13-14;BRK;C;17;533;25.4;.629;.004;.502;8.8;14.1;11.5;6.1;0.9;4.8;9.1;27.1;1.9;0.5;2.3;.211;4.0;-0.3;3.7;0.8;
14-15;BRK;C;72;2100;22.7;.558;.010;.278;11.5;17.1;14.3;4.5;1.1;4.8;8.6;26.3;4.7;2.2;7.0;.159;1.8;-0.7;1.2;1.6;
15-16;BRK;C;73;2457;21.7;.562;.012;.348;9.2;17.2;13.1;10.8;1.2;4.1;11.6;27.3;4.5;1.7;6.2;.121;1.9;-0.5;1.3;2.1;
16-17;BRK;C;75;2222;20.4;.578;.330;.311;5.8;13.3;9.6;14.8;0.8;4.2;12.1;29.2;3.1;1.8;4.9;.105;2.9;-0.6;2.3;2.4;
17-18;LAL;C;74;1735;16.5;.557;.410;.199;4.6;13.4;9.0;11.6;0.8;4.6;10.2;23.5;1.9;1.9;3.8;.105;0.7;0.2;0.9;1.3;
18-19;MIL;C;81;2322;14.6;.597;.651;.169;1.5;15.0;8.7;5.7;1.0;6.5;8.9;16.7;2.3;4.3;6.7;.138;0.4;1.8;2.2;2.4;
19-20;MIL;C;68;1817;15.0;.551;.484;.227;3.4;13.0;8.5;7.4;1.2;7.9;8.7;18.3;1.4;4.1;5.5;.145;-0.4;2.5;2.0;1.9;
20-21;MIL;C;70;1902;15.4;.611;.439;.222;6.0;13.0;9.6;3.5;1.0;4.8;8.3;16.9;3.1;2.2;5.3;.133;0.9;
21-22;MIL;C;13;298;16.0;.570;.405;.176;6.9;11.9;9.4;3.0;1.3;4.8;7.8;21.9;0.3;0.3;0.7;.108;-0.7;-0.7;-1.3;0.1;
Career;;868;26192;19.2;.569;.174;.309;7.6;15.4;11.5;8.3;1.0;4.7;10.6;23.8;42.8;28.6;71.5;.131;1.3;1.3;21.7;
Playoffs Advanced
12-13;BRK;C;7;263;25.2;.548;.008;.358;12.9;10.7;11.8;7.3;1.2;5.8;10.1;28.4;0.7;0.3;1.0;.189;3.6;3.6;0.4;
14-15;BRK;C;6;234;21.0;.569;.460;9.2;15.8;12.5;3.8;0.9;4.9;5.4;21.6;0.7;0.2;0.9;.182;2.5;-0.2;2.4;0.3;
18-19;MIL;C;15;438;13.9;.572;.560;.216;2.9;15.5;9.4;7.1;0.7;5.8;6.4;15.3;0.6;0.8;1.4;.153;2.4;2.4;0.5;
19-20;MIL;C;10;328;17.1;.643;.465;.175;6.1;12.0;9.0;2.4;1.5;4.3;8.9;17.7;0.6;0.5;1.0;.149;1.8;1.4;3.2;0.4;
20-21;MIL;C;<strong>23</strong>;667;16.9;.632;.332;.198;7.6;14.3;10.9;1.3;1.3;4.7;9.6;16.8;1.1;1.3;2.4;.170;0.6;1.5;2.1;0.7;
21-22;MIL;C;5;144;15.1;.597;.300;.240;5.3;9.7;7.7;4.1;0.7;5.0;8.3;18.1;0.2;0.4;0.6;.203;-0.4;2.2;1.8;0.1;
Career;;66;2074;17.7;.597;.298;.259;7.1;13.5;10.3;3.9;1.1;5.0;8.4;18.7;3.8;3.6;7.3;.169;1.2;1.3;2.5;2.3;
