Cameron Bairstow;Center and Power Forward;Right;1990-12-07;;6-9;250;Australian Institute of Sport in Canberra, Australia
    
  </p>


  

  
<p>
  <strong>
  Draft:
  </strong>Chicago Bulls;;;;-1;;
Per Game
14-15;CHI;PF;18;1;3.6;0.2;0.8;.214;0.2;0.8;.214;.214;0.2;0.3;.800;0.3;0.1;0.4;0.1;0.1;0.1;0.2;0.4;0.6;
15-16;CHI;C;18;2;5.7;0.7;2.2;.325;0.1;0.3;.200;0.7;1.9;.343;.338;0.4;0.4;.875;0.2;1.3;1.6;0.3;0.1;0.2;0.2;1.1;1.9;
Career;;36;3;4.6;0.4;1.5;.296;0.1;.200;0.4;1.4;.306;.306;0.3;0.4;.846;0.3;0.7;1.0;0.2;0.1;0.1;0.2;0.8;1.2;
Totals
14-15;CHI;PF;18;1;64;3;14;.214;3;14;.214;.214;4;5;.800;6;2;8;1;2;1;3;8;10;
15-16;CHI;C;18;2;103;13;40;.325;1;5;.200;12;35;.343;.338;7;8;.875;4;24;28;6;2;3;4;19;34;
Career;;36;3;167;16;54;.296;1;5;.200;15;49;.306;.306;11;13;.846;10;26;36;7;4;4;7;27;44;
Advanced
14-15;CHI;PF;18;64;2.1;.309;.357;10.5;3.3;6.8;2.2;1.6;1.1;15.6;13.5;-0.1;-0.1;-0.048;-7.0;-2.0;-9.0;-0.1;
15-16;CHI;C;18;103;6.8;.391;.125;.200;4.2;24.0;14.3;8.7;1.0;2.1;8.4;20.3;-0.1;0.1;-0.004;-6.7;-0.9;-7.5;-0.1;
Career;;36;167;5.0;.368;.093;.241;6.6;16.1;11.4;6.2;1.2;1.7;10.5;17.7;-0.3;0.2;-0.1;-0.021;-6.8;-1.3;-8.1;-0.3;
