Carl Landry;Power Forward;Right;1983-09-19;;6-9;248;Vincent in Milwaukee,Wisconsin;;;;-1;;
Per Game
07-08;HOU;PF;42;16.9;3.2;5.2;.616;3.2;5.2;.619;.616;1.7;2.6;.661;2.3;2.6;4.9;0.5;0.4;0.2;0.6;2.3;8.1;
08-09;HOU;PF;69;21.3;3.5;6.1;.574;.333;3.5;6.0;.576;.575;2.3;2.8;.813;1.8;3.2;5.0;0.6;0.4;0.4;1.0;2.4;9.2;
09-10;TOT;PF;80;29;30.9;6.2;11.6;.536;.333;6.2;11.6;.537;.537;4.3;5.3;.806;2.4;3.5;5.9;0.8;0.7;0.8;1.7;2.9;16.8;
09-10;HOU;PF;52;1;27.2;5.8;10.6;.547;5.8;10.6;.547;.547;4.5;5.4;.839;2.3;3.2;5.5;0.8;0.5;0.9;1.7;2.8;16.1;
09-10;SAC;PF;28;28;37.6;7.0;13.5;.520;0.1;.333;7.0;13.4;.521;.521;3.9;5.3;.741;2.4;4.1;6.5;0.9;1.0;0.6;1.8;3.1;18.0;
10-11;TOT;PF;76;26;26.4;4.5;9.0;.502;0.1;4.5;9.0;.505;.502;2.8;3.8;.740;2.2;2.4;4.6;0.8;0.5;0.4;1.4;2.6;11.9;
10-11;SAC;PF;53;16;26.5;4.5;9.1;.492;0.1;4.5;9.1;.495;.492;2.9;4.1;.721;2.4;2.4;4.8;0.9;0.6;0.4;1.5;2.4;11.9;
10-11;NOH;PF;23;10;26.2;4.7;8.8;.527;4.7;8.8;.530;.527;2.5;3.2;.795;1.7;2.4;4.1;0.6;0.4;0.5;1.2;3.1;11.8;
11-12;NOH;PF;41;8;24.4;4.4;8.8;.503;0.1;4.4;8.8;.507;.503;3.6;4.5;.799;1.9;3.3;5.2;0.9;0.3;0.3;1.6;2.2;12.5;
12-13;GSW;PF;81;2;23.2;4.0;7.4;.540;.333;4.0;7.4;.541;.541;2.8;3.4;.817;2.2;3.7;6.0;0.8;0.4;0.4;1.4;2.3;10.8;
13-14;SAC;PF;18;1;12.9;1.7;3.3;.517;1.7;3.3;.517;.517;0.8;0.9;.824;0.8;2.3;3.2;0.3;0.2;0.1;0.5;1.9;4.2;
14-15;SAC;PF;70;15;17.0;2.7;5.3;.515;2.7;5.3;.515;.515;1.8;2.1;.820;1.4;2.4;3.8;0.4;0.2;0.2;0.8;1.9;7.2;
15-16;PHI;PF;36;12;15.8;3.9;6.9;.556;0.2;0.4;.462;3.7;6.6;.561;.568;1.9;2.5;.736;1.4;2.7;4.1;0.9;0.3;0.3;0.6;1.9;9.8;
Career;;513;93;22.5;4.1;7.6;.535;0.1;.300;4.0;7.5;.537;.536;2.7;3.4;.785;1.9;3.0;4.9;0.7;0.4;0.4;1.2;2.4;10.8;
Playoffs Per Game
07-08;HOU;PF;6;17.7;1.8;4.3;.423;1.8;4.3;.423;.423;2.0;2.7;.750;2.5;2.2;4.7;1.2;0.5;0.3;1.3;5.7;
08-09;HOU;PF;13;18.5;3.0;5.4;.557;0.2;3.0;5.2;.574;.557;1.5;2.5;.576;1.2;2.7;3.9;0.2;0.3;0.4;1.1;2.1;7.5;
10-11;NOH;PF;6;6;35.5;5.2;11.3;.456;5.2;11.3;.456;.456;5.5;6.0;.917;1.8;3.2;5.0;1.0;0.7;0.5;2.0;4.2;15.8;
12-13;GSW;PF;12;3;20.5;4.3;8.3;.520;4.3;8.3;.520;.520;3.2;4.3;.731;1.8;3.3;5.2;1.4;0.6;0.2;1.6;2.4;11.8;
Career;;37;9;21.8;3.6;7.1;.504;0.1;3.6;7.1;.508;.504;2.8;3.7;.745;1.7;2.9;4.6;0.7;0.6;0.4;1.3;2.4;9.9;
Totals
07-08;HOU;PF;42;711;135;219;.616;1;135;218;.619;.616;72;109;.661;96;111;207;21;17;7;26;98;342;
08-09;HOU;PF;69;1467;240;418;.574;1;3;.333;239;415;.576;.575;157;193;.813;124;219;343;39;26;31;68;166;638;
09-10;TOT;PF;80;29;2469;499;931;.536;1;3;.333;498;928;.537;.537;344;427;.806;188;280;468;66;55;63;136;234;1343;
09-10;HOU;PF;52;1;1415;302;552;.547;302;552;.547;.547;235;280;.839;122;164;286;40;28;46;86;146;839;
09-10;SAC;PF;28;28;1054;197;379;.520;1;3;.333;196;376;.521;.521;109;147;.741;66;116;182;26;27;17;50;88;504;
10-11;TOT;PF;76;26;2008;345;687;.502;4;345;683;.505;.502;213;288;.740;165;182;347;63;40;32;109;196;903;
10-11;SAC;PF;53;16;1406;238;484;.492;3;238;481;.495;.492;155;215;.721;127;126;253;50;30;20;82;125;631;
10-11;NOH;PF;23;10;602;107;203;.527;1;107;202;.530;.527;58;73;.795;38;56;94;13;10;12;27;71;272;
11-12;NOH;PF;41;8;999;182;362;.503;3;182;359;.507;.503;147;184;.799;78;136;214;38;13;12;64;89;511;
12-13;GSW;PF;81;2;1876;325;602;.540;1;3;.333;324;599;.541;.541;223;273;.817;180;303;483;65;35;31;115;190;874;
13-14;SAC;PF;18;1;233;31;60;.517;31;60;.517;.517;14;17;.824;15;42;57;5;3;1;9;34;76;
14-15;SAC;PF;70;15;1192;190;369;.515;190;369;.515;.515;123;150;.820;99;169;268;26;15;17;54;132;503;
15-16;PHI;PF;36;12;569;139;250;.556;6;13;.462;133;237;.561;.568;67;91;.736;49;97;146;32;12;9;22;69;351;
Career;;513;93;11524;2086;3898;.535;9;30;.300;2077;3868;.537;.536;1360;1732;.785;994;1539;2533;355;216;203;603;1208;5541;
Playoffs Totals
07-08;HOU;PF;6;106;11;26;.423;11;26;.423;.423;12;16;.750;15;13;28;7;3;2;8;34;
08-09;HOU;PF;13;240;39;70;.557;2;39;68;.574;.557;19;33;.576;16;35;51;3;4;5;14;27;97;
10-11;NOH;PF;6;6;213;31;68;.456;31;68;.456;.456;33;36;.917;11;19;30;6;4;3;12;25;95;
12-13;GSW;PF;12;3;246;52;100;.520;52;100;.520;.520;38;52;.731;22;40;62;17;7;2;19;29;142;
Career;;37;9;805;133;264;.504;2;133;262;.508;.504;102;137;.745;64;107;171;26;22;13;47;89;368;
Advanced
07-08;HOU;PF;42;711;21.4;.641;.005;.498;15.5;17.3;16.4;5.2;1.3;0.7;8.9;18.8;2.5;1.2;3.7;.251;1.6;-0.1;1.5;0.6;
08-09;HOU;PF;69;1467;17.7;.634;.007;.462;10.3;16.7;13.6;4.6;0.9;1.5;11.9;18.1;3.7;2.2;5.9;.193;0.3;0.4;0.7;1.0;
09-10;TOT;PF;80;2469;19.0;.600;.003;.459;8.5;13.4;10.9;4.6;1.1;1.9;10.8;22.5;5.8;1.9;7.7;.150;1.2;-0.4;0.8;1.7;
09-10;HOU;PF;52;1415;21.1;.621;.507;9.5;13.8;11.6;5.0;1.0;2.4;11.3;23.8;4.1;1.3;5.4;.184;2.0;-0.1;1.9;1.4;
09-10;SAC;PF;28;1054;16.0;.568;.008;.388;7.1;12.8;9.9;4.1;1.3;1.2;10.1;20.7;1.6;0.6;2.3;.105;0.1;-0.8;-0.8;0.3;
10-11;TOT;PF;76;2008;14.8;.555;.006;.419;9.3;10.8;10.0;5.2;1.0;1.2;11.8;20.5;2.8;1.3;4.1;.098;-0.5;-1.3;-1.9;0.1;
10-11;SAC;PF;53;1406;14.7;.545;.006;.444;10.0;10.5;10.2;5.7;1.1;1.0;12.4;20.3;1.8;0.7;2.5;.086;-0.4;-1.4;-1.8;0.1;
10-11;NOH;PF;23;602;15.2;.578;.005;.360;7.6;11.4;9.5;3.8;0.9;1.7;10.3;20.8;1.0;0.6;1.6;.125;-0.8;-1.2;-2.1;
11-12;NOH;PF;41;999;18.2;.577;.008;.508;9.4;15.9;12.8;7.1;0.7;1.0;12.6;24.0;2.2;0.7;2.9;.139;1.3;-1.5;-0.2;0.4;
12-13;GSW;PF;81;1876;17.5;.605;.005;.453;10.9;17.3;14.2;5.6;0.9;1.3;13.7;20.0;4.3;1.9;6.2;.159;0.5;-0.7;-0.2;0.8;
13-14;SAC;PF;18;233;11.2;.563;.283;7.2;20.6;13.8;3.4;0.7;0.3;11.8;14.5;0.3;0.1;0.4;.088;-2.4;-0.7;-3.1;-0.1;
14-15;SAC;PF;70;1192;14.9;.578;.407;9.8;15.5;12.8;3.6;0.6;1.1;11.0;18.1;2.3;0.5;2.8;.112;-0.5;-1.7;-2.3;-0.1;
15-16;PHI;PF;36;569;22.4;.605;.052;.364;9.1;19.2;14.0;11.1;1.0;1.2;7.1;24.0;1.8;0.3;2.1;.176;2.6;-1.4;1.2;0.5;
Career;;513;11524;17.5;.595;.008;.444;9.9;15.1;12.5;5.3;1.0;1.3;11.5;20.5;25.7;10.2;35.9;.149;0.5;-0.8;-0.3;5.0;
Playoffs Advanced
07-08;HOU;PF;6;106;19.7;.515;.615;15.6;14.1;14.8;3.7;2.2;5.7;15.7;0.2;0.2;0.4;.182;1.6;1.4;3.0;0.1;
08-09;HOU;PF;13;240;14.4;.574;.029;.471;8.2;16.7;12.6;2.3;0.9;1.6;14.2;19.7;0.2;0.3;0.5;.095;-1.7;0.3;-1.4;
10-11;NOH;PF;6;213;14.4;.567;.529;6.9;11.2;9.1;5.2;1.1;1.1;12.5;22.5;0.3;0.3;.066;-0.4;-0.8;-1.2;
12-13;GSW;PF;12;246;21.3;.578;.520;10.5;17.4;14.1;11.9;1.5;0.6;13.4;25.7;0.6;0.2;0.9;.168;1.5;0.7;2.2;0.3;
Career;;37;805;17.2;.567;.008;.519;9.5;15.1;12.4;5.7;1.5;1.3;12.7;21.8;1.4;0.7;2.0;.121;0.1;0.3;0.4;0.5;
