Carlos Boozer;Power Forward and Center;Right;1981-11-20;;6-9;258;Juneau-Douglas in Juneau,Alaska;;;;-1;;
Per Game
02-03;CLE;PF;81;54;25.3;4.1;7.6;.536;4.1;7.6;.536;.536;1.8;2.4;.771;2.5;5.0;7.5;1.3;0.7;0.6;1.3;2.8;10.0;
03-04;CLE;PF;75;75;34.6;6.3;12.0;.523;0.1;.167;6.3;11.9;.526;.524;2.9;3.8;.768;3.1;8.4;11.4;2.0;1.0;0.7;1.8;2.7;15.5;
04-05;UTA;PF;51;51;34.7;7.1;13.6;.521;7.1;13.6;.522;.521;3.7;5.3;.698;2.8;6.2;9.0;2.8;0.8;0.5;2.7;3.5;17.8;
05-06;UTA;PF;33;19;31.1;6.6;12.1;.549;6.6;12.1;.549;.549;3.0;4.2;.723;2.2;6.4;8.6;2.7;0.9;0.2;2.1;3.2;16.3;
06-07;UTA;PF;74;74;34.6;8.7;15.6;.561;8.7;15.6;.561;.561;3.4;5.0;.685;3.2;8.5;11.7;3.0;0.9;0.3;2.6;2.9;20.9;
07-08;UTA;PF;81;81;34.9;8.8;16.0;.547;8.8;16.0;.547;.547;3.6;4.9;.738;2.4;8.0;10.4;2.9;1.2;0.5;2.6;3.6;21.1;
08-09;UTA;PF;37;37;32.4;6.8;13.8;.490;6.8;13.8;.490;.490;2.6;3.8;.698;3.0;7.4;10.4;2.1;1.1;0.2;2.1;3.6;16.2;
09-10;UTA;PF;78;78;34.3;7.9;14.1;.562;7.9;14.1;.562;.562;3.7;4.9;.742;2.3;8.9;11.2;3.2;1.1;0.5;2.7;3.5;19.5;
10-11;CHI;C;59;59;31.9;7.3;14.3;.510;7.3;14.3;.510;.510;2.9;4.1;.701;2.2;7.4;9.6;2.5;0.8;0.3;2.5;3.2;17.5;
11-12;CHI;PF;<strong>66</strong>;66;29.5;6.8;12.8;.532;6.8;12.7;.533;.532;1.4;2.1;.693;1.7;6.8;8.5;1.9;1.0;0.4;1.7;2.5;15.0;
12-13;CHI;PF;79;79;32.2;6.9;14.4;.477;6.9;14.4;.478;.477;2.4;3.3;.731;2.2;7.5;9.8;2.3;0.8;0.4;2.2;3.0;16.2;
13-14;CHI;PF;76;76;28.2;5.9;12.9;.456;5.9;12.9;.457;.456;1.9;2.5;.767;1.8;6.5;8.3;1.6;0.7;0.3;2.0;2.8;13.7;
14-15;LAL;PF;71;26;23.8;5.2;10.5;.499;5.2;10.5;.499;.499;1.3;2.1;.627;1.6;5.2;6.8;1.3;0.6;0.2;1.3;2.6;11.8;
Career;;861;775;31.2;6.8;13.0;.521;.071;6.8;13.0;.522;.521;2.6;3.7;.722;2.4;7.1;9.5;2.2;0.9;0.4;2.1;3.0;16.2;
Playoffs Per Game
06-07;UTA;PF;17;17;38.5;9.5;17.8;.536;9.5;17.8;.536;.536;4.5;6.1;.738;3.2;9.0;12.2;2.9;1.0;0.3;3.0;3.1;23.5;
07-08;UTA;PF;12;12;36.8;6.3;15.3;.415;6.3;15.3;.415;.415;3.3;4.7;.714;3.5;8.8;12.3;2.8;0.5;0.2;3.0;3.9;16.0;
08-09;UTA;PF;5;5;37.2;7.6;14.4;.528;7.6;14.4;.528;.528;5.4;7.0;.771;2.4;10.8;13.2;2.2;1.6;0.4;3.0;3.6;20.6;
09-10;UTA;PF;10;10;40.2;8.9;16.8;.530;8.9;16.8;.530;.530;1.9;3.5;.543;3.3;9.9;<strong>13.2</strong>;3.0;0.4;0.7;2.4;3.8;19.7;
10-11;CHI;C;16;16;31.7;4.8;11.1;.433;0.1;4.8;11.1;.435;.433;3.0;3.8;.800;2.5;7.2;9.7;1.8;0.6;0.4;1.8;3.1;12.6;
11-12;CHI;PF;6;6;33.3;6.3;15.0;.422;6.3;15.0;.422;.422;0.8;1.2;.714;1.7;8.2;9.8;3.0;0.8;0.3;3.8;3.3;13.5;
12-13;CHI;PF;12;12;35.9;6.9;14.0;.494;0.1;6.9;13.9;.497;.494;2.6;3.8;.689;2.9;6.7;9.6;1.5;0.8;0.1;2.4;3.0;16.4;
13-14;CHI;PF;5;5;24.2;4.0;9.4;.426;4.0;9.4;.426;.426;1.6;1.8;.889;1.6;6.2;7.8;1.0;0.2;1.4;2.6;9.6;
Career;;83;83;35.4;7.0;14.6;.483;7.0;14.5;.483;.483;3.1;4.2;.726;2.8;8.3;11.1;2.3;0.7;0.3;2.6;3.3;17.1;
Totals
02-03;CLE;PF;81;54;2049;331;618;.536;1;331;617;.536;.536;148;192;.771;202;407;609;106;59;50;103;224;810;
03-04;CLE;PF;75;75;2592;471;900;.523;1;6;.167;470;894;.526;.524;219;285;.768;230;627;857;148;74;55;134;199;1162;
04-05;UTA;PF;51;51;1772;361;693;.521;1;361;692;.522;.521;187;268;.698;141;316;457;144;41;24;137;179;909;
05-06;UTA;PF;33;19;1025;219;399;.549;219;399;.549;.549;99;137;.723;73;212;285;88;30;8;69;105;537;
06-07;UTA;PF;74;74;2557;647;1154;.561;647;1154;.561;.561;255;372;.685;235;632;867;221;70;21;194;217;1549;
07-08;UTA;PF;81;81;2827;709;1297;.547;1;709;1296;.547;.547;290;393;.738;197;647;844;233;100;41;210;293;1708;
08-09;UTA;PF;37;37;1197;251;512;.490;251;512;.490;.490;97;139;.698;111;274;385;79;39;7;79;132;599;
09-10;UTA;PF;78;78;2673;617;1098;.562;617;1098;.562;.562;285;384;.742;181;693;874;247;84;36;212;270;1519;
10-11;CHI;C;59;59;1882;431;845;.510;431;845;.510;.510;171;244;.701;130;435;565;145;45;18;149;186;1033;
11-12;CHI;PF;<strong>66</strong>;66;1948;448;842;.532;1;448;841;.533;.532;95;137;.693;114;450;564;125;63;24;115;168;991;
12-13;CHI;PF;79;79;2546;544;1140;.477;2;544;1138;.478;.477;193;264;.731;175;596;771;179;66;28;176;239;1281;
13-14;CHI;PF;76;76;2141;447;980;.456;2;447;978;.457;.456;148;193;.767;137;495;632;118;53;22;154;216;1042;
14-15;LAL;PF;71;26;1692;371;743;.499;371;743;.499;.499;94;150;.627;111;371;482;95;41;12;92;184;836;
Career;;861;775;26901;5847;11221;.521;1;14;.071;5846;11207;.522;.521;2281;3158;.722;2037;6155;8192;1928;765;346;1824;2612;13976;
Playoffs Totals
06-07;UTA;PF;17;17;654;162;302;.536;162;302;.536;.536;76;103;.738;54;153;207;50;17;5;51;52;400;
07-08;UTA;PF;12;12;441;76;183;.415;76;183;.415;.415;40;56;.714;42;105;147;34;6;2;36;47;192;
08-09;UTA;PF;5;5;186;38;72;.528;38;72;.528;.528;27;35;.771;12;54;66;11;8;2;15;18;103;
09-10;UTA;PF;10;10;402;89;168;.530;89;168;.530;.530;19;35;.543;33;99;132;30;4;7;24;38;197;
10-11;CHI;C;16;16;507;77;178;.433;1;77;177;.435;.433;48;60;.800;40;115;155;28;9;7;28;49;202;
11-12;CHI;PF;6;6;200;38;90;.422;38;90;.422;.422;5;7;.714;10;49;59;18;5;2;23;20;81;
12-13;CHI;PF;12;12;431;83;168;.494;1;83;167;.497;.494;31;45;.689;35;80;115;18;10;1;29;36;197;
13-14;CHI;PF;5;5;121;20;47;.426;20;47;.426;.426;8;9;.889;8;31;39;5;1;7;13;48;
Career;;83;83;2942;583;1208;.483;2;583;1206;.483;.483;254;350;.726;234;686;920;194;60;26;213;273;1420;
Advanced
02-03;CLE;PF;81;2049;17.9;.577;.002;.311;10.8;22.7;16.6;9.3;1.5;1.7;12.8;17.1;4.2;1.8;5.9;.139;0.6;-0.6;1.0;
03-04;CLE;PF;75;2592;20.8;.567;.007;.317;9.8;26.8;18.3;10.3;1.5;1.5;11.6;20.0;6.1;3.4;9.4;.174;2.4;-0.2;2.1;2.7;
04-05;UTA;PF;51;1772;19.2;.560;.001;.387;9.6;22.7;16.0;15.9;1.3;1.1;14.5;24.6;2.7;1.4;4.1;.111;2.1;-0.7;1.4;1.5;
05-06;UTA;PF;33;1025;21.4;.585;.343;8.6;25.3;16.9;18.0;1.6;0.6;13.1;23.9;2.2;1.3;3.5;.162;2.4;-0.3;2.1;1.1;
06-07;UTA;PF;74;2557;24.1;.588;.322;11.2;29.9;20.6;16.6;1.4;0.7;12.8;26.5;6.5;3.4;9.9;.185;4.4;0.2;4.6;4.3;
07-08;UTA;PF;81;2827;21.9;.581;.001;.303;8.6;27.7;18.2;14.2;1.8;1.2;12.5;26.6;5.9;4.3;10.2;.173;2.5;0.3;2.8;3.5;
08-09;UTA;PF;37;1197;17.2;.523;.271;11.1;27.3;19.2;11.4;1.7;0.5;12.1;24.4;0.9;1.7;2.6;.105;-0.5;-0.6;0.4;
09-10;UTA;PF;78;2673;21.3;.599;.350;8.2;29.9;19.4;15.8;1.6;1.1;14.3;24.8;5.3;4.6;9.9;.178;2.4;1.1;3.4;3.7;
10-11;CHI;C;59;1882;18.8;.542;.289;8.3;26.3;17.6;14.3;1.3;0.7;13.5;26.9;1.9;3.9;5.8;.149;0.2;0.8;1.0;1.4;
11-12;CHI;PF;<strong>66</strong>;1948;19.7;.549;.001;.163;6.7;25.3;16.1;11.8;1.7;0.9;11.3;23.8;3.3;4.3;7.6;.187;1.1;1.6;2.7;2.3;
12-13;CHI;PF;79;2546;17.1;.510;.002;.232;7.8;27.2;17.4;13.4;1.4;0.8;12.3;25.8;1.4;4.3;5.7;.108;-0.3;0.2;-0.1;1.2;
13-14;CHI;PF;76;2141;14.4;.489;.002;.197;7.4;25.9;16.8;10.9;1.3;0.8;12.6;26.3;-0.9;4.3;3.4;.076;-2.3;0.2;-2.1;-0.1;
14-15;LAL;PF;71;1692;16.4;.517;.202;7.0;25.2;15.7;10.3;1.2;0.6;10.2;23.7;1.2;1.0;2.2;.062;-0.5;-1.2;-1.7;0.1;
Career;;861;26901;19.5;.554;.001;.281;8.8;26.6;17.7;13.2;1.5;1.0;12.6;24.3;40.6;39.7;80.3;.143;1.3;0.1;1.4;23.1;
Playoffs Advanced
06-07;UTA;PF;17;654;24.2;.576;.341;9.6;27.6;18.6;15.1;1.4;0.7;12.8;27.3;1.7;0.8;2.5;.181;4.7;0.4;5.1;1.2;
07-08;UTA;PF;12;441;13.8;.462;.306;10.6;28.5;19.2;13.3;0.7;0.4;14.8;25.1;-0.1;0.4;0.3;.029;-0.5;-1.4;-1.9;
08-09;UTA;PF;5;186;20.4;.589;.486;7.1;34.8;20.4;11.3;2.2;0.9;14.6;24.3;0.3;0.2;0.4;.114;1.6;1.3;2.9;0.2;
09-10;UTA;PF;10;402;17.6;.537;.208;9.6;29.3;19.3;13.0;0.5;1.4;11.6;23.0;0.4;0.2;0.6;.070;1.1;-1.4;-0.2;0.2;
10-11;CHI;C;16;507;15.2;.494;.006;.337;9.2;27.6;18.2;10.0;1.0;1.1;12.0;21.2;0.4;0.9;1.3;.126;-0.4;0.2;-0.3;0.2;
11-12;CHI;PF;6;200;9.8;.435;.078;5.6;26.0;16.1;17.4;1.4;0.7;19.8;27.0;-0.5;0.4;-0.1;-0.032;-2.9;0.7;-2.2;
12-13;CHI;PF;12;431;16.7;.524;.006;.268;9.7;23.5;16.4;8.1;1.3;0.2;13.4;23.8;0.4;0.2;0.6;.063;0.3;-0.7;-0.4;0.2;
13-14;CHI;PF;5;121;11.7;.471;.191;7.4;30.6;18.6;8.1;0.5;12.1;23.0;-0.1;0.2;0.1;.035;-2.7;-0.7;-3.4;
Career;;83;2942;17.4;.521;.002;.290;9.2;27.8;18.3;12.3;1.1;0.7;13.5;24.4;2.5;3.1;5.6;.092;0.9;-0.3;0.6;1.9;
