Carmelo Anthony;Small Forward and Power Forward;Right;1984-05-29;;6-7;238;;;;;-1;;
Per Game
03-04;DEN;SF;82;82;36.5;7.6;17.9;.426;0.8;2.6;.322;6.8;15.3;.444;.449;5.0;6.4;.777;2.2;3.8;6.1;2.8;1.2;0.5;3.0;2.7;21.0;
04-05;DEN;SF;75;75;34.8;7.1;16.4;.431;0.6;2.1;.266;6.5;14.3;.455;.448;6.1;7.6;.796;1.9;3.8;5.7;2.6;0.9;0.4;3.0;3.1;20.8;
05-06;DEN;SF;80;80;36.8;9.5;19.7;.481;0.5;1.9;.243;9.0;17.8;.506;.493;7.2;8.9;.808;1.5;3.4;4.9;2.7;1.1;0.5;2.7;2.9;26.5;
06-07;DEN;SF;65;65;38.2;10.6;22.4;.476;0.6;2.3;.268;10.0;20.1;.499;.489;7.1;8.7;.808;2.2;3.8;6.0;3.8;1.2;0.4;3.6;3.1;28.9;
07-08;DEN;SF;77;77;36.4;9.5;19.2;.492;0.8;2.1;.354;8.7;17.1;.509;.511;6.0;7.7;.786;2.3;5.1;7.4;3.4;1.3;0.5;3.3;3.3;25.7;
08-09;DEN;SF;66;66;34.5;8.1;18.3;.443;1.0;2.6;.371;7.2;15.7;.455;.469;5.6;7.1;.793;1.6;5.2;6.8;3.4;1.1;0.4;3.0;3.0;22.8;
09-10;DEN;SF;69;69;38.2;10.0;21.8;.458;0.9;2.7;.316;9.1;19.1;.478;.478;7.4;8.9;.830;2.2;4.4;6.6;3.2;1.3;0.4;3.0;3.3;28.2;
10-11;TOT;SF;77;77;35.7;8.9;19.5;.455;1.2;3.3;.378;7.6;16.3;.470;.487;6.6;7.9;.838;1.5;5.8;7.3;2.9;0.9;0.6;2.7;2.9;25.6;
10-11;DEN;SF;50;50;35.5;8.7;19.3;.452;0.8;2.5;.333;7.9;16.8;.470;.474;6.9;8.3;.823;1.5;6.1;7.6;2.8;0.9;0.6;2.8;2.7;25.2;
10-11;NYK;SF;27;27;36.2;9.1;19.9;.461;2.0;4.6;.424;7.2;15.2;.472;.510;6.1;7.0;.872;1.5;5.2;6.7;3.0;0.9;0.6;2.4;3.3;26.3;
11-12;NYK;SF;55;55;34.1;8.0;18.6;.430;1.2;3.7;.335;6.8;14.9;.454;.463;5.4;6.7;.804;1.6;4.7;6.3;3.6;1.1;0.4;2.6;2.8;22.6;
12-13;NYK;PF;67;67;37.0;10.0;22.2;.449;2.3;6.2;.379;7.6;16.0;.476;.502;6.3;7.6;.830;2.0;4.9;6.9;2.6;0.8;0.5;2.6;3.1;<strong>28.7</strong>;
13-14;NYK;PF;77;77;<strong>38.7</strong>;9.6;21.3;.452;2.2;5.4;.402;7.5;15.9;.469;.503;6.0;7.0;.848;1.9;6.2;8.1;3.1;1.2;0.7;2.6;2.9;27.4;
14-15;NYK;SF;40;40;35.7;9.0;20.2;.444;1.5;4.5;.341;7.4;15.7;.474;.482;4.7;5.9;.797;1.8;4.8;6.6;3.1;1.0;0.4;2.2;2.2;24.2;
15-16;NYK;SF;72;72;35.1;7.9;18.2;.434;1.5;4.3;.339;6.4;13.8;.463;.474;4.6;5.6;.829;1.4;6.4;7.7;4.2;0.9;0.5;2.4;2.5;21.8;
16-17;NYK;SF;74;74;34.3;8.1;18.8;.433;2.0;5.7;.359;6.1;13.1;.466;.488;4.1;4.9;.833;0.8;5.1;5.9;2.9;0.8;0.5;2.1;2.7;22.4;
17-18;OKC;PF;78;78;32.1;6.1;15.0;.404;2.2;6.1;.357;3.9;8.9;.437;.476;1.9;2.5;.767;0.9;4.9;5.8;1.3;0.6;0.6;1.3;2.5;16.2;
18-19;HOU;PF;10;2;29.4;4.9;12.1;.405;2.1;6.4;.328;2.8;5.7;.491;.492;1.5;2.2;.682;0.9;4.5;5.4;0.5;0.4;0.7;0.8;3.2;13.4;
19-20;POR;PF;58;58;32.8;5.8;13.5;.430;1.5;3.9;.385;4.3;9.6;.448;.485;2.3;2.8;.845;1.2;5.1;6.3;1.5;0.8;0.5;1.7;2.9;15.4;
20-21;POR;PF;69;3;24.5;4.7;11.3;.421;1.9;4.7;.409;2.8;6.6;.429;.506;2.0;2.2;.890;0.5;2.6;3.1;1.5;0.7;0.6;0.9;2.1;13.4;
21-22;LAL;PF;69;3;26.0;4.6;10.5;.441;2.2;5.8;.375;2.5;4.7;.521;.544;1.9;2.3;.830;0.9;3.3;4.2;1.0;0.7;0.8;0.9;2.4;13.3;
Career;;1260;1120;34.5;8.0;18.0;.447;1.4;3.9;.355;6.7;14.1;.472;.485;5.0;6.2;.814;1.6;4.6;6.2;2.7;1.0;0.5;2.4;2.8;22.5;
Playoffs Per Game
03-04;DEN;SF;4;4;35.8;5.3;16.0;.328;0.5;2.8;.182;4.8;13.3;.358;.344;4.0;5.0;.800;1.8;6.5;8.3;2.8;1.3;4.3;2.8;15.0;
04-05;DEN;SF;5;5;36.0;7.0;16.6;.422;0.2;7.0;16.4;.427;.422;5.2;6.4;.813;2.8;2.6;5.4;2.0;0.6;0.2;2.6;4.0;19.2;
05-06;DEN;SF;5;5;38.6;6.6;19.8;.333;0.8;6.6;19.0;.347;.333;7.8;10.4;.750;2.4;4.2;6.6;2.8;0.8;0.2;3.0;4.0;21.0;
06-07;DEN;SF;5;5;42.0;9.4;19.6;.480;1.8;3.6;.500;7.6;16.0;.475;.526;6.2;7.8;.795;3.6;5.0;8.6;1.2;1.0;3.8;2.4;26.8;
07-08;DEN;SF;4;4;36.5;8.0;22.0;.364;0.5;2.0;.250;7.5;20.0;.375;.375;6.0;7.3;.828;4.8;4.8;9.5;2.0;0.5;0.3;3.0;4.3;22.5;
08-09;DEN;SF;16;16;38.3;9.1;20.1;.453;1.5;4.1;.364;7.6;16.0;.477;.491;7.4;9.0;.826;1.6;4.2;5.8;4.1;1.8;0.6;2.3;3.8;27.2;
09-10;DEN;SF;6;6;42.3;10.7;23.0;.464;1.0;3.2;.316;9.7;19.8;.487;.486;8.3;9.5;.877;2.3;6.2;8.5;3.3;2.0;0.5;3.5;4.3;30.7;
10-11;NYK;SF;4;4;39.0;8.3;22.0;.375;2.3;6.5;.346;6.0;15.5;.387;.426;7.3;8.5;.853;3.3;7.0;10.3;4.8;1.3;0.8;3.3;4.0;26.0;
11-12;NYK;SF;5;5;40.8;10.4;24.8;.419;0.8;3.6;.222;9.6;21.2;.453;.435;6.2;8.2;.756;2.6;5.6;8.2;2.2;1.2;0.2;2.8;4.2;27.8;
12-13;NYK;PF;12;12;40.1;10.5;25.8;.406;1.4;4.8;.298;9.1;21.1;.431;.434;6.4;7.3;.885;0.9;5.7;6.6;1.6;1.1;0.2;2.6;3.8;28.8;
17-18;OKC;PF;6;6;32.3;4.5;12.0;.375;1.0;4.7;.214;3.5;7.3;.477;.417;1.8;2.5;.733;0.5;5.2;5.7;0.3;1.7;0.7;1.0;2.3;11.8;
19-20;POR;PF;5;5;35.2;5.6;13.6;.412;1.6;3.8;.421;4.0;9.8;.408;.471;2.4;2.8;.857;0.2;4.8;5.0;2.0;1.0;0.4;2.6;4.0;15.2;
20-21;POR;PF;6;23.8;4.2;10.0;.417;2.3;6.2;.378;1.8;3.8;.478;.533;1.7;1.8;.909;0.3;2.8;3.2;1.5;0.3;0.2;1.2;2.5;12.3;
Career;;83;77;37.3;8.1;19.4;.414;1.2;3.8;.324;6.8;15.7;.436;.446;5.7;6.9;.826;1.8;4.9;6.7;2.5;1.2;0.3;2.6;3.6;23.1;
Totals
03-04;DEN;SF;82;82;2995;624;1465;.426;69;214;.322;555;1251;.444;.449;408;525;.777;183;315;498;227;97;41;247;225;1725;
04-05;DEN;SF;75;75;2608;530;1230;.431;42;158;.266;488;1072;.455;.448;456;573;.796;141;285;426;194;68;30;224;229;1558;
05-06;DEN;SF;80;80;2941;756;1572;.481;37;152;.243;719;1420;.506;.493;573;709;.808;122;272;394;216;88;42;218;229;2122;
06-07;DEN;SF;65;65;2486;691;1453;.476;40;149;.268;651;1304;.499;.489;459;568;.808;143;248;391;249;77;23;234;203;1881;
07-08;DEN;SF;77;77;2806;728;1481;.492;58;164;.354;670;1317;.509;.511;464;590;.786;178;393;571;259;98;39;253;253;1978;
08-09;DEN;SF;66;66;2277;535;1207;.443;63;170;.371;472;1037;.455;.469;371;468;.793;106;344;450;222;75;24;199;195;1504;
09-10;DEN;SF;69;69;2634;688;1502;.458;59;187;.316;629;1315;.478;.478;508;612;.830;152;302;454;222;88;30;209;225;1943;
10-11;TOT;SF;77;77;2751;684;1503;.455;95;251;.378;589;1252;.470;.487;507;605;.838;118;445;563;221;68;46;206;224;1970;
10-11;DEN;SF;50;50;1774;437;967;.452;42;126;.333;395;841;.470;.474;343;417;.823;77;305;382;140;43;31;142;134;1259;
10-11;NYK;SF;27;27;977;247;536;.461;53;125;.424;194;411;.472;.510;164;188;.872;41;140;181;81;25;15;64;90;711;
11-12;NYK;SF;55;55;1876;441;1025;.430;68;203;.335;373;822;.454;.463;295;367;.804;88;256;344;200;62;24;144;156;1245;
12-13;NYK;PF;67;67;2482;669;1489;.449;157;414;.379;512;1075;.476;.502;425;512;.830;134;326;460;171;52;32;175;205;1920;
13-14;NYK;PF;77;77;2982;743;1643;.452;167;415;.402;576;1228;.469;.503;459;541;.848;145;477;622;242;95;51;198;224;2112;
14-15;NYK;SF;40;40;1428;358;806;.444;61;179;.341;297;627;.474;.482;189;237;.797;72;192;264;122;40;17;89;87;966;
15-16;NYK;SF;72;72;2530;567;1307;.434;105;310;.339;462;997;.463;.474;334;403;.829;98;458;556;299;62;38;176;180;1573;
16-17;NYK;SF;74;74;2538;602;1389;.433;151;421;.359;451;968;.466;.488;304;365;.833;62;376;438;213;60;34;153;198;1659;
17-18;OKC;PF;78;78;2501;472;1168;.404;169;474;.357;303;694;.437;.476;148;193;.767;67;386;453;103;47;49;99;197;1261;
18-19;HOU;PF;10;2;294;49;121;.405;21;64;.328;28;57;.491;.492;15;22;.682;9;45;54;5;4;7;8;32;134;
19-20;POR;PF;58;58;1902;336;782;.430;87;226;.385;249;556;.448;.485;136;161;.845;71;297;368;85;49;27;100;171;895;
20-21;POR;PF;69;3;1690;327;777;.421;133;325;.409;194;452;.429;.506;137;154;.890;32;182;214;104;46;38;61;144;924;
21-22;LAL;PF;69;3;1793;319;723;.441;149;397;.375;170;326;.521;.544;132;159;.830;62;226;288;68;47;52;59;166;919;
Career;;1260;1120;43514;10119;22643;.447;1731;4873;.355;8388;17770;.472;.485;6320;7764;.814;1983;5825;7808;3422;1223;644;3052;3543;28289;
Playoffs Totals
03-04;DEN;SF;4;4;143;21;64;.328;2;11;.182;19;53;.358;.344;16;20;.800;7;26;33;11;5;17;11;60;
04-05;DEN;SF;5;5;180;35;83;.422;1;35;82;.427;.422;26;32;.813;14;13;27;10;3;1;13;20;96;
05-06;DEN;SF;5;5;193;33;99;.333;4;33;95;.347;.333;39;52;.750;12;21;33;14;4;1;15;20;105;
06-07;DEN;SF;5;5;210;47;98;.480;9;18;.500;38;80;.475;.526;31;39;.795;18;25;43;6;5;19;12;134;
07-08;DEN;SF;4;4;146;32;88;.364;2;8;.250;30;80;.375;.375;24;29;.828;19;19;38;8;2;1;12;17;90;
08-09;DEN;SF;16;16;612;146;322;.453;24;66;.364;122;256;.477;.491;119;144;.826;26;67;93;65;28;10;37;60;435;
09-10;DEN;SF;6;6;254;64;138;.464;6;19;.316;58;119;.487;.486;50;57;.877;14;37;51;20;12;3;21;26;184;
10-11;NYK;SF;4;4;156;33;88;.375;9;26;.346;24;62;.387;.426;29;34;.853;13;28;41;19;5;3;13;16;104;
11-12;NYK;SF;5;5;204;52;124;.419;4;18;.222;48;106;.453;.435;31;41;.756;13;28;41;11;6;1;14;21;139;
12-13;NYK;PF;12;12;481;126;310;.406;17;57;.298;109;253;.431;.434;77;87;.885;11;68;79;19;13;2;31;46;346;
17-18;OKC;PF;6;6;194;27;72;.375;6;28;.214;21;44;.477;.417;11;15;.733;3;31;34;2;10;4;6;14;71;
19-20;POR;PF;5;5;176;28;68;.412;8;19;.421;20;49;.408;.471;12;14;.857;1;24;25;10;5;2;13;20;76;
20-21;POR;PF;6;143;25;60;.417;14;37;.378;11;23;.478;.533;10;11;.909;2;17;19;9;2;1;7;15;74;
Career;;83;77;3092;669;1614;.414;101;312;.324;568;1302;.436;.446;475;575;.826;153;404;557;204;100;29;218;298;1914;
Advanced
03-04;DEN;SF;82;2995;17.6;.509;.146;.358;6.8;12.1;9.4;13.8;1.7;1.0;12.7;28.5;3.7;2.4;6.1;.098;1.6;-1.6;0.1;1.6;
04-05;DEN;SF;75;2608;16.7;.526;.128;.466;6.3;12.5;9.4;13.1;1.3;0.9;13.1;29.2;2.3;2.6;4.9;.090;0.4;-1.6;-1.2;0.5;
05-06;DEN;SF;80;2941;22.0;.563;.097;.451;4.9;10.7;7.8;14.3;1.5;1.1;10.4;32.0;6.8;2.6;9.4;.153;3.5;-0.9;2.7;3.5;
06-07;DEN;SF;65;2486;22.1;.552;.103;.391;6.6;11.1;8.9;19.2;1.5;0.7;12.1;33.4;5.2;2.1;7.3;.140;3.2;-1.3;1.9;2.5;
07-08;DEN;SF;77;2806;21.1;.568;.111;.398;7.0;14.9;11.0;16.1;1.7;1.0;12.7;30.2;5.2;3.0;8.2;.140;2.5;-0.9;1.6;2.5;
08-09;DEN;SF;66;2277;19.0;.532;.141;.388;5.6;17.0;11.5;18.1;1.7;0.8;12.3;31.5;2.4;2.6;5.0;.105;1.5;-1.0;0.5;1.5;
09-10;DEN;SF;69;2634;22.2;.548;.125;.407;6.7;13.1;9.9;15.9;1.7;0.9;10.6;33.4;5.6;2.4;7.9;.145;3.5;-1.2;2.3;2.9;
10-11;TOT;SF;77;2751;21.7;.557;.167;.403;5.0;18.3;11.8;14.7;1.2;1.3;10.4;32.0;5.4;2.5;7.9;.138;3.2;-1.2;1.9;2.7;
10-11;DEN;SF;50;1774;21.2;.547;.130;.431;5.2;19.3;12.4;14.3;1.2;1.3;11.0;32.5;2.8;1.9;4.7;.127;2.4;-1.0;1.4;1.5;
10-11;NYK;SF;27;977;22.8;.575;.233;.351;4.8;16.5;10.6;15.3;1.3;1.1;9.4;31.0;2.6;0.6;3.2;.157;4.6;-1.7;2.9;1.2;
11-12;NYK;SF;55;1876;21.1;.525;.198;.358;5.4;15.9;10.6;21.0;1.7;1.0;10.8;31.8;3.7;2.6;6.2;.160;3.8;-0.2;3.6;2.7;
12-13;NYK;PF;67;2482;24.8;.560;.278;.344;6.1;15.9;10.8;14.1;1.1;1.1;9.3;<strong>35.6</strong>;7.5;2.0;9.5;.184;6.0;-1.7;4.3;3.9;
13-14;NYK;PF;77;2982;24.4;.561;.253;.329;5.6;19.4;12.3;15.8;1.7;1.5;9.5;32.4;8.1;2.5;10.7;.172;5.8;-0.8;5.0;5.3;
14-15;NYK;SF;40;1428;21.5;.531;.222;.294;5.7;16.0;10.7;18.0;1.5;1.0;8.9;32.2;2.2;0.6;2.9;.097;4.9;-1.9;3.0;1.8;
15-16;NYK;SF;72;2530;20.3;.530;.237;.308;4.3;19.5;12.0;21.9;1.3;1.1;10.6;29.7;3.9;2.5;6.4;.121;3.8;-0.5;3.3;3.4;
16-17;NYK;SF;74;2538;17.9;.535;.303;.263;2.6;16.0;9.3;14.5;1.2;1.1;9.0;29.1;3.2;1.5;4.7;.089;2.3;-1.6;0.7;1.7;
17-18;OKC;PF;78;2501;12.7;.503;.406;.165;2.9;17.7;10.0;6.5;0.9;1.8;7.3;23.2;1.2;2.5;3.7;.071;-0.6;-1.3;-1.9;
18-19;HOU;PF;10;294;10.9;.513;.529;.182;3.3;17.3;10.2;2.6;0.7;2.0;5.8;20.5;0.1;0.2;0.3;.048;-1.3;-1.4;-2.7;-0.1;
19-20;POR;PF;58;1902;12.4;.525;.289;.206;3.9;16.1;10.1;6.4;1.2;1.2;10.5;21.2;0.4;0.9;1.3;.033;-1.8;-1.8;-3.6;-0.8;
20-21;POR;PF;69;1690;14.6;.547;.418;.198;2.0;11.8;6.8;9.2;1.3;2.0;6.7;23.1;1.7;0.8;2.6;.073;0.2;-1.3;-1.1;0.4;
21-22;LAL;PF;69;1793;14.8;.579;.549;.220;3.7;13.5;8.6;5.6;1.3;2.6;6.9;20.4;2.2;1.4;3.6;.097;0.4;-0.8;-0.5;0.7;
Career;;1260;43514;19.5;.543;.215;.343;5.2;15.1;10.1;14.4;1.4;1.2;10.5;29.7;70.8;37.8;108.5;.120;2.5;-1.2;1.3;36.7;
Playoffs Advanced
03-04;DEN;SF;4;143;9.8;.412;.172;.313;5.2;23.0;13.3;12.2;1.8;18.9;27.7;-0.3;0.1;-0.2;-0.060;-3.3;-1.5;-4.8;-0.1;
04-05;DEN;SF;5;180;14.4;.494;.012;.386;8.6;8.9;8.8;11.7;0.9;0.5;11.8;28.5;0.1;0.1;.018;1.4;-1.9;-0.5;0.1;
05-06;DEN;SF;5;193;10.7;.431;.040;.525;6.2;14.4;9.7;14.3;1.1;0.4;11.0;31.2;-0.3;0.3;-0.009;-0.1;-1.4;-1.5;
06-07;DEN;SF;5;210;22.1;.582;.184;.398;10.0;13.5;11.8;6.0;1.3;14.2;29.5;0.5;0.1;0.6;.144;5.8;-0.6;5.2;0.4;
07-08;DEN;SF;4;146;14.9;.447;.091;.330;13.1;14.4;13.7;9.7;0.7;0.5;10.6;32.0;-0.1;-0.1;-0.018;0.8;-3.4;-2.6;
08-09;DEN;SF;16;612;24.3;.564;.205;.447;5.0;13.3;9.1;19.8;2.4;1.4;8.8;31.5;1.9;0.6;2.6;.201;4.5;0.5;5.0;1.1;
09-10;DEN;SF;6;254;23.3;.564;.138;.413;6.6;18.3;12.3;15.0;2.4;1.0;11.4;32.1;0.6;0.1;0.7;.132;4.0;-0.9;3.1;0.3;
10-11;NYK;SF;4;156;22.5;.505;.295;.386;8.5;23.0;14.9;26.8;1.7;1.4;11.2;32.7;0.3;0.2;0.5;.149;6.1;0.5;6.6;0.3;
11-12;NYK;SF;5;204;21.5;.489;.145;.331;7.4;17.4;12.2;14.1;1.6;0.5;9.0;<strong>36.2</strong>;0.3;0.4;.091;4.8;-0.1;4.7;0.3;
12-13;NYK;PF;12;481;20.4;.497;.184;.281;2.5;18.2;9.7;9.3;1.5;0.4;8.2;<strong>38.0</strong>;0.4;0.8;1.1;.114;4.1;-1.2;2.9;0.6;
17-18;OKC;PF;6;194;9.7;.452;.389;.208;1.7;16.7;9.3;1.6;2.5;1.9;7.1;19.1;-0.2;0.3;0.1;.018;-2.0;-0.1;-2.2;
19-20;POR;PF;5;176;8.4;.512;.279;.206;0.6;14.4;7.5;9.1;1.3;1.0;14.9;20.6;-0.2;0.1;-0.1;-0.021;-2.3;-0.7;-2.9;
20-21;POR;PF;6;143;12.2;.571;.617;.183;1.7;13.4;7.7;9.4;0.7;0.6;9.7;22.7;0.1;0.1;.023;0.3;-2.1;-1.8;
Career;;83;3092;18.3;.513;.193;.356;5.5;15.8;10.4;12.9;1.7;0.8;10.5;30.6;3.2;2.6;5.8;.089;2.6;-0.8;1.9;3.0;
