Caron Butler;Small Forward and Shooting Guard;Right;1980-03-13;;6-7;228;;;;;-1;;
Per Game
02-03;MIA;SF;78;78;36.6;5.5;13.2;.416;0.4;1.4;.318;5.1;11.9;.427;.432;4.0;4.8;.824;1.7;3.4;5.1;2.7;1.8;0.4;2.5;2.9;15.4;
03-04;MIA;SF;68;56;29.9;3.5;9.3;.380;0.1;0.6;.238;3.4;8.7;.390;.388;2.0;2.6;.756;1.4;3.4;4.8;1.9;1.1;0.2;1.3;2.4;9.2;
04-05;LAL;SF;77;77;35.7;5.7;12.9;.445;0.5;1.6;.304;5.2;11.2;.465;.464;3.6;4.1;.862;1.9;3.9;5.8;1.9;1.4;0.3;1.6;2.8;15.5;
05-06;WAS;SF;75;54;36.1;6.6;14.5;.455;0.5;1.6;.342;6.0;12.9;.469;.474;3.9;4.4;.870;1.5;4.7;6.2;2.5;1.7;0.2;2.3;3.2;17.6;
06-07;WAS;SF;63;63;39.3;7.2;15.5;.463;0.3;1.1;.250;6.9;14.3;.480;.472;4.5;5.2;.863;2.3;5.1;7.4;3.7;2.1;0.3;2.9;3.0;19.1;
07-08;WAS;SF;58;58;39.9;7.6;16.3;.466;1.1;3.2;.357;6.4;13.1;.492;.501;4.1;4.5;.901;1.6;5.1;6.7;4.9;2.2;0.3;2.6;2.8;20.3;
08-09;WAS;SG;67;67;38.6;7.3;16.2;.453;1.0;3.1;.310;6.4;13.1;.487;.482;5.1;6.0;.858;1.8;4.4;6.2;4.3;1.6;0.3;3.1;2.5;20.8;
09-10;TOT;SF,SG;74;74;37.6;6.1;14.2;.428;0.6;2.0;.290;5.5;12.2;.450;.448;3.6;4.3;.838;1.4;4.8;6.2;2.1;1.6;0.3;2.2;2.6;16.3;
09-10;WAS;SF;47;47;39.4;6.2;14.8;.422;0.5;2.0;.263;5.7;12.7;.447;.440;3.9;4.5;.877;1.4;5.3;6.7;2.3;1.4;0.3;2.4;2.7;16.9;
09-10;DAL;SG;27;27;34.4;5.8;13.2;.440;0.6;1.9;.340;5.2;11.4;.456;.464;2.9;3.9;.760;1.3;4.0;5.4;1.8;1.8;0.3;1.7;2.5;15.2;
10-11;DAL;SF;29;29;29.9;5.9;13.0;.450;1.0;2.2;.431;4.9;10.8;.454;.487;2.3;3.0;.773;0.8;3.3;4.1;1.6;1.0;0.3;1.7;2.0;15.0;
11-12;LAC;SF;63;63;29.7;4.6;11.2;.407;1.5;4.1;.358;3.1;7.1;.435;.472;1.4;1.7;.813;0.7;3.0;3.7;1.2;0.8;0.1;1.2;2.0;12.0;
12-13;LAC;SF;78;78;24.1;3.9;9.2;.424;1.6;4.2;.388;2.3;5.0;.454;.513;1.0;1.2;.833;0.5;2.3;2.9;1.0;0.7;0.1;0.9;1.8;10.4;
13-14;TOT;SF;56;13;25.3;3.8;9.6;.394;1.8;4.4;.394;2.1;5.2;.395;.485;1.1;1.3;.840;0.4;3.7;4.1;1.5;0.8;0.3;1.1;2.1;10.5;
13-14;MIL;SF;34;13;24.1;4.0;10.4;.387;1.6;4.3;.361;2.5;6.1;.406;.462;1.4;1.6;.839;0.5;4.2;4.6;1.6;0.7;0.3;1.5;1.9;11.0;
13-14;OKC;SF;22;27.2;3.5;8.5;.409;2.0;4.6;.441;1.4;3.8;.369;.530;0.7;0.9;.842;0.2;3.0;3.2;1.2;1.1;0.3;0.4;2.5;9.7;
14-15;DET;SF;78;21;20.8;2.1;5.1;.407;1.1;2.8;.379;1.0;2.3;.441;.511;0.7;0.8;.902;0.3;2.2;2.5;1.0;0.6;0.1;0.6;1.5;5.9;
15-16;SAC;SF;17;1;10.4;1.5;3.5;.424;0.2;1.1;.167;1.3;2.4;.537;.449;0.6;0.7;.833;0.3;1.0;1.3;0.6;0.5;0.1;0.2;1.1;3.7;
Career;;881;732;32.2;5.2;12.0;.434;0.8;2.4;.348;4.4;9.6;.456;.469;2.8;3.3;.847;1.3;3.7;5.0;2.3;1.3;0.2;1.8;2.4;14.1;
Playoffs Per Game
03-04;MIA;SF;13;13;39.3;4.5;11.8;.386;0.2;0.8;.182;4.4;10.9;.401;.392;3.6;4.4;.825;1.4;7.1;8.5;2.4;2.2;0.5;1.8;3.5;12.8;
05-06;WAS;SF;6;6;43.7;7.0;16.8;.416;0.5;2.3;.214;6.5;14.5;.448;.431;4.0;4.8;.828;2.7;7.8;10.5;2.7;2.0;0.7;2.3;5.2;18.5;
07-08;WAS;SF;6;6;41.0;6.7;14.5;.460;0.8;3.5;.238;5.8;11.0;.530;.489;4.5;5.2;.871;1.7;4.0;5.7;3.8;1.8;0.2;2.7;3.2;18.7;
09-10;DAL;SG;6;6;33.7;7.2;16.5;.434;1.2;3.8;.304;6.0;12.7;.474;.470;4.2;4.5;.926;0.5;5.3;5.8;1.3;1.5;0.8;2.5;2.7;19.7;
11-12;LAC;SF;10;10;26.8;3.3;9.2;.359;0.8;3.1;.258;2.5;6.1;.410;.402;1.2;1.6;.750;0.4;2.6;3.0;1.0;0.6;0.2;1.6;2.2;8.6;
12-13;LAC;SF;6;6;22.7;3.7;7.7;.478;0.7;2.7;.250;3.0;5.0;.600;.522;0.5;0.5;1.000;0.2;2.5;2.7;0.3;0.3;1.0;1.8;8.5;
13-14;OKC;SF;18;2;23.3;1.9;6.0;.324;1.2;3.3;.356;0.8;2.7;.286;.421;1.2;1.6;.786;0.6;2.6;3.2;0.8;0.3;0.1;0.6;1.8;6.3;
Career;;65;49;31.4;4.2;10.6;.399;0.8;2.7;.286;3.4;7.9;.438;.436;2.5;2.9;.838;1.0;4.4;5.3;1.6;1.1;0.4;1.6;2.7;11.7;
Totals
02-03;MIA;SF;78;78;2858;429;1032;.416;34;107;.318;395;925;.427;.432;309;375;.824;135;262;397;213;137;31;192;230;1201;
03-04;MIA;SF;68;56;2030;240;631;.380;10;42;.238;230;589;.390;.388;133;176;.756;92;234;326;126;75;13;91;162;623;
04-05;LAL;SF;77;77;2746;441;991;.445;38;125;.304;403;866;.465;.464;275;319;.862;146;304;450;146;110;23;125;213;1195;
05-06;WAS;SF;75;54;2708;494;1086;.455;41;120;.342;453;966;.469;.474;289;332;.870;114;352;466;186;127;18;175;238;1318;
06-07;WAS;SF;63;63;2474;451;975;.463;18;72;.250;433;903;.480;.472;283;328;.863;147;320;467;233;134;17;181;188;1203;
07-08;WAS;SF;58;58;2314;439;943;.466;66;185;.357;373;758;.492;.501;236;262;.901;93;295;388;284;128;20;150;160;1180;
08-09;WAS;SG;67;67;2585;491;1085;.453;65;210;.310;426;875;.487;.482;345;402;.858;118;296;414;290;106;20;210;165;1392;
09-10;TOT;SF,SG;74;74;2783;450;1051;.428;42;145;.290;408;906;.450;.448;264;315;.838;104;357;461;156;116;24;160;193;1206;
09-10;WAS;SF;47;47;1853;293;694;.422;25;95;.263;268;599;.447;.440;185;211;.877;68;248;316;107;68;15;113;126;796;
09-10;DAL;SG;27;27;930;157;357;.440;17;50;.340;140;307;.456;.464;79;104;.760;36;109;145;49;48;9;47;67;410;
10-11;DAL;SF;29;29;867;170;378;.450;28;65;.431;142;313;.454;.487;68;88;.773;22;96;118;46;28;8;49;59;436;
11-12;LAC;SF;63;63;1871;287;705;.407;92;257;.358;195;448;.435;.472;87;107;.813;44;186;230;78;52;9;77;123;753;
12-13;LAC;SF;78;78;1879;305;720;.424;128;330;.388;177;390;.454;.513;75;90;.833;41;182;223;78;51;11;72;139;813;
13-14;TOT;SF;56;13;1419;213;540;.394;98;249;.394;115;291;.395;.485;63;75;.840;21;208;229;82;47;17;60;120;587;
13-14;MIL;SF;34;13;821;137;354;.387;53;147;.361;84;207;.406;.462;47;56;.839;16;142;158;56;23;11;52;64;374;
13-14;OKC;SF;22;598;76;186;.409;45;102;.441;31;84;.369;.530;16;19;.842;5;66;71;26;24;6;8;56;213;
14-15;DET;SF;78;21;1623;161;396;.407;83;219;.379;78;177;.441;.511;55;61;.902;21;175;196;79;43;4;49;120;460;
15-16;SAC;SF;17;1;176;25;59;.424;3;18;.167;22;41;.537;.449;10;12;.833;5;17;22;10;9;1;3;19;63;
Career;;881;732;28333;4596;10592;.434;746;2144;.348;3850;8448;.456;.469;2492;2942;.847;1103;3284;4387;2007;1163;216;1594;2129;12430;
Playoffs Totals
03-04;MIA;SF;13;13;511;59;153;.386;2;11;.182;57;142;.401;.392;47;57;.825;18;92;110;31;28;7;23;45;167;
05-06;WAS;SF;6;6;262;42;101;.416;3;14;.214;39;87;.448;.431;24;29;.828;16;47;63;16;12;4;14;31;111;
07-08;WAS;SF;6;6;246;40;87;.460;5;21;.238;35;66;.530;.489;27;31;.871;10;24;34;23;11;1;16;19;112;
09-10;DAL;SG;6;6;202;43;99;.434;7;23;.304;36;76;.474;.470;25;27;.926;3;32;35;8;9;5;15;16;118;
11-12;LAC;SF;10;10;268;33;92;.359;8;31;.258;25;61;.410;.402;12;16;.750;4;26;30;10;6;2;16;22;86;
12-13;LAC;SF;6;6;136;22;46;.478;4;16;.250;18;30;.600;.522;3;3;1.000;1;15;16;2;2;6;11;51;
13-14;OKC;SF;18;2;419;35;108;.324;21;59;.356;14;49;.286;.421;22;28;.786;11;47;58;15;5;2;11;33;113;
Career;;65;49;2044;274;686;.399;50;175;.286;224;511;.438;.436;160;191;.838;63;283;346;103;73;23;101;177;758;
Advanced
02-03;MIA;SF;78;2858;15.1;.502;.104;.363;5.3;10.9;8.0;14.1;2.6;0.9;13.8;22.9;1.6;3.6;5.1;.086;-0.4;1.0;0.5;1.8;
03-04;MIA;SF;68;2030;10.7;.440;.067;.279;5.2;13.6;9.4;10.8;2.0;0.5;11.4;18.5;-0.2;2.4;2.1;.050;-2.9;0.1;-2.9;-0.4;
04-05;LAL;SF;77;2746;15.8;.528;.126;.322;6.0;12.4;9.2;9.3;2.1;0.6;9.9;20.7;4.1;1.2;5.3;.093;-0.7;-0.7;0.9;
05-06;WAS;SF;75;2708;17.0;.535;.110;.306;4.8;15.6;10.0;12.1;2.4;0.5;12.4;23.2;3.5;2.8;6.3;.112;0.4;0.1;0.6;1.7;
06-07;WAS;SF;63;2474;18.3;.537;.074;.336;6.6;15.3;10.8;15.9;2.8;0.5;13.9;23.1;3.4;1.9;5.3;.103;1.1;-0.2;0.9;1.8;
07-08;WAS;SF;58;2314;20.7;.558;.196;.278;4.6;15.4;9.8;21.9;3.0;0.7;12.4;24.0;4.8;2.4;7.2;.150;3.0;1.1;4.1;3.5;
08-09;WAS;SG;67;2585;18.8;.552;.194;.371;5.2;13.8;9.4;19.7;2.2;0.6;14.3;25.9;3.4;1.1;4.5;.083;2.0;-1.1;0.9;1.9;
09-10;TOT;SF,SG;74;2783;13.7;.507;.138;.300;4.3;14.9;9.5;9.2;2.2;0.7;11.9;22.1;0.6;2.9;3.5;.061;-1.3;-1.3;0.5;
09-10;WAS;SF;47;1853;13.5;.506;.137;.304;4.2;15.6;9.8;9.6;1.9;0.6;12.6;22.0;0.4;1.7;2.1;.054;-1.1;-0.2;-1.3;0.3;
09-10;DAL;SG;27;930;14.2;.509;.140;.291;4.5;13.3;8.9;8.5;2.7;0.7;10.5;22.3;0.2;1.2;1.4;.075;-1.6;0.3;-1.3;0.2;
10-11;DAL;SF;29;867;14.2;.523;.172;.233;3.1;12.5;8.0;9.1;1.7;0.7;10.5;25.1;0.2;1.0;1.2;.067;-0.8;-0.9;0.2;
11-12;LAC;SF;63;1871;11.7;.501;.365;.152;2.8;12.0;7.3;6.8;1.5;0.4;9.3;20.4;1.2;1.1;2.3;.059;-0.8;-1.2;-2.0;
12-13;LAC;SF;78;1879;12.4;.535;.458;.125;2.6;11.4;7.1;6.5;1.4;0.5;8.7;20.2;1.9;1.6;3.6;.091;-0.1;-1.2;-1.3;0.3;
13-14;TOT;SF;56;1419;12.2;.512;.461;.139;1.7;16.8;9.2;9.6;1.7;1.0;9.5;20.1;0.6;1.2;1.8;.062;-0.6;-0.8;-1.4;0.2;
13-14;MIL;SF;34;821;12.4;.494;.415;.158;2.2;20.5;11.0;11.9;1.5;1.1;12.1;23.7;-0.2;0.5;0.2;.014;-1.2;-1.7;-2.9;-0.2;
13-14;OKC;SF;22;598;11.9;.548;.548;.102;1.0;11.9;6.7;6.4;2.0;0.8;4.0;15.0;0.9;0.7;1.6;.127;0.2;0.5;0.7;0.4;
14-15;DET;SF;78;1623;9.3;.544;.553;.154;1.4;12.2;6.6;7.3;1.4;0.2;10.4;12.9;1.3;1.0;2.4;.070;-1.9;0.1;-1.7;0.1;
15-16;SAC;SF;17;176;11.3;.490;.305;.203;3.1;10.4;6.8;8.3;2.5;0.5;4.5;16.2;0.1;0.1;0.3;.071;-2.5;0.6;-1.8;
Career;;881;28333;15.0;.523;.202;.278;4.4;13.6;9.0;12.3;2.2;0.6;11.8;21.7;26.6;24.3;50.9;.086;-0.1;-0.2;-0.2;12.6;
Playoffs Advanced
03-04;MIA;SF;13;511;15.4;.469;.072;.373;4.0;20.7;12.3;11.6;3.0;1.2;11.4;18.9;0.4;1.0;1.4;.128;-0.9;3.3;2.4;0.6;
05-06;WAS;SF;6;262;15.6;.488;.139;.287;7.1;22.0;14.3;11.1;2.4;1.1;11.0;22.8;0.1;0.4;0.5;.088;-0.6;0.3;-0.3;0.1;
07-08;WAS;SF;6;246;17.7;.556;.241;.356;4.7;11.5;8.1;18.5;2.4;0.4;13.7;22.7;0.3;0.2;0.6;.109;2.4;0.4;2.9;0.3;
09-10;DAL;SG;6;202;17.8;.532;.232;.273;1.7;17.7;9.7;8.0;2.4;1.8;11.9;29.2;0.1;0.3;0.4;.096;0.4;1.9;2.2;0.2;
11-12;LAC;SF;10;268;6.2;.434;.337;.174;1.8;11.9;6.9;6.3;1.2;0.6;13.9;20.7;-0.4;0.1;-0.4;-0.067;-3.6;-2.1;-5.7;-0.3;
12-13;LAC;SF;6;136;10.2;.539;.348;.065;1.0;13.7;7.5;0.8;1.1;11.3;19.0;-0.011;-0.6;-2.1;-2.6;
13-14;OKC;SF;18;419;6.8;.470;.546;.259;3.1;12.1;7.8;5.4;0.6;0.4;8.4;14.3;0.2;0.3;.030;-1.7;-1.0;-2.7;-0.1;
Career;;65;2044;12.6;.492;.255;.278;3.6;16.1;9.9;9.3;1.9;0.9;11.6;20.2;0.5;2.1;2.7;.063;-0.8;0.5;-0.3;0.9;
