Channing Frye;Center and Power Forward;Right;1983-05-17;;7-0;255;Saint Mary's in Phoenix,Arizona;;;;-1;;
Per Game
05-06;NYK;C;65;14;24.2;4.7;9.8;.477;0.1;.333;4.6;9.7;.479;.479;2.9;3.5;.825;2.1;3.6;5.8;0.8;0.5;0.7;1.5;3.1;12.3;
06-07;NYK;PF;72;59;26.3;4.1;9.6;.433;0.3;.167;4.1;9.3;.440;.435;1.2;1.5;.787;1.3;4.2;5.5;0.9;0.5;0.6;1.4;3.0;9.5;
07-08;POR;C;78;20;17.2;2.8;5.8;.488;0.1;.300;2.8;5.7;.492;.491;1.1;1.4;.780;1.4;3.2;4.5;0.7;0.4;0.3;0.7;2.7;6.8;
08-09;POR;PF;63;1;11.8;1.8;4.2;.423;0.2;0.5;.333;1.6;3.7;.436;.444;0.4;0.6;.722;0.7;1.6;2.2;0.4;0.3;0.3;0.5;1.7;4.2;
09-10;PHO;C;81;41;27.0;3.9;8.7;.451;2.1;4.8;.439;1.8;3.8;.466;.573;1.2;1.5;.810;0.8;4.5;5.3;1.4;0.8;0.9;0.9;3.2;11.2;
10-11;PHO;PF;77;64;33.0;4.6;10.8;.432;2.2;5.7;.390;2.4;5.1;.479;.535;1.2;1.4;.832;0.8;5.8;6.7;1.2;0.6;1.0;0.9;3.5;12.7;
11-12;PHO;PF;64;59;26.1;4.0;9.6;.416;1.4;4.1;.346;2.6;5.5;.469;.490;1.1;1.3;.890;1.1;4.8;5.9;1.4;0.7;1.1;1.0;2.8;10.5;
13-14;PHO;PF;82;82;28.2;4.1;9.5;.432;2.0;5.3;.370;2.1;4.2;.509;.535;1.0;1.2;.821;0.9;4.2;5.1;1.2;0.7;0.8;1.1;3.0;11.1;
14-15;ORL;PF;75;51;24.9;2.5;6.5;.392;1.8;4.6;.393;0.7;1.9;.390;.532;0.4;0.5;.886;0.4;3.5;3.9;1.3;0.6;0.5;1.0;2.5;7.3;
15-16;TOT;C,PF;70;32;17.1;2.2;5.0;.438;1.3;3.4;.387;0.9;1.6;.545;.569;0.4;0.5;.857;0.5;2.8;3.3;1.0;0.4;0.4;0.6;1.8;6.1;
15-16;ORL;PF;44;29;17.1;1.8;4.2;.435;1.1;2.8;.397;0.8;1.5;.508;.565;0.4;0.5;.905;0.5;2.7;3.2;1.0;0.5;0.5;0.7;1.6;5.2;
15-16;CLE;C;26;3;17.2;2.7;6.2;.441;1.7;4.4;.377;1.1;1.8;.596;.575;0.4;0.5;.786;0.5;3.1;3.6;1.0;0.3;0.3;0.5;2.2;7.5;
16-17;CLE;C;74;15;18.9;3.2;7.0;.458;1.9;4.5;.409;1.4;2.5;.546;.589;0.9;1.0;.851;0.5;3.4;3.9;0.6;0.4;0.5;0.7;1.9;9.1;
17-18;TOT;C;53;1;13.1;2.0;4.0;.491;0.7;2.2;.339;1.2;1.8;.670;.583;0.3;0.4;.895;0.2;2.3;2.5;0.7;0.3;0.2;0.4;1.3;5.0;
17-18;CLE;C;44;1;12.4;1.9;3.8;.497;0.7;2.0;.333;1.2;1.8;.684;.586;0.3;0.3;.933;0.2;2.3;2.5;0.6;0.4;0.3;0.4;1.2;4.8;
17-18;LAL;C;9;16.7;2.2;4.8;.465;1.0;2.8;.360;1.2;2.0;.611;.570;0.3;0.4;.750;0.2;2.6;2.8;1.1;0.1;0.1;0.4;1.7;5.8;
18-19;CLE;C;36;6;9.5;1.2;3.3;.368;0.9;2.2;.405;0.3;1.1;.289;.504;0.3;0.4;.786;0.1;1.3;1.4;0.6;0.2;0.1;0.4;1.2;3.6;
Career;;890;445;22.2;3.3;7.5;.440;1.2;3.0;.388;2.1;4.4;.477;.519;1.0;1.2;.822;0.9;3.6;4.5;1.0;0.5;0.6;0.9;2.5;8.7;
Playoffs Per Game
08-09;POR;PF;4;9.0;1.3;3.5;.357;1.3;3.5;.357;.357;0.5;0.8;.667;0.3;0.5;0.8;0.3;1.3;3.0;
09-10;PHO;C;16;27.2;2.7;7.4;.364;1.9;5.4;.349;0.8;2.0;.406;.492;0.9;1.0;.938;0.6;5.0;5.6;0.9;0.8;0.6;0.5;3.1;8.2;
15-16;CLE;C;17;13.9;2.4;4.1;.594;1.5;2.7;.565;0.9;1.4;.652;<strong>.783</strong>;0.4;0.4;.857;0.3;2.1;2.4;0.3;0.4;0.5;0.3;2.2;6.7;
16-17;CLE;C;12;12.8;2.6;5.0;.517;1.7;3.3;.513;0.9;1.8;.524;.683;0.5;0.6;.857;1.8;1.8;1.1;0.3;0.3;0.2;0.9;7.3;
Career;;49;17.6;2.4;5.3;.460;1.6;3.5;.444;0.9;1.8;.489;.605;0.6;0.7;.879;0.3;2.9;3.2;0.7;0.4;0.4;0.3;2.1;7.0;
Totals
05-06;NYK;C;65;14;1572;305;640;.477;3;9;.333;302;631;.479;.479;189;229;.825;138;236;374;53;30;47;97;200;802;
06-07;NYK;PF;72;59;1896;298;689;.433;3;18;.167;295;671;.440;.435;85;108;.787;91;304;395;67;36;42;100;216;684;
07-08;POR;C;78;20;1342;221;453;.488;3;10;.300;218;443;.492;.491;85;109;.780;107;247;354;57;29;27;55;208;530;
08-09;POR;PF;63;1;746;113;267;.423;11;33;.333;102;234;.436;.444;26;36;.722;41;99;140;24;17;16;29;106;263;
09-10;PHO;C;81;41;2190;317;703;.451;172;392;.439;145;311;.466;.573;98;121;.810;66;361;427;113;64;74;73;263;904;
10-11;PHO;PF;77;64;2541;358;829;.432;171;439;.390;187;390;.479;.535;89;107;.832;65;448;513;96;46;79;73;272;976;
11-12;PHO;PF;64;59;1669;255;613;.416;91;263;.346;164;350;.469;.490;73;82;.890;71;308;379;88;42;70;63;176;674;
13-14;PHO;PF;82;82;2312;336;778;.432;160;432;.370;176;346;.509;.535;78;95;.821;73;343;416;98;60;63;89;245;910;
14-15;ORL;PF;75;51;1870;191;487;.392;136;346;.393;55;141;.390;.532;31;35;.886;27;266;293;94;47;39;78;191;549;
15-16;TOT;C,PF;70;32;1200;152;347;.438;91;235;.387;61;112;.545;.569;30;35;.857;35;199;234;71;29;28;43;127;425;
15-16;ORL;PF;44;29;754;81;186;.435;48;121;.397;33;65;.508;.565;19;21;.905;23;118;141;45;21;20;30;71;229;
15-16;CLE;C;26;3;446;71;161;.441;43;114;.377;28;47;.596;.575;11;14;.786;12;81;93;26;8;8;13;56;196;
16-17;CLE;C;74;15;1398;238;520;.458;137;335;.409;101;185;.546;.589;63;74;.851;37;253;290;45;33;37;53;138;676;
17-18;TOT;C;53;1;695;104;212;.491;39;115;.339;65;97;.670;.583;17;19;.895;12;123;135;38;18;13;21;69;264;
17-18;CLE;C;44;1;545;84;169;.497;30;90;.333;54;79;.684;.586;14;15;.933;10;100;110;28;17;12;17;54;212;
17-18;LAL;C;9;150;20;43;.465;9;25;.360;11;18;.611;.570;3;4;.750;2;23;25;10;1;1;4;15;52;
18-19;CLE;C;36;6;341;43;117;.368;32;79;.405;11;38;.289;.504;11;14;.786;4;48;52;20;6;5;13;44;129;
Career;;890;445;19772;2931;6655;.440;1049;2706;.388;1882;3949;.477;.519;875;1064;.822;767;3235;4002;864;457;540;787;2255;7786;
Playoffs Totals
08-09;POR;PF;4;36;5;14;.357;5;14;.357;.357;2;3;.667;1;2;3;1;5;12;
09-10;PHO;C;16;435;43;118;.364;30;86;.349;13;32;.406;.492;15;16;.938;10;80;90;15;12;9;8;50;131;
15-16;CLE;C;17;237;41;69;.594;26;46;.565;15;23;.652;<strong>.783</strong>;6;7;.857;5;36;41;5;6;9;5;37;114;
16-17;CLE;C;12;154;31;60;.517;20;39;.513;11;21;.524;.683;6;7;.857;22;22;13;3;4;2;11;88;
Career;;49;862;120;261;.460;76;171;.444;44;90;.489;.605;29;33;.879;16;140;156;34;21;22;15;103;345;
Advanced
05-06;NYK;C;65;1572;18.1;.541;.014;.358;10.6;18.5;14.5;6.6;1.0;2.5;11.6;24.2;2.6;0.9;3.5;.108;0.7;-1.4;-0.7;0.5;
06-07;NYK;PF;72;1896;10.5;.464;.026;.157;5.8;18.9;12.4;6.2;1.0;1.8;12.0;20.0;-0.6;1.6;0.9;.024;-3.4;-0.6;-4.0;-0.9;
07-08;POR;C;78;1342;14.8;.529;.022;.241;9.4;21.6;15.5;7.4;1.2;1.6;9.9;19.6;1.6;1.6;3.2;.114;-1.9;0.1;-1.8;0.1;
08-09;POR;PF;63;746;10.0;.465;.124;.135;6.7;16.7;11.6;5.3;1.3;1.7;9.3;19.7;0.8;0.8;.054;-3.9;-0.3;-4.2;-0.4;
09-10;PHO;C;81;2190;15.0;.598;.558;.172;3.6;17.6;11.0;7.4;1.5;2.4;8.8;16.7;4.3;2.2;6.4;.141;1.8;0.9;2.7;2.6;
10-11;PHO;PF;77;2541;12.8;.557;.530;.129;3.0;20.4;11.7;5.7;0.9;2.3;7.7;16.9;2.7;2.1;4.7;.090;-0.3;-0.3;1.1;
11-12;PHO;PF;64;1669;14.9;.519;.429;.134;4.8;20.6;12.8;8.3;1.3;3.0;8.8;19.3;1.8;1.9;3.7;.106;0.2;0.7;0.9;1.2;
13-14;PHO;PF;82;2312;13.2;.555;.555;.122;3.6;16.6;10.1;6.4;1.3;2.1;9.8;17.3;2.9;2.4;5.3;.109;0.4;0.3;0.7;1.6;
14-15;ORL;PF;75;1870;9.5;.546;.710;.072;1.6;16.4;8.9;7.4;1.3;1.7;13.4;14.1;0.7;1.4;2.1;.053;-1.5;-0.1;-1.5;0.2;
15-16;TOT;C,PF;70;1200;12.9;.586;.677;.101;3.2;18.6;10.9;8.7;1.2;1.9;10.6;15.1;1.6;1.3;3.0;.119;0.3;0.5;0.8;0.8;
15-16;ORL;PF;44;754;11.8;.586;.651;.113;3.3;17.6;10.4;8.4;1.4;2.2;13.3;13.2;0.8;0.8;1.5;.097;-0.2;0.9;0.7;0.5;
15-16;CLE;C;26;446;14.9;.586;.708;.087;3.1;20.4;11.8;9.1;0.9;1.5;7.2;18.3;0.9;0.6;1.5;.157;1.3;-0.2;1.0;0.3;
16-17;CLE;C;74;1398;15.6;.612;.644;.142;3.0;19.3;11.4;4.9;1.2;2.1;8.8;19.3;2.3;1.4;3.7;.125;1.4;-0.4;1.0;1.1;
17-18;TOT;C;53;695;13.1;.599;.542;.090;1.9;19.4;10.8;7.9;1.3;1.6;8.7;15.2;0.9;0.6;1.5;.101;-0.5;-0.5;0.3;
17-18;CLE;C;44;545;13.9;.604;.533;.089;2.1;20.3;11.3;7.5;1.5;1.9;8.8;15.6;0.7;0.5;1.2;.104;-0.4;0.1;-0.3;0.3;
17-18;LAL;C;9;150;10.2;.581;.581;.093;1.4;16.2;8.9;9.5;0.3;0.5;8.2;13.8;0.2;0.1;0.3;.091;-1.0;-0.5;-1.5;
18-19;CLE;C;36;341;8.9;.524;.675;.120;1.2;16.4;8.5;8.6;0.9;1.3;9.5;17.5;0.1;0.1;.016;-1.7;-1.8;-3.5;-0.1;
Career;;890;19772;13.3;.547;.407;.160;4.5;18.6;11.6;6.8;1.2;2.1;9.9;18.0;20.7;18.2;38.9;.094;-0.4;-0.4;8.0;
Playoffs Advanced
08-09;POR;PF;4;36;5.4;.392;.214;3.2;7.7;5.2;5.0;21.6;-0.052;-4.6;-3.8;-8.4;-0.1;
09-10;PHO;C;16;435;11.0;.524;.729;.136;2.8;21.8;12.5;5.0;1.5;1.6;6.0;14.0;0.4;0.4;0.8;.087;0.4;0.5;0.9;0.3;
15-16;CLE;C;17;237;20.5;<strong>.791</strong>;.667;.101;2.5;17.7;10.2;3.4;1.3;3.7;6.5;15.0;0.9;0.3;1.2;.247;4.1;2.2;6.3;0.5;
16-17;CLE;C;12;154;21.3;.698;.650;.117;15.8;8.3;13.0;1.0;2.2;<strong>3.1</strong>;18.8;0.6;0.1;0.7;.230;6.3;1.0;7.3;0.4;
Career;;49;862;15.2;.626;.655;.126;2.3;19.0;10.8;6.0;1.3;2.2;5.2;15.5;1.9;0.8;2.7;.151;2.2;0.9;3.1;1.1;
