Chandler Parsons;Small Forward and Power Forward;Right;1988-10-25;;6-9;230;Lake Howell in Winter Park,Florida;;;;-1;;
Per Game
11-12;HOU;SF;63;57;28.6;3.9;8.7;.452;1.0;2.8;.337;3.0;5.9;.507;.506;0.7;1.2;.551;1.4;3.3;4.8;2.1;1.2;0.5;1.3;2.3;9.5;
12-13;HOU;SF;76;76;36.3;6.0;12.4;.486;2.0;5.2;.385;4.0;7.2;.559;.567;1.5;2.0;.729;1.0;4.3;5.3;3.5;1.0;0.4;1.9;1.9;15.5;
13-14;HOU;SF;74;74;37.6;6.3;13.3;.472;1.8;4.7;.370;4.5;8.6;.528;.538;2.2;3.0;.742;0.9;4.6;5.5;4.0;1.2;0.4;1.9;2.3;16.6;
14-15;DAL;SF;66;66;33.1;5.8;12.6;.462;2.0;5.3;.380;3.8;7.3;.521;.542;2.1;2.9;.720;1.0;3.9;4.9;2.4;1.0;0.3;1.5;2.1;15.7;
15-16;DAL;SF;61;51;29.5;5.2;10.7;.492;1.7;4.1;.414;3.5;6.6;.540;.571;1.5;2.2;.684;0.5;4.2;4.7;2.8;0.8;0.3;1.6;1.9;13.7;
16-17;MEM;SF;34;34;19.9;2.2;6.5;.338;0.7;2.7;.269;1.5;3.8;.388;.394;1.0;1.3;.814;0.2;2.3;2.5;1.6;0.6;0.1;0.7;1.5;6.2;
17-18;MEM;SF;36;8;19.2;3.0;6.5;.462;1.4;3.4;.421;1.6;3.1;.504;.571;0.5;0.8;.630;0.4;2.1;2.5;1.9;0.5;0.3;1.0;1.5;7.9;
18-19;MEM;SF;25;3;19.8;2.7;7.3;.374;1.2;3.8;.309;1.6;3.5;.443;.453;0.9;1.0;.880;0.2;2.6;2.8;1.7;0.8;0.2;1.3;1.8;7.5;
19-20;ATL;PF;5;10.8;1.0;3.6;.278;0.8;2.8;.286;0.2;0.8;.250;.389;0.2;1.2;1.4;0.6;0.8;0.2;0.6;0.6;2.8;
Career;;440;369;30.1;4.8;10.5;.462;1.6;4.2;.373;3.3;6.3;.521;.536;1.4;2.0;.713;0.8;3.7;4.5;2.7;0.9;0.3;1.5;2.0;12.7;
Playoffs Per Game
12-13;HOU;SF;6;6;39.7;7.0;15.5;.452;2.7;6.7;.400;4.3;8.8;.491;.538;1.5;2.3;.643;1.2;5.3;6.5;3.7;0.2;0.3;3.0;3.2;18.2;
13-14;HOU;SF;6;6;41.7;7.7;17.5;.438;2.2;6.0;.361;5.5;11.5;.478;.500;1.8;2.5;.733;1.0;5.8;6.8;2.3;0.7;0.3;0.8;3.2;19.3;
14-15;DAL;SF;1;1;37.0;5.0;15.0;.333;4.0;5.0;11.0;.455;.333;6.0;6.0;2.0;1.0;1.0;10.0;
Career;;13;13;40.4;7.2;16.4;.437;2.2;6.2;.363;4.9;10.2;.481;.505;1.5;2.2;.690;1.0;5.6;6.6;2.9;0.4;0.3;1.8;3.0;18.1;
Totals
11-12;HOU;SF;63;57;1804;248;549;.452;60;178;.337;188;371;.507;.506;43;78;.551;90;210;300;134;73;29;81;142;599;
12-13;HOU;SF;76;76;2758;456;939;.486;152;395;.385;304;544;.559;.567;113;155;.729;79;325;404;269;75;32;147;148;1177;
13-14;HOU;SF;74;74;2783;466;987;.472;130;351;.370;336;636;.528;.538;164;221;.742;69;340;409;298;88;29;144;168;1226;
14-15;DAL;SF;66;66;2186;383;829;.462;132;347;.380;251;482;.521;.542;139;193;.720;64;259;323;161;69;19;96;140;1037;
15-16;DAL;SF;61;51;1799;320;651;.492;104;251;.414;216;400;.540;.571;93;136;.684;29;256;285;169;46;21;95;114;837;
16-17;MEM;SF;34;34;675;75;222;.338;25;93;.269;50;129;.388;.394;35;43;.814;6;78;84;55;20;5;24;52;210;
17-18;MEM;SF;36;8;691;108;234;.462;51;121;.421;57;113;.504;.571;17;27;.630;14;76;90;69;18;11;35;53;284;
18-19;MEM;SF;25;3;496;68;182;.374;29;94;.309;39;88;.443;.453;22;25;.880;4;66;70;43;19;5;32;45;187;
19-20;ATL;PF;5;54;5;18;.278;4;14;.286;1;4;.250;.389;1;6;7;3;4;1;3;3;14;
Career;;440;369;13246;2129;4611;.462;687;1844;.373;1442;2767;.521;.536;626;878;.713;356;1616;1972;1201;412;152;657;865;5571;
Playoffs Totals
12-13;HOU;SF;6;6;238;42;93;.452;16;40;.400;26;53;.491;.538;9;14;.643;7;32;39;22;1;2;18;19;109;
13-14;HOU;SF;6;6;250;46;105;.438;13;36;.361;33;69;.478;.500;11;15;.733;6;35;41;14;4;2;5;19;116;
14-15;DAL;SF;1;1;37;5;15;.333;4;5;11;.455;.333;6;6;2;1;1;10;
Career;;13;13;525;93;213;.437;29;80;.363;64;133;.481;.505;20;29;.690;13;73;86;38;5;4;24;39;235;
Advanced
11-12;HOU;SF;63;1804;13.3;.513;.324;.142;5.7;13.6;9.6;11.7;2.1;1.2;12.2;16.7;1.6;1.8;3.4;.090;0.1;0.7;0.8;1.3;
12-13;HOU;SF;76;2758;15.3;.584;.421;.165;3.3;13.2;8.3;15.6;1.4;0.9;12.7;18.3;4.9;2.1;7.0;.121;2.0;2.0;2.8;
13-14;HOU;SF;74;2783;15.9;.565;.356;.224;2.9;12.8;8.2;17.3;1.6;0.8;11.7;19.3;5.1;2.5;7.6;.131;1.5;0.2;1.7;2.6;
14-15;DAL;SF;66;2186;16.3;.567;.419;.233;3.2;13.0;8.1;11.4;1.6;0.7;9.5;20.6;3.8;1.7;5.5;.121;2.0;-0.4;1.6;2.0;
15-16;DAL;SF;61;1799;16.2;.589;.386;.209;1.8;15.6;8.7;16.0;1.3;1.0;11.8;20.5;2.6;1.6;4.3;.114;1.8;0.2;2.0;1.8;
16-17;MEM;SF;34;675;7.7;.436;.419;.194;1.0;13.6;7.1;12.8;1.5;0.7;9.1;17.8;-0.5;0.7;0.2;.015;-3.6;-0.2;-3.8;-0.3;
17-18;MEM;SF;36;691;13.6;.578;.517;.115;2.3;13.0;7.5;16.4;1.3;1.5;12.5;18.3;0.7;0.4;1.1;.077;1.2;-0.4;0.8;0.5;
18-19;MEM;SF;25;496;8.5;.484;.516;.137;0.9;15.2;7.9;13.4;1.9;1.0;14.2;20.3;-0.6;0.6;-0.004;-3.9;-0.5;-4.4;-0.3;
19-20;ATL;PF;5;54;5.6;.389;.778;2.0;12.1;7.0;7.5;3.5;1.6;14.3;16.1;-0.1;-0.1;-0.065;-4.4;-1.6;-6.0;-0.1;
Career;;440;13246;14.7;.557;.400;.190;3.1;13.6;8.4;14.6;1.6;0.9;11.6;19.0;17.5;11.4;28.9;.105;1.0;1.1;10.2;
Playoffs Advanced
12-13;HOU;SF;6;238;13.5;.550;.430;.151;3.2;15.2;9.1;17.2;0.2;0.7;15.4;21.7;0.2;-0.1;0.2;.035;1.5;-1.0;0.5;0.1;
13-14;HOU;SF;6;250;14.8;.520;.343;.143;2.6;15.8;9.0;9.0;0.8;0.6;4.3;19.9;0.5;0.5;.104;1.7;-0.2;1.4;0.2;
14-15;DAL;SF;1;37;2.9;.333;.267;17.3;8.3;7.4;6.3;17.7;-0.1;-0.1;-0.118;-3.4;-2.3;-5.7;
Career;;13;525;13.4;.520;.376;.136;2.7;15.7;9.0;12.6;0.5;0.6;9.6;20.5;0.6;0.6;.057;1.2;-0.7;0.5;0.3;
