Charlie Villanueva;Power Forward;Right;1984-08-24;;6-11;232;Blair Academy in Blairstown,New Jersey;;;;-1;;
Per Game
05-06;TOR;PF;81;36;29.1;5.4;11.6;.463;0.9;2.6;.327;4.5;9.0;.503;.500;1.4;2.0;.706;2.2;4.2;6.4;1.1;0.7;0.8;1.2;3.0;13.0;
06-07;MIL;PF;39;17;25.2;4.6;9.8;.470;0.7;2.2;.337;3.9;7.6;.508;.508;1.9;2.3;.820;1.6;4.3;5.8;0.9;0.6;0.3;1.4;2.8;11.8;
07-08;MIL;PF;76;31;24.1;4.7;10.7;.435;0.7;2.4;.297;3.9;8.3;.475;.469;1.6;2.1;.783;1.9;4.2;6.1;1.0;0.4;0.5;1.4;2.3;11.7;
08-09;MIL;PF;78;47;26.9;6.2;14.0;.447;1.1;3.3;.345;5.1;10.7;.479;.488;2.6;3.1;.838;2.0;4.7;6.7;1.8;0.6;0.7;1.8;3.3;16.2;
09-10;DET;PF;78;16;23.7;4.7;10.6;.439;1.3;3.6;.351;3.4;7.0;.484;.499;1.4;1.7;.815;1.1;3.6;4.7;0.7;0.6;0.7;0.9;2.9;11.9;
10-11;DET;PF;76;11;21.9;4.1;9.3;.442;1.6;4.3;.387;2.5;5.1;.488;.530;1.2;1.5;.767;0.7;3.2;3.9;0.6;0.6;0.6;0.9;2.3;11.1;
11-12;DET;PF;13;13.8;2.7;7.0;.385;1.2;3.5;.333;1.5;3.5;.435;.467;0.5;0.5;.857;0.7;3.0;3.7;0.5;0.5;0.4;0.5;1.9;7.0;
12-13;DET;PF;69;15.8;2.5;6.7;.377;1.3;3.8;.347;1.2;3.0;.415;.474;0.4;0.7;.551;0.7;2.8;3.5;0.8;0.4;0.6;0.6;1.4;6.8;
13-14;DET;PF;20;9.0;1.8;4.6;.380;0.7;2.8;.250;1.1;1.8;.583;.457;0.4;0.7;.571;0.3;1.4;1.7;0.3;0.2;0.3;0.4;0.8;4.6;
14-15;DAL;PF;64;1;10.6;2.3;5.7;.414;1.3;3.5;.376;1.0;2.2;.475;.529;0.3;0.5;.571;0.5;1.9;2.3;0.3;0.2;0.3;0.4;1.0;6.3;
15-16;DAL;PF;62;4;10.7;2.0;5.3;.382;0.8;2.8;.273;1.3;2.5;.503;.454;0.4;0.4;.917;0.4;2.1;2.5;0.4;0.3;0.2;0.5;1.1;5.1;
Career;;656;163;20.7;4.0;9.3;.435;1.1;3.2;.341;3.0;6.1;.484;.494;1.2;1.6;.772;1.2;3.4;4.6;0.8;0.5;0.5;1.0;2.2;10.4;
Playoffs Per Game
14-15;DAL;PF;5;8.6;2.2;5.0;.440;1.6;3.8;.421;0.6;1.2;.500;.600;0.8;1.8;2.6;0.6;0.2;0.2;2.0;6.0;
15-16;DAL;PF;4;5.0;0.8;3.0;.250;0.3;1.3;.200;0.5;1.8;.286;.292;0.5;0.5;1.000;0.5;0.5;0.3;0.3;0.5;2.3;
Career;;9;7.0;1.6;4.1;.378;1.0;2.7;.375;0.6;1.4;.385;.500;0.2;0.2;1.000;0.4;1.2;1.7;0.4;0.1;0.1;0.1;1.3;4.3;
Totals
05-06;TOR;PF;81;36;2361;435;940;.463;70;214;.327;365;726;.503;.500;113;160;.706;181;340;521;88;60;63;99;247;1053;
06-07;MIL;PF;39;17;984;180;383;.470;29;86;.337;151;297;.508;.508;73;89;.820;62;166;228;36;24;12;54;108;462;
07-08;MIL;PF;76;31;1829;354;814;.435;55;185;.297;299;629;.475;.469;123;157;.783;145;321;466;78;30;35;107;174;886;
08-09;MIL;PF;78;47;2095;487;1089;.447;89;258;.345;398;831;.479;.488;201;240;.838;154;366;520;137;50;56;138;254;1264;
09-10;DET;PF;78;16;1848;363;827;.439;99;282;.351;264;545;.484;.499;106;130;.815;85;280;365;53;48;55;74;223;931;
10-11;DET;PF;76;11;1666;313;708;.442;125;323;.387;188;385;.488;.530;89;116;.767;50;245;295;48;42;42;66;175;840;
11-12;DET;PF;13;180;35;91;.385;15;45;.333;20;46;.435;.467;6;7;.857;9;39;48;6;7;5;7;25;91;
12-13;DET;PF;69;1092;175;464;.377;90;259;.347;85;205;.415;.474;27;49;.551;49;192;241;54;31;39;39;96;467;
13-14;DET;PF;20;180;35;92;.380;14;56;.250;21;36;.583;.457;8;14;.571;6;28;34;6;4;5;7;16;92;
14-15;DAL;PF;64;1;678;150;362;.414;83;221;.376;67;141;.475;.529;20;35;.571;30;119;149;19;15;22;28;64;403;
15-16;DAL;PF;62;4;665;125;327;.382;47;172;.273;78;155;.503;.454;22;24;.917;24;128;152;24;18;15;31;71;319;
Career;;656;163;13578;2652;6097;.435;716;2101;.341;1936;3996;.484;.494;788;1021;.772;795;2224;3019;549;329;349;650;1453;6808;
Playoffs Totals
14-15;DAL;PF;5;43;11;25;.440;8;19;.421;3;6;.500;.600;4;9;13;3;1;1;10;30;
15-16;DAL;PF;4;20;3;12;.250;1;5;.200;2;7;.286;.292;2;2;1.000;2;2;1;1;2;9;
Career;;9;63;14;37;.378;9;24;.375;5;13;.385;.500;2;2;1.000;4;11;15;4;1;1;1;12;39;
Advanced
05-06;TOR;PF;81;2361;16.4;.521;.228;.170;9.0;18.4;13.5;6.5;1.3;2.1;8.9;21.7;2.9;1.0;3.9;.079;0.7;-1.6;-0.9;0.6;
06-07;MIL;PF;39;984;15.8;.547;.225;.232;7.3;20.1;13.6;6.1;1.3;0.9;11.3;21.8;1.2;0.6;1.7;.085;0.2;-1.6;-1.4;0.2;
07-08;MIL;PF;76;1829;14.9;.502;.227;.193;8.9;21.5;15.0;7.5;0.9;1.5;10.8;24.4;0.9;0.9;1.7;.045;-0.4;-2.4;-2.8;-0.3;
08-09;MIL;PF;78;2095;18.6;.529;.237;.220;8.3;21.6;14.7;12.4;1.2;2.2;10.4;28.5;2.2;2.7;4.9;.112;1.6;-0.6;1.1;1.6;
09-10;DET;PF;78;1848;16.0;.526;.341;.157;5.2;19.6;12.0;5.2;1.4;2.5;7.7;23.9;2.1;1.4;3.5;.092;0.8;-0.8;0.9;
10-11;DET;PF;76;1666;15.9;.553;.456;.164;3.5;18.8;10.8;5.0;1.4;2.0;8.0;23.1;2.1;1.0;3.1;.091;1.0;-1.4;-0.4;0.7;
11-12;DET;PF;13;180;16.2;.484;.495;.077;5.8;26.8;15.9;6.4;2.1;2.2;6.9;26.0;0.1;0.3;0.4;.096;-0.1;-0.5;-0.7;0.1;
12-13;DET;PF;69;1092;14.0;.481;.558;.106;5.1;20.6;12.7;8.4;1.5;2.8;7.4;21.9;0.4;1.1;1.6;.069;0.5;-0.5;0.6;
13-14;DET;PF;20;180;12.7;.469;.609;.152;3.5;17.9;10.3;5.5;1.1;2.2;6.7;25.0;0.1;0.1;.034;-0.6;-1.9;-2.4;
14-15;DAL;PF;64;678;17.4;.534;.610;.097;4.8;19.3;12.1;4.7;1.1;2.6;6.9;26.7;0.6;0.7;1.4;.096;2.7;-1.2;1.5;0.6;
15-16;DAL;PF;62;665;11.9;.473;.526;.073;4.0;21.1;12.5;6.2;1.4;1.9;8.4;25.3;-0.6;0.8;0.2;.016;-1.9;-0.8;-2.7;-0.1;
Career;;656;13578;16.0;.520;.345;.167;6.7;20.1;13.2;7.2;1.3;2.1;9.0;24.1;12.0;10.6;22.6;.080;0.6;-1.3;-0.6;4.7;
Playoffs Advanced
14-15;DAL;PF;5;43;24.6;.600;.760;9.2;22.3;15.5;11.4;1.1;1.9;23.8;0.2;0.2;.259;8.1;0.1;8.2;0.1;
15-16;DAL;PF;4;20;0.5;.349;.417;.167;12.2;5.8;8.5;7.2;32.1;-0.1;-0.1;-0.287;-4.5;-3.5;-8.0;
Career;;9;63;17.0;.515;.649;.054;6.3;19.1;12.5;10.5;0.7;1.3;2.6;26.4;0.1;0.1;.086;4.1;-1.1;3.0;0.1;
