Chase Budinger;Small Forward;Right;1988-05-22;;6-7;209;La Costa Canyon in Carlsbad,California;;;;-1;;
Per Game
09-10;HOU;SF;74;4;20.1;3.4;7.6;.441;1.2;3.4;.369;2.1;4.3;.497;.522;0.9;1.2;.770;0.5;2.5;3.0;1.2;0.5;0.1;0.6;1.1;8.9;
10-11;HOU;SF;78;22;22.3;3.6;8.4;.425;1.1;3.5;.325;2.4;4.9;.497;.493;1.5;1.8;.855;0.7;2.9;3.6;1.6;0.5;0.2;0.9;1.5;9.8;
11-12;HOU;SF;58;9;22.4;3.6;8.1;.442;1.5;3.8;.402;2.1;4.3;.476;.535;0.9;1.2;.771;0.7;3.1;3.7;1.3;0.5;0.1;0.9;1.1;9.6;
12-13;MIN;SF;23;1;22.1;3.4;8.3;.414;1.1;3.5;.321;2.3;4.8;.482;.482;1.4;1.8;.762;0.7;2.4;3.1;1.1;0.6;0.3;1.0;1.3;9.4;
13-14;MIN;SF;41;8;18.3;2.4;6.2;.394;1.0;2.9;.350;1.4;3.3;.433;.476;0.8;1.0;.821;0.5;2.0;2.5;0.8;0.5;0.6;1.4;6.7;
14-15;MIN;SF;67;4;19.2;2.5;5.8;.433;0.8;2.1;.364;1.7;3.7;.474;.500;1.0;1.2;.827;0.5;2.5;3.0;1.0;0.7;0.1;0.7;1.1;6.8;
15-16;TOT;SF;66;2;14.1;1.6;3.6;.435;0.4;1.3;.279;1.2;2.3;.523;.485;0.6;0.8;.696;0.7;1.6;2.3;1.0;0.5;0.2;0.7;0.9;4.1;
15-16;IND;SF;49;2;14.9;1.7;4.0;.418;0.4;1.4;.290;1.2;2.6;.488;.469;0.7;1.0;.708;0.6;1.8;2.5;1.0;0.6;0.2;0.6;0.9;4.4;
15-16;PHO;SF;17;11.8;1.4;2.6;.511;0.2;1.0;.235;1.1;1.6;.679;.556;0.3;0.5;.625;0.7;1.0;1.7;0.9;0.2;0.1;0.8;0.9;3.2;
Career;;407;50;19.7;2.9;6.8;.430;1.0;2.9;.352;1.9;3.9;.486;.504;1.0;1.3;.797;0.6;2.5;3.0;1.2;0.5;0.2;0.8;1.2;7.9;
Totals
09-10;HOU;SF;74;4;1488;249;565;.441;92;249;.369;157;316;.497;.522;67;87;.770;38;182;220;88;34;11;48;85;657;
10-11;HOU;SF;78;22;1738;279;656;.425;89;274;.325;190;382;.497;.493;118;138;.855;52;229;281;127;41;18;67;114;765;
11-12;HOU;SF;58;9;1298;208;471;.442;88;219;.402;120;252;.476;.535;54;70;.771;38;179;217;74;29;7;55;65;558;
12-13;MIN;SF;23;1;508;79;191;.414;26;81;.321;53;110;.482;.482;32;42;.762;15;56;71;25;14;7;23;29;216;
13-14;MIN;SF;41;8;751;100;254;.394;42;120;.350;58;134;.433;.476;32;39;.821;19;84;103;31;19;2;24;58;274;
14-15;MIN;SF;67;4;1286;169;390;.433;52;143;.364;117;247;.474;.500;67;81;.827;33;165;198;64;44;10;49;72;457;
15-16;TOT;SF;66;2;929;104;239;.435;24;86;.279;80;153;.523;.485;39;56;.696;43;107;150;64;32;10;44;62;271;
15-16;IND;SF;49;2;729;81;194;.418;20;69;.290;61;125;.488;.469;34;48;.708;31;90;121;49;29;9;31;46;216;
15-16;PHO;SF;17;200;23;45;.511;4;17;.235;19;28;.679;.556;5;8;.625;12;17;29;15;3;1;13;16;55;
Career;;407;50;7998;1188;2766;.430;413;1172;.352;775;1594;.486;.504;409;513;.797;238;1002;1240;473;213;65;310;485;3198;
Advanced
09-10;HOU;SF;74;1488;14.1;.545;.441;.154;2.8;14.6;8.5;9.7;1.2;0.5;7.4;19.4;1.9;1.2;3.1;.100;1.1;-0.7;0.5;0.9;
10-11;HOU;SF;78;1738;14.2;.534;.418;.210;3.4;15.0;9.2;11.5;1.2;0.7;8.5;19.9;2.2;1.2;3.4;.095;0.6;-0.8;-0.2;0.8;
11-12;HOU;SF;58;1298;14.9;.556;.465;.149;3.4;16.2;9.7;9.3;1.2;0.4;9.9;19.5;2.0;1.0;3.0;.111;1.8;-0.6;1.2;1.0;
12-13;MIN;SF;23;508;12.6;.516;.424;.220;3.3;13.0;8.0;8.3;1.4;1.1;9.9;20.5;0.3;0.4;0.7;.066;-0.6;-0.8;-1.4;0.1;
13-14;MIN;SF;41;751;9.7;.505;.472;.154;2.7;12.5;7.5;6.2;1.2;0.2;8.1;16.7;0.3;0.6;0.9;.059;-1.7;-0.8;-2.5;-0.1;
14-15;MIN;SF;67;1286;12.2;.537;.367;.208;2.8;15.1;8.8;8.0;1.7;0.6;10.3;16.3;1.1;0.2;1.3;.049;-0.5;-1.3;-1.8;
15-16;TOT;SF;66;929;10.7;.514;.360;.234;5.0;12.6;8.8;10.2;1.7;0.9;14.3;14.5;0.4;1.0;1.4;.073;-1.8;0.5;-1.3;0.2;
15-16;IND;SF;49;729;11.1;.502;.356;.247;4.7;13.4;9.1;9.9;2.0;1.0;12.6;14.9;0.3;1.0;1.3;.084;-1.7;0.9;-0.7;0.2;
15-16;PHO;SF;17;200;9.2;.567;.378;.178;6.4;9.4;7.9;11.4;0.7;0.4;21.1;13.1;0.1;0.1;.034;-2.2;-1.1;-3.4;-0.1;
Career;;407;7998;13.0;.534;.424;.185;3.3;14.5;8.8;9.4;1.4;0.6;9.4;18.3;8.2;5.7;13.9;.083;0.1;-0.7;-0.5;2.9;
