Chris Johnson;Small Forward;Left;1990-04-29;;6-6;206;Brookhaven in Columbus,Ohio;;;;-1;;
Per Game
12-13;MEM;SF;8;12.8;1.4;3.1;.440;0.8;2.3;.333;0.6;0.9;.714;.560;0.1;0.3;.500;0.6;0.8;1.4;0.3;0.5;0.4;0.6;3.6;
13-14;BOS;SF;40;19.7;2.1;5.4;.397;1.1;3.2;.339;1.1;2.2;.483;.498;0.9;1.1;.860;0.8;1.7;2.4;0.8;0.7;0.1;0.6;1.6;6.3;
14-15;TOT;SF;29;2;18.1;2.1;5.3;.403;1.0;3.3;.295;1.2;2.0;.576;.494;0.5;0.6;.875;0.3;1.6;1.9;0.5;0.9;0.2;0.5;1.5;5.7;
14-15;PHI;SF;9;2;20.8;2.1;6.7;.317;1.1;4.3;.256;1.0;2.3;.429;.400;0.7;0.9;.750;0.3;2.6;2.9;0.3;1.0;0.6;1.0;2.1;6.0;
14-15;UTA;SF;12;17.6;2.6;5.3;.484;1.1;3.2;.342;1.5;2.2;.692;.586;0.5;0.5;1.000;0.3;1.3;1.5;0.6;1.0;0.5;1.5;6.8;
14-15;MIL;SF;8;16.0;1.5;3.8;.400;0.6;2.3;.278;0.9;1.5;.583;.483;0.3;0.3;1.000;0.3;1.1;1.4;0.6;0.6;0.3;0.9;3.9;
15-16;UTA;SF;70;2;12.2;1.0;2.8;.371;0.4;1.4;.273;0.6;1.4;.474;.441;0.5;0.6;.810;0.4;1.5;1.9;0.6;0.5;0.3;0.6;1.4;2.9;
Career;;147;4;15.5;1.6;4.0;.392;0.7;2.3;.307;0.9;1.7;.508;.480;0.6;0.7;.835;0.5;1.5;2.0;0.6;0.6;0.2;0.5;1.4;4.4;
Totals
12-13;MEM;SF;8;102;11;25;.440;6;18;.333;5;7;.714;.560;1;2;.500;5;6;11;2;4;3;5;29;
13-14;BOS;SF;40;789;85;214;.397;43;127;.339;42;87;.483;.498;37;43;.860;31;66;97;31;27;4;22;63;250;
14-15;TOT;SF;29;2;526;62;154;.403;28;95;.295;34;59;.576;.494;14;16;.875;8;47;55;15;26;7;15;44;166;
14-15;PHI;SF;9;2;187;19;60;.317;10;39;.256;9;21;.429;.400;6;8;.750;3;23;26;3;9;5;9;19;54;
14-15;UTA;SF;12;211;31;64;.484;13;38;.342;18;26;.692;.586;6;6;1.000;3;15;18;7;12;6;18;81;
14-15;MIL;SF;8;128;12;30;.400;5;18;.278;7;12;.583;.483;2;2;1.000;2;9;11;5;5;2;7;31;
15-16;UTA;SF;70;2;857;72;194;.371;27;99;.273;45;95;.474;.441;34;42;.810;27;105;132;45;32;20;40;100;205;
Career;;147;4;2274;230;587;.392;104;339;.307;126;248;.508;.480;86;103;.835;71;224;295;93;89;31;80;212;650;
Advanced
12-13;MEM;SF;8;102;10.7;.560;.720;.080;5.7;7.1;6.4;3.1;2.1;10.4;13.1;0.1;0.1;0.2;.112;-0.1;0.6;0.5;0.1;
13-14;BOS;SF;40;789;10.8;.537;.593;.201;4.3;9.8;7.0;6.0;1.8;0.4;8.6;14.3;0.9;0.5;1.4;.085;-1.2;-1.2;0.2;
14-15;TOT;SF;29;526;10.2;.515;.617;.104;1.7;10.2;5.9;4.6;2.6;1.1;8.5;15.0;0.2;0.6;0.8;.074;-2.3;0.7;-1.7;
14-15;PHI;SF;9;187;6.0;.425;.650;.133;1.7;14.0;7.5;2.7;2.4;2.2;12.4;16.9;-0.3;0.2;-0.1;-0.017;-5.1;-0.1;-5.2;-0.2;
14-15;UTA;SF;12;211;14.2;.608;.594;.094;1.7;8.2;4.9;5.6;3.0;8.3;15.8;0.4;0.2;0.6;.139;-0.7;1.2;0.5;0.1;
14-15;MIL;SF;8;128;9.7;.502;.600;.067;1.8;8.0;4.9;5.7;2.0;1.3;10.9;0.1;0.1;0.3;.102;-1.0;0.9;-0.1;0.1;
15-16;UTA;SF;70;857;8.2;.482;.510;.216;3.7;14.3;9.0;8.0;2.0;2.0;15.8;13.6;-0.1;1.2;1.1;.059;-3.3;1.3;-2.0;
Career;;147;2274;9.7;.514;.578;.175;3.5;11.4;7.5;6.3;2.0;1.1;11.2;14.1;1.1;2.5;3.5;.074;-2.2;0.7;-1.5;0.3;
