Chris Paul;Point Guard;Right;1985-05-06;;6-0;175;West Forsyth in Clemmons,North Carolina;;;;-1;;
Per Game
05-06;NOK;PG;78;78;36.0;5.2;12.1;.430;0.6;2.3;.282;4.6;9.9;.464;.456;5.1;6.0;.847;0.8;4.3;5.1;7.8;2.2;0.1;2.3;2.8;16.1;
06-07;NOK;PG;64;64;36.8;6.0;13.6;.437;0.8;2.2;.350;5.2;11.4;.455;.466;4.6;5.6;.818;0.8;3.5;4.4;8.9;1.8;2.5;2.4;17.3;
07-08;NOH;PG;80;80;37.6;7.9;16.1;.488;1.2;3.1;.369;6.7;13.0;.516;.524;4.2;4.9;.851;0.8;3.2;4.0;<strong>11.6</strong>;<strong>2.7</strong>;0.1;2.5;2.3;21.1;
08-09;NOH;PG;78;78;38.5;8.1;16.1;.503;0.8;2.3;.364;7.3;13.8;.525;.528;5.8;6.7;.868;0.9;4.7;5.5;<strong>11.0</strong>;<strong>2.8</strong>;0.1;3.0;2.7;22.8;
09-10;NOH;PG;45;45;38.0;7.0;14.2;.493;1.2;2.8;.409;5.8;11.3;.514;.534;3.6;4.2;.847;0.4;3.8;4.2;10.7;2.1;0.2;2.5;2.6;18.7;
10-11;NOH;PG;80;80;36.0;5.4;11.6;.463;0.9;2.3;.388;4.5;9.3;.482;.502;4.2;4.8;.878;0.5;3.6;4.1;9.8;<strong>2.4</strong>;0.1;2.2;2.5;15.9;
11-12;LAC;PG;60;60;36.4;7.1;14.8;.478;1.3;3.6;.371;5.8;11.3;.511;.522;4.3;5.0;.861;0.7;2.9;3.6;9.1;<strong>2.5</strong>;0.1;2.1;2.3;19.8;
12-13;LAC;PG;70;70;33.4;5.9;12.2;.481;1.1;3.3;.328;4.8;8.9;.538;.526;4.1;4.6;.885;0.8;3.0;3.7;9.7;<strong>2.4</strong>;0.1;2.3;2.0;16.9;
13-14;LAC;PG;62;62;35.0;6.5;14.0;.467;1.3;3.4;.368;5.3;10.6;.498;.511;4.8;5.6;.855;0.6;3.7;4.3;<strong>10.7</strong>;<strong>2.5</strong>;0.1;2.3;2.5;19.1;
14-15;LAC;PG;82;82;34.8;6.9;14.3;.485;1.7;4.3;.398;5.2;10.0;.523;.545;3.5;3.9;.900;0.6;4.0;4.6;<strong>10.2</strong>;1.9;0.2;2.3;2.5;19.1;
15-16;LAC;PG;74;74;32.7;7.0;15.1;.462;1.6;4.4;.371;5.3;10.6;.501;.517;4.0;4.4;.896;0.5;3.7;4.2;10.0;2.1;0.2;2.6;2.5;19.5;
16-17;LAC;PG;61;61;31.5;6.1;12.9;.476;2.0;5.0;.411;4.1;7.9;.518;.555;3.8;4.3;.892;0.7;4.3;5.0;9.2;2.0;0.1;2.4;2.4;18.1;
17-18;HOU;PG;58;58;31.8;6.3;13.8;.460;2.5;6.5;.380;3.8;7.2;.532;.550;3.5;3.8;.919;0.6;4.8;5.4;7.9;1.7;0.2;2.2;2.4;18.6;
18-19;HOU;PG;58;58;32.0;5.2;12.4;.419;2.2;6.1;.358;3.0;6.3;.479;.508;3.0;3.5;.862;0.6;3.9;4.6;8.2;2.0;0.3;2.6;2.5;15.6;
19-20;OKC;PG;70;70;31.5;6.2;12.7;.489;1.6;4.3;.365;4.6;8.3;.554;.552;3.6;4.0;.907;0.4;4.6;5.0;6.7;1.6;0.2;2.3;2.3;17.6;
20-21;PHO;PG;70;70;31.4;6.3;12.6;.499;1.5;3.7;.395;4.8;8.9;.543;.557;2.4;2.6;<strong>.934</strong>;0.4;4.1;4.5;8.9;1.4;0.3;2.2;2.4;16.4;
21-22;PHO;PG;65;65;32.9;5.6;11.3;.493;1.0;3.1;.317;4.6;8.3;.559;.536;2.6;3.1;.837;0.3;4.0;4.4;<strong>10.8</strong>;1.9;0.3;2.4;2.1;14.7;
Career;;1155;1155;34.5;6.4;13.5;.473;1.3;3.6;.369;5.1;9.9;.511;.523;4.0;4.6;.871;0.6;3.9;4.5;9.5;2.1;0.1;2.4;2.4;18.1;
Playoffs Per Game
07-08;NOH;PG;12;12;40.5;9.3;18.4;.502;0.4;1.8;.238;8.8;16.7;.530;.514;5.2;6.6;.785;1.3;3.6;4.9;<strong>11.3</strong>;<strong>2.3</strong>;0.2;1.8;3.6;24.1;
08-09;NOH;PG;5;5;40.2;6.0;14.6;.411;1.0;3.2;.313;5.0;11.4;.439;.445;3.6;4.2;.857;0.8;3.6;4.4;10.4;1.6;4.8;1.6;16.6;
10-11;NOH;PG;6;6;41.7;7.0;12.8;.545;1.5;3.2;.474;5.5;9.7;.569;.604;6.5;8.2;.796;0.5;6.2;6.7;<strong>11.5</strong>;1.8;3.7;1.8;22.0;
11-12;LAC;PG;11;11;38.5;6.4;14.9;.427;1.2;3.5;.333;5.2;11.4;.456;.466;3.7;4.3;.872;0.5;4.5;5.1;7.9;2.7;0.1;3.9;2.7;17.6;
12-13;LAC;PG;6;6;37.3;8.2;15.3;.533;1.0;3.2;.316;7.2;12.2;.589;.565;5.5;6.2;.892;0.5;3.5;4.0;6.3;1.8;1.5;2.8;22.8;
13-14;LAC;PG;13;13;36.3;7.1;15.2;.467;2.5;5.4;.457;4.6;9.8;.472;.548;3.2;4.1;.774;0.9;3.3;4.2;<strong>10.3</strong>;<strong>2.8</strong>;3.0;3.8;19.8;
14-15;LAC;PG;12;12;37.1;7.9;15.8;.503;2.3;5.4;.415;5.7;10.3;.548;.574;4.0;4.3;.941;0.6;3.8;4.4;8.8;1.8;0.3;2.2;3.1;22.1;
15-16;LAC;PG;4;4;31.3;9.3;19.0;.487;1.5;5.0;.300;7.8;14.0;.554;.526;3.8;3.8;<strong>1.000</strong>;1.0;3.0;4.0;7.3;2.3;1.0;3.0;23.8;
16-17;LAC;PG;7;7;37.1;9.6;19.3;.496;2.0;5.4;.368;7.6;13.9;.546;.548;4.1;4.7;.879;0.6;4.4;5.0;9.9;1.7;0.1;2.7;3.4;25.3;
17-18;HOU;PG;15;15;34.5;7.9;17.1;.459;2.5;6.6;.374;5.4;10.5;.513;.531;2.9;3.5;.830;0.6;5.3;5.9;5.8;2.0;0.3;1.9;3.1;21.1;
18-19;HOU;PG;11;11;36.1;6.0;13.5;.446;1.5;5.7;.270;4.5;7.7;.576;.503;3.5;4.1;.844;1.3;5.1;6.4;5.5;2.2;0.6;3.4;3.3;17.0;
19-20;OKC;PG;7;7;37.3;7.9;16.0;.491;2.3;6.1;.372;5.6;9.9;.565;.563;3.3;3.7;.885;0.4;7.0;7.4;5.3;1.6;0.4;3.3;2.6;21.3;
20-21;PHO;PG;20;20;34.2;7.5;15.0;.497;1.5;3.3;.446;6.0;11.8;.511;.545;2.9;3.3;.877;0.5;3.1;3.5;8.6;1.2;0.2;2.2;2.4;19.2;
21-22;PHO;PG;<strong>6</strong>;6;36.8;8.5;15.0;.567;1.3;4.3;.308;7.2;10.7;.672;.611;4.0;4.2;.960;0.7;3.7;4.3;<strong>11.3</strong>;1.8;0.2;1.5;2.5;22.3;
Career;;135;135;36.8;7.6;15.8;.484;1.7;4.5;.371;6.0;11.3;.529;.537;3.8;4.4;.855;0.7;4.2;4.9;8.5;2.0;0.2;2.6;2.9;20.7;
Totals
05-06;NOK;PG;78;78;2808;407;947;.430;50;177;.282;357;770;.464;.456;394;465;.847;61;339;400;611;<strong>175</strong>;6;183;218;1258;
06-07;NOK;PG;64;64;2353;381;871;.437;50;143;.350;331;728;.455;.466;292;357;.818;54;226;280;569;118;3;161;154;1104;
07-08;NOH;PG;80;80;3006;630;1291;.488;92;249;.369;538;1042;.516;.524;332;390;.851;62;259;321;<strong>925</strong>;<strong>217</strong>;4;201;185;1684;
08-09;NOH;PG;78;78;3002;631;1255;.503;64;176;.364;567;1079;.525;.528;455;524;.868;69;363;432;<strong>861</strong>;<strong>216</strong>;10;231;212;1781;
09-10;NOH;PG;45;45;1712;314;637;.493;52;127;.409;262;510;.514;.534;161;190;.847;20;171;191;480;96;8;112;118;841;
10-11;NOH;PG;80;80;2880;430;928;.463;71;183;.388;359;745;.482;.502;337;384;.878;38;289;327;782;<strong>188</strong>;5;177;196;1268;
11-12;LAC;PG;60;60;2181;425;890;.478;79;213;.371;346;677;.511;.522;260;302;.861;42;171;213;543;<strong>152</strong>;4;124;138;1189;
12-13;LAC;PG;70;70;2335;412;856;.481;76;232;.328;336;624;.538;.526;286;323;.885;53;209;262;678;169;10;159;143;1186;
13-14;LAC;PG;62;62;2171;406;870;.467;78;212;.368;328;658;.498;.511;295;345;.855;38;230;268;663;154;4;145;157;1185;
14-15;LAC;PG;82;82;2857;568;1170;.485;139;349;.398;429;821;.523;.545;289;321;.900;52;324;376;<strong>838</strong>;156;15;190;203;1564;
15-16;LAC;PG;74;74;2420;515;1114;.462;122;329;.371;393;785;.501;.517;294;328;.896;39;271;310;738;152;13;194;185;1446;
16-17;LAC;PG;61;61;1921;374;785;.476;124;302;.411;250;483;.518;.555;232;260;.892;40;264;304;563;119;8;147;146;1104;
17-18;HOU;PG;58;58;1847;367;798;.460;144;379;.380;223;419;.532;.550;203;221;.919;37;276;313;457;96;14;128;141;1081;
18-19;HOU;PG;58;58;1857;302;720;.419;127;355;.358;175;365;.479;.508;175;203;.862;36;229;265;473;114;18;152;146;906;
19-20;OKC;PG;70;70;2208;434;887;.489;111;304;.365;323;583;.554;.552;253;279;.907;26;323;349;472;111;11;161;158;1232;
20-21;PHO;PG;70;70;2199;439;879;.499;102;258;.395;337;621;.543;.557;169;181;<strong>.934</strong>;25;287;312;622;99;19;156;166;1149;
21-22;PHO;PG;65;65;2139;363;736;.493;63;199;.317;300;537;.559;.536;169;202;.837;22;261;283;702;121;20;153;134;958;
Career;;1155;1155;39896;7398;15634;.473;1544;4187;.369;5854;11447;.511;.523;4596;5275;.871;714;4492;5206;10977;2453;172;2774;2800;20936;
Playoffs Totals
07-08;NOH;PG;12;12;486;111;221;.502;5;21;.238;106;200;.530;.514;62;79;.785;16;43;59;135;28;2;22;43;289;
08-09;NOH;PG;5;5;201;30;73;.411;5;16;.313;25;57;.439;.445;18;21;.857;4;18;22;52;8;24;8;83;
10-11;NOH;PG;6;6;250;42;77;.545;9;19;.474;33;58;.569;.604;39;49;.796;3;37;40;69;11;22;11;132;
11-12;LAC;PG;11;11;423;70;164;.427;13;39;.333;57;125;.456;.466;41;47;.872;6;50;56;87;30;1;43;30;194;
12-13;LAC;PG;6;6;224;49;92;.533;6;19;.316;43;73;.589;.565;33;37;.892;3;21;24;38;11;9;17;137;
13-14;LAC;PG;13;13;472;92;197;.467;32;70;.457;60;127;.472;.548;41;53;.774;12;43;55;134;37;39;50;257;
14-15;LAC;PG;12;12;445;95;189;.503;27;65;.415;68;124;.548;.574;48;51;.941;7;46;53;105;22;3;26;37;265;
15-16;LAC;PG;4;4;125;37;76;.487;6;20;.300;31;56;.554;.526;15;15;<strong>1.000</strong>;4;12;16;29;9;4;12;95;
16-17;LAC;PG;7;7;260;67;135;.496;14;38;.368;53;97;.546;.548;29;33;.879;4;31;35;69;12;1;19;24;177;
17-18;HOU;PG;15;15;517;118;257;.459;37;99;.374;81;158;.513;.531;44;53;.830;9;80;89;87;30;4;28;47;317;
18-19;HOU;PG;11;11;397;66;148;.446;17;63;.270;49;85;.576;.503;38;45;.844;14;56;70;60;24;7;37;36;187;
19-20;OKC;PG;7;7;261;55;112;.491;16;43;.372;39;69;.565;.563;23;26;.885;3;49;52;37;11;3;23;18;149;
20-21;PHO;PG;20;20;683;149;300;.497;29;65;.446;120;235;.511;.545;57;65;.877;9;61;70;171;23;3;43;48;384;
21-22;PHO;PG;<strong>6</strong>;6;221;51;90;.567;8;26;.308;43;64;.672;.611;24;25;.960;4;22;26;<strong>68</strong>;<strong>11</strong>;1;9;15;134;
Career;;135;135;4965;1032;2131;.484;224;603;.371;808;1528;.529;.537;512;599;.855;98;569;667;1141;267;25;348;396;2800;
Advanced
05-06;NOK;PG;78;2808;22.1;.546;.187;.491;2.5;14.8;8.5;38.2;3.4;0.2;13.7;22.2;6.8;3.6;10.4;.178;3.0;2.2;5.2;5.1;
06-07;NOK;PG;64;2353;22.0;.537;.164;.410;2.6;11.3;6.9;41.3;2.7;0.1;13.5;23.1;6.2;2.6;8.8;.179;3.6;1.4;5.0;4.2;
07-08;NOH;PG;80;3006;28.3;.576;.193;.302;2.4;10.3;6.2;<strong>52.2</strong>;<strong>3.9</strong>;0.1;12.1;25.7;<strong>13.2</strong>;4.6;<strong>17.8</strong>;<strong>.284</strong>;7.2;3.2;10.4;9.3;
08-09;NOH;PG;78;3002;30.0;.599;.140;.418;2.8;14.6;8.7;<strong>54.5</strong>;<strong>3.9</strong>;0.3;13.5;27.5;13.3;5.0;18.3;.292;7.2;<strong>3.8</strong>;11.0;9.9;
09-10;NOH;PG;45;1712;23.7;.584;.199;.298;1.3;11.9;6.5;45.4;2.9;0.4;13.5;22.2;5.7;1.5;7.3;.204;4.6;1.6;6.2;3.5;
10-11;NOH;PG;80;2880;23.7;.578;.197;.414;1.6;12.3;6.9;45.8;<strong>3.5</strong>;0.1;13.9;21.1;9.5;4.4;13.9;.232;4.4;2.8;7.1;6.7;
11-12;LAC;PG;60;2181;27.0;.581;.239;.339;2.3;9.4;5.8;43.8;<strong>3.8</strong>;0.2;10.8;24.3;<strong>10.4</strong>;2.3;12.7;.278;6.7;2.4;9.2;6.1;
12-13;LAC;PG;70;2335;26.4;.594;.271;.377;2.8;10.5;6.7;<strong>46.5</strong>;3.8;0.4;13.7;22.6;10.6;3.4;13.9;.287;6.4;2.4;8.8;6.4;
13-14;LAC;PG;62;2171;25.9;.580;.244;.397;2.0;11.4;6.9;<strong>48.9</strong>;3.5;0.1;12.4;23.7;9.0;3.2;12.2;.270;6.0;2.6;8.6;5.8;
14-15;LAC;PG;82;2857;26.0;.596;.298;.274;2.1;12.5;7.4;<strong>47.4</strong>;2.8;0.4;12.7;23.7;<strong>12.9</strong>;3.2;16.1;.270;6.4;1.6;8.0;7.2;
15-16;LAC;PG;74;2420;26.2;.575;.295;.294;1.8;12.0;7.0;<strong>52.7</strong>;3.1;0.4;13.4;27.1;9.2;3.5;12.7;.253;5.9;2.0;7.9;6.0;
16-17;LAC;PG;61;1921;26.2;.614;.385;.331;2.4;15.0;8.8;46.8;3.1;0.3;14.0;24.4;7.9;2.6;10.6;.264;6.3;2.5;8.7;5.2;
17-18;HOU;PG;58;1847;24.4;.604;.475;.277;2.3;16.7;9.5;40.9;2.6;0.6;12.5;24.5;7.5;2.7;10.2;.265;5.2;1.8;7.1;4.2;
18-19;HOU;PG;58;1857;19.7;.560;.493;.282;2.1;13.9;7.9;39.3;3.0;0.8;15.8;22.5;4.4;2.2;6.6;.172;2.7;1.1;3.9;2.8;
19-20;OKC;PG;70;2208;21.7;.610;.343;.315;1.3;15.7;8.7;34.0;2.4;0.4;13.8;23.3;5.9;3.0;8.9;.193;3.0;1.4;4.4;3.5;
20-21;PHO;PG;70;2199;21.4;.599;.294;.206;1.3;14.5;8.0;40.9;2.2;0.8;14.0;22.6;6.5;2.7;9.2;.201;3.5;1.1;4.6;3.6;
21-22;PHO;PG;65;2139;20.8;.581;.270;.274;1.1;12.8;7.1;44.5;2.7;0.8;15.6;19.7;5.8;3.6;9.4;.210;3.1;2.3;5.4;4.0;
Career;;1155;39896;24.6;.583;.268;.337;2.1;12.9;7.5;45.3;3.2;0.4;13.4;23.6;144.9;54.0;198.9;.239;5.1;2.2;7.3;93.7;
Playoffs Advanced
07-08;NOH;PG;12;486;<strong>30.7</strong>;.565;.095;.357;3.7;9.8;6.8;<strong>50.1</strong>;3.2;0.4;7.9;27.8;<strong>2.4</strong>;0.5;2.9;<strong>.289</strong>;<strong>8.2</strong>;3.1;<strong>11.3</strong>;1.6;
08-09;NOH;PG;5;201;16.1;.505;.219;.288;2.3;11.4;6.7;<strong>60.2</strong>;2.1;22.6;25.1;-0.1;-0.1;-0.035;2.8;-1.3;1.5;0.2;
10-11;NOH;PG;6;250;<strong>28.9</strong>;.670;.247;.636;1.6;18.6;10.3;<strong>53.5</strong>;2.5;18.2;24.1;1.1;0.1;1.3;<strong>.242</strong>;<strong>8.0</strong>;2.5;<strong>10.5</strong>;0.8;
11-12;LAC;PG;11;423;20.0;.525;.238;.287;1.8;14.5;8.1;37.7;<strong>3.8</strong>;0.2;18.9;26.0;0.5;0.4;0.9;.103;2.6;1.1;3.7;0.6;
12-13;LAC;PG;6;224;<strong>29.2</strong>;.633;.207;.402;1.8;11.6;6.9;33.0;2.7;7.7;25.4;1.2;1.2;.267;8.3;1.4;9.7;0.7;
13-14;LAC;PG;13;472;23.6;.583;.355;.269;2.8;10.8;6.7;<strong>45.4</strong>;<strong>3.9</strong>;15.0;23.9;1.5;0.5;1.9;.195;6.4;2.4;8.8;1.3;
14-15;LAC;PG;12;445;25.7;.627;.344;.270;1.7;10.7;6.3;39.1;2.4;0.6;11.0;23.2;2.0;0.3;2.3;<strong>.248</strong>;7.2;1.5;8.7;1.2;
15-16;LAC;PG;4;125;33.2;.575;.263;.197;3.2;9.4;6.3;48.5;3.7;4.6;30.9;0.7;0.2;0.8;.322;9.1;4.9;14.0;0.5;
16-17;LAC;PG;7;260;27.8;.592;.281;.244;1.9;15.6;8.6;52.9;2.5;0.4;11.3;31.2;1.0;0.4;1.3;.246;8.0;2.3;10.4;0.8;
17-18;HOU;PG;15;517;22.8;.565;.385;.206;1.9;17.4;9.5;30.8;2.9;0.7;9.1;26.7;1.4;0.7;2.1;.193;4.2;2.5;6.6;1.1;
18-19;HOU;PG;11;397;17.6;.557;.426;.304;4.1;15.4;9.9;25.1;3.0;1.6;18.1;22.7;0.5;0.6;1.1;.132;0.7;1.7;2.5;0.4;
19-20;OKC;PG;7;261;19.3;.604;.384;.232;1.2;18.9;10.4;26.1;2.0;1.4;15.7;24.2;0.4;0.4;0.8;.141;1.9;2.2;4.1;0.4;
20-21;PHO;PG;20;683;20.7;.584;.217;.217;1.6;9.4;5.7;39.5;1.7;0.4;11.6;24.8;1.7;0.9;2.5;.178;4.3;0.7;5.0;1.2;
21-22;PHO;PG;<strong>6</strong>;221;29.9;.663;.289;.278;2.3;11.0;6.9;<strong>45.8</strong>;2.6;0.4;8.2;23.3;<strong>1.2</strong>;0.1;<strong>1.4</strong>;.296;7.8;2.2;10.0;<strong>0.7</strong>;
Career;;135;4965;23.9;.585;.283;.281;2.3;13.0;7.7;40.6;2.8;0.5;12.7;25.4;15.4;5.0;20.4;.197;5.3;1.8;7.2;11.6;
