Chris Bosh;Center and Power Forward;Left;1984-03-24;;6-11;235;Lincoln in Dallas,Texas;;;;-1;;
Per Game
03-04;TOR;C;75;63;33.5;4.4;9.5;.459;0.1;0.2;.357;4.3;9.3;.461;.463;2.7;3.8;.701;2.5;4.9;7.4;1.0;0.8;1.4;1.4;2.9;11.5;
04-05;TOR;PF;81;81;37.2;5.8;12.4;.471;0.1;.300;5.8;12.3;.472;.472;5.1;6.7;.760;2.4;6.5;8.9;1.9;0.9;1.4;2.3;2.8;16.8;
05-06;TOR;C;70;70;39.3;7.8;15.5;.505;0.2;7.8;15.3;.511;.505;6.8;8.3;.816;2.9;6.3;9.2;2.6;0.7;1.1;2.2;3.0;22.5;
06-07;TOR;C;69;69;38.5;7.9;15.9;.496;0.2;0.5;.343;7.7;15.3;.501;.502;6.7;8.6;.785;2.7;8.0;10.7;2.5;0.6;1.3;2.6;2.4;22.6;
07-08;TOR;C;67;67;36.2;7.6;15.3;.494;0.1;0.4;.400;7.4;15.0;.496;.499;7.0;8.3;.844;2.6;6.1;8.7;2.6;0.9;1.0;2.3;2.3;22.3;
08-09;TOR;C;77;77;38.0;8.0;16.4;.487;0.2;0.6;.245;7.8;15.8;.497;.492;6.5;8.0;.817;2.8;7.2;10.0;2.5;0.9;1.0;2.3;2.5;22.7;
09-10;TOR;C;70;70;36.1;8.6;16.5;.518;0.1;0.3;.364;8.5;16.2;.521;.522;6.7;8.4;.797;2.9;7.9;10.8;2.4;0.6;1.0;2.4;2.4;24.0;
10-11;MIA;PF;77;77;36.3;6.8;13.7;.496;0.1;0.3;.240;6.7;13.4;.502;.499;5.0;6.1;.815;1.8;6.5;8.3;1.9;0.8;0.6;1.8;2.2;18.7;
11-12;MIA;PF;57;57;35.2;6.9;14.2;.487;0.2;0.6;.286;6.7;13.5;.496;.493;4.0;4.9;.821;1.6;6.3;7.9;1.8;0.9;0.8;2.1;2.2;18.0;
12-13;MIA;C;74;74;33.2;6.6;12.3;.535;0.3;1.0;.284;6.3;11.3;.557;.546;3.3;4.1;.798;1.8;5.0;6.8;1.7;0.9;1.4;1.7;2.3;16.6;
13-14;MIA;C;79;79;32.0;6.2;12.1;.516;0.9;2.8;.339;5.3;9.3;.569;.555;2.8;3.4;.820;1.2;5.4;6.6;1.1;1.0;1.0;1.6;2.4;16.2;
14-15;MIA;C;44;44;35.4;7.8;16.9;.460;1.4;3.8;.375;6.4;13.1;.485;.503;4.1;5.3;.772;1.0;6.0;7.0;2.2;0.9;0.6;2.2;1.6;21.1;
15-16;MIA;PF;53;53;33.5;6.8;14.5;.467;1.5;4.2;.365;5.2;10.3;.508;.520;4.0;5.1;.795;0.9;6.5;7.4;2.4;0.7;0.6;1.5;1.9;19.1;
Career;;893;881;35.8;7.0;14.1;.494;0.3;1.0;.335;6.6;13.1;.506;.506;5.0;6.3;.799;2.2;6.3;8.5;2.0;0.8;1.0;2.0;2.4;19.2;
Playoffs Per Game
06-07;TOR;C;6;6;37.0;6.0;15.2;.396;0.2;0.8;.200;5.8;14.3;.407;.401;5.3;6.3;.842;1.2;7.8;9.0;2.5;0.8;1.8;2.0;3.2;17.5;
07-08;TOR;C;5;5;39.8;8.4;17.8;.472;0.2;1.4;.143;8.2;16.4;.500;.478;7.0;8.4;.833;4.0;5.0;9.0;3.6;1.6;0.4;2.6;3.8;24.0;
10-11;MIA;PF;<strong>21</strong>;21;39.7;6.6;13.9;.474;0.2;6.6;13.7;.481;.474;5.4;6.7;.814;2.2;6.2;8.5;1.1;0.7;0.9;1.9;2.3;18.6;
11-12;MIA;PF;14;10;31.4;5.2;10.6;.493;0.5;0.9;.538;4.7;9.6;.489;.517;3.1;3.7;.827;2.6;5.2;7.8;0.6;0.4;1.0;1.4;1.4;14.0;
12-13;MIA;C;<strong>23</strong>;23;32.7;4.8;10.4;.458;0.7;1.6;.405;4.1;8.8;.468;.490;1.9;2.6;.733;1.7;5.6;7.3;1.5;1.0;1.6;1.2;2.9;12.1;
13-14;MIA;C;20;20;34.3;5.8;11.5;.507;1.5;3.7;.405;4.3;7.8;.555;.572;1.8;2.4;.750;1.2;4.4;5.6;1.1;0.9;1.0;0.7;2.6;14.9;
Career;;89;85;35.2;5.8;12.2;.473;0.6;1.6;.386;5.2;10.7;.486;.498;3.4;4.3;.800;1.9;5.5;7.5;1.3;0.8;1.1;1.4;2.5;15.6;
Totals
03-04;TOR;C;75;63;2510;327;712;.459;5;14;.357;322;698;.461;.463;202;288;.701;191;366;557;78;59;106;107;215;861;
04-05;TOR;PF;81;81;3017;473;1005;.471;3;10;.300;470;995;.472;.472;412;542;.760;194;524;718;153;76;113;187;226;1361;
05-06;TOR;C;70;70;2751;549;1087;.505;13;549;1074;.511;.505;474;581;.816;204;443;647;181;50;79;157;209;1572;
06-07;TOR;C;69;69;2658;543;1094;.496;12;35;.343;531;1059;.501;.502;463;590;.785;186;555;741;175;39;90;179;163;1561;
07-08;TOR;C;67;67;2425;507;1027;.494;10;25;.400;497;1002;.496;.499;472;559;.844;174;409;583;171;63;67;153;157;1496;
08-09;TOR;C;77;77;2928;615;1263;.487;12;49;.245;603;1214;.497;.492;504;617;.817;215;556;771;191;67;77;174;189;1746;
09-10;TOR;C;70;70;2526;600;1158;.518;8;22;.364;592;1136;.521;.522;470;590;.797;205;554;759;166;43;68;169;170;1678;
10-11;MIA;PF;77;77;2795;524;1056;.496;6;25;.240;518;1031;.502;.499;384;471;.815;141;500;641;144;59;49;138;172;1438;
11-12;MIA;PF;57;57;2007;393;807;.487;10;35;.286;383;772;.496;.493;229;279;.821;94;358;452;103;51;45;117;128;1025;
12-13;MIA;C;74;74;2454;485;907;.535;21;74;.284;464;833;.557;.546;241;302;.798;131;370;501;123;66;101;128;168;1232;
13-14;MIA;C;79;79;2531;492;953;.516;74;218;.339;418;735;.569;.555;223;272;.820;98;424;522;87;80;78;125;192;1281;
14-15;MIA;C;44;44;1556;343;745;.460;63;168;.375;280;577;.485;.503;179;232;.772;46;264;310;95;41;25;95;69;928;
15-16;MIA;PF;53;53;1778;358;767;.467;81;222;.365;277;545;.508;.520;213;268;.795;48;342;390;128;36;34;78;101;1010;
Career;;893;881;31936;6209;12581;.494;305;910;.335;5904;11671;.506;.506;4466;5591;.799;1927;5665;7592;1795;730;932;1807;2159;17189;
Playoffs Totals
06-07;TOR;C;6;6;222;36;91;.396;1;5;.200;35;86;.407;.401;32;38;.842;7;47;54;15;5;11;12;19;105;
07-08;TOR;C;5;5;199;42;89;.472;1;7;.143;41;82;.500;.478;35;42;.833;20;25;45;18;8;2;13;19;120;
10-11;MIA;PF;<strong>21</strong>;21;834;138;291;.474;4;138;287;.481;.474;114;140;.814;47;131;178;23;14;19;40;48;390;
11-12;MIA;PF;14;10;439;73;148;.493;7;13;.538;66;135;.489;.517;43;52;.827;36;73;109;8;6;14;20;20;196;
12-13;MIA;C;<strong>23</strong>;23;751;110;240;.458;15;37;.405;95;203;.468;.490;44;60;.733;38;129;167;34;23;36;27;67;279;
13-14;MIA;C;20;20;686;116;229;.507;30;74;.405;86;155;.555;.572;36;48;.750;24;88;112;21;17;20;14;51;298;
Career;;89;85;3131;515;1088;.473;54;140;.386;461;948;.486;.498;304;380;.800;172;493;665;119;73;102;126;224;1388;
Advanced
03-04;TOR;C;75;2510;15.1;.513;.020;.404;8.7;16.9;12.8;5.8;1.3;3.1;11.3;18.3;2.5;3.8;6.2;.119;-1.2;0.5;-0.8;0.8;
04-05;TOR;PF;81;3017;17.5;.547;.010;.539;7.1;20.0;13.5;8.6;1.3;2.7;13.1;21.7;3.9;2.9;6.8;.108;0.1;-0.3;-0.2;1.4;
05-06;TOR;C;70;2751;23.2;.585;.012;.534;8.7;20.6;14.4;11.8;1.0;2.3;10.5;25.2;8.7;1.1;9.8;.170;3.9;-1.0;2.9;3.4;
06-07;TOR;C;69;2658;22.6;.577;.032;.539;8.1;24.8;16.4;11.7;0.8;2.6;11.7;26.7;6.1;3.5;9.6;.174;2.8;-0.1;2.7;3.1;
07-08;TOR;C;67;2425;23.8;.588;.024;.544;8.4;20.1;14.2;12.1;1.4;2.2;10.7;27.7;7.0;3.1;10.1;.200;4.0;0.4;4.4;3.9;
08-09;TOR;C;77;2928;22.1;.569;.039;.489;8.7;22.1;15.5;11.6;1.2;2.0;10.2;26.9;6.6;3.1;9.7;.159;3.0;-0.4;2.7;3.5;
09-10;TOR;C;70;2526;25.0;.592;.019;.509;9.9;25.2;17.7;11.5;0.9;2.1;10.7;28.7;7.9;1.7;9.6;.182;4.8;-1.2;3.6;3.6;
10-11;MIA;PF;77;2795;19.4;.569;.024;.446;6.4;20.0;13.6;8.9;1.1;1.4;9.8;23.5;6.1;4.3;10.3;.177;1.4;-0.2;1.3;2.3;
11-12;MIA;PF;57;2007;18.9;.551;.043;.346;5.8;20.5;13.5;9.1;1.3;1.8;11.2;24.2;3.6;3.3;6.9;.165;1.0;-0.2;0.8;1.4;
12-13;MIA;C;74;2454;20.0;.592;.082;.333;7.0;17.6;12.6;8.4;1.4;3.4;11.0;22.7;5.6;3.4;9.0;.175;1.5;-0.2;1.3;2.1;
13-14;MIA;C;79;2531;19.0;.597;.229;.285;5.1;20.3;13.0;5.8;1.7;2.7;10.4;22.6;4.6;3.4;8.0;.152;1.3;-0.4;0.8;1.8;
14-15;MIA;C;44;1556;19.8;.548;.226;.311;3.6;20.0;12.0;12.0;1.4;1.4;10.1;28.4;2.1;1.5;3.6;.111;2.5;-1.3;1.3;1.3;
15-16;MIA;PF;53;1778;20.2;.571;.289;.349;3.2;21.1;12.4;12.1;1.0;1.5;8.1;24.7;4.1;2.3;6.4;.172;3.6;0.5;4.0;2.7;
Career;;893;31936;20.6;.571;.072;.444;7.2;20.7;14.1;9.9;1.2;2.3;10.7;24.6;68.8;37.2;106.0;.159;2.2;-0.3;1.9;31.1;
Playoffs Advanced
06-07;TOR;C;6;222;18.0;.487;.055;.418;3.9;25.4;14.9;13.1;1.2;4.6;10.0;26.0;0.1;0.3;0.3;.074;0.1;0.3;0.4;0.1;
07-08;TOR;C;5;199;23.0;.558;.079;.472;11.4;14.3;12.8;16.0;2.1;1.0;10.8;27.9;0.5;0.1;0.6;.141;4.1;0.1;4.2;0.3;
10-11;MIA;PF;<strong>21</strong>;834;18.4;.553;.014;.481;7.0;18.6;12.9;5.4;0.9;1.9;10.2;23.0;1.6;1.0;2.6;.149;1.5;-0.4;1.1;0.6;
11-12;MIA;PF;14;439;19.7;.574;.088;.351;10.2;19.7;15.1;3.3;0.7;2.6;10.5;20.8;1.1;0.6;1.7;.183;2.9;-0.4;2.5;0.5;
12-13;MIA;C;<strong>23</strong>;751;16.8;.524;.154;.250;6.4;20.8;13.7;7.6;1.7;4.1;9.2;18.9;1.0;1.2;2.2;.140;1.1;0.8;1.9;0.7;
13-14;MIA;C;20;686;18.2;.596;.323;.210;4.8;16.5;10.9;5.4;1.4;2.7;5.3;19.7;1.4;0.6;2.0;.140;2.9;-0.8;2.1;0.7;
Career;;89;3131;18.4;.553;.129;.349;6.9;19.0;13.1;6.9;1.3;2.8;9.1;21.5;5.7;3.7;9.4;.144;2.0;-0.1;1.8;3.0;
