Chris Copeland;Small Forward and Power Forward;Right;1984-03-17;;6-9;239;Hermitage in Henrico,Virginia;;;;-1;;
Per Game
12-13;NYK;PF;56;13;15.4;3.3;6.8;.479;1.1;2.5;.421;2.2;4.3;.513;.557;1.1;1.5;.759;0.6;1.5;2.1;0.5;0.3;0.2;0.9;1.9;8.7;
13-14;IND;SF;41;6.5;1.3;2.9;.470;0.8;1.9;.418;0.5;0.9;.579;.611;0.2;0.3;.714;0.2;0.6;0.8;0.4;0.1;0.2;0.3;0.9;3.7;
14-15;IND;SF;50;12;16.6;2.2;6.2;.361;1.0;3.3;.311;1.2;2.9;.420;.445;0.7;0.9;.733;0.5;1.8;2.2;1.0;0.2;0.2;1.2;1.6;6.2;
15-16;MIL;PF;24;1;6.5;0.7;2.1;.333;0.4;1.5;.278;0.3;0.6;.467;.431;0.3;0.3;.857;0.4;0.4;0.5;0.1;0.3;0.7;2.1;
Career;;171;26;12.3;2.1;5.0;.427;0.9;2.5;.365;1.2;2.5;.486;.516;0.7;0.9;.752;0.4;1.2;1.6;0.6;0.2;0.2;0.8;1.4;5.8;
Playoffs Per Game
12-13;NYK;PF;9;1;10.3;1.3;3.3;.400;1.2;2.6;.478;0.1;0.8;.143;.583;0.2;0.2;1.000;0.2;0.8;1.0;0.1;0.6;0.4;1.0;4.1;
13-14;IND;SF;12;6.8;1.0;2.3;.429;0.5;1.3;.375;0.5;1.0;.500;.536;0.5;0.8;.667;0.1;0.3;0.4;0.1;0.3;0.3;0.4;1.1;3.0;
Career;;21;1;8.3;1.1;2.8;.414;0.8;1.9;.436;0.3;0.9;.368;.560;0.4;0.5;.727;0.1;0.5;0.7;0.1;0.4;0.1;0.4;1.0;3.5;
Totals
12-13;NYK;PF;56;13;862;182;380;.479;59;140;.421;123;240;.513;.557;63;83;.759;34;85;119;27;16;12;50;104;486;
13-14;IND;SF;41;265;55;117;.470;33;79;.418;22;38;.579;.611;10;14;.714;7;25;32;18;3;7;14;38;153;
14-15;IND;SF;50;12;828;112;310;.361;52;167;.311;60;143;.420;.445;33;45;.733;23;88;111;51;11;11;59;78;309;
15-16;MIL;PF;24;1;156;17;51;.333;10;36;.278;7;15;.467;.431;6;7;.857;1;9;10;11;2;6;17;50;
Career;;171;26;2111;366;858;.427;154;422;.365;212;436;.486;.516;112;149;.752;65;207;272;107;32;30;129;237;998;
Playoffs Totals
12-13;NYK;PF;9;1;93;12;30;.400;11;23;.478;1;7;.143;.583;2;2;1.000;2;7;9;1;5;4;9;37;
13-14;IND;SF;12;82;12;28;.429;6;16;.375;6;12;.500;.536;6;9;.667;1;4;5;1;3;3;5;13;36;
Career;;21;1;175;24;58;.414;17;39;.436;7;19;.368;.560;8;11;.727;3;11;14;2;8;3;9;22;73;
Advanced
12-13;NYK;PF;56;862;16.8;.583;.368;.218;4.5;11.9;8.1;5.7;1.0;1.2;10.7;25.3;1.5;0.6;2.1;.117;1.1;-1.6;-0.5;0.3;
13-14;IND;SF;41;265;17.6;.621;.675;.120;3.1;10.1;6.8;12.6;0.6;2.0;10.2;23.7;0.6;0.4;1.0;.186;4.2;0.3;4.5;0.4;
14-15;IND;SF;50;828;7.4;.468;.539;.145;3.1;11.7;7.4;9.9;0.7;1.0;15.2;21.3;-0.9;0.8;-0.1;-0.008;-2.5;-1.2;-3.7;-0.4;
15-16;MIL;PF;24;156;5.4;.462;.706;.137;0.7;6.5;3.7;10.3;0.7;10.0;17.3;-0.1;-0.1;-0.017;-3.3;-3.1;-6.4;-0.2;
Career;;171;2111;12.4;.540;.492;.174;3.5;11.2;7.3;8.6;0.8;1.1;12.3;22.9;1.2;1.8;2.9;.067;-0.3;-1.3;-1.6;0.2;
Playoffs Advanced
12-13;NYK;PF;9;93;13.7;.599;.767;.067;2.4;9.7;5.7;1.9;3.0;11.5;18.1;0.1;0.2;0.3;.147;3.2;-0.1;3.1;0.1;
13-14;IND;SF;12;82;10.6;.563;.571;.321;1.5;5.8;3.7;2.2;2.0;3.4;13.5;22.0;0.1;0.1;.055;-1.2;-1.1;-2.3;
Career;;21;175;12.3;.581;.672;.190;2.0;7.8;4.8;2.1;2.5;1.6;12.5;19.9;0.1;0.3;0.4;.104;1.1;-0.5;0.6;0.1;
