Chris Douglas-Roberts;Small Forward and Shooting Guard;Right;1987-01-08;;6-7;200;Cass Technical in Detroit,Michigan;;;;-1;;
Per Game
08-09;NJN;SG;44;3;13.3;1.8;4.0;.460;0.1;0.3;.250;1.8;3.7;.476;.469;1.2;1.4;.823;0.3;0.8;1.1;1.2;0.3;0.2;0.7;0.8;4.9;
09-10;NJN;SF;67;38;25.8;3.8;8.6;.445;0.2;0.8;.259;3.6;7.7;.464;.457;2.0;2.3;.847;0.7;2.3;3.0;1.4;0.8;0.3;1.4;1.5;9.8;
10-11;MIL;SF;44;12;20.1;2.7;6.2;.429;0.3;1.0;.326;2.3;5.2;.449;.456;1.7;2.0;.831;0.2;1.8;2.0;1.1;0.7;0.3;0.8;1.7;7.3;
12-13;DAL;SG;6;10.5;0.8;2.3;.357;0.7;0.8;1.7;.500;.357;1.2;1.7;.700;0.8;0.8;0.7;0.3;0.2;0.7;2.8;
13-14;CHA;SF;49;8;20.7;2.3;5.1;.440;1.0;2.7;.386;1.2;2.4;.500;.542;1.3;1.7;.805;0.3;2.1;2.4;1.0;0.6;0.3;0.7;1.2;6.9;
14-15;LAC;SG;12;8.6;0.4;1.8;.238;0.1;0.6;.143;0.3;1.2;.286;.262;0.7;0.7;1.000;0.1;0.9;1.0;0.3;0.1;1.2;1.6;
Career;;222;61;19.7;2.6;5.9;.439;0.4;1.1;.329;2.2;4.7;.465;.471;1.5;1.8;.831;0.4;1.8;2.1;1.1;0.6;0.2;0.9;1.3;7.1;
Playoffs Per Game
13-14;CHA;SF;4;17.5;2.8;4.0;.688;1.0;2.0;.500;1.8;2.0;.875;.813;3.0;3.5;.857;0.5;1.5;2.0;0.5;1.0;2.8;9.5;
Career;;4;17.5;2.8;4.0;.688;1.0;2.0;.500;1.8;2.0;.875;.813;3.0;3.5;.857;0.5;1.5;2.0;0.5;1.0;2.8;9.5;
Totals
08-09;NJN;SG;44;3;585;81;176;.460;3;12;.250;78;164;.476;.469;51;62;.823;14;36;50;52;12;7;31;34;216;
09-10;NJN;SF;67;38;1730;255;573;.445;14;54;.259;241;519;.464;.457;133;157;.847;45;153;198;93;55;19;97;101;657;
10-11;MIL;SF;44;12;884;117;273;.429;15;46;.326;102;227;.449;.456;74;89;.831;7;81;88;50;29;13;35;73;323;
12-13;DAL;SG;6;63;5;14;.357;4;5;10;.500;.357;7;10;.700;5;5;4;2;1;4;17;
13-14;CHA;SF;49;8;1016;111;252;.440;51;132;.386;60;120;.500;.542;66;82;.805;16;103;119;51;29;16;36;61;339;
14-15;LAC;SG;12;103;5;21;.238;1;7;.143;4;14;.286;.262;8;8;1.000;1;11;12;4;1;14;19;
Career;;222;61;4381;574;1309;.439;84;255;.329;490;1054;.465;.471;339;408;.831;83;389;472;254;128;55;200;287;1571;
Playoffs Totals
13-14;CHA;SF;4;70;11;16;.688;4;8;.500;7;8;.875;.813;12;14;.857;2;6;8;2;4;11;38;
Career;;4;70;11;16;.688;4;8;.500;7;8;.875;.813;12;14;.857;2;6;8;2;4;11;38;
Advanced
08-09;NJN;SG;44;585;12.2;.531;.068;.352;2.8;7.4;5.1;14.8;1.1;1.0;13.2;18.7;0.4;0.2;0.6;.046;-1.3;-1.2;-2.5;-0.1;
09-10;NJN;SF;67;1730;11.5;.512;.094;.274;2.9;10.7;6.6;9.5;1.7;0.8;13.1;19.6;-0.2;0.9;0.7;.020;-2.2;-0.9;-3.2;-0.5;
10-11;MIL;SF;44;884;11.5;.517;.168;.326;0.9;11.0;5.8;9.8;1.8;1.2;10.1;18.4;0.4;1.3;1.6;.088;-2.5;1.0;-1.4;0.1;
12-13;DAL;SG;6;63;8.3;.462;.286;.714;8.7;4.4;8.9;1.6;5.2;14.0;0.1;.041;-3.9;0.2;-3.8;
13-14;CHA;SF;49;1016;12.2;.588;.524;.325;1.8;11.5;6.6;7.9;1.5;1.2;11.1;14.7;1.1;1.2;2.4;.113;-1.1;0.5;-0.5;0.4;
14-15;LAC;SG;12;103;3.3;.387;.333;.381;1.1;11.8;6.6;5.0;0.5;10.7;0.1;.020;-5.6;-1.2;-6.8;-0.1;
Career;;222;4381;11.5;.528;.195;.312;2.1;10.5;6.2;9.8;1.5;1.0;11.8;17.8;1.7;3.6;5.4;.059;-2.0;-0.2;-2.2;-0.2;
Playoffs Advanced
13-14;CHA;SF;4;70;18.9;.857;.500;.875;3.5;11.2;7.2;5.2;15.3;17.8;0.3;0.3;.211;1.8;1.2;3.1;0.1;
Career;;4;70;18.9;.857;.500;.875;3.5;11.2;7.2;5.2;15.3;17.8;0.3;0.3;.211;1.8;1.2;3.1;0.1;
