Chris Kaman;Center;Right;1982-04-28;;7-0;265;Tri-Unity Christian in Wyoming,Michigan;;;;-1;;
Per Game
03-04;LAC;C;82;61;22.5;2.4;5.3;.460;2.4;5.3;.462;.460;1.2;1.7;.697;1.5;4.1;5.6;1.0;0.3;0.9;1.9;2.6;6.1;
04-05;LAC;C;63;50;25.9;3.9;7.9;.497;3.9;7.8;.498;.497;1.3;1.9;.661;2.1;4.6;6.7;1.2;0.4;1.1;1.8;2.9;9.1;
05-06;LAC;C;78;78;32.8;4.7;9.1;.523;4.7;9.0;.524;.523;2.5;3.2;.770;2.4;7.2;9.6;1.0;0.6;1.4;2.3;3.4;11.9;
06-07;LAC;C;75;66;29.0;3.9;8.7;.451;3.9;8.7;.452;.451;2.2;3.0;.741;2.1;5.7;7.8;1.1;0.5;1.5;2.0;3.3;10.1;
07-08;LAC;C;56;55;37.2;6.0;12.5;.483;0.1;6.0;12.4;.486;.483;3.6;4.7;.762;3.1;9.6;12.7;1.9;0.6;2.8;2.9;3.2;15.7;
08-09;LAC;C;31;24;29.7;5.2;9.8;.528;5.2;9.8;.528;.528;1.6;2.4;.680;2.4;5.5;8.0;1.5;0.5;1.5;2.7;3.0;12.0;
09-10;LAC;C;76;76;34.3;7.8;15.8;.490;0.1;7.8;15.7;.492;.490;3.0;4.0;.749;2.4;6.8;9.3;1.6;0.5;1.2;2.9;2.8;18.5;
10-11;LAC;C;32;15;26.2;5.5;11.8;.471;5.5;11.8;.471;.471;1.3;1.8;.754;1.6;5.4;7.0;1.4;0.5;1.5;1.8;2.3;12.4;
11-12;NOH;C;47;33;29.2;5.7;12.7;.446;5.7;12.7;.446;.446;1.8;2.3;.785;1.9;5.9;7.7;2.1;0.5;1.6;2.7;2.3;13.1;
12-13;DAL;C;66;52;20.7;4.7;9.3;.507;4.7;9.3;.508;.507;1.0;1.3;.788;1.5;4.2;5.6;0.8;0.4;0.8;1.6;2.1;10.5;
13-14;LAL;C;39;13;18.9;4.5;8.9;.509;0.1;4.5;8.8;.513;.509;1.3;1.7;.765;1.4;4.5;5.9;1.5;0.3;1.0;1.9;2.4;10.4;
14-15;POR;C;74;13;18.9;3.8;7.4;.515;3.8;7.4;.515;.515;1.0;1.4;.706;2.0;4.5;6.5;0.9;0.2;0.7;1.5;1.9;8.6;
15-16;POR;C;16;2;7.0;1.3;2.7;.465;0.1;0.3;.250;1.2;2.4;.487;.477;0.2;0.2;1.000;0.4;1.1;1.5;0.7;0.1;0.1;0.5;0.9;2.8;
Career;;735;538;26.7;4.7;9.6;.489;.042;4.7;9.5;.490;.489;1.8;2.5;.743;2.0;5.6;7.6;1.3;0.4;1.3;2.1;2.7;11.2;
Playoffs Per Game
05-06;LAC;C;11;10;29.5;4.6;7.8;.593;4.6;7.8;.593;.593;1.5;1.9;.762;1.9;6.1;8.0;0.9;0.5;0.8;3.0;3.5;10.7;
14-15;POR;C;3;12.3;1.3;2.7;.500;1.3;2.7;.500;.500;0.3;0.3;1.000;1.7;3.0;4.7;1.0;1.0;1.7;3.0;
15-16;POR;C;4;8.0;1.8;4.5;.389;1.8;4.5;.389;.389;0.5;1.5;2.0;0.3;0.5;1.5;2.5;3.5;
Career;;18;10;21.8;3.4;6.2;.554;3.4;6.2;.554;.554;0.9;1.2;.773;1.6;4.6;6.1;0.8;0.4;0.5;2.3;2.9;7.8;
Totals
03-04;LAC;C;82;61;1843;200;435;.460;2;200;433;.462;.460;99;142;.697;126;335;461;85;23;73;155;211;499;
04-05;LAC;C;63;50;1632;246;495;.497;1;246;494;.498;.497;80;121;.661;135;288;423;73;26;68;115;182;572;
05-06;LAC;C;78;78;2560;369;706;.523;2;369;704;.524;.523;194;252;.770;187;563;750;79;45;108;176;269;932;
06-07;LAC;C;75;66;2176;294;652;.451;1;294;651;.452;.451;166;224;.741;160;428;588;79;41;116;147;251;754;
07-08;LAC;C;56;55;2083;338;700;.483;4;338;696;.486;.483;202;265;.762;173;538;711;107;33;155;164;179;878;
08-09;LAC;C;31;24;921;161;305;.528;161;305;.528;.528;51;75;.680;75;172;247;46;17;45;84;93;373;
09-10;LAC;C;76;76;2608;589;1202;.490;6;589;1196;.492;.490;230;307;.749;184;520;704;120;37;94;223;213;1408;
10-11;LAC;C;32;15;838;177;376;.471;177;376;.471;.471;43;57;.754;51;174;225;46;16;48;58;75;397;
11-12;NOH;C;47;33;1372;266;597;.446;266;597;.446;.446;84;107;.785;89;275;364;101;25;77;129;106;616;
12-13;DAL;C;66;52;1363;313;617;.507;1;313;616;.508;.507;67;85;.788;97;275;372;51;29;52;103;141;693;
13-14;LAL;C;39;13;736;176;346;.509;3;176;343;.513;.509;52;68;.765;54;175;229;58;11;40;74;93;404;
14-15;POR;C;74;13;1398;283;549;.515;283;549;.515;.515;72;102;.706;149;335;484;65;18;54;108;140;638;
15-16;POR;C;16;2;112;20;43;.465;1;4;.250;19;39;.487;.477;3;3;1.000;7;17;24;11;1;1;8;15;44;
Career;;735;538;19642;3432;7023;.489;1;24;.042;3431;6999;.490;.489;1343;1808;.743;1487;4095;5582;921;322;931;1544;1968;8208;
Playoffs Totals
05-06;LAC;C;11;10;324;51;86;.593;51;86;.593;.593;16;21;.762;21;67;88;10;5;9;33;38;118;
14-15;POR;C;3;37;4;8;.500;4;8;.500;.500;1;1;1.000;5;9;14;3;3;5;9;
15-16;POR;C;4;32;7;18;.389;7;18;.389;.389;2;6;8;1;2;6;10;14;
Career;;18;10;393;62;112;.554;62;112;.554;.554;17;22;.773;28;82;110;14;7;9;42;53;141;
Advanced
03-04;LAC;C;82;1843;9.6;.502;.005;.326;7.7;20.9;14.2;7.7;0.7;2.9;23.8;15.7;-0.9;0.9;.001;-3.4;-0.8;-4.2;-1.0;
04-05;LAC;C;63;1632;13.1;.522;.002;.244;10.2;20.5;15.6;7.7;0.9;3.1;17.3;18.8;0.2;1.9;2.1;.061;-2.1;-0.3;-2.5;-0.2;
05-06;LAC;C;78;2560;15.0;.570;.003;.357;8.9;24.5;17.0;5.0;0.9;3.2;17.7;17.9;1.8;4.3;6.1;.114;-1.3;0.6;-0.7;0.8;
06-07;LAC;C;75;2176;12.9;.502;.002;.344;8.9;23.3;16.2;6.1;1.0;4.1;16.4;19.0;-0.3;3.2;2.9;.063;-3.0;-3.0;-0.5;
07-08;LAC;C;56;2083;17.5;.538;.006;.379;9.5;30.0;19.7;9.3;0.8;5.6;16.7;21.7;0.4;3.2;3.6;.083;-0.9;1.2;0.3;1.2;
08-09;LAC;C;31;921;14.4;.552;.246;9.1;22.2;15.5;8.8;1.0;3.6;19.9;20.9;-0.3;0.8;0.6;.030;-2.8;-0.3;-3.1;-0.3;
09-10;LAC;C;76;2608;16.5;.527;.005;.255;8.1;23.2;15.6;8.6;0.7;2.7;14.3;27.1;2.4;2.4;.044;-1.4;-1.1;-2.5;-0.3;
10-11;LAC;C;32;838;15.7;.495;.152;7.2;24.1;15.7;10.0;1.0;4.5;12.6;24.4;-0.2;1.1;0.8;.047;-1.7;0.3;-1.4;0.1;
11-12;NOH;C;47;1372;15.3;.478;.179;7.9;23.5;15.8;14.0;1.0;4.7;16.7;26.6;-1.2;1.9;0.7;.024;-1.8;0.5;-1.3;0.2;
12-13;DAL;C;66;1363;16.3;.529;.002;.138;8.1;22.1;15.2;6.6;1.1;3.0;13.6;25.3;1.6;1.6;.058;-1.5;-0.8;-2.4;-0.1;
13-14;LAL;C;39;736;17.0;.537;.009;.197;7.8;25.4;16.6;14.1;0.7;3.9;16.4;26.7;-0.2;0.7;0.5;.036;-1.7;0.3;-1.4;0.1;
14-15;POR;C;74;1398;17.3;.537;.186;11.6;25.2;18.5;7.8;0.7;2.8;15.4;22.5;1.1;2.2;3.3;.112;-0.8;0.1;-0.8;0.4;
15-16;POR;C;16;112;11.1;.496;.093;.070;6.8;16.5;11.6;15.8;0.4;0.7;15.3;20.4;0.1;0.1;.037;-2.6;-1.0;-3.6;
Career;;735;19642;14.9;.525;.003;.257;8.8;23.8;16.4;8.3;0.9;3.6;16.5;21.7;0.4;24.2;24.6;.060;-1.9;-0.1;-1.9;0.4;
Playoffs Advanced
05-06;LAC;C;11;324;12.6;.619;.244;8.2;22.2;15.8;4.7;0.8;2.1;25.7;17.9;0.4;0.4;.060;-2.1;0.7;-1.3;
14-15;POR;C;3;37;11.7;.533;.125;14.4;26.7;20.5;13.8;26.2;14.2;.056;-0.7;-1.0;-1.7;
15-16;POR;C;4;32;-1.2;.389;6.3;19.8;12.8;5.7;3.1;25.0;32.0;-0.2;-0.2;-0.260;-13.6;-0.5;-14.1;-0.1;
Career;;18;393;11.4;.579;.196;8.6;22.4;16.0;5.6;0.9;1.7;25.7;18.7;-0.2;0.5;0.3;.034;-2.9;0.5;-2.4;-0.1;
