Chris Andersen;Center and Power Forward;Right;1978-07-07;;6-10;245;Iola in Iola,Texas;;;;-1;;
Per Game
01-02;DEN;C;24;1;10.9;1.0;3.1;.338;0.2;1.0;2.9;.357;.338;0.9;1.2;.786;1.6;1.6;3.2;0.3;0.3;1.2;0.5;1.5;3.0;
02-03;DEN;C;59;3;15.4;1.9;4.8;.400;1.9;4.8;.401;.400;1.3;2.4;.550;1.8;2.8;4.6;0.5;0.5;1.0;1.0;1.5;5.2;
03-04;DEN;PF;71;14.5;1.3;2.9;.443;1.3;2.8;.446;.443;0.9;1.5;.589;1.3;2.9;4.2;0.5;0.5;1.6;0.7;1.7;3.4;
04-05;NOH;C;67;2;21.3;2.9;5.3;.534;2.9;5.3;.538;.534;2.0;2.8;.689;2.0;4.1;6.1;1.1;0.2;1.5;1.0;2.1;7.7;
05-06;NOK;C;32;2;17.8;1.8;3.1;.571;1.8;3.1;.571;.571;1.5;3.2;.476;1.9;2.9;4.8;0.2;0.3;1.3;0.8;2.6;5.0;
07-08;NOH;C;5;6.8;0.4;1.4;.286;0.4;1.4;.286;.286;0.4;0.8;.500;0.4;1.4;1.8;0.8;0.2;1.2;1.2;
08-09;DEN;C;71;1;20.6;2.3;4.1;.548;0.1;.200;2.2;4.0;.560;.551;1.8;2.5;.718;2.3;3.9;6.2;0.4;0.6;2.5;1.0;2.5;6.4;
09-10;DEN;PF;76;22.3;1.9;3.3;.566;1.9;3.3;.573;.566;2.2;3.1;.695;1.9;4.4;6.4;0.4;0.6;1.9;0.8;2.3;5.9;
10-11;DEN;C;45;16.3;1.8;3.0;.599;1.8;3.0;.603;.599;1.9;3.0;.637;1.7;3.2;4.9;0.4;0.5;1.3;0.6;1.8;5.6;
11-12;DEN;C;32;1;15.2;1.8;3.4;.546;1.8;3.4;.546;.546;1.6;2.6;.610;1.5;3.1;4.6;0.2;0.6;1.4;0.5;1.6;5.3;
12-13;MIA;C;42;14.9;1.7;2.9;.577;0.1;.667;1.6;2.9;.575;.585;1.5;2.2;.677;1.4;2.7;4.1;0.4;0.4;1.0;0.6;2.1;4.9;
13-14;MIA;C;72;19.4;2.5;3.8;.644;0.2;.250;2.4;3.7;.662;.649;1.7;2.3;.710;1.8;3.5;5.3;0.3;0.4;1.3;0.7;2.3;6.6;
14-15;MIA;C;60;20;18.9;2.0;3.5;.580;0.1;0.2;.308;1.9;3.2;.598;.589;1.3;1.9;.667;1.3;3.7;5.0;0.7;0.4;1.0;0.7;1.5;5.3;
15-16;TOT;C;27;15;14.9;1.4;2.7;.528;0.1;0.5;.286;1.3;2.1;.586;.556;0.9;1.3;.694;1.3;2.3;3.6;0.4;0.6;0.5;0.3;1.1;3.9;
15-16;MIA;C;7;1;5.1;0.6;1.4;.400;0.3;0.7;.400;0.3;0.7;.400;.500;0.4;0.6;.750;0.4;0.9;1.3;0.4;0.1;0.4;0.3;0.6;1.9;
15-16;MEM;C;20;14;18.3;1.7;3.1;.548;0.1;0.5;.222;1.6;2.7;.604;.565;1.1;1.6;.688;1.7;2.8;4.5;0.5;0.7;0.5;0.4;1.3;4.6;
16-17;CLE;C;12;9.5;0.8;1.8;.409;0.3;0.8;1.6;.474;.409;0.8;1.2;.714;0.8;1.8;2.6;0.4;0.4;0.6;0.4;1.7;2.3;
Career;;695;45;17.7;1.9;3.6;.532;0.1;.221;1.9;3.5;.541;.535;1.5;2.3;.654;1.7;3.3;5.0;0.5;0.4;1.4;0.7;1.9;5.4;
Playoffs Per Game
03-04;DEN;PF;5;6.8;0.6;1.8;.333;0.6;1.8;.333;.333;1.2;1.6;2.8;0.4;0.2;0.4;0.4;0.6;1.2;
08-09;DEN;C;15;21.9;2.3;3.6;.630;0.1;2.3;3.5;.642;.630;1.9;2.9;.659;1.9;4.4;6.3;0.6;0.3;2.1;0.5;2.8;6.5;
09-10;DEN;PF;6;19.3;1.5;2.8;.529;1.5;2.8;.529;.529;1.5;2.3;.643;1.2;3.3;4.5;0.2;0.2;1.0;0.7;2.3;4.5;
10-11;DEN;C;5;14.6;1.4;2.2;.636;1.4;2.2;.636;.636;2.0;2.8;.714;1.0;1.8;2.8;0.6;0.6;1.4;0.6;1.6;4.8;
12-13;MIA;C;20;15.2;2.3;2.9;<strong>.807</strong>;2.3;2.9;<strong>.807</strong>;<strong>.807</strong>;1.8;2.5;.735;1.6;2.2;3.8;0.2;0.5;1.1;0.6;2.7;6.4;
13-14;MIA;C;18;17.6;1.8;3.2;.579;0.1;1.8;3.1;.589;.579;1.4;2.1;.684;1.4;4.5;5.9;0.3;0.3;1.0;0.5;1.9;5.1;
15-16;MEM;C;4;2;19.8;1.3;3.0;.417;1.3;3.0;.417;.417;1.3;2.0;.625;3.3;4.5;7.8;0.8;0.5;0.8;1.3;1.0;3.8;
Career;;73;2;17.1;1.9;3.0;.631;1.9;2.9;.637;.631;1.6;2.3;.689;1.6;3.4;5.0;0.4;0.4;1.2;0.6;2.2;5.3;
Totals
01-02;DEN;C;24;1;262;25;74;.338;4;25;70;.357;.338;22;28;.786;38;38;76;7;7;28;13;35;72;
02-03;DEN;C;59;3;907;114;285;.400;1;114;284;.401;.400;77;140;.550;109;165;274;32;30;60;60;90;305;
03-04;DEN;PF;71;1029;90;203;.443;1;90;202;.446;.443;63;107;.589;89;209;298;35;34;114;48;119;243;
04-05;NOH;C;67;2;1430;191;358;.534;3;191;355;.538;.534;131;190;.689;137;273;410;71;14;100;64;144;513;
05-06;NOK;C;32;2;570;56;98;.571;56;98;.571;.571;49;103;.476;61;94;155;6;8;41;26;84;161;
07-08;NOH;C;5;34;2;7;.286;2;7;.286;.286;2;4;.500;2;7;9;4;1;6;6;
08-09;DEN;C;71;1;1460;160;292;.548;2;10;.200;158;282;.560;.551;130;181;.718;163;279;442;31;41;175;69;174;452;
09-10;DEN;PF;76;1695;142;251;.566;3;142;248;.573;.566;164;236;.695;147;336;483;33;42;143;59;171;448;
10-11;DEN;C;45;732;82;137;.599;1;82;136;.603;.599;86;135;.637;75;144;219;20;23;58;25;79;250;
11-12;DEN;C;32;1;486;59;108;.546;59;108;.546;.546;50;82;.610;48;100;148;6;19;46;17;52;168;
12-13;MIA;C;42;624;71;123;.577;2;3;.667;69;120;.575;.585;63;93;.677;57;115;172;17;16;44;24;89;207;
13-14;MIA;C;72;1396;177;275;.644;3;12;.250;174;263;.662;.649;120;169;.710;129;250;379;19;32;97;53;162;477;
14-15;MIA;C;60;20;1132;120;207;.580;4;13;.308;116;194;.598;.589;76;114;.667;76;223;299;43;26;61;40;88;320;
15-16;TOT;C;27;15;402;38;72;.528;4;14;.286;34;58;.586;.556;25;36;.694;36;62;98;12;15;13;9;29;105;
15-16;MIA;C;7;1;36;4;10;.400;2;5;.400;2;5;.400;.500;3;4;.750;3;6;9;3;1;3;2;4;13;
15-16;MEM;C;20;14;366;34;62;.548;2;9;.222;32;53;.604;.565;22;32;.688;33;56;89;9;14;10;7;25;92;
16-17;CLE;C;12;114;9;22;.409;3;9;19;.474;.409;10;14;.714;9;22;31;5;5;7;5;20;28;
Career;;695;45;12273;1336;2512;.532;15;68;.221;1321;2444;.541;.535;1068;1632;.654;1176;2317;3493;337;312;991;513;1342;3755;
Playoffs Totals
03-04;DEN;PF;5;34;3;9;.333;3;9;.333;.333;6;8;14;2;1;2;2;3;6;
08-09;DEN;C;15;328;34;54;.630;1;34;53;.642;.630;29;44;.659;29;66;95;9;5;32;8;42;97;
09-10;DEN;PF;6;116;9;17;.529;9;17;.529;.529;9;14;.643;7;20;27;1;1;6;4;14;27;
10-11;DEN;C;5;73;7;11;.636;7;11;.636;.636;10;14;.714;5;9;14;3;3;7;3;8;24;
12-13;MIA;C;20;303;46;57;<strong>.807</strong>;46;57;<strong>.807</strong>;<strong>.807</strong>;36;49;.735;32;44;76;3;9;22;11;53;128;
13-14;MIA;C;18;317;33;57;.579;1;33;56;.589;.579;26;38;.684;26;81;107;5;5;18;9;34;92;
15-16;MEM;C;4;2;79;5;12;.417;5;12;.417;.417;5;8;.625;13;18;31;3;2;3;5;4;15;
Career;;73;2;1250;137;217;.631;2;137;215;.637;.631;115;167;.689;118;246;364;26;26;90;42;158;389;
Advanced
01-02;DEN;C;24;262;13.8;.417;.054;.378;15.8;17.4;16.5;4.2;1.4;7.9;13.1;17.0;0.3;0.3;.058;-3.3;0.3;-3.0;-0.1;
02-03;DEN;C;59;907;14.0;.440;.004;.491;13.3;22.3;17.6;6.3;1.7;5.3;14.8;19.9;-0.5;1.7;1.1;.059;-2.4;0.4;-2.0;
03-04;DEN;PF;71;1029;14.4;.486;.005;.527;9.6;23.3;16.3;5.1;1.7;7.8;16.1;12.7;0.5;1.9;2.4;.111;-2.2;2.7;0.4;0.6;
04-05;NOH;C;67;1430;18.5;.581;.008;.531;10.9;23.6;17.0;9.1;0.5;5.6;12.7;16.4;2.7;1.8;4.5;.152;0.5;1.1;1.6;1.3;
05-06;NOK;C;32;570;14.1;.562;1.051;12.4;20.2;16.2;1.7;0.8;5.9;15.4;13.9;0.6;0.7;1.3;.112;-2.0;0.9;-1.2;0.1;
07-08;NOH;C;5;34;6.1;.342;.571;6.7;24.6;15.5;9.2;10.2;13.3;-0.1;0.1;.012;-6.7;0.2;-6.5;
08-09;DEN;C;71;1460;18.1;.608;.034;.620;13.4;21.6;17.6;3.2;1.4;9.3;15.7;13.4;2.5;2.8;5.4;.176;-0.3;2.4;2.2;1.5;
09-10;DEN;PF;76;1695;15.8;.631;.012;.940;10.1;22.7;16.4;2.8;1.3;<strong>6.3</strong>;14.3;10.8;3.2;2.7;5.9;.166;-0.1;1.9;1.8;1.6;
10-11;DEN;C;45;732;19.0;.636;.007;.985;12.2;22.1;17.3;4.0;1.6;6.0;11.3;13.5;1.9;1.2;3.2;.207;1.2;1.8;3.0;0.9;
11-12;DEN;C;32;486;18.9;.583;.759;11.9;23.3;17.8;1.8;2.0;7.4;10.6;14.8;1.0;0.8;1.9;.183;0.5;1.8;2.3;0.5;
12-13;MIA;C;42;624;17.4;.631;.024;.756;11.9;21.5;17.0;4.0;1.4;5.8;12.8;14.4;1.6;1.1;2.7;.207;-1.0;0.8;-0.2;0.3;
13-14;MIA;C;72;1396;18.5;.683;.044;.615;12.1;21.7;17.1;2.1;1.2;6.1;13.2;13.8;3.8;2.2;6.0;.205;0.6;0.7;1.2;1.1;
14-15;MIA;C;60;1132;16.1;.622;.063;.551;8.2;23.2;15.9;6.1;1.2;4.6;13.5;12.3;2.1;1.5;3.6;.151;1.0;1.1;0.9;
15-16;TOT;C;27;402;15.3;.598;.194;.500;9.9;18.2;13.9;4.4;1.9;2.9;9.3;10.8;0.8;0.4;1.3;.149;0.7;0.7;0.3;
15-16;MIA;C;7;36;17.6;.553;.500;.400;9.8;18.3;14.2;12.2;1.4;6.4;14.5;17.5;0.1;0.1;0.1;.165;1.2;3.3;4.5;0.1;
15-16;MEM;C;20;366;15.1;.605;.145;.516;9.9;18.2;13.9;3.7;2.0;2.5;8.4;10.2;0.7;0.4;1.1;.148;0.6;-0.3;0.4;0.2;
16-17;CLE;C;12;114;11.6;.497;.136;.636;9.0;20.6;15.0;5.9;2.2;5.0;15.1;13.0;0.1;0.2;0.2;.102;-4.7;2.2;-2.5;
Career;;695;12273;16.7;.581;.027;.650;11.3;22.1;16.7;4.4;1.3;6.3;13.7;13.9;20.2;19.5;39.7;.155;-0.4;1.4;0.9;9.1;
Playoffs Advanced
03-04;DEN;PF;5;34;13.6;.333;18.7;29.7;23.7;8.6;1.5;4.5;18.2;14.3;.033;-1.1;0.5;-0.6;
08-09;DEN;C;15;328;18.4;.661;.019;.815;10.5;24.4;17.4;4.1;0.8;<strong>8.4</strong>;9.8;11.3;0.9;0.5;1.4;.203;0.5;2.4;3.0;0.4;
09-10;DEN;PF;6;116;10.2;.583;.824;7.2;21.7;14.3;1.2;0.4;4.2;14.7;10.4;0.1;0.1;.060;-1.1;-0.6;-1.7;
10-11;DEN;C;5;73;19.1;.699;1.273;7.6;13.7;10.7;7.0;2.1;8.0;14.9;12.6;0.2;0.1;0.3;.195;1.6;4.8;6.4;0.2;
12-13;MIA;C;20;303;24.9;<strong>.815</strong>;.860;13.3;17.6;15.5;1.7;1.6;6.2;12.3;14.3;1.4;0.5;1.9;<strong>.309</strong>;2.8;2.8;5.5;0.6;
13-14;MIA;C;18;317;17.7;.624;.018;.667;11.3;<strong>32.9</strong>;<strong>22.5</strong>;2.5;0.9;5.3;10.9;13.3;0.7;0.5;1.2;.175;1.0;0.1;1.2;0.3;
15-16;MEM;C;4;79;14.7;.483;.667;16.5;31.0;22.7;6.3;1.4;3.3;24.4;11.9;.021;-0.3;-1.0;-1.3;
Career;;73;1250;18.7;.670;.009;.770;11.5;24.6;18.0;3.3;1.1;6.2;12.6;12.7;3.3;1.7;5.0;.192;1.0;1.5;2.5;1.4;
