Chuck Hayes;Center and Power Forward;Right;1983-06-11;;6-6;240;Modesto Christian in Modesto,California;;;;-1;;
Per Game
05-06;HOU;PF;40;13.4;1.5;2.6;.562;1.5;2.6;.567;.562;0.7;1.1;.644;1.7;2.8;4.5;0.4;0.7;0.4;0.3;1.9;3.7;
06-07;HOU;PF;78;43;22.0;2.5;4.3;.573;2.5;4.3;.573;.573;0.7;1.1;.618;2.6;4.1;6.7;0.6;0.9;0.2;0.8;3.6;5.6;
07-08;HOU;PF;79;44;19.9;1.4;2.8;.511;1.4;2.8;.518;.511;0.1;0.3;.458;1.7;3.7;5.4;1.2;1.1;0.5;0.8;2.7;3.0;
08-09;HOU;C;71;1;12.1;0.6;1.6;.372;0.1;0.6;1.5;.385;.372;0.1;0.3;.368;1.0;2.5;3.5;0.6;0.5;0.3;0.4;1.9;1.3;
09-10;HOU;C;<strong>82</strong>;82;21.6;2.0;4.0;.489;2.0;4.0;.489;.489;0.4;0.8;.545;1.8;3.8;5.7;1.7;0.9;0.5;0.9;2.7;4.4;
10-11;HOU;C;74;63;28.1;3.3;6.3;.527;3.3;6.2;.529;.527;1.3;1.9;.662;3.0;5.1;8.1;2.7;1.1;0.7;1.2;2.7;7.9;
11-12;SAC;C;54;9;19.2;1.4;3.1;.429;1.4;3.1;.435;.429;0.5;0.7;.667;1.3;3.0;4.3;1.4;0.7;0.3;0.9;2.1;3.2;
12-13;SAC;C;74;1;16.3;1.1;2.6;.442;1.1;2.6;.444;.442;0.4;0.6;.625;1.5;2.5;4.0;1.5;0.4;0.2;0.6;1.5;2.7;
13-14;TOT;C;61;1;12.4;0.9;2.1;.431;0.9;2.1;.434;.431;0.3;0.4;.800;1.1;2.3;3.4;0.6;0.6;0.2;0.5;1.6;2.2;
13-14;SAC;C;16;1;11.2;0.9;2.0;.438;0.9;2.0;.438;.438;0.3;0.4;.714;1.3;1.7;2.9;0.4;0.7;0.1;0.4;1.1;2.1;
13-14;TOR;C;45;12.8;0.9;2.2;.429;0.9;2.2;.433;.429;0.3;0.4;.833;1.1;2.5;3.6;0.6;0.5;0.2;0.6;1.7;2.2;
14-15;TOR;C;29;8.8;0.8;1.6;.478;0.8;1.6;.478;.478;0.2;0.4;.545;0.6;1.1;1.8;0.7;0.3;0.1;0.3;1.3;1.7;
15-16;HOU;C;2;12.0;0.5;1.0;.500;0.5;1.0;.500;.500;1.0;1.0;1.000;4.0;4.0;1.0;1.5;3.0;2.0;
Career;;644;244;18.3;1.6;3.3;.498;1.6;3.2;.501;.498;0.5;0.8;.620;1.7;3.3;5.0;1.2;0.7;0.4;0.7;2.3;3.7;
Playoffs Per Game
06-07;HOU;PF;7;7;28.1;1.7;2.4;.706;0.1;1.7;2.3;.750;.706;0.3;0.7;.400;2.0;4.4;6.4;0.4;1.3;0.4;1.0;3.1;3.7;
07-08;HOU;PF;6;18.0;1.2;1.8;.636;0.3;1.2;1.5;.778;.636;1.2;3.5;4.7;0.8;0.5;1.0;0.7;3.0;2.3;
08-09;HOU;C;13;4;13.3;0.8;1.6;.476;0.2;0.8;1.5;.526;.476;1.0;2.0;3.0;0.8;1.0;0.2;0.3;2.1;1.5;
13-14;TOR;C;5;7.6;0.4;1.6;.250;0.4;1.6;.250;.250;0.4;0.4;1.000;0.8;0.8;1.6;0.4;0.6;0.2;1.0;1.2;
Career;;31;11;16.6;1.0;1.8;.544;0.2;1.0;1.7;.596;.544;0.1;0.2;.571;1.2;2.6;3.9;0.6;0.9;0.4;0.5;2.3;2.1;
Totals
05-06;HOU;PF;40;535;59;105;.562;1;59;104;.567;.562;29;45;.644;67;112;179;14;26;14;12;76;147;
06-07;HOU;PF;78;43;1714;192;335;.573;192;335;.573;.573;55;89;.618;204;317;521;47;70;18;64;281;439;
07-08;HOU;PF;79;44;1575;113;221;.511;3;113;218;.518;.511;11;24;.458;132;295;427;91;85;43;62;212;237;
08-09;HOU;C;71;1;858;42;113;.372;4;42;109;.385;.372;7;19;.368;74;176;250;42;34;19;25;134;91;
09-10;HOU;C;<strong>82</strong>;82;1773;161;329;.489;161;329;.489;.489;36;66;.545;151;314;465;139;73;43;74;219;358;
10-11;HOU;C;74;63;2079;244;463;.527;2;244;461;.529;.527;94;142;.662;219;380;599;202;79;49;86;200;582;
11-12;SAC;C;54;9;1039;73;170;.429;2;73;168;.435;.429;26;39;.667;72;162;234;77;36;17;50;111;172;
12-13;SAC;C;74;1;1209;84;190;.442;1;84;189;.444;.442;30;48;.625;113;186;299;112;31;18;44;114;198;
13-14;TOT;C;61;1;754;56;130;.431;1;56;129;.434;.431;20;25;.800;69;141;210;35;34;12;33;95;132;
13-14;SAC;C;16;1;179;14;32;.438;14;32;.438;.438;5;7;.714;20;27;47;6;11;2;7;18;33;
13-14;TOR;C;45;575;42;98;.429;1;42;97;.433;.429;15;18;.833;49;114;163;29;23;10;26;77;99;
14-15;TOR;C;29;255;22;46;.478;22;46;.478;.478;6;11;.545;18;33;51;20;10;4;8;37;50;
15-16;HOU;C;2;24;1;2;.500;1;2;.500;.500;2;2;1.000;8;8;2;3;6;4;
Career;;644;244;11815;1047;2104;.498;14;1047;2090;.501;.498;316;510;.620;1119;2124;3243;781;478;237;461;1485;2410;
Playoffs Totals
06-07;HOU;PF;7;7;197;12;17;.706;1;12;16;.750;.706;2;5;.400;14;31;45;3;9;3;7;22;26;
07-08;HOU;PF;6;108;7;11;.636;2;7;9;.778;.636;7;21;28;5;3;6;4;18;14;
08-09;HOU;C;13;4;173;10;21;.476;2;10;19;.526;.476;13;26;39;10;13;2;4;27;20;
13-14;TOR;C;5;38;2;8;.250;2;8;.250;.250;2;2;1.000;4;4;8;2;3;1;5;6;
Career;;31;11;516;31;57;.544;5;31;52;.596;.544;4;7;.571;38;82;120;20;28;11;16;72;66;
Advanced
05-06;HOU;PF;40;535;18.0;.589;.010;.429;14.9;24.1;19.6;4.6;2.6;2.1;8.8;12.2;1.2;1.1;2.4;.212;0.2;1.6;1.8;0.5;
06-07;HOU;PF;78;1714;13.9;.587;.266;13.8;21.1;17.5;4.4;2.2;0.8;14.6;11.9;2.9;3.6;6.4;.179;-2.3;1.6;-0.7;0.6;
07-08;HOU;PF;79;1575;11.2;.512;.014;.109;9.6;20.8;15.3;8.4;2.9;2.0;21.1;8.5;0.8;3.7;4.4;.136;-3.2;<strong>4.1</strong>;0.8;1.1;
08-09;HOU;C;71;858;7.8;.375;.035;.168;10.5;23.0;17.0;7.0;2.1;1.6;17.1;7.9;-0.1;1.7;1.6;.092;-4.1;2.6;-1.5;0.1;
09-10;HOU;C;<strong>82</strong>;1773;11.7;.500;.201;9.4;21.1;15.0;11.4;2.1;1.8;17.1;10.8;1.2;2.4;3.6;.098;-2.2;2.0;-0.2;0.8;
10-11;HOU;C;74;2079;16.2;.554;.004;.307;11.9;20.7;16.3;14.3;1.9;1.6;14.1;13.0;3.9;2.4;6.3;.146;0.6;1.3;1.9;2.1;
11-12;SAC;C;54;1039;8.9;.459;.012;.229;7.3;18.0;12.4;10.4;1.8;1.2;21.1;9.9;0.1;0.5;0.6;.028;-3.2;0.2;-3.0;-0.3;
12-13;SAC;C;74;1209;10.7;.469;.005;.253;10.5;18.2;14.2;13.1;1.3;1.2;17.2;9.4;1.1;0.4;1.5;.060;-1.2;-0.2;-1.4;0.2;
13-14;TOT;C;61;754;10.0;.468;.008;.192;10.5;21.8;16.1;6.8;2.3;1.3;19.0;10.4;0.2;1.2;1.4;.086;-3.1;1.3;-1.8;
13-14;SAC;C;16;179;11.4;.470;.219;12.5;17.2;14.8;4.9;3.1;0.9;16.6;10.4;0.1;0.2;0.3;.081;-2.4;0.8;-1.6;
13-14;TOR;C;45;575;9.6;.467;.010;.184;9.9;23.2;16.5;7.5;2.1;1.4;19.7;10.4;0.1;0.9;1.1;.088;-3.3;1.5;-1.9;
14-15;TOR;C;29;255;10.4;.492;.239;8.1;14.9;11.5;11.3;2.0;1.3;13.6;10.4;0.3;0.2;0.5;.091;-2.1;1.0;-1.0;0.1;
15-16;HOU;C;2;24;1.6;.694;1.000;37.0;18.4;11.3;51.0;10.5;-0.016;-8.6;0.4;-8.1;
Career;;644;11815;12.2;.518;.007;.242;10.8;20.6;15.7;9.7;2.1;1.5;16.5;10.6;11.5;17.3;28.8;.117;-1.9;1.7;-0.3;5.2;
Playoffs Advanced
06-07;HOU;PF;7;197;10.0;.677;.059;.294;8.4;17.9;13.2;2.7;2.5;1.1;26.7;6.5;0.1;0.3;0.5;.111;-2.8;2.7;-0.1;0.1;
07-08;HOU;PF;6;108;11.0;.636;.182;7.1;22.3;14.6;7.6;1.6;4.4;26.7;6.6;0.1;0.2;0.3;.116;-4.0;5.2;1.3;0.1;
08-09;HOU;C;13;173;10.9;.476;.095;9.2;17.2;13.4;8.9;4.1;0.9;16.0;6.9;0.1;0.3;0.5;.127;-2.0;<strong>5.2</strong>;3.2;0.2;
13-14;TOR;C;5;38;9.1;.338;.250;13.3;12.3;12.8;8.4;4.3;10.1;12.2;0.1;.052;-2.8;0.8;-1.9;
Career;;31;516;10.5;.549;.088;.123;8.8;18.2;13.5;6.2;3.0;1.6;21.0;7.1;0.3;0.9;1.2;.113;-2.8;3.9;1.2;0.4;
