CJ McCollum;Shooting Guard;Right;1991-09-19;;6-3;190;Glen Oak in Canton,Ohio;;;;-1;;
Per Game
13-14;POR;SG;38;12.5;1.9;4.7;.416;0.8;2.1;.375;1.2;2.6;.449;.500;0.6;0.9;.676;0.2;1.1;1.3;0.7;0.4;0.1;0.9;1.4;5.3;
14-15;POR;SG;62;3;15.7;2.6;5.9;.436;0.9;2.2;.396;1.7;3.6;.460;.511;0.8;1.2;.699;0.2;1.2;1.5;1.0;0.7;0.1;0.8;1.3;6.8;
15-16;POR;SG;80;80;34.8;8.0;17.9;.448;2.5;5.9;.417;5.6;12.0;.463;.517;2.3;2.8;.827;0.6;2.7;3.2;4.3;1.2;0.3;2.5;2.3;20.8;
16-17;POR;SG;80;80;35.0;8.7;18.0;.480;2.3;5.5;.421;6.3;12.5;.506;.544;3.4;3.7;<strong>.912</strong>;0.8;2.9;3.6;3.6;0.9;0.5;2.2;2.5;23.0;
17-18;POR;SG;81;81;36.1;8.2;18.6;.443;2.3;5.9;.397;5.9;12.7;.465;.506;2.6;3.1;.836;0.7;3.3;4.0;3.4;1.0;0.4;1.9;2.1;21.4;
18-19;POR;SG;70;70;33.9;8.2;17.8;.459;2.4;6.4;.375;5.8;11.4;.506;.527;2.3;2.7;.828;0.9;3.1;4.0;3.0;0.8;0.4;1.5;2.5;21.0;
19-20;POR;SG;70;70;36.5;8.7;19.4;.451;2.8;7.3;.379;6.0;12.1;.494;.522;2.0;2.6;.757;0.7;3.6;4.2;4.4;0.8;0.6;1.8;2.6;22.2;
20-21;POR;SG;47;47;34.0;8.6;18.8;.458;3.6;8.9;.402;5.0;9.9;.509;.554;2.3;2.8;.812;0.6;3.3;3.9;4.7;0.9;0.4;1.4;1.9;23.1;
21-22;TOT;SG;62;62;34.6;8.6;18.8;.460;2.9;7.6;.388;5.7;11.2;.509;.539;1.9;2.7;.682;0.9;3.5;4.3;5.1;1.1;0.4;2.0;2.0;22.1;
21-22;POR;SG;36;36;35.2;8.1;18.5;.436;3.1;8.0;.384;5.0;10.4;.476;.520;1.3;1.9;.706;0.9;3.3;4.3;4.5;1.0;0.6;1.9;2.1;20.5;
21-22;NOP;SG;26;26;33.8;9.5;19.2;.493;2.7;6.9;.394;6.7;12.3;.549;.564;2.6;3.9;.667;0.7;3.7;4.5;5.8;1.3;2.2;1.7;24.3;
Career;;590;493;31.6;7.4;16.2;.455;2.3;5.9;.396;5.1;10.4;.489;.527;2.1;2.6;.810;0.6;2.8;3.5;3.5;0.9;0.4;1.7;2.1;19.2;
Playoffs Per Game
13-14;POR;SG;6;4.0;0.2;1.8;.091;0.8;0.2;1.0;.167;.091;0.3;0.3;1.000;0.2;0.2;0.2;0.3;0.7;
14-15;POR;SG;5;1;33.2;6.4;13.4;.478;2.2;4.6;.478;4.2;8.8;.477;.560;2.0;2.6;.769;0.2;3.8;4.0;0.4;1.2;0.2;1.2;2.6;17.0;
15-16;POR;SG;11;11;40.2;7.6;17.9;.426;1.8;5.3;.345;5.8;12.6;.460;.477;3.4;4.2;.804;0.6;3.0;3.6;3.3;0.9;0.5;1.8;2.7;20.5;
16-17;POR;SG;4;4;35.0;8.0;20.0;.400;2.8;5.5;.500;5.3;14.5;.362;.469;3.8;4.0;.938;2.0;4.0;6.0;1.0;1.0;0.5;3.8;2.5;22.5;
17-18;POR;SG;4;4;38.8;10.0;19.3;.519;2.8;6.5;.423;7.3;12.8;.569;.591;2.5;3.3;.769;2.0;2.0;3.5;1.3;0.3;2.3;2.8;25.3;
18-19;POR;SG;16;16;39.7;9.6;21.9;.440;2.9;7.3;.393;6.8;14.6;.464;.506;2.6;3.5;.732;0.9;4.1;5.0;3.7;0.8;0.6;1.9;2.1;24.7;
19-20;POR;SG;5;5;39.2;8.8;19.8;.444;2.6;7.0;.371;6.2;12.8;.484;.510;3.0;4.4;.682;1.0;4.8;5.8;3.2;1.2;0.4;3.0;2.0;23.2;
20-21;POR;SG;6;6;40.0;8.3;19.0;.439;2.3;7.0;.333;6.0;12.0;.500;.500;1.7;2.2;.769;1.0;5.0;6.0;4.3;0.3;0.7;2.0;4.2;20.7;
21-22;NOP;SG;<strong>6</strong>;6;39.0;8.2;20.8;.392;2.8;8.5;.333;5.3;12.3;.432;.460;3.0;4.3;.692;1.8;4.8;6.7;4.8;0.7;0.8;2.5;2.5;22.2;
Career;;63;53;35.4;7.7;17.8;.434;2.3;6.0;.377;5.4;11.8;.463;.498;2.5;3.3;.763;0.8;3.6;4.4;3.0;0.8;0.5;2.0;2.4;20.2;
Totals
13-14;POR;SG;38;476;74;178;.416;30;80;.375;44;98;.449;.500;23;34;.676;7;41;48;27;14;2;35;53;201;
14-15;POR;SG;62;3;973;159;365;.436;55;139;.396;104;226;.460;.511;51;73;.699;14;77;91;64;43;8;48;81;424;
15-16;POR;SG;80;80;2780;641;1431;.448;197;472;.417;444;959;.463;.517;187;226;.827;47;212;259;341;97;23;196;187;1666;
16-17;POR;SG;80;80;2796;692;1441;.480;185;439;.421;507;1002;.506;.544;268;294;<strong>.912</strong>;60;229;289;285;72;42;172;202;1837;
17-18;POR;SG;81;81;2923;667;1505;.443;189;476;.397;478;1029;.465;.506;209;250;.836;53;268;321;272;77;35;151;168;1732;
18-19;POR;SG;70;70;2375;571;1243;.459;167;445;.375;404;798;.506;.527;159;192;.828;62;220;282;207;55;28;106;172;1468;
19-20;POR;SG;70;70;<strong>2556</strong>;611;1356;.451;194;512;.379;417;844;.494;.522;140;185;.757;46;251;297;310;54;42;127;183;1556;
20-21;POR;SG;47;47;1600;405;884;.458;169;420;.402;236;464;.509;.554;108;133;.812;30;155;185;223;44;21;65;87;1087;
21-22;TOT;SG;62;62;2145;536;1164;.460;182;469;.388;354;695;.509;.539;116;170;.682;53;216;269;315;70;22;127;121;1370;
21-22;POR;SG;36;36;1267;290;665;.436;111;289;.384;179;376;.476;.520;48;68;.706;34;119;153;163;36;21;70;77;739;
21-22;NOP;SG;26;26;878;246;499;.493;71;180;.394;175;319;.549;.564;68;102;.667;19;97;116;152;34;1;57;44;631;
Career;;590;493;18624;4356;9567;.455;1368;3452;.396;2988;6115;.489;.527;1261;1557;.810;372;1669;2041;2044;526;223;1027;1254;11341;
Playoffs Totals
13-14;POR;SG;6;24;1;11;.091;5;1;6;.167;.091;2;2;1.000;1;1;1;2;4;
14-15;POR;SG;5;1;166;32;67;.478;11;23;.478;21;44;.477;.560;10;13;.769;1;19;20;2;6;1;6;13;85;
15-16;POR;SG;11;11;442;84;197;.426;20;58;.345;64;139;.460;.477;37;46;.804;7;33;40;36;10;5;20;30;225;
16-17;POR;SG;4;4;140;32;80;.400;11;22;.500;21;58;.362;.469;15;16;.938;8;16;24;4;4;2;15;10;90;
17-18;POR;SG;4;4;155;40;77;.519;11;26;.423;29;51;.569;.591;10;13;.769;8;8;14;5;1;9;11;101;
18-19;POR;SG;16;16;635;154;350;.440;46;117;.393;108;233;.464;.506;41;56;.732;14;66;80;59;13;10;30;34;395;
19-20;POR;SG;5;5;196;44;99;.444;13;35;.371;31;64;.484;.510;15;22;.682;5;24;29;16;6;2;15;10;116;
20-21;POR;SG;6;6;240;50;114;.439;14;42;.333;36;72;.500;.500;10;13;.769;6;30;36;26;2;4;12;25;124;
21-22;NOP;SG;<strong>6</strong>;6;234;49;125;.392;17;51;.333;32;74;.432;.460;18;26;.692;11;29;40;29;4;5;15;15;133;
Career;;63;53;2232;486;1120;.434;143;379;.377;343;741;.463;.498;158;207;.763;52;226;278;186;50;30;123;150;1273;
Advanced
13-14;POR;SG;38;476;9.0;.521;.449;.191;1.6;9.2;5.4;8.7;1.5;0.3;15.4;20.9;-0.2;0.3;0.2;.019;-2.9;-0.6;-3.4;-0.2;
14-15;POR;SG;62;973;13.1;.534;.381;.200;1.6;8.3;5.0;10.3;2.3;0.6;10.8;20.5;0.7;1.1;1.8;.089;-1.3;0.8;-0.6;0.4;
15-16;POR;SG;80;2780;17.7;.544;.330;.158;1.8;8.3;5.0;21.6;1.7;0.6;11.4;27.1;4.4;1.7;6.0;.104;2.3;-1.0;1.3;2.3;
16-17;POR;SG;80;2796;19.9;.585;.305;.204;2.4;9.1;5.7;18.0;1.3;1.2;9.9;27.5;6.2;1.4;7.6;.131;3.4;-1.4;2.0;2.8;
17-18;POR;SG;81;2923;17.0;.536;.316;.166;2.0;9.9;6.0;15.8;1.3;1.0;8.6;26.5;3.7;2.9;6.6;.108;1.8;-0.5;1.2;2.4;
18-19;POR;SG;70;2375;17.0;.553;.358;.154;2.9;9.7;6.3;13.8;1.1;0.9;7.4;25.5;4.0;1.7;5.6;.114;2.1;-1.0;1.0;1.8;
19-20;POR;SG;70;<strong>2556</strong>;17.0;.541;.378;.136;1.9;10.2;6.1;19.1;1.0;1.4;8.1;25.9;3.5;0.6;4.1;.077;2.3;-1.8;0.5;1.6;
20-21;POR;SG;47;1600;20.8;.577;.475;.150;2.0;10.6;6.2;23.0;1.3;1.2;6.5;27.1;4.1;0.6;4.7;.141;5.0;-1.1;3.9;2.4;
21-22;TOT;SG;62;2145;18.3;.553;.403;.146;2.6;11.5;6.9;26.1;1.6;1.0;9.3;27.5;2.6;1.0;3.6;.081;3.2;-1.3;1.9;2.1;
21-22;POR;SG;36;1267;15.8;.532;.435;.102;2.8;10.7;6.6;22.5;1.4;1.6;9.2;26.1;0.7;0.3;1.0;.040;1.8;-1.7;0.1;0.7;
21-22;NOP;SG;26;878;21.9;.580;.361;.204;2.3;12.5;7.3;31.3;1.9;0.1;9.5;29.4;1.9;0.7;2.6;.140;5.3;-0.7;4.6;1.5;
Career;;590;18624;17.6;.553;.361;.163;2.2;9.7;5.9;18.5;1.4;1.0;9.1;26.2;29.0;11.2;40.3;.104;2.4;-1.0;1.3;15.7;
Playoffs Advanced
13-14;POR;SG;6;24;-12.3;.168;.455;.182;4.5;2.3;7.8;23.6;-0.2;-0.2;-0.392;-12.5;-5.3;-17.9;-0.1;
14-15;POR;SG;5;166;16.1;.584;.343;.194;0.6;12.5;6.5;2.4;1.9;0.4;7.6;21.7;0.3;0.1;0.4;.103;0.6;1.4;1.9;0.2;
15-16;POR;SG;11;442;14.0;.518;.294;.234;1.6;7.9;4.6;14.2;1.1;0.9;8.4;22.9;0.5;0.1;0.6;.062;0.6;-1.4;-0.8;0.1;
16-17;POR;SG;4;140;13.0;.517;.275;.200;5.7;13.1;9.1;5.6;1.3;1.2;14.7;30.3;-0.2;-0.2;-0.054;1.2;-2.8;-1.6;
17-18;POR;SG;4;155;19.6;.610;.338;.169;6.2;2.9;15.0;1.6;0.5;9.8;25.3;0.4;0.4;.111;3.0;-0.3;2.8;0.2;
18-19;POR;SG;16;635;17.9;.527;.334;.160;2.3;11.0;6.7;16.8;1.0;1.3;7.4;27.6;0.8;0.3;1.0;.079;3.4;-0.7;2.6;0.7;
19-20;POR;SG;5;196;14.9;.534;.354;.222;2.7;12.9;7.8;14.6;1.4;0.9;12.1;26.3;0.1;0.1;.021;2.4;-1.4;1.0;0.1;
20-21;POR;SG;6;240;12.8;.518;.368;.114;3.0;14.1;8.7;17.0;0.4;1.5;9.1;24.7;0.1;.007;-0.4;-2.9;-3.3;-0.1;
21-22;NOP;SG;<strong>6</strong>;234;15.1;.487;.408;.208;5.2;15.7;10.1;20.5;0.9;1.8;9.9;27.9;0.2;0.2;.045;2.6;-2.0;0.6;0.2;
Career;;63;2232;15.4;.526;.338;.185;2.5;11.2;6.8;14.4;1.1;1.1;9.2;25.8;1.8;0.5;2.3;.050;1.7;-1.3;0.4;1.3;
