Cleanthony Early;Small Forward;Right;1991-04-17;;6-8;210;;;;;-1;;
Per Game
14-15;NYK;SF;39;7;16.6;1.9;5.5;.355;0.6;2.2;.262;1.4;3.3;.415;.407;0.9;1.2;.750;0.6;1.9;2.5;0.9;0.6;0.3;1.0;1.5;5.4;
15-16;NYK;SF;17;2;9.1;0.7;2.4;.300;0.2;0.9;.267;0.5;1.5;.320;.350;0.2;0.2;.750;0.2;1.3;1.5;0.4;0.1;0.2;0.5;0.9;1.8;
Career;;56;9;14.3;1.6;4.5;.346;0.5;1.8;.263;1.1;2.8;.400;.398;0.7;0.9;.750;0.5;1.7;2.2;0.8;0.5;0.3;0.9;1.3;4.3;
Totals
14-15;NYK;SF;39;7;647;76;214;.355;22;84;.262;54;130;.415;.407;36;48;.750;22;75;97;36;24;12;40;57;210;
15-16;NYK;SF;17;2;154;12;40;.300;4;15;.267;8;25;.320;.350;3;4;.750;4;22;26;6;2;3;9;16;31;
Career;;56;9;801;88;254;.346;26;99;.263;62;155;.400;.398;39;52;.750;26;97;123;42;26;15;49;73;241;
Advanced
14-15;NYK;SF;39;647;8.4;.447;.393;.224;3.8;13.8;8.7;9.1;2.0;1.5;14.5;19.6;-0.8;0.4;-0.4;-0.030;-3.7;-1.5;-5.2;-0.5;
15-16;NYK;SF;17;154;2.2;.371;.375;.100;2.9;15.4;9.2;5.7;0.7;1.5;17.7;14.9;-0.3;0.1;-0.2;-0.075;-7.2;-1.5;-8.6;-0.3;
Career;;56;801;7.2;.435;.390;.205;3.6;14.1;8.8;8.5;1.7;1.5;15.0;18.7;-1.1;0.5;-0.6;-0.039;-4.4;-1.5;-5.9;-0.8;
