Clint Capela;Center;Right;1994-05-18;;6-10;240;;;;;-1;;
Per Game
14-15;HOU;C;12;7.5;1.2;2.4;.483;1.2;2.4;.483;.483;0.3;1.9;.174;0.8;2.2;3.0;0.2;0.1;0.8;0.4;1.2;2.7;
15-16;HOU;C;77;35;19.1;3.0;5.2;.582;3.0;5.1;.583;.582;1.0;2.7;.379;2.5;3.9;6.4;0.6;0.8;1.2;0.8;2.5;7.0;
16-17;HOU;C;65;59;23.9;5.6;8.7;.643;5.6;8.7;.643;.643;1.4;2.7;.531;2.7;5.4;8.1;1.0;0.5;1.2;1.3;2.8;12.6;
17-18;HOU;C;74;74;27.5;6.0;9.1;<strong>.652</strong>;6.0;9.1;<strong>.653</strong>;<strong>.652</strong>;1.9;3.5;.560;3.3;7.6;10.8;0.9;0.8;1.9;1.4;2.5;13.9;
18-19;HOU;C;67;67;33.6;7.1;10.9;.648;7.1;10.9;.648;.648;2.5;3.9;.636;4.4;8.2;12.7;1.4;0.7;1.5;1.4;2.5;16.6;
19-20;HOU;C;39;39;32.8;6.3;9.9;.629;6.3;9.9;.629;.629;1.4;2.7;.529;4.3;9.5;13.8;1.2;0.8;1.8;1.6;2.6;13.9;
20-21;ATL;C;63;63;30.1;6.6;11.0;.594;6.6;11.0;.594;.594;2.1;3.6;.573;4.7;9.6;<strong>14.3</strong>;0.8;0.7;2.0;1.2;2.3;15.2;
21-22;ATL;C;74;73;27.6;5.0;8.2;.613;5.0;8.1;.614;.613;1.1;2.3;.473;3.8;8.1;11.9;1.2;0.7;1.3;0.6;2.2;11.1;
Career;;471;410;26.8;5.4;8.7;.624;5.4;8.7;.625;.624;1.6;3.0;.527;3.5;7.1;10.7;1.0;0.7;1.5;1.1;2.4;12.4;
Playoffs Per Game
14-15;HOU;C;17;7.5;1.2;1.8;.677;1.2;1.8;.677;.677;0.9;1.7;.517;0.8;1.7;2.5;0.3;0.2;0.5;0.2;1.1;3.4;
15-16;HOU;C;5;8.6;0.6;1.8;.333;0.6;1.8;.333;.333;0.4;1.0;.400;1.6;2.4;4.0;0.4;0.6;0.4;0.6;1.0;1.6;
16-17;HOU;C;11;11;26.0;4.2;7.5;.561;0.1;4.2;7.4;.568;.561;2.2;3.5;.615;2.4;6.4;8.7;1.1;0.7;2.5;0.7;2.5;10.5;
17-18;HOU;C;17;17;30.6;5.6;8.5;.660;5.6;8.5;.660;.660;1.5;3.2;.473;3.6;8.0;11.6;1.3;0.8;2.1;0.9;2.2;12.7;
18-19;HOU;C;11;11;30.1;4.2;7.5;.561;4.2;7.5;.561;.561;1.4;3.2;.429;3.7;6.5;10.3;1.5;0.3;1.1;1.5;2.4;9.7;
20-21;ATL;C;18;18;31.6;4.6;7.6;.603;4.6;7.6;.603;.603;0.9;2.2;.436;3.4;7.8;11.2;0.9;0.7;1.1;1.0;2.6;10.1;
21-22;ATL;C;2;2;20.0;1.0;3.0;.333;1.0;3.0;.333;.333;2.0;5.5;7.5;0.5;0.5;0.5;1.0;2.0;
Career;;81;59;23.7;3.6;6.0;.602;3.6;6.0;.603;.602;1.2;2.5;.490;2.6;5.8;8.4;0.9;0.5;1.3;0.8;2.0;8.5;
Totals
14-15;HOU;C;12;90;14;29;.483;14;29;.483;.483;4;23;.174;10;26;36;2;1;9;5;14;32;
15-16;HOU;C;77;35;1471;231;397;.582;1;231;396;.583;.582;80;211;.379;194;300;494;47;59;92;60;190;542;
16-17;HOU;C;65;59;1551;362;563;.643;362;563;.643;.643;94;177;.531;178;348;526;63;34;79;87;179;818;
17-18;HOU;C;74;74;2034;441;676;<strong>.652</strong>;1;441;675;<strong>.653</strong>;<strong>.652</strong>;144;257;.560;241;561;802;68;58;137;103;185;1026;
18-19;HOU;C;67;67;2249;474;732;.648;474;732;.648;.648;166;261;.636;298;550;848;96;44;102;94;168;1114;
19-20;HOU;C;39;39;1279;244;388;.629;244;388;.629;.629;55;104;.529;168;369;537;48;33;72;63;102;543;
20-21;ATL;C;63;63;1898;413;695;.594;413;695;.594;.594;130;227;.573;<strong>297</strong>;606;903;49;44;129;73;145;956;
21-22;ATL;C;74;73;2042;370;604;.613;1;370;603;.614;.613;80;169;.473;279;598;877;92;55;93;44;166;820;
Career;;471;410;12614;2549;4084;.624;3;2549;4081;.625;.624;753;1429;.527;1665;3358;5023;465;328;713;529;1149;5851;
Playoffs Totals
14-15;HOU;C;17;127;21;31;.677;21;31;.677;.677;15;29;.517;13;29;42;5;3;9;3;19;57;
15-16;HOU;C;5;43;3;9;.333;3;9;.333;.333;2;5;.400;8;12;20;2;3;2;3;5;8;
16-17;HOU;C;11;11;286;46;82;.561;1;46;81;.568;.561;24;39;.615;26;70;96;12;8;<strong>28</strong>;8;28;116;
17-18;HOU;C;17;17;520;95;144;.660;95;144;.660;.660;26;55;.473;<strong>61</strong>;136;197;22;14;<strong>36</strong>;15;38;216;
18-19;HOU;C;11;11;331;46;82;.561;46;82;.561;.561;15;35;.429;41;72;113;16;3;12;16;26;107;
20-21;ATL;C;18;18;569;82;136;.603;82;136;.603;.603;17;39;.436;61;140;201;17;12;19;18;46;181;
21-22;ATL;C;2;2;40;2;6;.333;2;6;.333;.333;4;11;15;1;1;1;2;4;
Career;;81;59;1916;295;490;.602;1;295;489;.603;.602;99;202;.490;214;470;684;74;44;107;64;164;689;
Advanced
14-15;HOU;C;12;90;12.1;.409;.793;12.3;31.8;22.1;3.6;0.6;7.8;11.3;21.3;-0.2;0.2;.019;-5.3;-5.4;-0.1;
15-16;HOU;C;77;1471;18.3;.553;.003;.531;14.4;22.7;18.5;5.1;2.0;5.2;10.9;16.1;2.4;2.0;4.4;.144;-0.3;-0.1;-0.4;0.6;
16-17;HOU;C;65;1551;21.4;.638;.314;12.5;24.5;18.5;6.7;1.1;4.1;12.0;19.9;3.8;2.1;5.9;.184;1.3;-0.1;1.2;1.2;
17-18;HOU;C;74;2034;24.5;.650;.001;.380;13.5;30.8;22.2;5.7;1.4;5.7;11.5;19.4;6.2;4.1;10.2;.242;2.4;1.0;3.4;2.8;
18-19;HOU;C;67;2249;23.8;.658;.357;14.4;27.6;20.8;7.1;1.0;3.9;10.0;18.2;7.8;3.0;10.8;.230;3.3;-0.3;3.0;2.8;
19-20;HOU;C;39;1279;20.6;.626;.268;13.6;30.5;22.0;5.7;1.2;4.8;12.7;16.1;2.8;2.1;4.9;.184;1.0;0.4;1.4;1.1;
20-21;ATL;C;63;1898;24.3;.601;.327;<strong>17.5</strong>;<strong>34.3</strong>;<strong>26.1</strong>;4.1;1.1;6.0;8.4;19.9;4.9;3.3;8.2;.207;2.7;2.7;2.2;
21-22;ATL;C;74;2042;21.4;.604;.002;.280;15.0;31.9;23.5;6.6;1.3;4.1;6.1;15.5;5.6;2.7;8.3;.195;2.2;-0.1;2.0;2.1;
Career;;471;12614;22.3;.621;.001;.350;14.5;29.2;21.8;5.9;1.3;4.8;10.1;18.0;33.3;19.5;52.9;.201;1.9;0.1;2.0;12.8;
Playoffs Advanced
14-15;HOU;C;17;127;21.8;.651;.935;10.8;23.4;17.2;6.4;1.1;5.6;6.4;15.4;0.4;0.1;0.6;.217;1.9;2.9;4.9;0.2;
15-16;HOU;C;5;43;13.4;.357;.556;18.5;31.3;24.5;7.5;3.4;4.0;21.1;13.6;-0.1;0.1;.010;-1.2;0.5;-0.7;
16-17;HOU;C;11;286;21.1;.585;.012;.476;10.1;25.8;18.1;6.9;1.4;7.5;7.5;16.5;0.6;0.6;1.2;.199;2.4;2.1;4.4;0.5;
17-18;HOU;C;17;520;24.1;.642;.382;12.8;29.4;21.0;7.1;1.4;6.1;8.2;15.8;1.6;0.9;2.6;.238;3.6;1.8;5.5;1.0;
18-19;HOU;C;11;331;15.7;.549;.427;14.4;23.8;19.2;7.7;0.4;3.4;14.1;15.0;0.5;0.4;0.9;.129;0.3;-1.0;-0.6;0.1;
20-21;ATL;C;18;569;15.8;.591;.287;11.8;26.6;19.3;4.5;1.0;2.9;10.5;13.3;0.8;1.0;1.7;.147;0.8;0.5;1.3;0.5;
21-22;ATL;C;2;40;7.7;.333;11.9;33.8;22.7;1.3;2.5;14.3;8.1;0.1;.026;-2.2;-0.9;-3.1;
Career;;81;1916;19.0;.595;.002;.412;12.4;26.8;19.6;6.2;1.1;4.7;10.0;14.8;3.8;3.2;7.0;.176;1.7;1.0;2.7;2.3;
