Cody Zeller;Center;Right;1992-10-05;;6-11;240;Washington in Washington,Indiana;;;;-1;;
Per Game
13-14;CHA;C;82;3;17.3;2.1;4.9;.426;2.1;4.9;.427;.426;1.8;2.4;.730;1.4;2.9;4.3;1.1;0.5;0.5;1.1;2.1;6.0;
14-15;CHO;C;62;45;24.0;2.8;6.0;.461;1.000;2.8;6.0;.460;.462;2.0;2.6;.774;1.6;4.3;5.8;1.6;0.5;0.8;1.0;2.5;7.6;
15-16;CHO;C;73;60;24.3;3.2;6.0;.529;0.1;.100;3.2;5.8;.539;.530;2.4;3.2;.754;1.9;4.3;6.2;1.0;0.8;0.9;0.9;2.8;8.7;
16-17;CHO;C;62;58;27.8;4.1;7.1;.571;4.1;7.1;.572;.571;2.1;3.2;.679;2.2;4.4;6.5;1.6;1.0;0.9;1.0;3.0;10.3;
17-18;CHO;C;33;19.0;2.6;4.7;.545;0.1;0.1;.667;2.5;4.6;.542;.551;1.8;2.6;.718;2.0;3.3;5.4;0.9;0.4;0.6;1.0;2.5;7.1;
18-19;CHO;C;49;47;25.4;3.9;7.0;.551;0.1;0.4;.273;3.8;6.6;.570;.559;2.3;2.9;.787;2.2;4.6;6.8;2.1;0.8;0.8;1.3;3.3;10.1;
19-20;CHO;C;58;39;23.1;4.3;8.3;.524;0.3;1.3;.240;4.0;7.0;.577;.543;2.1;3.1;.682;2.8;4.3;7.1;1.5;0.7;0.4;1.3;2.4;11.1;
20-21;CHO;C;48;21;20.9;3.8;6.8;.559;0.1;0.6;.143;3.7;6.2;.598;.565;1.8;2.5;.714;2.5;4.4;6.8;1.8;0.6;0.4;1.1;2.5;9.4;
21-22;POR;C;27;13.1;1.9;3.3;.567;0.1;1.9;3.2;.593;.567;1.4;1.8;.776;1.9;2.8;4.6;0.8;0.3;0.2;0.7;2.1;5.2;
Career;;494;273;22.2;3.2;6.2;.520;0.1;0.3;.221;3.1;5.9;.535;.525;2.0;2.8;.731;2.0;4.0;6.0;1.4;0.6;0.6;1.1;2.6;8.5;
Playoffs Per Game
13-14;CHA;C;4;13.3;0.8;2.3;.333;0.8;2.3;.333;.333;0.5;1.0;.500;1.3;1.0;2.3;0.5;0.8;0.5;0.8;2.0;
15-16;CHO;C;7;2;19.6;3.0;5.4;.553;3.0;5.4;.553;.553;2.4;3.0;.810;1.3;4.0;5.3;0.3;0.1;0.4;1.0;2.9;8.4;
Career;;11;2;17.3;2.2;4.3;.511;2.2;4.3;.511;.511;1.7;2.3;.760;1.3;2.9;4.2;0.4;0.1;0.5;0.8;2.1;6.1;
Totals
13-14;CHA;C;82;3;1416;172;404;.426;1;172;403;.427;.426;146;200;.730;118;235;353;92;40;41;87;170;490;
14-15;CHO;C;62;45;1487;172;373;.461;1;1;1.000;171;372;.460;.462;127;164;.774;97;265;362;100;34;49;62;156;472;
15-16;CHO;C;73;60;1774;231;437;.529;1;10;.100;230;427;.539;.530;175;232;.754;138;317;455;71;57;63;68;204;638;
16-17;CHO;C;62;58;1725;253;443;.571;1;253;442;.572;.571;133;196;.679;135;270;405;99;62;58;65;189;639;
17-18;CHO;C;33;627;85;156;.545;2;3;.667;83;153;.542;.551;61;85;.718;67;110;177;31;14;21;33;81;233;
18-19;CHO;C;49;47;1243;190;345;.551;6;22;.273;184;323;.570;.559;111;141;.787;110;223;333;102;38;41;62;164;497;
19-20;CHO;C;58;39;1341;251;479;.524;18;75;.240;233;404;.577;.543;122;179;.682;160;251;411;88;40;25;75;140;642;
20-21;CHO;C;48;21;1005;181;324;.559;4;28;.143;177;296;.598;.565;85;119;.714;119;209;328;86;27;17;51;121;451;
21-22;POR;C;27;355;51;90;.567;4;51;86;.593;.567;38;49;.776;50;75;125;22;8;6;19;56;140;
Career;;494;273;10973;1586;3051;.520;32;145;.221;1554;2906;.535;.525;998;1365;.731;994;1955;2949;691;320;321;522;1281;4202;
Playoffs Totals
13-14;CHA;C;4;53;3;9;.333;3;9;.333;.333;2;4;.500;5;4;9;2;3;2;3;8;
15-16;CHO;C;7;2;137;21;38;.553;21;38;.553;.553;17;21;.810;9;28;37;2;1;3;7;20;59;
Career;;11;2;190;24;47;.511;24;47;.511;.511;19;25;.760;14;32;46;4;1;6;9;23;67;
Advanced
13-14;CHA;C;82;1416;13.1;.498;.002;.495;9.4;18.8;14.1;10.4;1.5;2.3;15.0;18.9;0.4;2.2;2.6;.090;-2.9;0.9;-2.0;
14-15;CHO;C;62;1487;14.1;.530;.003;.440;7.0;20.1;13.4;10.9;1.2;2.6;12.2;15.6;1.6;2.2;3.8;.123;-2.0;1.4;-0.6;0.5;
15-16;CHO;C;73;1774;16.1;.592;.023;.531;8.4;19.7;14.0;6.3;1.6;2.9;11.2;15.4;3.6;2.7;6.3;.169;-1.1;1.0;-0.1;0.9;
16-17;CHO;C;62;1725;16.7;.604;.002;.442;8.6;17.3;12.9;9.1;1.8;3.0;10.9;15.5;3.4;2.2;5.6;.157;-0.9;1.1;0.2;1.0;
17-18;CHO;C;33;627;15.9;.602;.019;.545;11.4;19.3;15.3;7.4;1.1;2.8;14.6;15.7;1.2;0.7;1.9;.145;-1.2;-1.2;0.1;
18-19;CHO;C;49;1243;17.2;.611;.064;.409;9.4;19.7;14.5;12.1;1.5;2.9;13.2;16.3;2.6;1.2;3.9;.150;-0.6;0.7;0.1;0.7;
19-20;CHO;C;58;1341;18.8;.576;.157;.374;12.6;21.2;16.7;11.3;1.5;1.7;11.9;20.8;2.3;1.3;3.6;.129;0.2;-0.8;-0.6;0.5;
20-21;CHO;C;48;1005;18.2;.599;.086;.367;12.6;22.9;17.7;13.2;1.3;1.7;11.9;18.3;2.1;1.1;3.3;.156;-0.2;-0.2;-0.5;0.4;
21-22;POR;C;27;355;17.2;.627;.044;.544;14.9;24.1;19.3;9.4;1.1;1.7;14.6;15.9;0.9;0.2;1.1;.143;-1.2;-1.0;-2.2;
Career;;494;10973;16.2;.575;.048;.447;9.8;19.9;14.7;9.9;1.5;2.5;12.5;17.0;18.2;13.9;32.1;.140;-1.1;0.6;-0.6;4.0;
Playoffs Advanced
13-14;CHA;C;4;53;6.9;.372;.444;11.4;9.9;10.7;5.8;5.0;15.7;11.5;-0.010;-3.2;-0.8;-4.0;
15-16;CHO;C;7;137;16.8;.624;.553;7.0;25.1;15.4;2.9;0.4;1.7;12.9;18.9;0.3;0.1;0.4;.141;-0.9;0.5;-0.4;0.1;
Career;;11;190;14.0;.578;.532;8.2;20.8;14.1;3.7;0.3;2.6;13.4;16.8;0.2;0.2;0.4;.099;-1.5;0.1;-1.4;
