Cole Aldrich;Center;Right;1988-10-31;;6-11;250;Thomas Jefferson in Bloomington,Minnesota;;;;-1;;
Per Game
10-11;OKC;C;18;7.9;0.4;0.8;.533;0.4;0.8;.533;.533;0.1;0.2;.500;0.7;1.2;1.9;0.2;0.3;0.4;0.4;1.7;1.0;
11-12;OKC;C;26;6.7;0.8;1.6;.524;0.8;1.6;.524;.524;0.5;0.5;.929;0.5;1.3;1.8;0.1;0.3;0.6;0.3;0.8;2.2;
12-13;TOT;C;45;8.6;1.0;1.8;.550;1.0;1.8;.550;.550;0.3;0.4;.600;0.7;2.0;2.7;0.2;0.1;0.5;0.5;1.3;2.2;
12-13;HOU;C;30;7.1;0.8;1.4;.535;0.8;1.4;.535;.535;0.1;0.3;.444;0.4;1.5;1.9;0.2;0.1;0.3;0.5;1.4;1.7;
12-13;SAC;C;15;11.7;1.4;2.5;.568;1.4;2.5;.568;.568;0.5;0.7;.727;1.2;3.0;4.2;0.2;0.1;0.9;0.6;1.3;3.3;
13-14;NYK;C;46;2;7.2;0.7;1.3;.541;0.7;1.3;.541;.541;0.6;0.7;.867;0.8;2.0;2.8;0.3;0.2;0.7;0.4;0.9;2.0;
14-15;NYK;C;61;16;16.0;2.4;4.9;.478;2.4;4.9;.478;.478;0.8;1.0;.781;1.7;3.9;5.5;1.2;0.6;1.1;1.0;2.0;5.5;
15-16;LAC;C;60;5;13.3;2.2;3.8;.596;2.2;3.8;.596;.596;1.0;1.4;.714;1.4;3.4;4.8;0.8;0.8;1.1;1.1;2.3;5.5;
16-17;MIN;C;62;8.6;0.7;1.4;.523;0.7;1.4;.523;.523;0.2;0.4;.682;0.8;1.7;2.5;0.4;0.4;0.4;0.3;1.4;1.7;
17-18;MIN;C;21;2.3;0.2;0.7;.333;0.2;0.7;.333;.333;0.1;0.3;.333;0.1;0.6;0.7;0.1;0.1;0.5;0.6;
Career;;339;23;10.0;1.3;2.4;.527;1.3;2.4;.527;.527;0.5;0.7;.738;1.0;2.4;3.3;0.5;0.4;0.7;0.6;1.5;3.1;
Playoffs Per Game
11-12;OKC;C;5;5.0;0.8;1.8;.444;0.8;1.8;.444;.444;0.4;0.8;.500;1.0;1.6;2.6;0.6;2.0;
15-16;LAC;C;6;12.8;1.7;2.5;.667;1.7;2.5;.667;.667;0.5;1.0;.500;1.3;3.7;5.0;0.5;1.0;0.5;0.3;1.8;3.8;
Career;;11;9.3;1.3;2.2;.583;1.3;2.2;.583;.583;0.5;0.9;.500;1.2;2.7;3.9;0.3;0.5;0.3;0.2;1.3;3.0;
Totals
10-11;OKC;C;18;142;8;15;.533;8;15;.533;.533;2;4;.500;13;22;35;4;5;7;8;30;18;
11-12;OKC;C;26;173;22;42;.524;22;42;.524;.524;13;14;.929;13;35;48;3;8;16;9;22;57;
12-13;TOT;C;45;388;44;80;.550;44;80;.550;.550;12;20;.600;30;90;120;9;5;23;23;60;100;
12-13;HOU;C;30;213;23;43;.535;23;43;.535;.535;4;9;.444;12;45;57;6;3;9;14;41;50;
12-13;SAC;C;15;175;21;37;.568;21;37;.568;.568;8;11;.727;18;45;63;3;2;14;9;19;50;
13-14;NYK;C;46;2;330;33;61;.541;33;61;.541;.541;26;30;.867;37;92;129;14;8;30;18;40;92;
14-15;NYK;C;61;16;976;144;301;.478;144;301;.478;.478;50;64;.781;101;237;338;75;37;65;59;122;338;
15-16;LAC;C;60;5;800;134;225;.596;134;225;.596;.596;60;84;.714;86;202;288;50;47;68;64;139;328;
16-17;MIN;C;62;531;45;86;.523;45;86;.523;.523;15;22;.682;51;107;158;25;25;23;17;85;105;
17-18;MIN;C;21;49;5;15;.333;5;15;.333;.333;2;6;.333;3;12;15;3;2;1;1;11;12;
Career;;339;23;3389;435;825;.527;435;825;.527;.527;180;244;.738;334;797;1131;183;137;233;199;509;1050;
Playoffs Totals
11-12;OKC;C;5;25;4;9;.444;4;9;.444;.444;2;4;.500;5;8;13;3;10;
15-16;LAC;C;6;77;10;15;.667;10;15;.667;.667;3;6;.500;8;22;30;3;6;3;2;11;23;
Career;;11;102;14;24;.583;14;24;.583;.583;5;10;.500;13;30;43;3;6;3;2;14;33;
Advanced
10-11;OKC;C;18;142;7.0;.537;.267;11.1;17.5;14.4;4.0;1.8;3.6;32.3;7.9;0.2;0.2;.066;-5.6;1.6;-4.0;-0.1;
11-12;OKC;C;26;173;17.7;.592;.333;9.2;21.6;15.8;2.7;2.4;6.7;15.7;14.9;0.3;0.4;0.6;.176;-1.3;2.2;1.0;0.1;
12-13;TOT;C;45;388;11.1;.563;.250;8.7;26.7;17.7;3.4;0.7;4.6;20.6;12.7;0.1;0.4;0.6;.070;-3.5;0.6;-2.9;-0.1;
12-13;HOU;C;30;213;7.3;.532;.209;6.5;23.7;15.2;4.1;0.7;3.2;23.0;12.5;-0.1;0.3;0.2;.038;-5.6;0.6;-5.0;-0.2;
12-13;SAC;C;15;175;15.7;.598;.297;11.5;30.4;20.7;2.6;0.6;6.3;17.7;12.9;0.2;0.2;0.4;.109;-1.0;0.5;-0.5;0.1;
13-14;NYK;C;46;330;19.1;.620;.492;12.8;33.8;23.0;6.4;1.3;8.1;19.5;13.0;0.6;0.6;1.2;.178;-0.1;1.6;1.5;0.3;
14-15;NYK;C;61;976;18.1;.513;.213;11.6;28.9;20.0;13.3;2.0;5.5;15.2;18.3;0.8;1.4;2.2;.107;-0.8;1.1;0.3;0.6;
15-16;LAC;C;60;800;21.3;.626;.373;11.9;27.1;19.6;10.0;2.9;6.7;19.6;18.4;1.4;2.0;3.5;.209;-0.9;3.4;2.4;0.9;
16-17;MIN;C;62;531;12.7;.549;.256;11.0;23.9;17.4;6.4;2.4;3.7;15.1;9.4;0.6;0.7;1.3;.116;-2.3;1.5;-0.8;0.2;
17-18;MIN;C;21;49;6.0;.340;.400;7.0;28.6;17.6;8.2;2.0;1.8;5.4;16.8;-0.1;0.1;-0.013;-6.8;-0.7;-7.5;-0.1;
Career;;339;3389;16.6;.563;.296;11.2;27.0;19.0;8.6;2.1;5.6;17.6;15.2;3.8;5.8;9.6;.135;-1.6;1.7;0.1;1.8;
Playoffs Advanced
11-12;OKC;C;5;25;19.8;.465;.444;24.4;37.7;31.1;20.2;0.1;0.1;.177;0.8;-5.8;-5.0;
15-16;LAC;C;6;77;21.4;.652;.400;10.4;28.1;19.3;6.0;4.0;3.3;10.2;11.4;0.2;0.2;0.4;.254;1.1;3.3;4.4;0.1;
Career;;11;102;21.0;.581;.417;13.8;30.4;22.2;4.6;3.0;2.5;6.6;13.5;0.3;0.2;0.5;.235;1.0;1.1;2.1;0.1;
