Corey Brewer;Small Forward, Shooting Guard, and Power Forward;Right;1986-03-05;;6-9;186;Portland in Portland,Tennessee;;;;-1;;
Per Game
07-08;MIN;SF;79;35;22.8;2.3;6.2;.374;0.1;0.5;.194;2.2;5.7;.389;.382;1.1;1.4;.800;1.0;2.7;3.7;1.4;1.0;0.3;1.1;2.4;5.8;
08-09;MIN;SF;15;8;20.5;2.5;6.0;.411;0.3;0.8;.417;2.1;5.2;.410;.439;0.9;1.3;.737;1.2;2.1;3.3;1.7;1.0;0.2;0.9;2.5;6.2;
09-10;MIN;SG;<strong>82</strong>;82;30.3;5.0;11.6;.431;1.0;2.9;.346;4.0;8.7;.459;.474;2.0;3.1;.648;0.9;2.5;3.4;2.4;1.4;0.4;2.0;2.7;13.0;
10-11;TOT;SF,SG;69;24;21.9;2.8;7.1;.395;0.4;1.6;.268;2.4;5.4;.434;.426;2.0;2.8;.708;0.8;1.7;2.5;1.3;1.4;0.2;1.3;2.3;8.0;
10-11;MIN;SF;56;22;24.3;3.0;7.8;.384;0.5;1.8;.263;2.5;6.0;.420;.414;2.2;3.1;.708;0.8;1.9;2.7;1.4;1.6;0.3;1.4;2.4;8.6;
10-11;DAL;SG;13;2;11.4;1.9;3.9;.490;0.3;1.0;.308;1.6;2.9;.553;.529;1.2;1.6;.714;0.9;0.8;1.8;0.9;0.8;0.2;0.8;1.9;5.3;
11-12;DEN;SF;59;17;21.8;3.4;7.8;.434;0.6;2.2;.260;2.8;5.7;.500;.470;1.5;2.2;.692;0.7;1.8;2.5;1.5;1.2;0.3;0.9;1.9;8.9;
12-13;DEN;SF;<strong>82</strong>;2;24.4;4.6;10.8;.425;1.1;3.7;.296;3.5;7.0;.493;.476;1.8;2.6;.690;0.7;2.2;2.9;1.5;1.4;0.3;1.2;1.9;12.1;
13-14;MIN;SF;81;81;32.2;4.8;10.0;.481;0.7;2.6;.280;4.1;7.4;.552;.517;2.0;2.8;.718;0.8;1.8;2.6;1.7;1.9;0.4;1.3;2.6;12.3;
14-15;TOT;SF;80;17;26.1;4.3;10.1;.426;0.8;2.9;.268;3.5;7.1;.491;.465;2.1;2.8;.743;1.0;2.7;3.7;2.2;1.4;0.2;1.6;2.2;11.5;
14-15;MIN;SF;24;16;28.3;3.9;9.4;.418;0.3;1.7;.195;3.6;7.7;.467;.436;2.3;3.3;.705;1.3;2.6;3.9;3.3;2.3;0.2;2.1;2.6;10.5;
14-15;HOU;SF;56;1;25.1;4.4;10.4;.429;1.0;3.5;.284;3.5;6.9;.503;.477;2.0;2.6;.764;0.9;2.8;3.6;1.7;1.1;0.3;1.4;2.0;11.9;
15-16;HOU;SF;<strong>82</strong>;12;20.4;2.6;6.7;.384;0.7;2.7;.272;1.8;4.0;.460;.439;1.3;1.7;.750;0.5;1.9;2.4;1.3;1.0;0.2;1.0;2.0;7.2;
16-17;TOT;SF;<strong>82</strong>;11;15.6;1.8;4.2;.422;0.3;1.4;.229;1.5;2.8;.522;.461;0.6;0.8;.735;0.4;1.6;2.0;1.2;0.7;0.2;0.7;1.6;4.5;
16-17;HOU;SF;58;8;15.9;1.6;3.9;.414;0.4;1.6;.234;1.2;2.3;.541;.463;0.6;0.8;.727;0.4;1.6;2.0;1.1;0.6;0.2;0.6;1.8;4.2;
16-17;LAL;SF;24;3;14.9;2.2;5.0;.438;0.2;1.0;.208;2.0;4.0;.495;.459;0.8;1.0;.750;0.5;1.7;2.2;1.5;1.0;0.3;0.8;1.2;5.4;
17-18;TOT;SF,SG;72;18;16.8;2.0;4.4;.449;0.4;1.5;.282;1.5;2.9;.539;.498;0.9;1.3;.722;0.6;1.5;2.1;0.9;1.1;0.2;0.7;1.9;5.3;
17-18;LAL;SF;54;2;12.9;1.4;3.2;.453;0.1;0.8;.186;1.3;2.4;.543;.477;0.6;0.9;.667;0.4;1.3;1.7;0.8;0.8;0.1;0.7;1.5;3.7;
17-18;OKC;SG;18;16;28.6;3.6;8.0;.444;1.3;3.7;.343;2.3;4.3;.532;.524;1.7;2.2;.795;1.1;2.3;3.4;1.3;2.1;0.3;0.6;3.1;10.1;
18-19;TOT;SF;31;3;15.9;1.7;4.0;.431;0.5;1.4;.318;1.3;2.5;.494;.488;1.0;1.4;.721;0.8;1.6;2.5;1.3;1.0;0.2;0.6;2.0;4.9;
18-19;PHI;SF;7;3;20.0;2.9;7.0;.408;0.6;2.0;.286;2.3;5.0;.457;.449;1.3;1.9;.692;0.6;1.9;2.4;1.4;1.7;0.3;1.1;2.3;7.6;
18-19;SAC;SF;24;14.7;1.4;3.1;.446;0.4;1.3;.333;1.0;1.8;.523;.514;0.9;1.3;.733;0.9;1.5;2.5;1.2;0.8;0.2;0.5;2.0;4.1;
19-20;SAC;PF;5;6.6;0.4;0.8;.500;0.2;0.4;0.6;.667;.500;0.2;0.6;.333;0.4;1.2;1.6;0.4;0.8;0.4;1.4;1.0;
Career;;819;310;22.9;3.3;7.7;.425;0.6;2.2;.284;2.7;5.5;.480;.465;1.5;2.1;.713;0.7;2.0;2.8;1.5;1.2;0.3;1.2;2.2;8.7;
Playoffs Per Game
10-11;DAL;SG;6;3.8;0.7;1.5;.444;0.2;0.5;.333;0.5;1.0;.500;.500;0.3;0.3;0.2;0.7;0.3;0.8;1.5;
11-12;DEN;SF;7;16.6;3.3;7.7;.426;0.9;2.9;.300;2.4;4.9;.500;.481;0.9;1.1;.750;0.9;1.1;2.0;0.9;1.0;0.3;0.3;1.6;8.3;
12-13;DEN;SF;6;24.3;3.5;11.3;.309;1.5;6.0;.250;2.0;5.3;.375;.375;2.3;3.5;.667;0.5;1.3;1.8;1.2;1.0;0.2;1.2;3.2;10.8;
14-15;HOU;SF;17;25.2;4.2;9.8;.431;0.7;2.5;.286;3.5;7.4;.480;.467;2.1;3.2;.636;0.6;2.1;2.8;1.1;0.6;0.2;0.9;2.8;11.2;
15-16;HOU;SF;5;1;15.4;1.4;5.4;.259;0.2;2.0;.100;1.2;3.4;.353;.278;1.4;1.6;.875;0.6;0.8;1.4;1.6;0.2;1.2;2.6;4.4;
17-18;OKC;SG;6;6;25.2;2.2;4.2;.520;0.8;1.8;.455;1.3;2.3;.571;.620;1.0;1.0;1.000;0.7;1.5;2.2;0.8;1.2;0.8;0.3;2.8;6.2;
Career;;47;7;20.0;3.0;7.4;.400;0.7;2.6;.279;2.3;4.9;.465;.449;1.4;2.1;.694;0.6;1.4;2.0;1.0;0.7;0.3;0.7;2.4;8.1;
Totals
07-08;MIN;SF;79;35;1803;182;486;.374;7;36;.194;175;450;.389;.382;88;110;.800;82;210;292;111;76;25;89;188;459;
08-09;MIN;SF;15;8;307;37;90;.411;5;12;.417;32;78;.410;.439;14;19;.737;18;31;49;25;15;3;13;37;93;
09-10;MIN;SG;<strong>82</strong>;82;2482;409;949;.431;82;237;.346;327;712;.459;.474;166;256;.648;70;209;279;193;117;29;164;224;1066;
10-11;TOT;SF,SG;69;24;1510;193;488;.395;30;112;.268;163;376;.434;.426;136;192;.708;57;118;175;89;100;16;87;159;552;
10-11;MIN;SF;56;22;1362;168;437;.384;26;99;.263;142;338;.420;.414;121;171;.708;45;107;152;77;89;14;77;134;483;
10-11;DAL;SG;13;2;148;25;51;.490;4;13;.308;21;38;.553;.529;15;21;.714;12;11;23;12;11;2;10;25;69;
11-12;DEN;SF;59;17;1287;201;463;.434;33;127;.260;168;336;.500;.470;90;130;.692;43;107;150;88;72;17;56;113;525;
12-13;DEN;SF;<strong>82</strong>;2;2003;375;883;.425;91;307;.296;284;576;.493;.476;149;216;.690;55;180;235;124;118;23;102;154;990;
13-14;MIN;SF;81;81;2609;388;807;.481;59;211;.280;329;596;.552;.517;163;227;.718;63;144;207;135;151;30;105;210;998;
14-15;TOT;SF;80;17;2087;343;805;.426;63;235;.268;280;570;.491;.465;168;226;.743;80;217;297;173;114;19;131;173;917;
14-15;MIN;SF;24;16;680;94;225;.418;8;41;.195;86;184;.467;.436;55;78;.705;32;62;94;78;54;4;50;62;251;
14-15;HOU;SF;56;1;1407;249;580;.429;55;194;.284;194;386;.503;.477;113;148;.764;48;155;203;95;60;15;81;111;666;
15-16;HOU;SF;<strong>82</strong>;12;1669;212;552;.384;61;224;.272;151;328;.460;.439;105;140;.750;42;157;199;109;84;19;78;168;590;
16-17;TOT;SF;<strong>82</strong>;11;1281;147;348;.422;27;118;.229;120;230;.522;.461;50;68;.735;32;134;166;97;61;20;55;133;371;
16-17;HOU;SF;58;8;923;94;227;.414;22;94;.234;72;133;.541;.463;32;44;.727;21;93;114;61;37;12;36;104;242;
16-17;LAL;SF;24;3;358;53;121;.438;5;24;.208;48;97;.495;.459;18;24;.750;11;41;52;36;24;8;19;29;129;
17-18;TOT;SF,SG;72;18;1208;142;316;.449;31;110;.282;111;206;.539;.498;65;90;.722;43;111;154;65;79;14;49;139;380;
17-18;LAL;SF;54;2;694;78;172;.453;8;43;.186;70;129;.543;.477;34;51;.667;23;70;93;41;41;8;38;83;198;
17-18;OKC;SG;18;16;514;64;144;.444;23;67;.343;41;77;.532;.524;31;39;.795;20;41;61;24;38;6;11;56;182;
18-19;TOT;SF;31;3;492;53;123;.431;14;44;.318;39;79;.494;.488;31;43;.721;26;50;76;39;32;7;19;63;151;
18-19;PHI;SF;7;3;140;20;49;.408;4;14;.286;16;35;.457;.449;9;13;.692;4;13;17;10;12;2;8;16;53;
18-19;SAC;SF;24;352;33;74;.446;10;30;.333;23;44;.523;.514;22;30;.733;22;37;59;29;20;5;11;47;98;
19-20;SAC;PF;5;33;2;4;.500;1;2;3;.667;.500;1;3;.333;2;6;8;2;4;2;7;5;
Career;;819;310;18771;2684;6314;.425;503;1774;.284;2181;4540;.480;.465;1226;1720;.713;613;1674;2287;1250;1023;222;950;1768;7097;
Playoffs Totals
10-11;DAL;SG;6;23;4;9;.444;1;3;.333;3;6;.500;.500;2;2;1;4;2;5;9;
11-12;DEN;SF;7;116;23;54;.426;6;20;.300;17;34;.500;.481;6;8;.750;6;8;14;6;7;2;2;11;58;
12-13;DEN;SF;6;146;21;68;.309;9;36;.250;12;32;.375;.375;14;21;.667;3;8;11;7;6;1;7;19;65;
14-15;HOU;SF;17;428;72;167;.431;12;42;.286;60;125;.480;.467;35;55;.636;11;36;47;19;11;4;15;48;191;
15-16;HOU;SF;5;1;77;7;27;.259;1;10;.100;6;17;.353;.278;7;8;.875;3;4;7;8;1;6;13;22;
17-18;OKC;SG;6;6;151;13;25;.520;5;11;.455;8;14;.571;.620;6;6;1.000;4;9;13;5;7;5;2;17;37;
Career;;47;7;941;140;350;.400;34;122;.279;106;228;.465;.449;68;98;.694;27;67;94;46;35;13;34;113;382;
Advanced
07-08;MIN;SF;79;1803;8.3;.429;.074;.226;5.1;13.9;9.4;9.1;2.2;1.1;14.3;15.6;-1.4;1.2;-0.2;-0.005;-4.2;0.1;-4.1;-1.0;
08-09;MIN;SF;15;307;11.2;.473;.133;.211;6.6;12.3;9.3;12.9;2.6;0.8;11.7;16.3;0.1;0.3;0.3;.052;-2.7;1.2;-1.5;
09-10;MIN;SG;<strong>82</strong>;2482;12.1;.502;.250;.270;3.1;9.6;6.3;12.5;2.4;0.9;13.4;21.5;-0.4;1.4;1.0;.020;-2.1;-0.1;-2.2;-0.1;
10-11;TOT;SF,SG;69;1510;11.0;.482;.230;.393;4.2;8.9;6.5;9.1;3.3;0.8;13.2;18.8;-0.1;1.3;1.1;.036;-3.5;1.2;-2.3;-0.1;
10-11;MIN;SF;56;1362;10.3;.471;.227;.391;3.6;9.0;6.2;8.6;3.3;0.8;13.1;18.4;-0.4;1.0;0.6;.023;-3.8;1.0;-2.8;-0.3;
10-11;DAL;SG;13;148;17.6;.573;.255;.412;9.9;8.4;9.1;13.3;3.9;1.0;14.2;22.2;0.3;0.3;0.5;.163;-0.8;2.6;1.8;0.1;
11-12;DEN;SF;59;1287;13.7;.505;.274;.281;4.0;9.4;6.8;10.6;2.9;1.0;9.7;20.0;1.1;1.1;2.3;.085;-0.8;0.7;-0.1;0.6;
12-13;DEN;SF;<strong>82</strong>;2003;14.7;.506;.348;.245;3.1;9.9;6.6;9.5;3.0;0.9;9.4;23.4;1.7;2.2;3.9;.093;-0.2;0.6;0.4;1.2;
13-14;MIN;SF;81;2609;12.7;.550;.261;.281;2.6;6.2;4.3;7.9;2.9;0.9;10.4;16.5;2.4;2.7;5.2;.095;-1.7;1.5;-0.2;1.2;
14-15;TOT;SF;80;2087;13.9;.507;.292;.281;4.2;11.7;7.9;13.8;2.7;0.7;12.7;21.6;1.0;2.1;3.1;.071;-1.2;0.2;-1.0;0.5;
14-15;MIN;SF;24;680;13.8;.484;.182;.347;5.2;10.8;7.9;18.6;4.0;0.5;16.2;20.1;0.4;0.4;.028;-1.9;1.1;-0.8;0.2;
14-15;HOU;SF;56;1407;14.0;.516;.334;.255;3.8;12.1;8.0;11.5;2.1;0.8;11.2;22.4;1.0;1.6;2.7;.091;-0.8;-0.3;-1.1;0.3;
15-16;HOU;SF;<strong>82</strong>;1669;9.9;.481;.406;.254;2.8;10.4;6.6;10.0;2.5;0.9;11.3;17.8;0.1;1.2;1.2;.035;-2.7;-0.3;-2.9;-0.4;
16-17;TOT;SF;<strong>82</strong>;1281;9.1;.491;.339;.195;2.7;11.6;7.1;10.7;2.3;1.3;12.7;14.3;1.2;1.2;.045;-3.5;0.8;-2.7;-0.2;
16-17;HOU;SF;58;923;7.5;.491;.414;.194;2.5;11.0;6.7;9.0;1.9;1.1;12.7;12.9;0.8;0.9;.045;-4.0;0.6;-3.4;-0.3;
16-17;LAL;SF;24;358;13.3;.490;.198;.198;3.2;13.0;7.9;15.0;3.3;1.8;12.6;18.0;0.3;0.3;.047;-2.3;1.3;-1.0;0.1;
17-18;TOT;SF,SG;72;1208;11.2;.534;.348;.285;3.8;10.0;6.9;7.5;3.2;1.0;12.1;14.3;0.7;1.6;2.3;.091;-3.2;1.9;-1.3;0.2;
17-18;LAL;SF;54;694;8.9;.509;.250;.297;3.6;10.7;7.1;8.1;2.8;0.9;16.3;14.2;-0.2;0.9;0.7;.048;-4.7;1.6;-3.1;-0.2;
17-18;OKC;SG;18;514;14.2;.565;.465;.271;4.2;9.2;6.6;6.7;3.7;1.1;6.4;14.4;0.9;0.7;1.6;.150;-1.2;2.3;1.1;0.4;
18-19;TOT;SF;31;492;11.6;.532;.358;.350;5.4;10.7;8.0;10.2;3.0;1.2;11.8;13.6;0.4;0.6;1.0;.095;-2.9;1.6;-1.3;0.1;
18-19;PHI;SF;7;140;10.8;.484;.286;.265;3.1;9.6;6.4;10.0;4.0;1.1;12.8;18.8;-0.1;0.2;0.1;.044;-5.1;1.5;-3.6;-0.1;
18-19;SAC;SF;24;352;12.0;.562;.405;.405;6.3;11.1;8.6;10.3;2.6;1.2;11.2;11.5;0.5;0.4;0.8;.115;-2.0;1.6;-0.4;0.1;
19-20;SAC;PF;5;33;8.7;.470;.250;.750;6.7;21.0;13.6;7.7;5.9;27.3;9.6;0.1;.064;-6.0;2.8;-3.2;
Career;;819;18771;11.8;.502;.281;.272;3.6;10.1;6.8;10.2;2.7;0.9;11.8;18.5;5.6;16.9;22.5;.058;-2.2;0.7;-1.6;2.0;
Playoffs Advanced
10-11;DAL;SG;6;23;12.9;.500;.333;10.5;5.3;8.0;9.6;18.2;23.3;0.1;.046;-7.6;5.6;-2.0;
11-12;DEN;SF;7;116;18.7;.504;.370;.148;5.3;6.8;6.1;8.6;3.2;1.2;3.4;22.5;0.3;0.1;0.4;.146;2.1;1.7;3.8;0.2;
12-13;DEN;SF;6;146;7.3;.421;.529;.309;2.2;7.1;4.4;7.6;2.0;0.6;8.3;24.6;-0.2;-0.2;-0.051;-3.7;-1.7;-5.4;-0.1;
14-15;HOU;SF;17;428;10.9;.499;.251;.329;2.7;8.6;5.7;7.3;1.2;0.7;7.3;20.1;0.2;0.1;0.3;.031;-1.6;-0.7;-2.2;
15-16;HOU;SF;5;77;1.3;.360;.370;.296;3.9;5.8;4.8;17.4;1.1;16.4;19.5;-0.2;-0.2;-0.123;-6.0;-2.5;-8.5;-0.1;
17-18;OKC;SG;6;151;11.8;.669;.440;.240;2.8;6.2;4.5;4.8;2.3;3.0;6.7;8.6;0.3;0.2;0.4;.140;-0.5;2.4;1.8;0.1;
Career;;47;941;10.7;.486;.349;.280;3.0;7.6;5.3;7.9;1.9;1.2;8.0;19.3;0.4;0.4;0.7;.038;-1.8;-1.8;
