Cory Jefferson;Power Forward;Right;1990-12-26;;6-9;218;Killeen in Killeen,Texas;;;;-1;;
Per Game
14-15;BRK;PF;50;1;10.6;1.5;3.3;.449;0.3;.133;1.5;3.0;.480;.455;0.6;1.1;.574;0.9;2.0;2.9;0.3;0.2;0.4;0.4;1.2;3.7;
15-16;PHO;PF;8;6.3;1.1;2.8;.409;0.1;1.1;2.6;.429;.409;0.5;0.8;.667;0.8;1.3;2.0;0.1;1.0;2.8;
Career;;58;1;10.0;1.4;3.3;.444;0.3;.125;1.4;3.0;.474;.450;0.6;1.0;.583;0.9;1.9;2.8;0.3;0.2;0.4;0.3;1.2;3.5;
Totals
14-15;BRK;PF;50;1;531;75;167;.449;2;15;.133;73;152;.480;.455;31;54;.574;47;98;145;16;10;21;20;61;183;
15-16;PHO;PF;8;50;9;22;.409;1;9;21;.429;.409;4;6;.667;6;10;16;1;8;22;
Career;;58;1;581;84;189;.444;2;16;.125;82;173;.474;.450;35;60;.583;53;108;161;16;10;22;20;69;205;
Advanced
14-15;BRK;PF;50;531;13.2;.480;.090;.323;10.0;20.6;15.3;4.8;1.0;3.2;9.5;18.1;0.2;0.6;0.8;.071;-2.1;-0.9;-3.0;-0.1;
15-16;PHO;PF;8;50;12.7;.446;.045;.273;12.7;22.2;17.4;1.6;21.0;0.1;.070;-2.7;-3.7;-6.4;-0.1;
Career;;58;581;13.2;.476;.085;.317;10.2;20.8;15.5;4.4;0.9;3.0;8.5;18.4;0.3;0.6;0.9;.071;-2.2;-1.1;-3.3;-0.2;
