Cory Joseph;Point Guard and Shooting Guard;Right;1991-08-20;;6-3;200;Findlay Prep in Henderson,Nevada;;;;-1;;
Per Game
11-12;SAS;PG;29;1;9.2;0.8;2.4;.314;0.1;0.5;.200;0.7;1.9;.345;.336;0.4;0.6;.647;0.2;0.7;0.9;1.2;0.2;0.1;0.4;0.6;2.0;
12-13;SAS;PG;28;9;13.9;1.8;3.9;.464;0.2;0.8;.286;1.6;3.2;.506;.491;0.6;0.8;.857;0.4;1.4;1.9;1.9;0.5;0.1;0.8;0.9;4.5;
13-14;SAS;SG;68;19;13.8;1.9;3.9;.475;0.2;0.6;.316;1.7;3.3;.502;.498;1.2;1.4;.823;0.5;1.1;1.6;1.7;0.5;0.2;0.6;1.2;5.0;
14-15;SAS;PG;79;14;18.3;2.6;5.2;.504;0.2;0.6;.364;2.4;4.6;.520;.523;1.3;1.8;.734;0.6;1.9;2.4;2.4;0.6;0.2;0.8;1.3;6.8;
15-16;TOR;SG;80;4;25.6;3.2;7.3;.439;0.4;1.4;.273;2.8;5.9;.478;.465;1.7;2.2;.764;0.5;2.1;2.6;3.1;0.8;0.3;1.3;1.6;8.5;
16-17;TOR;PG;80;22;25.0;3.7;8.3;.452;0.6;1.7;.356;3.1;6.6;.477;.489;1.2;1.5;.770;0.6;2.3;2.9;3.3;0.8;0.2;1.4;1.8;9.3;
17-18;IND;PG;<strong>82</strong>;17;27.0;3.1;7.4;.424;0.8;2.3;.353;2.3;5.0;.457;.479;0.9;1.1;.745;0.5;2.7;3.2;3.2;1.0;0.2;1.1;1.7;7.9;
18-19;IND;PG;<strong>82</strong>;9;25.2;2.8;6.7;.412;0.7;2.1;.322;2.1;4.6;.454;.463;0.4;0.5;.698;0.5;2.9;3.4;3.9;1.1;0.3;1.0;1.6;6.5;
19-20;SAC;PG;72;26;24.4;2.4;5.7;.415;0.8;2.2;.352;1.6;3.5;.455;.483;0.8;1.0;.857;0.6;2.0;2.6;3.5;0.7;0.3;1.1;1.8;6.4;
20-21;TOT;PG;63;13;23.0;3.2;6.8;.469;0.7;2.1;.341;2.5;4.7;.527;.522;1.1;1.4;.818;0.6;2.0;2.5;3.4;1.0;0.3;1.3;2.2;8.2;
20-21;SAC;PG;44;2;21.5;2.5;5.7;.444;0.7;2.1;.330;1.8;3.5;.513;.506;0.8;1.1;.766;0.6;1.7;2.3;2.5;0.9;0.2;1.0;2.2;6.6;
20-21;DET;PG;19;11;26.4;4.7;9.3;.506;0.7;2.0;.368;3.9;7.3;.543;.545;1.9;2.2;.878;0.5;2.6;3.2;5.5;1.2;0.5;1.8;2.2;12.0;
21-22;DET;PG;65;39;24.6;2.7;6.2;.445;1.0;2.4;.414;1.7;3.7;.465;.526;1.5;1.7;.885;0.4;2.2;2.7;3.6;0.6;0.3;1.3;2.3;8.0;
Career;;728;173;22.2;2.7;6.2;.444;0.6;1.6;.344;2.2;4.6;.479;.489;1.1;1.3;.787;0.5;2.1;2.6;3.0;0.8;0.2;1.0;1.6;7.1;
Playoffs Per Game
12-13;SAS;PG;20;9.6;1.3;2.8;.464;0.1;0.6;.182;1.2;2.3;.533;.482;0.3;0.6;.455;0.4;1.2;1.6;1.2;0.3;0.1;0.5;0.8;3.0;
13-14;SAS;SG;17;5.1;1.0;2.1;.486;0.2;1.0;1.9;.531;.486;0.8;1.1;.778;0.1;0.5;0.5;0.5;0.2;0.2;0.4;2.8;
14-15;SAS;PG;4;5.5;1.3;1.5;.833;1.3;1.5;.833;.833;0.3;0.5;.500;0.3;0.3;0.3;0.3;0.5;2.8;
15-16;TOR;SG;20;22.6;3.5;7.4;.466;0.4;1.2;.333;3.1;6.2;.492;.493;1.2;1.6;.750;0.6;1.5;2.1;2.4;0.9;0.1;1.1;2.4;8.5;
16-17;TOR;PG;10;2;21.2;3.1;7.1;.437;0.9;2.2;.409;2.2;4.9;.449;.500;0.8;0.8;1.000;0.4;1.7;2.1;3.1;0.4;0.2;1.4;1.7;7.9;
17-18;IND;PG;7;20.4;1.7;4.7;.364;0.4;1.6;.273;1.3;3.1;.409;.409;0.9;0.9;1.000;0.3;2.1;2.4;3.0;1.3;0.3;0.6;1.4;4.7;
18-19;IND;PG;4;21.3;3.0;6.0;.500;1.0;2.3;.444;2.0;3.8;.533;.583;0.5;0.5;1.000;0.3;1.5;1.8;1.0;1.0;1.8;7.5;
Career;;82;2;14.5;2.1;4.5;.461;0.3;1.0;.325;1.8;3.6;.498;.496;0.7;1.0;.759;0.3;1.2;1.5;1.7;0.5;0.1;0.7;1.3;5.2;
Totals
11-12;SAS;PG;29;1;266;22;70;.314;3;15;.200;19;55;.345;.336;11;17;.647;5;20;25;34;7;3;12;16;58;
12-13;SAS;PG;28;9;388;51;110;.464;6;21;.286;45;89;.506;.491;18;21;.857;12;40;52;53;15;4;21;25;126;
13-14;SAS;SG;68;19;936;126;265;.475;12;38;.316;114;227;.502;.498;79;96;.823;32;75;107;114;35;14;43;84;343;
14-15;SAS;PG;79;14;1444;207;411;.504;16;44;.364;191;367;.520;.523;105;143;.734;44;148;192;188;46;17;67;105;535;
15-16;TOR;SG;80;4;2046;257;585;.439;30;110;.273;227;475;.478;.465;133;174;.764;39;171;210;250;63;20;102;131;677;
16-17;TOR;PG;80;22;2003;299;661;.452;48;135;.356;251;526;.477;.489;94;122;.770;51;184;235;265;66;13;108;140;740;
17-18;IND;PG;<strong>82</strong>;17;2210;256;604;.424;67;190;.353;189;414;.457;.479;70;94;.745;39;224;263;260;80;18;87;141;649;
18-19;IND;PG;<strong>82</strong>;9;2063;226;548;.412;55;171;.322;171;377;.454;.463;30;43;.698;39;240;279;321;94;22;80;131;537;
19-20;SAC;PG;72;26;1759;171;412;.415;56;159;.352;115;253;.455;.483;60;70;.857;44;144;188;251;53;21;80;133;458;
20-21;TOT;PG;63;13;1446;200;426;.469;45;132;.341;155;294;.527;.522;72;88;.818;35;124;159;213;61;18;79;139;517;
20-21;SAC;PG;44;2;944;111;250;.444;31;94;.330;80;156;.513;.506;36;47;.766;25;74;99;108;39;9;44;98;289;
20-21;DET;PG;19;11;502;89;176;.506;14;38;.368;75;138;.543;.545;36;41;.878;10;50;60;105;22;9;35;41;228;
21-22;DET;PG;65;39;1600;178;400;.445;65;157;.414;113;243;.465;.526;100;113;.885;29;145;174;237;42;17;85;147;521;
Career;;728;173;16161;1993;4492;.444;403;1172;.344;1590;3320;.479;.489;772;981;.787;369;1515;1884;2186;562;167;764;1192;5161;
Playoffs Totals
12-13;SAS;PG;20;192;26;56;.464;2;11;.182;24;45;.533;.482;5;11;.455;8;23;31;24;6;2;10;15;59;
13-14;SAS;SG;17;87;17;35;.486;3;17;32;.531;.486;14;18;.778;1;8;9;9;3;4;7;48;
14-15;SAS;PG;4;22;5;6;.833;5;6;.833;.833;1;2;.500;1;1;1;1;2;11;
15-16;TOR;SG;20;452;69;148;.466;8;24;.333;61;124;.492;.493;24;32;.750;11;30;41;47;18;2;22;47;170;
16-17;TOR;PG;10;2;212;31;71;.437;9;22;.409;22;49;.449;.500;8;8;1.000;4;17;21;31;4;2;14;17;79;
17-18;IND;PG;7;143;12;33;.364;3;11;.273;9;22;.409;.409;6;6;1.000;2;15;17;21;9;2;4;10;33;
18-19;IND;PG;4;85;12;24;.500;4;9;.444;8;15;.533;.583;2;2;1.000;1;6;7;4;4;7;30;
Career;;82;2;1193;172;373;.461;26;80;.325;146;293;.498;.496;60;79;.759;27;100;127;136;44;9;55;105;430;
Advanced
11-12;SAS;PG;29;266;6.9;.374;.214;.243;2.2;8.5;5.4;17.4;1.4;0.8;13.4;15.4;-0.2;0.2;.001;-4.4;-0.6;-5.0;-0.2;
12-13;SAS;PG;28;388;13.5;.528;.191;.191;3.8;11.3;7.7;20.2;2.0;0.7;15.0;16.6;0.4;0.5;0.9;.113;-1.2;0.8;-0.4;0.2;
13-14;SAS;SG;68;936;14.7;.558;.143;.362;4.0;8.7;6.4;17.2;1.9;1.1;12.3;16.9;1.6;1.3;2.9;.148;-0.4;1.3;0.9;0.7;
14-15;SAS;PG;79;1444;15.5;.564;.107;.348;3.5;11.4;7.5;19.7;1.6;0.9;12.4;17.0;2.7;1.8;4.5;.149;0.2;1.3;1.4;1.2;
15-16;TOR;SG;80;2046;12.4;.512;.188;.297;2.2;9.4;5.9;19.3;1.6;0.8;13.4;17.0;1.8;1.7;3.5;.082;-1.1;-0.1;-1.2;0.4;
16-17;TOR;PG;80;2003;13.2;.518;.204;.185;2.9;10.4;6.6;20.0;1.7;0.6;13.1;18.4;1.7;1.7;3.4;.082;-0.9;-0.4;-1.3;0.4;
17-18;IND;PG;<strong>82</strong>;2210;11.0;.503;.315;.156;2.0;11.4;6.7;16.1;1.8;0.7;11.9;14.8;1.2;2.0;3.1;.068;-1.8;0.3;-1.5;0.3;
18-19;IND;PG;<strong>82</strong>;2063;11.0;.474;.312;.078;2.1;12.6;7.5;20.7;2.2;0.9;12.4;13.7;0.5;2.9;3.5;.081;-2.1;1.7;-0.4;0.9;
19-20;SAC;PG;72;1759;10.1;.517;.386;.170;2.7;9.4;6.0;19.1;1.5;1.1;15.3;12.9;1.2;1.1;2.3;.062;-2.1;0.1;-2.0;
20-21;TOT;PG;63;1446;12.5;.556;.310;.207;2.7;9.7;6.1;21.4;2.0;1.1;14.5;16.3;1.3;0.8;2.1;.069;-1.8;-1.8;0.1;
20-21;SAC;PG;44;944;9.9;.534;.376;.188;2.9;8.8;5.8;14.9;2.0;0.8;14.0;14.3;0.4;0.3;0.7;.037;-3.0;-0.3;-3.3;-0.3;
20-21;DET;PG;19;502;17.3;.588;.216;.233;2.2;11.2;6.6;33.7;2.1;1.6;15.3;19.9;0.8;0.5;1.4;.130;0.5;0.4;0.9;0.4;
21-22;DET;PG;65;1600;11.4;.579;.393;.283;1.9;10.3;5.9;21.8;1.3;1.0;15.9;14.3;1.7;0.8;2.5;.075;-2.0;-0.1;-2.1;
Career;;728;16161;12.1;.524;.261;.218;2.6;10.5;6.5;19.4;1.7;0.9;13.4;15.6;13.8;14.8;28.7;.085;-1.5;0.4;-1.1;3.9;
Playoffs Advanced
12-13;SAS;PG;20;192;13.2;.485;.196;.196;4.9;13.3;9.3;19.7;1.7;0.8;14.1;17.5;0.1;0.2;0.4;.088;-1.8;1.3;-0.5;0.1;
13-14;SAS;SG;17;87;18.3;.559;.086;.514;1.4;10.5;6.1;16.5;1.8;8.5;25.0;0.2;0.1;0.3;.159;0.5;1.9;2.3;0.1;
14-15;SAS;PG;4;22;17.3;.799;.333;5.0;2.4;3.6;12.7;16.1;0.1;.122;0.1;1.7;1.8;
15-16;TOR;SG;20;452;13.8;.524;.162;.216;2.8;8.5;5.4;18.9;2.1;0.4;12.0;18.9;0.4;0.3;0.8;.082;-0.3;1.2;0.8;0.3;
16-17;TOR;PG;10;212;11.4;.530;.310;.113;2.3;9.6;6.0;24.8;1.0;0.9;15.8;19.6;0.2;0.2;.035;-0.8;-1.1;-1.9;
17-18;IND;PG;7;143;12.7;.463;.333;.182;1.8;12.3;7.2;20.4;3.3;1.5;10.1;13.1;0.1;0.3;0.4;.125;-1.2;3.9;2.7;0.2;
18-19;IND;PG;4;85;13.5;.603;.375;.083;1.2;8.5;4.5;8.5;2.4;13.4;0.1;0.1;0.3;.149;-0.7;2.8;2.1;0.1;
Career;;82;1193;13.5;.527;.214;.212;2.6;10.0;6.3;19.0;2.0;0.7;11.9;18.1;1.0;1.3;2.3;.091;-0.7;1.3;0.6;0.8;
