Courtney Lee;Shooting Guard;Right;1985-10-03;;6-5;215;Pike in Indianapolis,Indiana;;;;-1;;
Per Game
08-09;ORL;SG;77;42;25.2;3.2;7.0;.450;1.1;2.6;.404;2.1;4.4;.478;.526;1.0;1.2;.830;0.2;2.1;2.3;1.2;1.0;0.2;0.9;2.0;8.4;
09-10;NJN;SG;71;66;33.5;4.8;10.9;.436;1.1;3.2;.338;3.7;7.7;.476;.485;1.9;2.2;.869;0.8;2.7;3.5;1.7;1.3;0.3;1.1;1.8;12.5;
10-11;HOU;SG;81;1;21.3;3.1;7.1;.439;0.9;2.1;.408;2.2;5.0;.453;.501;1.2;1.5;.792;0.6;2.0;2.6;1.2;0.7;0.2;0.8;1.3;8.3;
11-12;HOU;SG;58;26;30.3;4.3;10.0;.433;1.5;3.7;.401;2.8;6.3;.452;.508;1.2;1.5;.826;0.4;2.3;2.7;1.5;1.2;0.4;1.1;1.8;11.4;
12-13;BOS;SG;78;39;24.9;3.2;6.8;.464;0.7;2.0;.372;2.4;4.8;.503;.519;0.8;0.9;.861;0.4;2.0;2.4;1.8;1.1;0.3;1.1;1.8;7.8;
13-14;TOT;SG;79;47;25.0;3.7;7.8;.480;0.9;2.5;.371;2.8;5.3;.531;.539;1.3;1.4;.884;0.4;2.0;2.4;1.5;0.8;0.4;0.9;1.6;9.6;
13-14;BOS;SG;30;16.8;3.0;6.1;.492;0.8;1.7;.442;2.2;4.4;.511;.555;0.6;0.7;.818;0.3;1.4;1.6;1.1;0.7;0.3;0.8;1.2;7.4;
13-14;MEM;SG;49;47;30.0;4.2;8.8;.476;1.0;2.9;.345;3.2;5.9;.540;.532;1.7;1.8;.900;0.4;2.4;2.8;1.7;0.9;0.4;1.0;1.8;11.0;
14-15;MEM;SG;77;74;30.6;3.7;8.4;.448;1.2;2.9;.402;2.6;5.4;.473;.518;1.4;1.7;.860;0.3;2.0;2.3;2.0;1.0;0.2;1.0;1.7;10.1;
15-16;TOT;SG;79;65;29.5;3.7;8.1;.454;1.0;2.7;.378;2.6;5.3;.493;.518;1.3;1.5;.839;0.4;2.2;2.6;1.7;1.1;0.4;0.9;1.7;9.6;
15-16;MEM;SG;51;37;29.2;3.8;8.2;.458;1.0;2.7;.370;2.8;5.5;.502;.519;1.5;1.8;.826;0.4;1.9;2.3;1.5;1.0;0.3;1.0;1.5;10.0;
15-16;CHO;SG;28;28;30.2;3.5;7.9;.445;1.1;2.8;.392;2.4;5.0;.475;.516;0.8;0.9;.885;0.4;2.8;3.1;2.1;1.2;0.4;0.8;2.0;8.9;
16-17;NYK;SG;77;74;31.9;4.2;9.1;.456;1.4;3.5;.401;2.8;5.6;.490;.533;1.1;1.3;.867;0.7;2.7;3.4;2.3;1.1;0.3;0.9;1.8;10.8;
17-18;NYK;SG;76;69;30.4;4.5;9.9;.454;1.5;3.7;.406;3.0;6.3;.482;.529;1.5;1.6;.919;0.4;2.6;2.9;2.4;1.1;0.2;1.1;1.4;12.0;
18-19;TOT;SG;34;6;12.6;1.6;3.8;.411;0.5;1.6;.291;1.1;2.2;.500;.473;0.4;0.6;.667;0.3;1.3;1.6;1.1;0.6;0.1;0.4;0.9;4.0;
18-19;NYK;SG;12;2;13.3;1.8;3.9;.447;0.4;1.3;.313;1.3;2.6;.516;.500;0.8;1.2;.643;0.5;1.8;2.3;1.3;0.7;0.2;0.4;1.1;4.7;
18-19;DAL;SG;22;4;12.2;1.5;3.7;.390;0.5;1.8;.282;1.0;2.0;.488;.457;0.2;0.3;.714;0.1;1.1;1.2;1.0;0.6;0.4;0.9;3.6;
19-20;DAL;SG;24;9;14.4;1.7;3.4;.488;0.9;2.0;.447;0.8;1.5;.543;.616;0.3;0.3;.857;0.3;1.0;1.3;0.5;0.8;0.3;0.5;1.4;4.5;
Career;;811;518;27.1;3.7;8.1;.451;1.1;2.8;.388;2.6;5.3;.484;.518;1.2;1.4;.853;0.4;2.2;2.6;1.7;1.0;0.3;0.9;1.7;9.6;
Playoffs Per Game
08-09;ORL;SG;21;16;26.2;3.2;7.3;.435;0.6;2.1;.273;2.6;5.2;.500;.474;1.1;1.2;.885;0.3;1.6;1.9;1.3;0.9;0.1;1.0;2.0;8.0;
12-13;BOS;SG;4;9.8;0.3;1.3;.200;0.5;0.3;0.8;.333;.200;1.0;1.0;1.000;0.5;0.5;0.3;0.5;0.8;1.5;
13-14;MEM;SG;7;7;32.0;3.6;8.6;.417;0.9;2.7;.316;2.7;5.9;.463;.467;2.0;2.6;.778;0.4;1.6;2.0;1.6;0.7;0.3;0.9;2.9;10.0;
14-15;MEM;SG;11;11;33.4;5.0;9.1;.550;1.3;2.7;.467;3.7;6.4;.586;.620;2.0;2.1;.957;0.3;2.3;2.5;2.2;1.1;1.2;2.2;13.3;
15-16;CHO;SG;7;7;36.7;3.0;7.3;.412;0.6;1.3;.444;2.4;6.0;.405;.451;2.0;2.1;.933;0.7;2.1;2.9;1.3;0.9;0.4;0.7;2.7;8.6;
Career;;50;41;28.7;3.4;7.4;.457;0.7;2.1;.346;2.7;5.3;.500;.505;1.5;1.7;.895;0.3;1.7;2.1;1.4;0.9;0.2;0.9;2.2;9.0;
Totals
08-09;ORL;SG;77;42;1939;243;540;.450;82;203;.404;161;337;.478;.526;78;94;.830;18;160;178;91;76;14;69;157;646;
09-10;NJN;SG;71;66;2375;338;775;.436;76;225;.338;262;550;.476;.485;133;153;.869;60;192;252;121;93;20;76;130;885;
10-11;HOU;SG;81;1;1723;253;576;.439;71;174;.408;182;402;.453;.501;95;120;.792;51;158;209;100;58;18;68;102;672;
11-12;HOU;SG;58;26;1757;251;580;.433;87;217;.401;164;363;.452;.508;71;86;.826;26;133;159;88;68;22;64;106;660;
12-13;BOS;SG;78;39;1941;246;530;.464;58;156;.372;188;374;.503;.519;62;72;.861;31;159;190;143;89;21;84;139;612;
13-14;TOT;SG;79;47;1973;295;614;.480;72;194;.371;223;420;.531;.539;99;112;.884;29;158;187;115;65;28;73;127;761;
13-14;BOS;SG;30;504;90;183;.492;23;52;.442;67;131;.511;.555;18;22;.818;8;41;49;32;20;9;25;37;221;
13-14;MEM;SG;49;47;1469;205;431;.476;49;142;.345;156;289;.540;.532;81;90;.900;21;117;138;83;45;19;48;90;540;
14-15;MEM;SG;77;74;2354;288;643;.448;90;224;.402;198;419;.473;.518;111;129;.860;21;157;178;151;75;12;78;129;777;
15-16;TOT;SG;79;65;2334;290;639;.454;82;217;.378;208;422;.493;.518;99;118;.839;29;176;205;136;85;28;72;134;761;
15-16;MEM;SG;51;37;1489;192;419;.458;51;138;.370;141;281;.502;.519;76;92;.826;19;99;118;76;52;16;49;79;511;
15-16;CHO;SG;28;28;845;98;220;.445;31;79;.392;67;141;.475;.516;23;26;.885;10;77;87;60;33;12;23;55;250;
16-17;NYK;SG;77;74;2459;321;704;.456;108;269;.401;213;435;.490;.533;85;98;.867;53;206;259;179;81;24;69;141;835;
17-18;NYK;SG;76;69;2310;343;755;.454;113;278;.406;230;477;.482;.529;114;124;.919;30;194;224;180;80;17;84;109;913;
18-19;TOT;SG;34;6;428;53;129;.411;16;55;.291;37;74;.500;.473;14;21;.667;9;45;54;37;21;3;14;32;136;
18-19;NYK;SG;12;2;160;21;47;.447;5;16;.313;16;31;.516;.500;9;14;.643;6;21;27;16;8;2;5;13;56;
18-19;DAL;SG;22;4;268;32;82;.390;11;39;.282;21;43;.488;.457;5;7;.714;3;24;27;21;13;1;9;19;80;
19-20;DAL;SG;24;9;345;40;82;.488;21;47;.447;19;35;.543;.616;6;7;.857;7;25;32;12;18;6;11;33;107;
Career;;811;518;21938;2961;6567;.451;876;2259;.388;2085;4308;.484;.518;967;1134;.853;364;1763;2127;1353;809;213;762;1339;7765;
Playoffs Totals
08-09;ORL;SG;21;16;550;67;154;.435;12;44;.273;55;110;.500;.474;23;26;.885;6;33;39;27;19;3;20;42;169;
12-13;BOS;SG;4;39;1;5;.200;2;1;3;.333;.200;4;4;1.000;2;2;1;2;3;6;
13-14;MEM;SG;7;7;224;25;60;.417;6;19;.316;19;41;.463;.467;14;18;.778;3;11;14;11;5;2;6;20;70;
14-15;MEM;SG;11;11;367;55;100;.550;14;30;.467;41;70;.586;.620;22;23;.957;3;25;28;24;12;13;24;146;
15-16;CHO;SG;7;7;257;21;51;.412;4;9;.444;17;42;.405;.451;14;15;.933;5;15;20;9;6;3;5;19;60;
Career;;50;41;1437;169;370;.457;36;104;.346;133;266;.500;.505;77;86;.895;17;86;103;72;44;8;44;108;451;
Advanced
08-09;ORL;SG;77;1939;10.7;.556;.376;.174;1.1;9.1;5.2;7.6;2.0;0.5;10.6;15.5;1.3;3.1;4.4;.108;-2.1;1.9;-0.1;0.9;
09-10;NJN;SG;71;2375;12.8;.525;.290;.197;2.8;9.7;6.1;9.0;2.1;0.6;8.3;17.7;1.8;1.3;3.1;.063;-1.0;-0.4;-1.4;0.4;
10-11;HOU;SG;81;1723;12.6;.534;.302;.208;3.3;10.4;6.9;8.9;1.7;0.7;9.8;17.9;1.6;1.1;2.7;.076;-0.7;-0.5;-1.1;0.4;
11-12;HOU;SG;58;1757;12.6;.534;.374;.148;1.7;8.9;5.2;7.9;2.0;0.9;9.4;17.6;1.8;1.4;3.2;.087;-0.4;0.3;0.9;
12-13;BOS;SG;78;1941;11.7;.545;.294;.136;1.9;9.4;5.8;11.7;2.4;0.9;13.0;15.7;0.9;2.4;3.3;.082;-1.8;1.2;-0.5;0.7;
13-14;TOT;SG;79;1973;13.8;.574;.316;.182;1.7;9.5;5.6;9.3;1.7;1.2;9.9;17.0;2.8;1.9;4.7;.114;0.1;0.8;0.9;1.5;
13-14;BOS;SG;30;504;14.6;.573;.284;.120;1.8;9.5;5.5;10.9;2.0;1.4;11.5;19.2;0.6;0.4;1.0;.094;0.8;0.8;1.6;0.5;
13-14;MEM;SG;49;1469;13.5;.574;.329;.209;1.7;9.5;5.6;8.7;1.6;1.1;9.3;16.3;2.2;1.5;3.7;.120;-0.2;0.8;0.7;1.0;
14-15;MEM;SG;77;2354;11.5;.555;.348;.201;1.0;7.6;4.3;9.8;1.7;0.4;10.0;15.2;2.5;2.4;4.8;.099;-1.0;0.5;-0.5;0.9;
15-16;TOT;SG;79;2334;11.5;.551;.340;.185;1.4;8.7;4.9;9.1;1.9;1.1;9.4;14.7;2.1;1.7;3.9;.080;-1.3;0.3;-1.0;0.6;
15-16;MEM;SG;51;1489;11.7;.556;.329;.220;1.4;7.9;4.5;8.1;1.8;1.0;9.6;15.3;1.5;0.8;2.2;.072;-0.9;-0.1;-0.9;0.4;
15-16;CHO;SG;28;845;11.2;.540;.359;.118;1.3;10.1;5.6;10.9;2.0;1.2;9.0;13.6;0.7;1.0;1.6;.094;-2.1;1.1;-1.0;0.2;
16-17;NYK;SG;77;2459;12.2;.559;.382;.139;2.3;9.0;5.7;10.6;1.6;0.8;8.5;14.4;3.1;1.1;4.2;.081;-0.7;-0.2;-0.9;0.7;
17-18;NYK;SG;76;2310;13.0;.564;.368;.164;1.4;9.3;5.4;11.3;1.7;0.6;9.4;16.9;2.7;1.2;3.9;.082;-0.1;-0.2;-0.3;1.0;
18-19;TOT;SG;34;428;10.3;.492;.426;.163;2.2;11.2;6.7;12.8;2.4;0.6;9.2;15.3;0.1;0.4;0.4;.050;-3.4;0.8;-2.5;-0.1;
18-19;NYK;SG;12;160;13.7;.527;.340;.298;3.8;14.1;8.8;15.1;2.4;1.1;8.6;15.5;0.2;0.1;0.3;.087;-1.8;1.1;-0.8;
18-19;DAL;SG;22;268;8.3;.470;.476;.085;1.2;9.5;5.4;11.4;2.4;0.3;9.6;15.1;-0.1;0.3;0.2;.028;-4.3;0.7;-3.6;-0.1;
19-20;DAL;SG;24;345;10.8;.629;.573;.085;2.2;7.5;4.9;4.7;2.5;1.5;11.4;11.9;0.3;0.3;0.7;.092;-2.1;1.5;-0.6;0.1;
Career;;811;21938;12.2;.549;.344;.173;1.9;9.1;5.5;9.6;1.9;0.8;9.7;16.1;20.9;18.4;39.3;.086;-1.0;0.4;-0.6;7.9;
Playoffs Advanced
08-09;ORL;SG;21;550;9.3;.511;.286;.169;1.4;7.5;4.5;8.4;1.9;0.4;10.8;16.3;0.6;0.6;.052;-2.0;1.4;-0.6;0.2;
12-13;BOS;SG;4;39;6.6;.444;.400;.800;5.6;3.1;4.6;2.8;8.8;0.1;0.1;.091;-4.7;2.6;-2.1;
13-14;MEM;SG;7;224;8.8;.515;.317;.300;1.4;5.8;3.5;8.0;1.2;0.8;8.1;15.2;0.1;0.1;0.2;.043;-1.9;0.2;-1.6;
14-15;MEM;SG;11;367;15.5;.663;.300;.230;0.9;7.7;4.2;11.0;1.7;10.6;15.3;0.9;0.2;1.1;.145;0.9;1.7;2.6;0.4;
15-16;CHO;SG;7;257;8.5;.521;.176;.294;2.1;7.2;4.4;6.0;1.2;0.9;8.0;11.6;0.1;0.1;0.2;.045;-2.8;0.6;-2.2;
Career;;50;1437;10.6;.553;.281;.232;1.3;7.2;4.2;8.5;1.6;0.5;9.7;14.8;1.1;1.1;2.2;.074;-1.4;1.2;-0.3;0.6;
