Damjan Rudež;Small Forward;Right;1986-06-17;;6-10;228;;;;;-1;;
Per Game
14-15;IND;SF;68;2;15.4;1.8;3.9;.452;1.0;2.5;.406;0.7;1.4;.538;.584;0.2;0.3;.696;0.1;0.6;0.7;0.8;0.2;0.1;0.7;1.2;4.8;
15-16;MIN;SF;33;8.4;0.8;1.9;.403;0.5;1.5;.340;0.2;0.4;.667;.540;0.2;0.2;1.000;0.2;0.5;0.6;0.3;0.1;0.4;1.0;2.3;
16-17;ORL;SF;45;7.0;0.7;2.0;.352;0.4;1.4;.313;0.2;0.5;.458;.466;0.1;0.4;0.6;0.4;0.3;0.2;0.7;1.8;
Career;;146;2;11.2;1.2;2.8;.424;0.7;1.9;.373;0.5;0.9;.535;.552;0.2;0.2;.774;0.1;0.5;0.6;0.6;0.2;0.5;1.0;3.3;
Totals
14-15;IND;SF;68;2;1047;119;263;.452;69;170;.406;50;93;.538;.584;16;23;.696;8;39;47;53;16;5;47;79;323;
15-16;MIN;SF;33;277;25;62;.403;17;50;.340;8;12;.667;.540;8;8;1.000;5;15;20;11;3;1;13;33;75;
16-17;ORL;SF;45;314;31;88;.352;20;64;.313;11;24;.458;.466;5;20;25;20;12;1;9;31;82;
Career;;146;2;1638;175;413;.424;106;284;.373;69;129;.535;.552;24;31;.774;18;74;92;84;31;7;69;143;480;
Advanced
14-15;IND;SF;68;1047;8.2;.591;.646;.087;0.9;4.1;2.5;7.9;0.8;0.4;14.7;13.8;0.6;0.7;1.3;.061;-1.7;-0.6;-2.3;-0.1;
15-16;MIN;SF;33;277;5.5;.572;.806;.129;2.1;6.2;4.2;5.8;0.5;0.3;16.6;12.7;0.1;0.1;.009;-2.7;-2.1;-4.8;-0.2;
16-17;ORL;SF;45;314;6.3;.466;.727;1.7;7.1;4.3;9.2;1.9;0.3;9.3;13.6;-0.1;0.2;0.1;.008;-4.2;-0.3;-4.5;-0.2;
Career;;146;1638;7.4;.563;.688;.075;1.2;5.0;3.1;7.8;1.0;0.3;13.9;13.6;0.6;0.9;1.4;.042;-2.3;-0.8;-3.1;-0.5;
