Danilo Gallinari;Small Forward, Power Forward, and Shooting Guard;Right;1988-08-08;;6-10;233;;;;;-1;;
Per Game
08-09;NYK;SG;28;2;14.7;2.0;4.5;.448;1.1;2.6;.444;0.9;1.9;.453;.576;0.9;1.0;.963;0.5;1.5;2.0;0.5;0.5;0.1;0.5;1.7;6.1;
09-10;NYK;SF;81;74;33.9;4.8;11.4;.423;2.3;6.0;.381;2.5;5.4;.469;.523;3.1;3.8;.818;0.8;4.1;4.9;1.7;0.9;0.7;1.4;2.4;15.1;
10-11;TOT;PF,SF;62;60;33.9;4.3;10.3;.414;1.7;4.7;.352;2.6;5.6;.467;.495;5.4;6.3;.862;1.0;4.0;4.9;1.7;0.8;0.4;1.3;2.3;15.6;
10-11;NYK;PF;48;48;34.8;4.4;10.6;.415;1.7;5.0;.347;2.7;5.6;.474;.496;5.4;6.0;.893;1.0;3.8;4.8;1.7;0.8;0.4;1.2;2.4;15.9;
10-11;DEN;SF;14;12;30.9;3.9;9.4;.412;1.4;3.9;.370;2.4;5.5;.442;.489;5.6;7.2;.772;0.8;4.6;5.4;1.6;0.9;0.6;1.8;1.9;14.7;
11-12;DEN;SF;43;40;31.4;4.5;10.8;.414;1.4;4.3;.328;3.1;6.6;.470;.479;4.2;4.9;.871;0.7;4.0;4.7;2.7;1.0;0.5;1.6;2.0;14.6;
12-13;DEN;SF;71;71;32.5;5.1;12.3;.418;1.9;5.1;.373;3.2;7.2;.450;.495;4.0;4.9;.822;0.9;4.3;5.2;2.5;0.9;0.5;1.6;1.8;16.2;
14-15;DEN;SF;59;27;24.2;3.9;9.6;.401;1.8;5.1;.355;2.1;4.5;.453;.496;2.9;3.2;.895;0.5;3.2;3.7;1.4;0.8;0.3;1.0;1.6;12.4;
15-16;DEN;SF;53;53;34.7;5.4;13.2;.410;1.6;4.5;.364;3.8;8.7;.434;.472;7.1;8.2;.868;1.0;4.3;5.3;2.5;0.8;0.4;1.5;1.6;19.5;
16-17;DEN;SF;63;63;33.9;5.3;11.9;.447;2.0;5.1;.389;3.3;6.8;.491;.531;5.5;6.1;.902;0.6;4.5;5.2;2.1;0.6;0.2;1.3;1.5;18.2;
17-18;LAC;SF;21;21;32.0;4.9;12.2;.398;1.7;5.3;.324;3.1;6.9;.455;.469;3.9;4.1;.931;0.4;4.4;4.8;2.0;0.6;0.5;1.2;1.4;15.3;
18-19;LAC;SF;68;68;30.3;6.0;13.0;.463;2.4;5.5;.433;3.6;7.5;.484;.554;5.4;6.0;.904;0.8;5.3;6.1;2.6;0.7;0.3;1.5;1.9;19.8;
19-20;OKC;PF;62;62;29.6;5.8;13.2;.438;2.9;7.1;.405;2.9;6.1;.476;.547;4.3;4.8;.893;0.5;4.6;5.2;1.9;0.7;0.1;1.2;1.2;18.7;
20-21;ATL;PF;51;4;24.0;4.0;9.3;.434;2.0;5.0;.406;2.0;4.3;.466;.542;3.2;3.4;.925;0.3;3.8;4.1;1.5;0.6;0.2;0.8;2.1;13.3;
21-22;ATL;PF;66;18;25.3;3.9;9.0;.434;1.7;4.5;.381;2.2;4.6;.485;.528;2.1;2.4;.904;0.5;4.1;4.7;1.5;0.4;0.2;0.6;1.4;11.7;
Career;;728;563;29.9;4.7;11.1;.428;2.0;5.1;.382;2.8;6.0;.467;.516;4.1;4.7;.877;0.7;4.1;4.8;1.9;0.7;0.4;1.2;1.8;15.6;
Playoffs Per Game
10-11;DEN;SF;5;5;29.6;3.8;8.8;.432;1.4;3.0;.467;2.4;5.8;.414;.511;3.0;4.2;.714;0.2;3.2;3.4;2.0;0.8;1.4;3.4;12.0;
11-12;DEN;SF;7;7;31.7;4.9;13.4;.362;0.6;3.3;.174;4.3;10.1;.423;.383;3.1;3.4;.917;1.3;3.9;5.1;2.4;0.7;0.6;1.3;2.1;13.4;
18-19;LAC;SF;6;6;33.5;6.5;18.5;.351;2.2;7.2;.302;4.3;11.3;.382;.410;4.7;5.5;.848;1.5;4.7;6.2;2.7;1.3;0.2;1.8;2.3;19.8;
19-20;OKC;PF;7;7;30.3;4.6;11.3;.405;1.7;5.3;.324;2.9;6.0;.476;.481;4.1;4.3;.967;0.7;4.7;5.4;1.0;0.7;0.1;2.1;1.6;15.0;
20-21;ATL;PF;18;24.6;4.1;9.7;.425;1.9;4.7;.405;2.2;5.0;.444;.523;2.7;2.9;.942;0.4;3.4;3.9;0.8;0.3;0.2;0.8;2.6;12.8;
21-22;ATL;PF;5;3;22.4;3.6;9.0;.400;0.8;3.0;.267;2.8;6.0;.467;.444;2.2;2.2;<strong>1.000</strong>;0.4;3.8;4.2;0.8;0.2;1.0;1.2;10.2;
Career;;48;28;27.9;4.5;11.4;.395;1.5;4.5;.341;3.0;6.9;.430;.463;3.2;3.6;.901;0.7;3.9;4.6;1.4;0.6;0.2;1.3;2.3;13.8;
Totals
08-09;NYK;SG;28;2;412;56;125;.448;32;72;.444;24;53;.453;.576;26;27;.963;13;42;55;15;14;4;15;48;170;
09-10;NYK;SF;81;74;2747;392;927;.423;186;488;.381;206;439;.469;.523;251;307;.818;65;333;398;135;75;58;110;191;1221;
10-11;TOT;PF,SF;62;60;2104;265;640;.414;103;293;.352;162;347;.467;.495;337;391;.862;59;246;305;104;51;27;83;144;970;
10-11;NYK;PF;48;48;1671;211;509;.415;83;239;.347;128;270;.474;.496;259;290;.893;48;181;229;82;38;18;58;117;764;
10-11;DEN;SF;14;12;433;54;131;.412;20;54;.370;34;77;.442;.489;78;101;.772;11;65;76;22;13;9;25;27;206;
11-12;DEN;SF;43;40;1351;193;466;.414;60;183;.328;133;283;.470;.479;182;209;.871;28;174;202;116;42;23;68;86;628;
12-13;DEN;SF;71;71;2309;364;871;.418;135;362;.373;229;509;.450;.495;286;348;.822;65;302;367;176;64;36;111;130;1149;
14-15;DEN;SF;59;27;1426;228;568;.401;107;301;.355;121;267;.453;.496;171;191;.895;31;187;218;83;47;20;57;94;734;
15-16;DEN;SF;53;53;1839;287;700;.410;87;239;.364;200;461;.434;.472;375;432;.868;52;229;281;135;42;19;77;87;1036;
16-17;DEN;SF;63;63;2134;335;750;.447;126;324;.389;209;426;.491;.531;349;387;.902;39;286;325;135;40;15;82;93;1145;
17-18;LAC;SF;21;21;671;102;256;.398;36;111;.324;66;145;.455;.469;81;87;.931;9;92;101;41;12;10;26;30;321;
18-19;LAC;SF;68;68;2059;409;884;.463;161;372;.433;248;512;.484;.554;367;406;.904;54;363;417;178;49;23;99;129;1346;
19-20;OKC;PF;62;62;1834;358;817;.438;178;439;.405;180;378;.476;.547;266;298;.893;34;288;322;119;42;5;76;75;1160;
20-21;ATL;PF;51;4;1222;206;475;.434;103;254;.406;103;221;.466;.542;161;174;.925;17;194;211;76;30;10;43;105;676;
21-22;ATL;PF;66;18;1672;259;597;.434;112;294;.381;147;303;.485;.528;141;156;.904;35;273;308;101;28;12;38;93;771;
Career;;728;563;21780;3454;8076;.428;1426;3732;.382;2028;4344;.467;.516;2993;3413;.877;501;3009;3510;1414;536;262;885;1305;11327;
Playoffs Totals
10-11;DEN;SF;5;5;148;19;44;.432;7;15;.467;12;29;.414;.511;15;21;.714;1;16;17;10;4;7;17;60;
11-12;DEN;SF;7;7;222;34;94;.362;4;23;.174;30;71;.423;.383;22;24;.917;9;27;36;17;5;4;9;15;94;
18-19;LAC;SF;6;6;201;39;111;.351;13;43;.302;26;68;.382;.410;28;33;.848;9;28;37;16;8;1;11;14;119;
19-20;OKC;PF;7;7;212;32;79;.405;12;37;.324;20;42;.476;.481;29;30;.967;5;33;38;7;5;1;15;11;105;
20-21;ATL;PF;18;442;74;174;.425;34;84;.405;40;90;.444;.523;49;52;.942;8;62;70;14;6;3;15;46;231;
21-22;ATL;PF;5;3;112;18;45;.400;4;15;.267;14;30;.467;.444;11;11;<strong>1.000</strong>;2;19;21;4;1;5;6;51;
Career;;48;28;1337;216;547;.395;74;217;.341;142;330;.430;.463;154;171;.901;34;185;219;68;29;9;62;109;660;
Advanced
08-09;NYK;SG;28;412;13.4;.621;.576;.216;3.3;11.5;7.3;5.5;1.7;0.7;9.9;16.0;0.7;0.3;1.0;.119;0.5;0.1;0.6;0.3;
09-10;NYK;SF;81;2747;14.8;.575;.526;.331;2.6;14.0;8.2;7.6;1.4;1.6;9.4;19.3;4.1;1.5;5.6;.098;1.2;-0.7;0.5;1.7;
10-11;TOT;PF,SF;62;2104;15.7;.597;.458;.611;3.2;13.4;8.3;7.4;1.2;0.9;9.3;18.9;4.9;1.2;6.1;.139;1.5;-0.8;0.7;1.4;
10-11;NYK;PF;48;1671;15.6;.600;.470;.570;3.3;12.5;7.8;7.4;1.1;0.8;8.4;18.5;4.2;0.7;4.9;.140;1.4;-1.3;0.1;0.9;
10-11;DEN;SF;14;433;15.9;.587;.412;.771;3.0;16.8;10.1;7.5;1.5;1.6;12.5;20.6;0.7;0.5;1.2;.133;1.7;1.3;3.0;0.5;
11-12;DEN;SF;43;1351;16.5;.563;.393;.448;2.5;14.6;8.7;13.0;1.6;1.3;10.9;20.7;2.9;1.0;3.9;.140;1.9;-0.1;1.8;1.3;
12-13;DEN;SF;71;2309;16.7;.561;.416;.400;3.2;14.4;8.9;11.2;1.4;1.2;9.8;21.3;5.2;2.0;7.2;.151;2.9;-0.1;2.8;2.8;
14-15;DEN;SF;59;1426;16.8;.563;.530;.336;2.3;14.7;8.3;9.4;1.6;1.1;8.0;21.5;3.0;1.0;3.9;.132;2.6;-0.2;2.4;1.6;
15-16;DEN;SF;53;1839;19.0;.582;.341;.617;3.1;14.0;8.5;11.8;1.1;0.8;8.0;23.0;5.5;0.9;6.3;.165;3.4;-0.7;2.7;2.2;
16-17;DEN;SF;63;2134;17.4;.622;.432;.516;2.0;14.7;8.4;9.1;0.9;0.5;8.2;20.0;6.2;0.7;6.8;.154;2.8;-1.4;1.4;1.9;
17-18;LAC;SF;21;671;13.8;.545;.434;.340;1.5;14.9;8.3;8.9;0.9;1.2;8.1;20.6;0.8;0.4;1.2;.088;0.4;-0.9;-0.5;0.3;
18-19;LAC;SF;68;2059;21.0;.633;.421;.459;2.9;18.1;10.7;13.2;1.1;0.9;8.5;23.8;6.4;1.8;8.2;.191;4.9;-0.5;4.3;3.3;
19-20;OKC;PF;62;1834;19.5;.612;.537;.365;2.1;16.8;9.7;10.3;1.1;0.2;7.4;24.6;4.5;1.9;6.3;.166;4.1;-0.9;3.3;2.4;
20-21;ATL;PF;51;1222;16.3;.613;.535;.366;1.6;17.0;9.5;9.2;1.2;0.7;7.2;21.2;2.7;1.0;3.7;.146;1.7;-0.6;1.1;1.0;
21-22;ATL;PF;66;1672;14.3;.579;.492;.261;2.3;17.8;10.1;8.5;0.8;0.6;5.4;18.4;2.8;0.8;3.6;.105;1.0;-1.2;-0.2;0.8;
Career;;728;21780;16.9;.591;.462;.423;2.6;15.2;8.9;9.8;1.2;0.9;8.5;21.0;49.8;14.3;64.1;.141;2.5;-0.7;1.8;20.8;
Playoffs Advanced
10-11;DEN;SF;5;148;11.9;.563;.341;.477;0.8;12.0;6.4;12.3;1.4;11.6;18.6;0.1;0.1;0.2;.065;0.6;0.6;0.1;
11-12;DEN;SF;7;222;13.4;.450;.245;.255;4.2;12.1;8.2;11.8;1.2;1.3;7.9;22.5;0.2;0.1;0.3;.061;-0.8;-0.8;0.1;
18-19;LAC;SF;6;201;13.6;.474;.387;.297;4.7;16.5;10.3;12.5;1.9;0.4;8.1;27.9;-0.1;-0.1;-0.1;-0.031;0.6;-3.0;-2.4;
19-20;OKC;PF;7;212;12.7;.569;.468;.380;2.6;15.7;9.4;5.5;1.1;0.6;14.0;21.8;0.1;0.3;0.3;.070;-0.2;-0.5;-0.6;0.1;
20-21;ATL;PF;18;442;13.3;.587;.483;.299;2.0;15.2;8.6;4.9;0.7;0.6;7.1;21.2;0.5;0.5;1.0;.108;1.2;-0.6;0.7;0.3;
21-22;ATL;PF;5;112;10.5;.512;.333;.244;2.1;20.9;11.3;6.4;0.5;9.1;22.5;0.1;.012;-0.6;-1.3;-1.8;
Career;;48;1337;12.9;.530;.397;.313;2.7;15.1;8.9;8.2;1.1;0.6;9.1;22.3;0.8;0.9;1.7;.060;0.4;-0.9;-0.5;0.5;
