Danny Green;Shooting Guard and Small Forward;Right;1987-06-22;;6-6;215;St. Mary's in Manhasset,New York;;;;-1;;
Per Game
09-10;CLE;SG;20;5.8;0.8;2.0;.385;0.3;1.1;.273;0.5;0.9;.529;.462;0.2;0.3;.667;0.4;0.5;0.9;0.3;0.3;0.2;0.3;0.5;2.0;
10-11;SAS;SG;8;11.5;2.1;4.4;.486;0.9;2.4;.368;1.3;2.0;.625;.586;0.4;1.5;1.9;0.3;0.3;0.1;0.6;0.9;5.1;
11-12;SAS;SG;<strong>66</strong>;38;23.1;3.2;7.2;.442;1.5;3.5;.436;1.7;3.7;.449;.549;1.2;1.5;.790;0.8;2.6;3.5;1.3;0.9;0.7;1.0;1.6;9.1;
12-13;SAS;SG;80;80;27.5;3.7;8.3;.448;2.2;5.2;.429;1.5;3.1;.480;.581;0.8;1.0;.848;0.5;2.6;3.1;1.8;1.2;0.7;1.2;1.6;10.5;
13-14;SAS;SG;68;59;24.3;3.2;7.4;.432;1.9;4.7;.415;1.3;2.8;.460;.562;0.7;0.9;.794;0.4;3.0;3.4;1.5;1.0;0.9;1.1;1.6;9.1;
14-15;SAS;SG;81;80;28.5;4.0;9.1;.436;2.4;5.6;.418;1.6;3.5;.466;.566;1.4;1.6;.874;0.7;3.6;4.2;2.0;1.2;1.1;1.1;2.0;11.7;
15-16;SAS;SG;79;79;26.1;2.7;7.1;.376;1.5;4.4;.332;1.2;2.7;.448;.480;0.4;0.6;.739;0.6;3.2;3.8;1.8;1.0;0.8;0.9;1.8;7.2;
16-17;SAS;SG;68;68;26.6;2.6;6.6;.392;1.7;4.6;.379;0.9;2.0;.420;.523;0.4;0.5;.844;0.5;2.8;3.3;1.8;1.0;0.8;1.1;1.8;7.3;
17-18;SAS;SG;70;60;25.6;3.1;8.0;.387;1.7;4.6;.363;1.4;3.4;.419;.490;0.7;0.9;.769;0.6;3.0;3.6;1.6;0.9;1.1;1.1;1.7;8.6;
18-19;TOR;SG;80;80;27.7;3.7;7.9;.465;2.5;5.4;.455;1.2;2.4;.487;.622;0.5;0.6;.841;0.8;3.2;4.0;1.6;0.9;0.7;0.9;2.1;10.3;
19-20;LAL;SG;68;68;24.8;2.9;7.0;.416;1.8;4.8;.367;1.1;2.2;.524;.542;0.5;0.7;.688;0.8;2.6;3.3;1.3;1.3;0.5;0.9;2.0;8.0;
20-21;PHI;SF;69;69;28.0;3.2;7.9;.412;2.5;6.3;.405;0.7;1.6;.438;.573;0.4;0.6;.775;0.8;3.0;3.8;1.7;1.3;0.8;1.0;1.8;9.5;
21-22;PHI;SF;62;28;21.8;2.0;5.2;.394;1.7;4.4;.380;0.4;0.8;.469;.555;0.2;0.2;.786;0.5;2.0;2.5;1.0;1.0;0.6;0.7;1.7;5.9;
Career;;819;709;25.3;3.1;7.3;.421;1.9;4.8;.399;1.2;2.5;.461;.551;0.7;0.8;.804;0.6;2.8;3.4;1.6;1.0;0.8;1.0;1.8;8.7;
Playoffs Per Game
10-11;SAS;SG;4;1.8;0.5;1.5;.333;0.3;1.0;.250;0.3;0.5;.500;.417;0.3;0.3;0.5;0.3;0.3;0.3;0.3;1.3;
11-12;SAS;SG;14;12;20.6;2.7;6.5;.418;1.4;4.1;.345;1.3;2.4;.545;.527;0.5;0.7;.700;0.2;3.0;3.2;1.1;0.5;0.7;1.1;1.7;7.4;
12-13;SAS;SG;21;21;31.9;4.0;8.9;.446;2.6;5.4;.482;1.3;3.4;.389;.594;0.6;0.7;.800;0.9;3.3;4.1;1.5;1.0;1.1;0.9;2.4;11.1;
13-14;SAS;SG;<strong>23</strong>;23;23.0;3.4;6.9;.491;2.1;4.4;.475;1.3;2.5;.517;.642;0.4;0.5;.818;0.4;2.6;3.0;0.9;1.4;0.7;0.9;2.2;9.3;
14-15;SAS;SG;7;7;29.1;3.0;8.7;.344;1.7;5.7;.300;1.3;3.0;.429;.443;0.6;0.9;.667;1.0;2.1;3.1;2.1;1.0;1.0;0.7;1.7;8.3;
15-16;SAS;SG;10;10;26.7;3.0;6.4;.469;2.4;4.7;.511;0.6;1.7;.353;.656;0.2;0.3;.667;3.1;3.1;0.7;2.1;0.8;0.6;2.0;8.6;
16-17;SAS;SG;16;16;27.3;2.8;6.9;.405;1.6;4.8;.342;1.2;2.2;.543;.523;0.5;0.9;.571;0.8;2.8;3.6;1.4;0.6;0.9;1.1;1.9;7.8;
17-18;SAS;SG;5;5;20.6;1.6;6.0;.267;1.0;4.0;.250;0.6;2.0;.300;.350;0.8;1.4;2.2;0.2;0.2;0.8;0.4;1.6;4.2;
18-19;TOR;SG;<strong>24</strong>;24;28.5;2.2;6.5;.342;1.6;5.0;.328;0.6;1.5;.389;.468;0.9;1.0;.913;0.7;2.9;3.6;1.1;1.3;0.5;1.1;2.5;6.9;
19-20;LAL;SG;<strong>21</strong>;21;25.0;2.8;8.1;.347;1.9;5.5;.339;1.0;2.6;.364;.462;0.5;0.7;.667;1.2;2.0;3.1;1.2;1.0;0.8;0.6;2.3;8.0;
20-21;PHI;SF;8;8;24.9;2.6;6.0;.438;1.8;4.6;.378;0.9;1.4;.636;.583;1.1;1.5;2.6;2.6;1.1;1.0;0.6;1.6;7.0;
21-22;PHI;SF;<strong>6</strong>;6;31.3;3.2;8.8;.358;2.7;7.3;.364;0.5;1.5;.333;.509;1.2;2.7;3.8;1.2;1.0;0.3;0.8;1.7;9.0;
Career;;159;153;25.8;2.9;7.1;.403;1.9;4.9;.386;1.0;2.3;.440;.535;0.5;0.6;.753;0.7;2.6;3.3;1.2;1.1;0.8;0.8;2.1;8.1;
Totals
09-10;CLE;SG;20;115;15;39;.385;6;22;.273;9;17;.529;.462;4;6;.667;8;9;17;5;6;3;5;9;40;
10-11;SAS;SG;8;92;17;35;.486;7;19;.368;10;16;.625;.586;3;12;15;2;2;1;5;7;41;
11-12;SAS;SG;<strong>66</strong>;38;1522;211;477;.442;102;234;.436;109;243;.449;.549;79;100;.790;54;174;228;86;58;46;67;107;603;
12-13;SAS;SG;80;80;2201;297;663;.448;177;413;.429;120;250;.480;.581;67;79;.848;36;208;244;141;92;54;94;124;838;
13-14;SAS;SG;68;59;1651;218;505;.432;132;318;.415;86;187;.460;.562;50;63;.794;25;204;229;104;65;61;76;107;618;
14-15;SAS;SG;81;80;2312;322;738;.436;191;457;.418;131;281;.466;.566;111;127;.874;54;289;343;158;101;87;93;163;946;
15-16;SAS;SG;79;79;2062;211;561;.376;116;349;.332;95;212;.448;.480;34;46;.739;48;255;303;141;79;64;75;141;572;
16-17;SAS;SG;68;68;1807;176;449;.392;118;311;.379;58;138;.420;.523;27;32;.844;31;193;224;124;70;57;76;120;497;
17-18;SAS;SG;70;60;1791;217;561;.387;116;320;.363;101;241;.419;.490;50;65;.769;41;208;249;110;63;80;74;122;600;
18-19;TOR;SG;80;80;2216;293;630;.465;198;435;.455;95;195;.487;.622;37;44;.841;60;257;317;126;73;53;75;171;821;
19-20;LAL;SG;68;68;1687;197;474;.416;120;327;.367;77;147;.524;.542;33;48;.688;51;174;225;91;85;32;63;136;547;
20-21;PHI;SF;69;69;1934;224;544;.412;175;432;.405;49;112;.438;.573;31;40;.775;55;205;260;118;92;56;67;125;654;
21-22;PHI;SF;62;28;1353;126;320;.394;103;271;.380;23;49;.469;.555;11;14;.786;32;125;157;64;60;37;45;105;366;
Career;;819;709;20743;2524;5996;.421;1561;3908;.399;963;2088;.461;.551;534;664;.804;498;2313;2811;1270;846;631;815;1437;7143;
Playoffs Totals
10-11;SAS;SG;4;7;2;6;.333;1;4;.250;1;2;.500;.417;1;1;2;1;1;1;1;5;
11-12;SAS;SG;14;12;289;38;91;.418;20;58;.345;18;33;.545;.527;7;10;.700;3;42;45;15;7;10;15;24;103;
12-13;SAS;SG;21;21;669;83;186;.446;<strong>55</strong>;<strong>114</strong>;.482;28;72;.389;.594;12;15;.800;18;69;87;32;22;23;19;51;233;
13-14;SAS;SG;<strong>23</strong>;23;529;78;159;.491;48;101;.475;30;58;.517;.642;9;11;.818;9;60;69;21;32;17;20;50;213;
14-15;SAS;SG;7;7;204;21;61;.344;12;40;.300;9;21;.429;.443;4;6;.667;7;15;22;15;7;7;5;12;58;
15-16;SAS;SG;10;10;267;30;64;.469;24;47;.511;6;17;.353;.656;2;3;.667;31;31;7;21;8;6;20;86;
16-17;SAS;SG;16;16;436;45;111;.405;26;76;.342;19;35;.543;.523;8;14;.571;13;44;57;23;10;15;17;30;124;
17-18;SAS;SG;5;5;103;8;30;.267;5;20;.250;3;10;.300;.350;4;7;11;1;1;4;2;8;21;
18-19;TOR;SG;<strong>24</strong>;24;684;53;155;.342;39;119;.328;14;36;.389;.468;21;23;.913;17;70;87;26;31;11;26;60;166;
19-20;LAL;SG;<strong>21</strong>;21;525;59;170;.347;39;115;.339;20;55;.364;.462;10;15;.667;25;41;66;26;20;16;12;48;167;
20-21;PHI;SF;8;8;199;21;48;.438;14;37;.378;7;11;.636;.583;9;12;21;21;9;8;5;13;56;
21-22;PHI;SF;<strong>6</strong>;6;188;19;53;.358;16;44;.364;3;9;.333;.509;7;16;23;7;6;2;5;10;54;
Career;;159;153;4100;457;1134;.403;299;775;.386;158;359;.440;.535;73;97;.753;112;408;520;196;167;122;133;327;1286;
Advanced
09-10;CLE;SG;20;115;12.3;.480;.564;.154;8.7;8.9;8.8;6.7;2.7;2.0;10.7;18.9;0.2;0.2;.083;-0.9;0.7;-0.2;0.1;
10-11;SAS;SG;8;92;13.2;.586;.543;3.9;14.8;9.5;3.6;1.1;0.8;12.5;20.0;0.1;0.1;.076;0.1;-0.7;-0.6;
11-12;SAS;SG;<strong>66</strong>;1522;15.5;.579;.491;.210;4.2;12.9;8.6;8.3;2.0;2.2;11.4;17.6;2.5;2.0;4.5;.142;1.8;1.2;3.0;1.9;
12-13;SAS;SG;80;2201;14.1;.600;.623;.119;2.0;10.3;6.4;9.5;2.1;1.8;11.9;16.6;2.6;3.2;5.9;.128;1.4;1.4;2.8;2.7;
13-14;SAS;SG;68;1651;13.9;.580;.630;.125;1.8;13.4;7.8;8.9;2.0;2.7;12.5;16.7;1.4;2.8;4.2;.122;1.2;2.0;3.2;2.2;
14-15;SAS;SG;81;2312;16.5;.596;.619;.172;2.7;13.9;8.4;10.3;2.2;2.8;10.5;17.5;4.0;3.9;7.8;.163;2.6;2.0;4.6;3.8;
15-16;SAS;SG;79;2062;10.5;.492;.622;.082;2.7;13.6;8.4;9.3;2.0;2.4;11.4;14.6;0.2;4.1;4.2;.099;-1.0;2.1;1.1;1.6;
16-17;SAS;SG;68;1807;10.1;.537;.693;.071;2.0;11.8;7.0;9.6;2.0;2.6;14.1;13.5;0.4;3.0;3.4;.090;-1.0;1.9;0.8;1.3;
17-18;SAS;SG;70;1791;11.4;.509;.570;.116;2.5;13.0;7.7;8.9;1.8;3.7;11.2;16.6;0.1;2.9;2.9;.078;-1.0;1.4;0.4;1.1;
18-19;TOR;SG;80;2216;13.0;.632;.690;.070;3.0;12.2;7.7;7.7;1.6;2.0;10.4;14.1;3.0;2.9;5.9;.128;1.1;0.8;2.0;2.2;
19-20;LAL;SG;68;1687;10.8;.552;.690;.101;3.3;11.2;7.3;7.1;2.4;1.7;11.3;13.9;0.8;2.5;3.4;.096;-1.1;1.5;0.5;1.1;
20-21;PHI;SF;69;1934;12.1;.582;.794;.074;3.2;11.5;7.4;8.3;2.3;2.6;10.7;14.0;1.6;3.1;4.6;.115;0.4;1.5;1.9;1.9;
21-22;PHI;SF;62;1353;9.5;.561;.847;.044;2.7;10.1;6.5;6.5;2.2;2.5;12.1;12.3;0.3;1.6;1.9;.067;-1.4;0.8;-0.5;0.5;
Career;;819;20743;12.6;.568;.652;.111;2.8;12.2;7.6;8.7;2.0;2.4;11.5;15.3;17.0;32.1;49.1;.114;0.4;1.5;1.9;20.2;
Playoffs Advanced
10-11;SAS;SG;4;7;26.0;.417;.667;17.0;8.3;70.8;7.6;10.3;14.3;46.9;.027;6.4;9.7;16.1;
11-12;SAS;SG;14;289;11.7;.540;.637;.110;1.3;16.3;9.1;7.9;1.3;2.5;13.6;17.8;0.1;0.3;0.4;.065;-0.1;1.2;1.1;0.2;
12-13;SAS;SG;21;669;15.2;.605;.613;.081;3.2;11.5;7.5;7.4;1.8;2.6;9.0;15.0;1.2;0.9;2.1;.154;2.4;2.4;4.8;1.1;
13-14;SAS;SG;<strong>23</strong>;529;16.5;.650;.635;.069;2.0;13.0;7.6;5.9;3.1;2.6;10.9;16.1;0.9;1.0;1.9;.172;2.5;3.7;6.2;1.1;
14-15;SAS;SG;7;204;10.5;.456;.656;.098;3.5;8.1;5.8;10.8;1.7;2.7;7.3;15.1;0.1;0.2;0.2;.053;0.5;1.4;2.0;0.2;
15-16;SAS;SG;10;267;15.3;.658;.734;.047;12.6;6.7;3.8;<strong>4.1</strong>;2.4;8.4;12.4;0.4;0.6;0.9;.170;1.7;<strong>5.0</strong>;6.8;0.6;
16-17;SAS;SG;16;436;9.6;.529;.685;.126;3.3;12.2;7.6;7.3;1.2;3.4;12.7;13.6;0.1;0.3;0.5;.051;-0.4;1.3;0.9;0.3;
17-18;SAS;SG;5;103;2.7;.350;.667;4.1;8.2;6.0;1.5;0.5;3.4;6.3;14.2;-0.2;-0.2;-0.092;-4.3;-2.2;-6.5;-0.1;
18-19;TOR;SG;<strong>24</strong>;684;7.6;.503;.768;.148;2.7;11.3;7.0;5.4;2.3;1.6;13.6;12.6;-0.2;1.1;0.8;.059;-2.2;1.5;-0.7;0.2;
19-20;LAL;SG;<strong>21</strong>;525;9.6;.473;.676;.088;5.7;9.2;7.4;6.7;1.9;3.0;6.4;15.6;0.1;0.7;0.8;.070;-1.2;0.5;-0.7;0.2;
20-21;PHI;SF;8;199;13.0;.583;.771;5.1;6.4;5.8;13.5;2.2;3.3;9.4;11.5;0.3;0.3;0.6;.143;1.4;2.0;3.5;0.3;
21-22;PHI;SF;<strong>6</strong>;188;8.8;.509;.830;5.1;9.6;7.5;5.5;1.7;1.0;8.6;14.5;0.2;0.2;.055;0.2;0.2;0.1;
Career;;159;4100;11.6;.546;.683;.086;3.2;11.3;7.3;6.9;2.1;2.5;10.2;14.6;2.6;5.7;8.3;.097;0.3;1.9;2.1;4.3;
