Danny Granger;Small Forward;Right;1983-04-20;;6-9;222;Grace King in Metairie,Louisiana;;;;-1;;
Per Game
05-06;IND;SF;78;17;22.6;2.8;6.1;.462;0.4;1.2;.323;2.4;4.9;.496;.494;1.5;1.9;.777;1.7;3.2;4.9;1.2;0.7;0.8;1.0;2.7;7.5;
06-07;IND;SF;<strong>82</strong>;57;34.0;4.9;10.6;.459;1.3;3.5;.382;3.5;7.1;.497;.522;2.9;3.6;.803;1.4;3.3;4.6;1.4;0.8;0.7;1.6;3.0;13.9;
07-08;IND;SF;80;80;36.0;6.7;15.1;.446;2.1;5.3;.404;4.6;9.8;.468;.517;4.0;4.7;.852;1.2;4.9;6.1;2.1;1.2;1.1;2.1;3.6;19.6;
08-09;IND;SF;67;66;36.2;8.5;19.1;.447;2.7;6.7;.404;5.8;12.3;.470;.518;6.0;6.9;.878;0.7;4.4;5.1;2.7;1.0;1.4;2.5;3.1;25.8;
09-10;IND;SF;62;62;36.7;7.9;18.4;.428;2.5;7.1;.361;5.3;11.3;.471;.498;5.9;6.9;.848;1.1;4.4;5.5;2.8;1.5;0.8;2.5;3.0;24.1;
10-11;IND;SF;79;79;35.0;6.8;15.9;.425;2.0;5.2;.386;4.8;10.8;.443;.487;5.0;5.9;.848;1.1;4.3;5.4;2.6;1.1;0.8;2.6;2.7;20.5;
11-12;IND;SF;62;62;33.3;6.3;15.2;.416;2.0;5.2;.381;4.3;10.0;.434;.481;4.1;4.7;.873;1.3;3.7;5.0;1.8;1.0;0.6;1.8;2.3;18.7;
12-13;IND;SF;5;14.8;2.0;7.0;.286;0.4;2.0;.200;1.6;5.0;.320;.314;1.0;1.6;.625;0.6;1.2;1.8;0.6;0.4;0.2;0.8;1.2;5.4;
13-14;TOT;SF;41;2;20.7;2.8;7.5;.378;1.0;3.1;.336;1.8;4.4;.408;.448;1.5;1.6;.940;0.8;2.5;3.2;1.0;0.3;0.4;1.1;1.5;8.2;
13-14;IND;SF;29;2;22.5;2.8;7.7;.359;1.1;3.2;.330;1.7;4.4;.380;.428;1.8;1.8;.962;0.8;2.8;3.6;1.1;0.3;0.4;1.2;1.4;8.3;
13-14;LAC;SF;12;16.2;3.0;7.0;.429;1.0;2.8;.353;2.0;4.2;.480;.500;1.0;1.2;.857;0.6;1.8;2.3;0.7;0.3;0.3;0.8;1.8;8.0;
14-15;MIA;SF;30;6;20.4;2.2;5.4;.401;1.0;2.8;.357;1.2;2.6;.449;.494;0.9;1.2;.757;0.7;2.0;2.7;0.6;0.4;0.2;0.8;2.2;6.3;
Career;;586;431;31.5;5.7;13.1;.434;1.7;4.5;.380;4.0;8.6;.463;.500;3.7;4.4;.848;1.2;3.8;4.9;1.9;1.0;0.8;1.9;2.8;16.8;
Playoffs Per Game
05-06;IND;SF;6;3;27.0;3.0;5.7;.529;1.5;2.7;.563;1.5;3.0;.500;.662;0.7;0.7;1.000;1.2;4.0;5.2;1.7;0.7;1.2;1.2;3.3;8.2;
10-11;IND;SF;5;5;36.6;8.6;18.0;.478;1.6;4.6;.348;7.0;13.4;.522;.522;2.8;3.2;.875;1.2;4.4;5.6;3.2;1.2;0.2;1.4;2.4;21.6;
11-12;IND;SF;11;11;38.2;6.3;15.8;.397;2.4;6.6;.356;3.9;9.2;.426;.471;2.1;2.5;.821;1.4;4.3;5.6;2.5;0.5;0.4;2.6;2.8;17.0;
13-14;LAC;SF;13;10.3;0.8;3.1;.275;0.4;1.7;.227;0.5;1.4;.333;.338;0.5;0.7;.778;0.2;1.4;1.5;0.2;0.5;0.1;0.2;1.8;2.6;
Career;;35;19;25.7;4.0;9.7;.417;1.4;3.8;.358;2.7;5.8;.456;.488;1.4;1.6;.842;0.9;3.2;4.0;1.6;0.6;0.4;1.3;2.5;10.8;
Totals
05-06;IND;SF;78;17;1765;221;478;.462;30;93;.323;191;385;.496;.494;115;148;.777;131;253;384;90;58;62;80;211;587;
06-07;IND;SF;<strong>82</strong>;57;2785;398;868;.459;110;288;.382;288;580;.497;.522;236;294;.803;114;267;381;114;67;61;135;245;1142;
07-08;IND;SF;80;80;2876;537;1205;.446;171;423;.404;366;782;.468;.517;322;378;.852;93;393;486;166;95;84;171;290;1567;
08-09;IND;SF;67;66;2424;571;1277;.447;182;450;.404;389;827;.470;.518;404;460;.878;49;292;341;183;69;97;165;207;1728;
09-10;IND;SF;62;62;2278;488;1139;.428;158;438;.361;330;701;.471;.498;363;428;.848;67;275;342;171;94;51;157;183;1497;
10-11;IND;SF;79;79;2763;535;1260;.425;157;407;.386;378;853;.443;.487;395;466;.848;87;338;425;203;89;62;206;213;1622;
11-12;IND;SF;62;62;2062;391;941;.416;123;323;.381;268;618;.434;.481;254;291;.873;79;228;307;109;62;40;110;144;1159;
12-13;IND;SF;5;74;10;35;.286;2;10;.200;8;25;.320;.314;5;8;.625;3;6;9;3;2;1;4;6;27;
13-14;TOT;SF;41;2;847;116;307;.378;43;128;.336;73;179;.408;.448;63;67;.940;31;102;133;41;12;17;46;62;338;
13-14;IND;SF;29;2;653;80;223;.359;31;94;.330;49;129;.380;.428;51;53;.962;24;81;105;33;9;13;36;41;242;
13-14;LAC;SF;12;194;36;84;.429;12;34;.353;24;50;.480;.500;12;14;.857;7;21;28;8;3;4;10;21;96;
14-15;MIA;SF;30;6;613;65;162;.401;30;84;.357;35;78;.449;.494;28;37;.757;20;60;80;17;13;6;24;67;188;
Career;;586;431;18487;3332;7672;.434;1006;2644;.380;2326;5028;.463;.500;2185;2577;.848;674;2214;2888;1097;561;481;1098;1628;9855;
Playoffs Totals
05-06;IND;SF;6;3;162;18;34;.529;9;16;.563;9;18;.500;.662;4;4;1.000;7;24;31;10;4;7;7;20;49;
10-11;IND;SF;5;5;183;43;90;.478;8;23;.348;35;67;.522;.522;14;16;.875;6;22;28;16;6;1;7;12;108;
11-12;IND;SF;11;11;420;69;174;.397;26;73;.356;43;101;.426;.471;23;28;.821;15;47;62;27;6;4;29;31;187;
13-14;LAC;SF;13;134;11;40;.275;5;22;.227;6;18;.333;.338;7;9;.778;2;18;20;3;6;1;3;24;34;
Career;;35;19;899;141;338;.417;48;134;.358;93;204;.456;.488;48;57;.842;30;111;141;56;22;13;46;87;378;
Advanced
05-06;IND;SF;78;1765;14.7;.540;.195;.310;8.8;16.0;12.5;8.8;1.8;2.6;12.8;16.4;2.1;3.0;5.1;.139;-0.7;1.8;1.1;1.4;
06-07;IND;SF;<strong>82</strong>;2785;13.9;.573;.332;.339;4.6;11.3;7.9;7.0;1.2;1.7;11.9;18.2;3.9;2.6;6.5;.111;0.4;-0.1;0.2;1.5;
07-08;IND;SF;80;2876;16.7;.571;.351;.314;3.4;15.2;9.2;9.6;1.6;2.2;11.1;23.2;4.1;3.2;7.3;.122;1.3;0.1;1.4;2.5;
08-09;IND;SF;67;2424;21.8;.584;.352;.360;2.2;13.4;7.7;13.1;1.4;3.0;10.0;29.6;5.6;2.4;8.0;.158;4.9;-0.1;4.8;4.2;
09-10;IND;SF;62;2278;19.8;.564;.385;.376;3.2;13.3;8.2;13.6;2.0;1.6;10.6;28.7;3.5;2.7;6.2;.131;3.1;3.1;2.9;
10-11;IND;SF;79;2763;17.8;.554;.323;.370;3.5;13.5;8.5;13.0;1.6;1.6;12.3;26.7;3.7;3.2;6.9;.120;2.2;-0.1;2.1;2.9;
11-12;IND;SF;62;2062;18.6;.542;.343;.309;4.3;12.3;8.4;9.7;1.6;1.5;9.3;25.9;4.5;2.2;6.7;.155;3.5;-0.6;2.9;2.5;
12-13;IND;SF;5;74;4.0;.350;.286;.229;4.6;8.9;6.8;6.9;1.4;1.0;9.4;26.2;-0.2;0.1;-0.1;-0.075;-6.3;-2.4;-8.7;-0.1;
13-14;TOT;SF;41;847;10.9;.502;.417;.218;4.3;12.9;8.8;7.8;0.7;1.5;12.0;20.5;0.1;1.2;1.3;.073;-1.3;-0.1;-1.4;0.1;
13-14;IND;SF;29;653;10.3;.491;.422;.238;4.3;13.3;9.0;8.1;0.7;1.5;12.8;19.8;1.0;1.0;.075;-1.4;0.4;-1.0;0.2;
13-14;LAC;SF;12;194;12.6;.532;.405;.167;4.2;11.6;8.0;6.6;0.8;1.6;10.0;22.8;0.1;0.2;0.3;.070;-1.0;-1.6;-2.6;
14-15;MIA;SF;30;613;8.6;.527;.519;.228;4.0;11.5;7.8;4.4;1.1;0.8;11.9;15.5;0.2;0.3;0.6;.046;-2.5;-1.3;-3.9;-0.3;
Career;;586;18487;16.9;.560;.345;.336;4.1;13.4;8.7;10.3;1.5;1.9;11.1;23.8;27.5;20.9;48.5;.126;1.8;1.8;17.7;
Playoffs Advanced
05-06;IND;SF;6;162;15.4;.685;.471;.118;5.8;18.0;12.2;11.5;1.4;3.5;16.4;12.9;0.3;0.2;0.5;.152;2.6;2.7;5.3;0.3;
10-11;IND;SF;5;183;22.0;.556;.256;.178;3.5;14.4;8.7;19.5;1.7;0.4;6.7;25.7;0.5;0.1;0.6;.170;5.8;0.8;6.6;0.4;
11-12;IND;SF;11;420;12.9;.502;.420;.161;4.2;12.9;8.6;12.1;0.8;0.8;13.5;23.7;0.3;0.4;0.7;.075;1.7;-1.0;0.7;0.3;
13-14;LAC;SF;13;134;3.6;.387;.550;.225;1.6;16.0;8.6;3.0;2.2;0.6;6.4;15.2;-0.2;0.1;-0.1;-0.025;-5.9;-0.8;-6.7;-0.2;
Career;;35;899;13.8;.521;.396;.169;4.0;14.6;9.2;12.1;1.3;1.2;11.2;20.9;0.9;0.8;1.8;.093;1.5;0.1;1.6;0.8;
