Dante Exum;Point Guard and Shooting Guard;Right;1995-07-13;;6-5;214;Lake Ginninderra in Canberra, Australia
    
  </p>


  

  
<p>
  <strong>
  Draft:
  </strong>Utah Jazz;;;;-1;;
Per Game
14-15;UTA;PG;82;41;22.2;1.8;5.1;.349;1.0;3.2;.314;0.8;1.9;.408;.448;0.2;0.4;.625;0.3;1.3;1.6;2.4;0.5;0.2;1.4;1.8;4.8;
16-17;UTA;PG;66;26;18.6;2.3;5.5;.427;0.7;2.3;.295;1.7;3.2;.519;.488;0.9;1.1;.795;0.5;1.5;2.0;1.7;0.3;0.2;1.2;2.2;6.2;
17-18;UTA;PG;14;16.8;3.0;6.2;.483;0.4;1.3;.278;2.6;4.9;.536;.511;1.8;2.2;.806;0.3;1.6;1.9;3.1;0.6;0.2;1.4;1.4;8.1;
18-19;UTA;PG;42;1;15.8;2.4;5.7;.419;0.4;1.5;.290;2.0;4.3;.464;.456;1.6;2.0;.791;0.4;1.2;1.6;2.6;0.3;0.1;1.2;1.6;6.9;
19-20;TOT;SG;35;1;13.9;1.6;3.4;.471;0.4;1.2;.349;1.2;2.2;.539;.534;0.9;1.2;.744;0.3;1.6;1.9;1.1;0.4;0.2;0.9;1.1;4.5;
19-20;UTA;SG;11;7.5;0.9;2.1;.435;0.2;0.5;.333;0.7;1.5;.471;.478;0.2;0.2;1.000;0.3;0.8;1.1;0.6;0.1;0.2;0.9;0.7;2.2;
19-20;CLE;SG;24;1;16.8;1.9;4.0;.479;0.5;1.5;.351;1.4;2.5;.559;.547;1.3;1.7;.732;0.4;1.9;2.3;1.4;0.5;0.3;0.9;1.3;5.6;
20-21;CLE;SG;6;3;19.3;1.7;4.3;.385;0.3;1.8;.182;1.3;2.5;.533;.423;0.2;0.3;.500;0.3;2.5;2.8;2.2;0.7;0.3;1.2;1.5;3.8;
Career;;245;72;18.6;2.1;5.1;.407;0.7;2.2;.305;1.4;2.9;.485;.473;0.8;1.1;.764;0.4;1.4;1.8;2.1;0.4;0.2;1.3;1.8;5.7;
Playoffs Per Game
16-17;UTA;PG;7;12.0;1.6;3.9;.407;0.6;1.7;.333;1.0;2.1;.467;.481;0.9;0.9;1.000;0.3;0.6;0.9;1.3;0.7;0.4;1.4;4.6;
17-18;UTA;PG;10;11.4;2.0;4.1;.488;0.2;0.7;.286;1.8;3.4;.529;.512;0.9;1.2;.750;0.4;1.0;1.4;1.0;0.1;0.1;1.5;1.5;5.1;
Career;;17;11.6;1.8;4.0;.456;0.4;1.1;.316;1.5;2.9;.510;.500;0.9;1.1;.833;0.4;0.8;1.2;1.1;0.4;0.1;1.1;1.5;4.9;
Totals
14-15;UTA;PG;82;41;1817;145;416;.349;83;264;.314;62;152;.408;.448;20;32;.625;27;104;131;198;41;14;118;147;393;
16-17;UTA;PG;66;26;1228;155;363;.427;44;149;.295;111;214;.519;.488;58;73;.795;30;102;132;111;21;12;80;146;412;
17-18;UTA;PG;14;235;42;87;.483;5;18;.278;37;69;.536;.511;25;31;.806;4;22;26;43;8;3;20;20;114;
18-19;UTA;PG;42;1;664;101;241;.419;18;62;.290;83;179;.464;.456;68;86;.791;16;52;68;110;14;5;52;69;288;
19-20;TOT;SG;35;1;485;56;119;.471;15;43;.349;41;76;.539;.534;32;43;.744;12;55;67;40;13;8;31;38;159;
19-20;UTA;SG;11;83;10;23;.435;2;6;.333;8;17;.471;.478;2;2;1.000;3;9;12;7;1;2;10;8;24;
19-20;CLE;SG;24;1;402;46;96;.479;13;37;.351;33;59;.559;.547;30;41;.732;9;46;55;33;12;6;21;30;135;
20-21;CLE;SG;6;3;116;10;26;.385;2;11;.182;8;15;.533;.423;1;2;.500;2;15;17;13;4;2;7;9;23;
Career;;245;72;4545;509;1252;.407;167;547;.305;342;705;.485;.473;204;267;.764;91;350;441;515;101;44;308;429;1389;
Playoffs Totals
16-17;UTA;PG;7;84;11;27;.407;4;12;.333;7;15;.467;.481;6;6;1.000;2;4;6;9;5;3;10;32;
17-18;UTA;PG;10;114;20;41;.488;2;7;.286;18;34;.529;.512;9;12;.750;4;10;14;10;1;1;15;15;51;
Career;;17;198;31;68;.456;6;19;.316;25;49;.510;.500;15;18;.833;6;14;20;19;6;1;18;25;83;
Advanced
14-15;UTA;PG;82;1817;5.7;.457;.635;.077;1.7;6.6;4.2;16.6;1.2;0.6;21.5;13.8;-1.1;1.0;-0.1;-0.003;-3.6;-0.7;-4.3;-1.1;
16-17;UTA;PG;66;1228;8.5;.521;.410;.201;2.9;9.3;6.2;14.1;0.9;0.8;16.8;18.1;-0.1;1.3;1.2;.046;-3.2;-0.1;-3.3;-0.4;
17-18;UTA;PG;14;235;16.7;.566;.207;.356;2.0;10.5;6.3;29.7;1.7;1.1;16.6;23.1;0.3;0.3;0.7;.133;-0.3;0.4;0.1;0.1;
18-19;UTA;PG;42;664;11.2;.516;.257;.357;2.7;8.3;5.5;24.1;1.0;0.6;15.7;21.3;0.2;0.7;1.0;.069;-2.0;-0.1;-2.1;
19-20;TOT;SG;35;485;10.3;.576;.361;.361;2.7;12.6;7.7;11.5;1.3;1.4;18.4;15.0;0.2;0.2;0.4;.043;-2.5;-0.4;-2.9;-0.1;
19-20;UTA;SG;11;83;4.8;.503;.261;.087;4.1;11.5;8.0;11.9;0.6;2.0;29.5;17.8;-0.2;0.1;-0.1;-0.056;-5.2;-0.5;-5.7;-0.1;
19-20;CLE;SG;24;402;11.5;.592;.385;.427;2.5;12.8;7.6;11.4;1.5;1.3;15.6;14.4;0.4;0.2;0.5;.063;-2.0;-0.4;-2.4;
20-21;CLE;SG;6;116;5.9;.428;.423;.077;1.9;14.8;8.2;15.8;1.7;1.5;20.7;12.7;-0.2;0.1;-0.1;-0.025;-5.4;1.6;-3.8;-0.1;
Career;;245;4545;8.3;.507;.437;.213;2.3;8.6;5.5;17.1;1.1;0.8;18.4;16.6;-0.6;3.6;3.1;.032;-3.0;-0.3;-3.3;-1.5;
Playoffs Advanced
16-17;UTA;PG;7;84;13.3;.540;.444;.222;2.8;5.7;4.3;17.5;3.1;9.2;18.5;0.1;0.1;0.2;.097;0.7;2.3;3.0;0.1;
17-18;UTA;PG;10;114;8.0;.551;.171;.293;3.7;9.5;6.6;14.4;0.4;0.8;24.5;23.7;-0.2;0.1;-0.1;-0.032;-4.4;-1.8;-6.2;-0.1;
Career;;17;198;10.3;.547;.279;.265;3.4;7.9;5.6;15.7;1.6;0.4;19.2;21.5;-0.1;0.2;0.1;.022;-2.3;-2.3;
