Darius Miller;Small Forward;Right;1990-03-21;;6-6;225;Mason County in Maysville,Kentucky;;;;-1;;
Per Game
12-13;NOH;SF;52;2;13.3;0.8;2.1;.407;0.4;1.1;.393;0.4;1.0;.423;.509;0.2;0.2;1.000;0.2;1.3;1.5;0.8;0.3;0.2;0.4;1.7;2.3;
13-14;NOP;SF;45;7;16.1;1.6;3.7;.440;0.6;1.7;.325;1.1;2.0;.539;.515;0.6;0.8;.806;0.2;1.0;1.2;1.0;0.5;0.2;0.5;2.0;4.4;
14-15;NOP;SF;5;1;8.6;0.2;1.4;.143;0.2;0.2;1.2;.167;.143;0.2;0.2;0.4;0.2;0.2;1.6;0.4;
17-18;NOP;SF;<strong>82</strong>;3;23.7;2.6;5.9;.444;1.8;4.4;.411;0.8;1.6;.535;.594;0.7;0.8;.866;0.2;1.8;2.0;1.4;0.3;0.2;0.7;2.0;7.8;
18-19;NOP;SF;69;15;25.5;2.7;7.0;.390;1.9;5.3;.365;0.8;1.7;.467;.528;0.8;1.0;.789;0.2;1.7;1.9;2.1;0.6;0.3;0.9;2.4;8.2;
20-21;OKC;SF;18;10.9;1.2;2.7;.458;0.9;2.3;.405;0.3;0.3;.833;.635;0.7;0.7;1.000;0.1;1.2;1.3;1.2;0.7;0.3;0.4;0.7;4.1;
Career;;271;28;19.8;2.0;4.8;.419;1.3;3.3;.383;0.7;1.5;.500;.552;0.6;0.7;.840;0.2;1.5;1.6;1.4;0.5;0.2;0.6;1.9;5.9;
Playoffs Per Game
17-18;NOP;SF;9;18.0;1.6;3.8;.412;1.0;2.7;.375;0.6;1.1;.500;.544;0.7;0.7;1.000;0.2;2.0;2.2;1.2;0.6;0.7;1.1;4.8;
Career;;9;18.0;1.6;3.8;.412;1.0;2.7;.375;0.6;1.1;.500;.544;0.7;0.7;1.000;0.2;2.0;2.2;1.2;0.6;0.7;1.1;4.8;
Totals
12-13;NOH;SF;52;2;694;44;108;.407;22;56;.393;22;52;.423;.509;8;8;1.000;8;70;78;44;17;12;23;89;118;
13-14;NOP;SF;45;7;723;73;166;.440;25;77;.325;48;89;.539;.515;29;36;.806;9;43;52;43;24;9;22;88;200;
14-15;NOP;SF;5;1;43;1;7;.143;1;1;6;.167;.143;1;1;2;1;1;8;2;
17-18;NOP;SF;<strong>82</strong>;3;1944;216;487;.444;147;358;.411;69;129;.535;.594;58;67;.866;18;146;164;111;28;17;58;160;637;
18-19;NOP;SF;69;15;1757;189;484;.390;133;364;.365;56;120;.467;.528;56;71;.789;14;114;128;146;40;23;59;165;567;
20-21;OKC;SF;18;197;22;48;.458;17;42;.405;5;6;.833;.635;12;12;1.000;2;22;24;21;13;5;8;13;73;
Career;;271;28;5358;545;1300;.419;344;898;.383;201;402;.500;.552;163;194;.840;51;396;447;367;123;66;171;523;1597;
Playoffs Totals
17-18;NOP;SF;9;162;14;34;.412;9;24;.375;5;10;.500;.544;6;6;1.000;2;18;20;11;5;6;10;43;
Career;;9;162;14;34;.412;9;24;.375;5;10;.500;.544;6;6;1.000;2;18;20;11;5;6;10;43;
Advanced
12-13;NOH;SF;52;694;6.3;.529;.519;.074;1.3;12.2;6.7;9.3;1.3;1.4;17.1;9.0;0.2;0.3;0.5;.034;-3.6;0.9;-2.7;-0.1;
13-14;NOP;SF;45;723;9.0;.550;.464;.217;1.4;7.0;4.2;8.7;1.7;1.0;10.8;12.8;0.6;0.2;0.8;.055;-2.8;-2.8;-0.1;
14-15;NOP;SF;5;43;-5.1;.143;.143;2.6;1.3;6.1;1.2;12.5;8.5;-0.1;-0.1;-0.122;-9.9;-1.4;-11.3;-0.1;
17-18;NOP;SF;<strong>82</strong>;1944;9.3;.617;.735;.138;1.0;7.9;4.6;7.5;0.7;0.7;10.1;12.8;2.1;0.9;3.0;.075;-1.1;-0.8;-1.9;0.1;
18-19;NOP;SF;69;1757;8.4;.550;.752;.147;0.8;6.6;3.8;10.4;1.1;1.1;10.3;13.4;1.1;0.6;1.6;.045;-2.1;-0.8;-2.9;-0.4;
20-21;OKC;SF;18;197;15.9;.685;.875;.250;1.0;11.8;6.3;15.4;3.1;2.3;13.1;13.2;0.4;0.2;0.6;.156;0.8;2.7;3.6;0.3;
Career;;271;5358;8.7;.576;.691;.149;1.1;8.0;4.6;9.1;1.1;1.0;11.0;12.5;4.4;2.2;6.5;.059;-2.0;-0.3;-2.3;-0.4;
Playoffs Advanced
17-18;NOP;SF;9;162;8.6;.587;.706;.176;1.3;11.2;6.4;8.4;1.4;14.1;11.3;0.1;0.1;0.2;.067;-1.6;0.5;-1.1;
Career;;9;162;8.6;.587;.706;.176;1.3;11.2;6.4;8.4;1.4;14.1;11.3;0.1;0.1;0.2;.067;-1.6;0.5;-1.1;
