Darren Collison;Point Guard;Right;1987-08-23;;6-0;175;Etiwanda in Rancho Cucamonga,California;;;;-1;;
Per Game
09-10;NOH;PG;76;37;27.8;4.9;10.4;.477;0.6;1.5;.400;4.3;8.9;.490;.506;1.9;2.3;.851;0.5;2.0;2.5;5.7;1.0;0.1;2.7;1.2;12.4;
10-11;IND;PG;79;79;29.9;5.0;11.0;.457;0.5;1.6;.331;4.5;9.4;.479;.481;2.6;2.9;.871;0.5;2.3;2.8;5.1;1.1;0.2;2.5;1.4;13.2;
11-12;IND;PG;60;56;31.3;3.8;8.7;.440;0.6;1.6;.362;3.3;7.2;.457;.472;2.1;2.6;.830;0.5;2.6;3.1;4.8;0.8;0.2;1.9;1.7;10.4;
12-13;DAL;PG;81;47;29.3;4.2;8.9;.471;0.6;1.7;.353;3.6;7.3;.498;.504;3.0;3.4;.880;0.4;2.3;2.7;5.1;1.2;0.1;2.1;1.7;12.0;
13-14;LAC;PG;80;35;25.9;4.1;8.7;.467;0.9;2.4;.376;3.2;6.3;.501;.518;2.4;2.8;.857;0.6;1.8;2.4;3.7;1.2;0.2;1.7;1.9;11.4;
14-15;SAC;PG;45;45;34.8;5.8;12.2;.473;1.3;3.6;.373;4.4;8.6;.514;.527;3.2;4.1;.788;0.4;2.8;3.2;5.6;1.5;0.3;2.5;2.1;16.1;
15-16;SAC;PG;74;15;30.0;5.1;10.5;.486;1.2;2.9;.401;3.9;7.6;.519;.542;2.6;3.1;.858;0.4;1.9;2.3;4.3;1.0;0.1;1.8;1.9;14.0;
16-17;SAC;PG;68;64;30.3;5.0;10.5;.476;1.1;2.6;.417;3.9;7.9;.495;.527;2.2;2.5;.860;0.3;1.9;2.2;4.6;1.0;0.1;1.7;1.8;13.2;
17-18;IND;PG;69;64;29.2;4.6;9.2;.495;1.4;3.0;<strong>.468</strong>;3.2;6.3;.508;.571;1.8;2.1;.882;0.5;2.0;2.6;5.3;1.3;0.2;1.2;1.8;12.4;
18-19;IND;PG;76;76;28.2;4.1;8.7;.467;1.0;2.6;.407;3.0;6.1;.492;.527;2.1;2.5;.832;0.5;2.6;3.1;6.0;1.4;0.1;1.6;1.8;11.2;
21-22;LAL;PG;3;12.3;0.7;2.3;.286;1.0;0.7;1.3;.500;.286;1.3;1.3;0.7;0.3;0.3;1.7;1.3;
Career;;711;518;29.3;4.6;9.8;.471;0.9;2.3;.394;3.7;7.5;.495;.517;2.4;2.8;.853;0.5;2.2;2.7;5.0;1.2;0.1;1.9;1.7;12.5;
Playoffs Per Game
10-11;IND;PG;5;5;29.2;3.6;9.2;.391;0.8;1.2;.667;2.8;8.0;.350;.435;1.4;2.2;.636;0.8;1.8;2.6;4.0;1.0;0.4;1.8;1.4;9.4;
11-12;IND;PG;11;18.6;3.3;6.4;.514;0.4;1.0;.364;2.9;5.4;.542;.543;1.8;2.1;.870;0.3;1.0;1.3;3.0;1.3;1.0;1.0;8.7;
13-14;LAC;PG;13;19.2;2.7;6.9;.389;0.1;0.9;.083;2.6;6.0;.436;.394;3.0;3.5;.867;0.8;1.3;2.1;2.4;0.5;0.1;0.9;1.3;8.5;
17-18;IND;PG;7;7;30.6;4.4;9.7;.456;1.1;3.3;.348;3.3;6.4;.511;.515;1.3;1.7;.750;0.1;2.9;3.0;4.7;1.0;1.3;1.0;11.3;
18-19;IND;PG;4;4;29.3;4.8;11.3;.422;1.0;2.8;.364;3.8;8.5;.441;.467;1.5;1.5;1.000;1.0;2.0;3.0;4.0;0.5;2.5;2.8;12.0;
Career;;40;16;23.3;3.5;8.0;.436;0.5;1.6;.333;3.0;6.4;.461;.469;2.0;2.4;.835;0.6;1.6;2.2;3.3;0.9;0.1;1.3;1.3;9.5;
Totals
09-10;NOH;PG;76;37;2109;376;789;.477;46;115;.400;330;674;.490;.506;148;174;.851;41;151;192;432;78;4;202;92;946;
10-11;IND;PG;79;79;2360;398;870;.457;41;124;.331;357;746;.479;.481;202;232;.871;40;185;225;403;87;14;194;109;1039;
11-12;IND;PG;60;56;1878;230;523;.440;34;94;.362;196;429;.457;.472;127;153;.830;30;157;187;287;49;14;114;101;621;
12-13;DAL;PG;81;47;2372;341;724;.471;48;136;.353;293;588;.498;.504;242;275;.880;31;188;219;415;100;8;173;139;972;
13-14;LAC;PG;80;35;2069;324;694;.467;71;189;.376;253;505;.501;.518;192;224;.857;47;141;188;297;93;15;132;150;911;
14-15;SAC;PG;45;45;1565;260;550;.473;60;161;.373;200;389;.514;.527;145;184;.788;19;124;143;252;67;14;112;95;725;
15-16;SAC;PG;74;15;2219;377;776;.486;87;217;.401;290;559;.519;.542;194;226;.858;28;141;169;318;76;4;130;142;1035;
16-17;SAC;PG;68;64;2063;340;714;.476;73;175;.417;267;539;.495;.527;147;171;.860;23;129;152;312;67;9;114;119;900;
17-18;IND;PG;69;64;2018;316;638;.495;96;205;<strong>.468</strong>;220;433;.508;.571;127;144;.882;37;141;178;368;92;15;86;122;855;
18-19;IND;PG;76;76;2143;308;659;.467;79;194;.407;229;465;.492;.527;158;190;.832;36;196;232;459;110;9;125;138;853;
21-22;LAL;PG;3;37;2;7;.286;3;2;4;.500;.286;4;4;2;1;1;5;4;
Career;;711;518;20833;3272;6944;.471;635;1613;.394;2637;5331;.495;.517;1682;1973;.853;332;1557;1889;3545;820;106;1383;1212;8861;
Playoffs Totals
10-11;IND;PG;5;5;146;18;46;.391;4;6;.667;14;40;.350;.435;7;11;.636;4;9;13;20;5;2;9;7;47;
11-12;IND;PG;11;205;36;70;.514;4;11;.364;32;59;.542;.543;20;23;.870;3;11;14;33;14;11;11;96;
13-14;LAC;PG;13;249;35;90;.389;1;12;.083;34;78;.436;.394;39;45;.867;10;17;27;31;6;1;12;17;110;
17-18;IND;PG;7;7;214;31;68;.456;8;23;.348;23;45;.511;.515;9;12;.750;1;20;21;33;7;9;7;79;
18-19;IND;PG;4;4;117;19;45;.422;4;11;.364;15;34;.441;.467;6;6;1.000;4;8;12;16;2;10;11;48;
Career;;40;16;931;139;319;.436;21;63;.333;118;256;.461;.469;81;97;.835;22;65;87;133;34;3;51;53;380;
Advanced
09-10;NOH;PG;76;2109;16.5;.546;.146;.221;2.2;8.6;5.3;32.9;1.9;0.1;18.9;23.1;1.9;1.1;2.9;.067;0.9;-1.8;-0.8;0.6;
10-11;IND;PG;79;2360;15.6;.534;.143;.267;1.9;8.6;5.3;28.9;1.9;0.4;16.6;21.9;2.1;2.2;4.3;.087;0.4;-0.7;-0.3;1.0;
11-12;IND;PG;60;1878;13.6;.526;.180;.293;1.8;9.3;5.6;24.9;1.4;0.6;16.2;17.0;2.3;1.5;3.8;.098;0.3;-0.5;-0.2;0.9;
12-13;DAL;PG;81;2372;16.3;.575;.188;.380;1.5;8.7;5.1;26.8;2.2;0.3;17.0;19.6;4.0;1.7;5.6;.114;0.4;-0.3;0.1;1.3;
13-14;LAC;PG;80;2069;16.2;.575;.272;.323;2.6;7.3;5.0;21.9;2.2;0.6;14.3;19.7;3.8;2.0;5.9;.136;1.1;0.4;1.5;1.8;
14-15;SAC;PG;45;1565;17.5;.575;.293;.335;1.4;8.7;5.2;27.2;2.2;0.7;15.1;20.9;3.0;0.8;3.8;.116;2.3;-0.2;2.1;1.6;
15-16;SAC;PG;74;2219;15.9;.591;.280;.291;1.4;6.8;4.1;21.7;1.6;0.1;12.9;19.2;4.5;0.7;5.2;.113;0.9;-0.8;0.1;1.2;
16-17;SAC;PG;68;2063;15.3;.570;.245;.239;1.3;7.1;4.3;24.5;1.6;0.4;12.6;19.8;3.1;0.8;3.9;.091;0.3;-1.2;-0.9;0.6;
17-18;IND;PG;69;2018;18.8;.610;.321;.226;2.1;7.8;5.0;26.4;2.3;0.7;10.9;17.4;5.8;1.8;7.6;.181;2.4;0.3;2.7;2.4;
18-19;IND;PG;76;2143;16.7;.574;.294;.288;1.9;9.9;6.0;29.9;2.5;0.4;14.4;17.7;3.9;2.9;6.8;.153;0.8;1.0;1.8;2.1;
21-22;LAL;PG;3;37;-0.2;.286;.429;11.6;5.8;6.8;1.3;12.5;9.3;-0.1;-0.1;-0.070;-10.0;-0.9;-10.9;-0.1;
Career;;711;20833;16.2;.567;.232;.284;1.8;8.3;5.1;26.5;2.0;0.4;15.0;19.6;34.4;15.5;49.9;.115;0.9;-0.4;0.5;13.4;
Playoffs Advanced
10-11;IND;PG;5;146;11.9;.462;.130;.239;2.9;7.4;5.0;24.5;1.8;1.1;15.0;18.5;.014;-0.8;-0.8;
11-12;IND;PG;11;205;23.2;.599;.157;.329;1.7;6.2;4.0;30.9;3.7;12.1;20.6;0.7;0.3;1.0;.242;4.7;<strong>3.6</strong>;8.3;0.5;
13-14;LAC;PG;13;249;13.9;.501;.133;.500;4.4;8.1;6.2;18.3;1.2;0.3;9.9;21.2;0.3;0.4;.070;0.5;-1.3;-0.7;0.1;
17-18;IND;PG;7;214;14.8;.539;.338;.176;0.6;10.9;6.0;23.4;1.7;10.9;18.1;0.3;0.3;0.6;.126;0.5;0.4;0.9;0.2;
18-19;IND;PG;4;117;9.9;.504;.244;.133;3.4;8.3;5.6;25.5;0.9;17.3;22.6;-0.1;0.1;.009;-2.6;-1.5;-4.1;-0.1;
Career;;40;931;15.3;.525;.197;.304;2.6;8.2;5.4;24.1;1.9;0.3;12.4;20.1;1.3;0.8;2.0;.104;1.0;0.2;1.2;0.7;
