Darrell Arthur;Power Forward and Small Forward;Right;1988-03-25;;6-9;235;South Oak Cliff in Dallas,Texas;;;;-1;;
Per Game
08-09;MEM;PF;76;64;19.3;2.5;5.7;.438;2.5;5.7;.440;.438;0.5;0.8;.667;1.4;3.1;4.6;0.6;0.7;0.7;0.6;2.7;5.6;
09-10;MEM;PF;32;1;14.3;2.0;4.6;.432;2.0;4.5;.434;.432;0.5;0.9;.567;1.2;2.3;3.4;0.5;0.4;0.4;0.7;1.9;4.5;
10-11;MEM;PF;80;9;20.1;3.9;7.8;.497;0.1;3.9;7.7;.502;.497;1.4;1.7;.813;1.4;2.8;4.3;0.7;0.7;0.8;1.1;2.9;9.1;
12-13;MEM;PF;59;3;16.4;2.7;6.1;.451;0.1;0.3;.278;2.7;5.8;.460;.458;0.6;0.8;.717;1.2;1.7;2.9;0.6;0.4;0.6;0.7;2.1;6.1;
13-14;DEN;SF;68;1;17.1;2.4;6.0;.395;0.4;0.9;.375;2.0;5.1;.399;.424;0.8;0.9;.855;0.8;2.3;3.1;0.9;0.6;0.7;0.9;2.7;5.9;
14-15;DEN;PF;58;4;17.0;2.7;6.6;.404;0.4;1.9;.236;2.2;4.7;.471;.438;0.8;1.0;.780;0.9;2.0;2.9;1.0;0.8;0.4;0.8;2.5;6.6;
15-16;DEN;PF;70;16;21.7;3.2;7.0;.452;0.6;1.7;.385;2.5;5.3;.473;.498;0.6;0.8;.755;1.2;3.0;4.2;1.4;0.8;0.7;0.9;2.6;7.5;
16-17;DEN;PF;41;7;15.6;2.3;5.2;.442;1.3;2.9;.453;1.0;2.4;.429;.565;0.5;0.5;.864;0.6;2.1;2.7;1.0;0.5;0.5;0.9;1.9;6.4;
17-18;DEN;PF;19;1;7.4;1.2;2.5;.468;0.4;1.2;.348;0.7;1.3;.583;.553;0.1;0.2;.667;0.2;0.6;0.8;0.5;0.4;0.2;0.8;1.2;2.8;
Career;;503;106;17.8;2.7;6.2;.444;0.3;0.9;.352;2.4;5.3;.460;.470;0.7;0.9;.765;1.1;2.4;3.5;0.8;0.6;0.6;0.8;2.5;6.5;
Playoffs Per Game
10-11;MEM;PF;13;15.5;3.0;6.5;.459;0.1;0.1;1.000;2.9;6.5;.452;.465;1.0;1.3;.765;1.1;1.2;2.2;0.5;0.5;0.9;0.9;2.3;7.1;
12-13;MEM;PF;15;11.7;1.7;3.5;.472;0.1;1.7;3.4;.490;.472;0.5;0.6;.889;0.9;1.6;2.5;0.4;0.1;0.3;0.5;2.4;3.9;
Career;;28;13.4;2.3;4.9;.464;0.1;.333;2.3;4.8;.467;.467;0.8;0.9;.808;1.0;1.4;2.4;0.5;0.3;0.6;0.7;2.4;5.4;
Totals
08-09;MEM;PF;76;64;1464;191;436;.438;2;191;434;.440;.438;40;60;.667;108;238;346;43;52;52;47;206;422;
09-10;MEM;PF;32;1;457;63;146;.432;1;63;145;.434;.432;17;30;.567;37;73;110;15;14;14;22;60;143;
10-11;MEM;PF;80;9;1609;310;624;.497;6;310;618;.502;.497;109;134;.813;115;227;342;53;52;63;88;228;729;
12-13;MEM;PF;59;3;970;162;359;.451;5;18;.278;157;341;.460;.458;33;46;.717;68;101;169;33;24;33;43;126;362;
13-14;DEN;SF;68;1;1161;162;410;.395;24;64;.375;138;346;.399;.424;53;62;.855;52;158;210;61;39;47;58;185;401;
14-15;DEN;PF;58;4;988;155;384;.404;26;110;.236;129;274;.471;.438;46;59;.780;53;118;171;57;48;26;47;146;382;
15-16;DEN;PF;70;16;1516;221;489;.452;45;117;.385;176;372;.473;.498;40;53;.755;86;207;293;96;53;48;66;185;527;
16-17;DEN;PF;41;7;639;95;215;.442;53;117;.453;42;98;.429;.565;19;22;.864;25;87;112;42;19;21;36;76;262;
17-18;DEN;PF;19;1;141;22;47;.468;8;23;.348;14;24;.583;.553;2;3;.667;3;12;15;9;8;3;15;22;54;
Career;;503;106;8945;1381;3110;.444;161;458;.352;1220;2652;.460;.470;359;469;.765;547;1221;1768;409;309;307;422;1234;3282;
Playoffs Totals
10-11;MEM;PF;13;201;39;85;.459;1;1;1.000;38;84;.452;.465;13;17;.765;14;15;29;7;7;12;12;30;92;
12-13;MEM;PF;15;175;25;53;.472;2;25;51;.490;.472;8;9;.889;14;24;38;6;2;4;7;36;58;
Career;;28;376;64;138;.464;1;3;.333;63;135;.467;.467;21;26;.808;28;39;67;13;9;16;19;66;150;
Advanced
08-09;MEM;PF;76;1464;11.3;.456;.005;.138;8.9;20.3;14.5;5.0;1.9;2.9;9.2;16.3;-0.1;1.8;1.7;.055;-3.5;0.1;-3.4;-0.5;
09-10;MEM;PF;32;457;10.5;.449;.007;.205;9.4;18.7;14.0;4.9;1.6;2.3;12.1;17.4;-0.1;0.4;0.3;.031;-3.7;-0.4;-4.1;-0.2;
10-11;MEM;PF;80;1609;15.7;.534;.010;.215;8.5;17.0;12.7;5.4;1.7;3.2;11.4;21.6;1.5;2.2;3.8;.113;-1.8;0.2;-1.6;0.2;
12-13;MEM;PF;59;970;11.8;.477;.050;.128;8.1;12.5;10.3;5.9;1.3;2.8;10.2;20.1;0.2;1.5;1.7;.084;-2.8;0.4;-2.4;-0.1;
13-14;DEN;SF;68;1161;9.4;.459;.156;.151;4.8;14.7;9.8;8.0;1.6;3.0;11.7;18.1;-0.5;1.2;0.7;.029;-4.0;0.8;-3.2;-0.4;
14-15;DEN;PF;58;988;11.5;.466;.286;.154;5.6;13.4;9.3;9.3;2.4;2.1;10.3;20.0;-0.1;0.9;0.9;.042;-2.4;0.7;-1.7;0.1;
15-16;DEN;PF;70;1516;12.5;.514;.239;.108;6.2;15.4;10.7;10.0;1.8;2.6;11.4;16.7;1.0;1.3;2.3;.072;-1.3;0.5;-0.8;0.4;
16-17;DEN;PF;41;639;12.8;.583;.544;.102;4.4;14.9;9.7;9.3;1.5;2.5;13.8;17.3;0.6;0.4;1.1;.081;0.1;-0.2;-0.1;0.3;
17-18;DEN;PF;19;141;8.4;.559;.489;.064;2.4;9.5;6.0;9.3;2.8;1.8;23.7;19.5;-0.2;0.1;-0.011;-4.8;-0.5;-5.3;-0.1;
Career;;503;8945;12.2;.495;.147;.151;7.0;15.9;11.4;7.2;1.8;2.7;11.3;18.5;2.4;10.0;12.3;.066;-2.5;0.3;-2.2;-0.4;
Playoffs Advanced
10-11;MEM;PF;13;201;14.8;.497;.012;.200;7.8;8.8;8.3;6.4;1.9;5.0;11.5;23.7;0.2;0.3;.062;-1.9;1.0;-0.9;0.1;
12-13;MEM;PF;15;175;11.1;.509;.038;.170;9.1;17.3;13.0;6.2;0.6;1.9;10.9;17.0;0.2;0.2;0.3;.086;-3.4;1.2;-2.3;
Career;;28;376;13.1;.502;.022;.188;8.4;12.8;10.5;6.3;1.3;3.6;11.3;20.6;0.2;0.4;0.6;.073;-2.6;1.1;-1.5;0.1;
