David West;Power Forward, Center, and Small Forward;Right;1980-08-29;;6-9;250;Garner in Garner,North Carolina;;;;-1;;
Per Game
03-04;NOH;PF;71;1;13.1;1.5;3.2;.474;1.5;3.2;.478;.474;0.8;1.1;.713;1.6;2.5;4.2;0.8;0.4;0.4;0.7;1.6;3.8;
04-05;NOH;SF;30;8;18.4;2.5;5.7;.436;0.1;0.2;.400;2.4;5.6;.437;.442;1.1;1.7;.680;1.3;3.0;4.3;0.8;0.4;0.5;1.2;2.1;6.2;
05-06;NOK;PF;74;74;34.1;7.2;14.0;.512;0.1;.273;7.1;13.9;.514;.513;2.7;3.2;.843;2.3;5.1;7.4;1.2;0.8;0.9;1.4;2.9;17.1;
06-07;NOK;PF;52;52;36.5;7.3;15.2;.476;0.2;0.5;.320;7.1;14.8;.481;.481;3.6;4.4;.824;2.4;5.7;8.2;2.2;0.8;0.7;1.9;2.8;18.3;
07-08;NOH;PF;76;76;37.8;8.3;17.2;.482;0.1;0.3;.240;8.2;16.8;.487;.484;3.9;4.6;.850;2.4;6.5;8.9;2.3;0.8;1.3;2.2;2.7;20.6;
08-09;NOH;PF;76;76;39.2;8.0;17.0;.472;0.1;0.3;.240;7.9;16.7;.477;.474;4.8;5.5;.884;2.1;6.4;8.5;2.3;0.6;0.9;2.1;2.7;21.0;
09-10;NOH;PF;81;81;36.4;7.6;15.1;.505;0.1;0.3;.259;7.6;14.8;.510;.508;3.7;4.2;.865;2.0;5.4;7.5;3.0;0.9;0.7;2.1;2.9;19.0;
10-11;NOH;PF;70;70;35.0;7.5;14.9;.508;0.1;.222;7.5;14.7;.510;.509;3.8;4.7;.807;2.2;5.3;7.6;2.3;1.0;0.9;2.0;2.9;18.9;
11-12;IND;PF;<strong>66</strong>;66;29.2;5.3;10.8;.487;0.1;.222;5.3;10.7;.491;.489;2.2;2.7;.807;1.8;4.8;6.6;2.1;0.8;0.7;1.4;2.4;12.8;
12-13;IND;PF;73;73;33.4;6.9;13.8;.498;0.1;0.3;.211;6.8;13.6;.503;.500;3.3;4.3;.768;2.0;5.7;7.7;2.9;1.0;0.9;2.2;2.0;17.1;
13-14;IND;PF;80;80;30.9;5.7;11.7;.488;0.1;0.2;.267;5.7;11.6;.491;.490;2.5;3.1;.789;1.5;5.3;6.8;2.8;0.8;0.9;1.7;2.3;14.0;
14-15;IND;PF;66;66;28.7;4.9;10.4;.471;0.1;0.3;.200;4.8;10.1;.479;.474;1.8;2.4;.739;1.6;5.2;6.8;3.4;0.7;0.7;1.8;2.4;11.7;
15-16;SAS;PF;78;19;18.0;3.1;5.7;.545;0.1;.429;3.1;5.7;.546;.548;0.8;1.0;.788;0.9;3.0;4.0;1.8;0.6;0.7;0.9;1.8;7.1;
16-17;GSW;C;68;12.6;2.0;3.7;.536;0.1;.375;1.9;3.6;.541;.542;0.6;0.8;.768;0.7;2.3;3.0;2.2;0.6;0.7;1.1;1.5;4.6;
17-18;GSW;C;73;13.7;3.0;5.2;.571;0.1;.375;2.9;5.1;.576;.575;0.8;1.1;.759;0.9;2.4;3.3;1.9;0.6;1.0;1.1;1.6;6.8;
Career;;1034;742;28.2;5.5;11.1;.495;0.1;0.2;.265;5.5;10.9;.499;.498;2.5;3.0;.817;1.7;4.6;6.4;2.2;0.7;0.8;1.6;2.3;13.6;
Playoffs Per Game
03-04;NOH;PF;7;15.9;2.1;4.0;.536;2.1;4.0;.536;.536;1.6;1.9;.846;1.1;3.1;4.3;1.1;0.3;0.6;1.0;1.4;5.9;
07-08;NOH;PF;12;12;40.4;8.5;18.3;.466;0.1;0.2;.500;8.4;18.1;.465;.468;4.1;4.6;.891;1.8;6.8;8.5;2.8;1.1;1.9;1.8;2.7;21.2;
08-09;NOH;PF;5;5;35.6;6.4;16.0;.400;6.4;16.0;.400;.400;5.2;5.8;.897;1.0;6.4;7.4;1.2;1.0;0.4;2.8;3.8;18.0;
11-12;IND;PF;11;11;37.8;6.0;13.5;.446;6.0;13.5;.446;.446;3.3;4.0;.818;1.9;6.6;8.5;2.0;0.7;0.5;1.5;3.0;15.3;
12-13;IND;PF;19;19;36.3;6.1;13.1;.462;0.2;6.1;12.9;.467;.462;3.8;4.9;.766;2.2;5.4;7.6;2.1;0.7;0.8;2.4;2.8;15.9;
13-14;IND;PF;19;19;36.2;6.4;12.9;.494;0.1;0.5;.200;6.3;12.4;.506;.498;2.3;3.2;.705;1.3;5.5;6.7;3.9;0.7;0.8;2.3;3.0;15.1;
15-16;SAS;PF;10;17.6;2.5;5.5;.455;0.3;0.6;.500;2.2;4.9;.449;.482;0.5;0.9;.556;1.3;2.4;3.7;1.3;0.6;0.7;0.7;1.9;5.8;
16-17;GSW;C;17;13.0;2.0;3.5;.576;0.1;0.1;.500;1.9;3.4;.579;.585;0.4;0.5;.778;0.4;2.3;2.7;2.1;0.4;0.8;0.6;1.5;4.5;
17-18;GSW;C;18;9.7;1.5;2.5;.600;0.1;0.1;.500;1.4;2.4;.605;.611;0.2;0.2;1.000;0.6;1.4;2.1;1.8;0.3;0.6;0.6;1.3;3.3;
Career;;118;66;26.6;4.6;9.6;.476;0.1;0.2;.320;4.5;9.3;.480;.480;2.1;2.7;.796;1.3;4.3;5.6;2.2;0.6;0.8;1.5;2.3;11.3;
Totals
03-04;NOH;PF;71;1;930;108;228;.474;2;108;226;.478;.474;57;80;.713;117;180;297;60;27;28;48;117;273;
04-05;NOH;SF;30;8;552;75;172;.436;2;5;.400;73;167;.437;.442;34;50;.680;40;89;129;23;12;16;37;62;186;
05-06;NOK;PF;74;74;2526;530;1036;.512;3;11;.273;527;1025;.514;.513;199;236;.843;168;380;548;92;61;64;105;214;1262;
06-07;NOK;PF;52;52;1900;377;792;.476;8;25;.320;369;767;.481;.481;187;227;.824;126;298;424;114;42;38;98;143;949;
07-08;NOH;PF;76;76;2870;629;1305;.482;6;25;.240;623;1280;.487;.484;300;353;.850;180;495;675;177;62;99;165;208;1564;
08-09;NOH;PF;76;76;2982;610;1292;.472;6;25;.240;604;1267;.477;.474;367;415;.884;160;486;646;173;49;68;163;207;1593;
09-10;NOH;PF;81;81;2949;619;1226;.505;7;27;.259;612;1199;.510;.508;296;342;.865;164;441;605;239;76;60;173;233;1541;
10-11;NOH;PF;70;70;2451;528;1040;.508;2;9;.222;526;1031;.510;.509;264;327;.807;155;374;529;164;67;62;142;202;1322;
11-12;IND;PF;<strong>66</strong>;66;1925;349;716;.487;2;9;.222;347;707;.491;.489;142;176;.807;118;315;433;140;52;46;93;160;842;
12-13;IND;PF;73;73;2435;502;1009;.498;4;19;.211;498;990;.503;.500;242;315;.768;145;418;563;213;74;69;157;149;1250;
13-14;IND;PF;80;80;2472;458;939;.488;4;15;.267;454;924;.491;.490;198;251;.789;120;422;542;223;61;74;133;186;1118;
14-15;IND;PF;66;66;1895;323;686;.471;4;20;.200;319;666;.479;.474;119;161;.739;108;341;449;223;48;48;120;160;769;
15-16;SAS;PF;78;19;1404;244;448;.545;3;7;.429;241;441;.546;.548;63;80;.788;72;237;309;143;44;55;68;142;554;
16-17;GSW;C;68;854;135;252;.536;3;8;.375;132;244;.541;.542;43;56;.768;47;156;203;151;42;48;78;105;316;
17-18;GSW;C;73;999;216;378;.571;3;8;.375;213;370;.576;.575;60;79;.759;64;174;238;138;47;75;80;120;495;
Career;;1034;742;29144;5703;11519;.495;57;215;.265;5646;11304;.499;.498;2571;3148;.817;1784;4806;6590;2273;764;850;1660;2408;14034;
Playoffs Totals
03-04;NOH;PF;7;111;15;28;.536;15;28;.536;.536;11;13;.846;8;22;30;8;2;4;7;10;41;
07-08;NOH;PF;12;12;485;102;219;.466;1;2;.500;101;217;.465;.468;49;55;.891;21;81;102;34;13;23;21;32;254;
08-09;NOH;PF;5;5;178;32;80;.400;32;80;.400;.400;26;29;.897;5;32;37;6;5;2;14;19;90;
11-12;IND;PF;11;11;416;66;148;.446;66;148;.446;.446;36;44;.818;21;73;94;22;8;6;17;33;168;
12-13;IND;PF;19;19;689;115;249;.462;3;115;246;.467;.462;72;94;.766;41;103;144;39;13;15;45;54;302;
13-14;IND;PF;19;19;687;121;245;.494;2;10;.200;119;235;.506;.498;43;61;.705;24;104;128;75;14;15;43;57;287;
15-16;SAS;PF;10;176;25;55;.455;3;6;.500;22;49;.449;.482;5;9;.556;13;24;37;13;6;7;7;19;58;
16-17;GSW;C;17;221;34;59;.576;1;2;.500;33;57;.579;.585;7;9;.778;7;39;46;36;7;13;10;26;76;
17-18;GSW;C;18;175;27;45;.600;1;2;.500;26;43;.605;.611;4;4;1.000;11;26;37;32;6;10;10;23;59;
Career;;118;66;3138;537;1128;.476;8;25;.320;529;1103;.480;.480;253;318;.796;151;504;655;265;74;95;174;273;1335;
Advanced
03-04;NOH;PF;71;930;15.9;.519;.009;.351;14.0;22.6;18.2;11.1;1.6;2.3;15.4;15.3;1.4;1.3;2.8;.143;-0.8;0.3;-0.5;0.4;
04-05;NOH;SF;30;552;11.1;.479;.029;.291;8.2;19.9;13.8;7.6;1.2;2.3;16.0;19.4;-0.3;0.6;0.2;.022;-3.3;0.1;-3.2;-0.2;
05-06;NOK;PF;74;2526;19.7;.554;.011;.228;7.7;18.4;12.9;7.2;1.3;2.1;8.4;23.0;4.8;2.6;7.4;.141;1.8;-0.3;1.4;2.2;
06-07;NOK;PF;52;1900;18.9;.532;.032;.287;7.5;18.5;12.9;10.9;1.2;1.6;9.9;23.8;3.1;2.0;5.2;.131;1.2;-0.3;0.9;1.4;
07-08;NOH;PF;76;2870;19.9;.535;.019;.270;7.2;20.6;13.7;10.6;1.2;2.7;10.2;26.3;4.3;4.0;8.4;.140;1.3;0.2;1.5;2.6;
08-09;NOH;PF;76;2982;18.9;.540;.019;.321;6.5;19.7;13.1;10.9;0.9;1.9;10.0;26.5;4.2;3.5;7.8;.125;1.3;-0.6;0.6;2.0;
09-10;NOH;PF;81;2949;18.9;.560;.022;.279;6.4;17.9;12.0;13.7;1.3;1.5;11.2;24.0;5.2;2.3;7.5;.122;1.2;-0.3;0.8;2.1;
10-11;NOH;PF;70;2451;20.4;.558;.009;.314;7.6;18.7;13.1;12.7;1.5;2.1;10.7;25.8;4.4;3.4;7.8;.152;2.2;0.6;2.8;3.0;
11-12;IND;PF;<strong>66</strong>;1925;17.8;.531;.013;.246;6.9;18.3;12.6;13.1;1.4;1.9;10.5;20.9;3.4;2.5;5.9;.147;1.4;0.4;1.8;1.8;
12-13;IND;PF;73;2435;20.1;.545;.019;.312;6.8;18.8;12.9;16.8;1.6;2.1;12.0;24.4;4.4;4.7;9.1;.179;2.4;1.5;4.0;3.7;
13-14;IND;PF;80;2472;17.5;.533;.016;.267;5.7;18.3;12.3;16.1;1.3;2.3;11.2;21.9;3.1;5.0;8.1;.157;0.8;1.8;2.6;2.9;
14-15;IND;PF;66;1895;16.0;.508;.029;.235;6.4;19.7;13.1;20.1;1.3;2.0;13.7;21.0;1.4;2.8;4.3;.108;0.3;1.3;1.6;1.7;
15-16;SAS;PF;78;1404;17.6;.573;.016;.179;6.0;18.6;12.5;15.4;1.6;3.0;12.3;18.0;2.4;2.9;5.4;.184;0.3;2.6;2.9;1.7;
16-17;GSW;C;68;854;16.6;.571;.032;.222;6.5;18.8;13.0;24.1;2.4;4.4;22.0;17.9;0.9;1.7;2.6;.148;-0.7;3.5;2.8;1.0;
17-18;GSW;C;73;999;20.9;.600;.021;.209;7.7;18.2;13.3;20.5;2.3;5.9;16.2;21.7;1.8;1.7;3.5;.168;0.7;2.5;3.1;1.3;
Career;;1034;29144;18.6;.544;.019;.273;7.1;19.0;13.1;13.6;1.4;2.3;11.4;23.1;44.6;41.3;85.9;.141;1.1;0.6;1.7;27.6;
Playoffs Advanced
03-04;NOH;PF;7;111;19.6;.608;.464;8.0;22.7;15.2;15.2;1.0;2.9;17.2;17.2;0.3;0.2;0.5;.207;1.4;3.0;4.3;0.2;
07-08;NOH;PF;12;485;21.6;.522;.009;.251;4.9;18.4;11.8;12.2;1.5;4.2;7.9;26.5;0.7;0.7;1.4;.135;2.9;1.3;4.2;0.8;
08-09;NOH;PF;5;178;12.2;.485;.363;3.3;22.8;12.7;8.4;1.5;1.0;13.1;28.5;-0.2;-0.3;-0.071;-1.7;-1.3;-3.1;
11-12;IND;PF;11;416;15.7;.502;.297;5.9;20.2;13.1;9.8;1.0;1.2;9.2;20.5;0.6;0.6;1.2;.134;1.0;0.5;1.5;0.4;
12-13;IND;PF;19;689;16.1;.520;.012;.378;7.3;16.8;12.3;11.3;1.0;1.8;13.4;22.7;0.8;0.8;1.6;.109;1.0;0.7;1.7;0.6;
13-14;IND;PF;19;687;15.5;.528;.041;.249;4.3;17.9;11.3;20.8;1.1;2.0;13.7;22.4;0.3;1.0;1.3;.093;0.2;1.4;1.6;0.6;
15-16;SAS;PF;10;176;14.4;.492;.109;.164;9.1;14.8;12.1;11.1;1.8;3.1;10.6;17.4;0.1;0.3;0.4;.116;-0.4;1.4;0.9;0.1;
16-17;GSW;C;17;221;16.6;.604;.034;.153;3.7;17.8;11.2;22.0;1.5;4.8;13.7;14.2;0.4;0.4;0.9;.185;1.1;3.9;5.0;0.4;
17-18;GSW;C;18;175;19.2;.631;.044;.089;7.2;15.5;11.6;26.1;1.7;5.0;17.6;14.5;0.5;0.3;0.8;.217;1.7;<strong>4.1</strong>;5.8;0.3;
Career;;118;3138;16.8;.526;.022;.282;5.7;18.2;12.1;14.9;1.3;2.6;12.1;21.7;3.5;4.2;7.7;.118;0.9;1.4;2.3;3.4;
