DeAndre Jordan;Center;Left;1988-07-21;;6-11;265;Christian Life Center Academy in Humble,Texas;;;;-1;;
Per Game
08-09;LAC;C;53;13;14.5;1.8;2.8;.633;1.8;2.8;.633;.633;0.8;2.1;.385;1.4;3.1;4.5;0.2;0.2;1.1;0.8;1.8;4.3;
09-10;LAC;C;70;12;16.2;2.1;3.4;.605;2.1;3.4;.610;.605;0.7;1.8;.375;1.7;3.3;5.0;0.3;0.2;0.9;1.1;2.2;4.8;
10-11;LAC;C;80;66;25.6;2.9;4.3;.686;2.9;4.3;.688;.686;1.2;2.7;.452;2.6;4.6;7.2;0.5;0.5;1.8;1.3;3.2;7.1;
11-12;LAC;C;<strong>66</strong>;66;27.2;3.1;4.9;.632;3.1;4.9;.634;.632;1.1;2.1;.525;3.1;5.2;8.3;0.3;0.5;2.0;1.1;2.9;7.4;
12-13;LAC;C;<strong>82</strong>;82;24.5;3.8;6.0;<strong>.643</strong>;3.8;6.0;<strong>.643</strong>;<strong>.643</strong>;1.2;3.0;.386;2.6;4.7;7.2;0.3;0.6;1.4;1.2;2.3;8.8;
13-14;LAC;C;82;82;35.0;4.2;6.3;<strong>.676</strong>;4.2;6.3;<strong>.676</strong>;<strong>.676</strong>;2.0;4.6;.428;4.0;9.5;<strong>13.6</strong>;0.9;1.0;2.5;1.5;3.2;10.4;
14-15;LAC;C;82;82;34.4;4.6;6.5;<strong>.710</strong>;.250;4.6;6.5;<strong>.713</strong>;<strong>.711</strong>;2.3;5.7;.397;4.8;10.1;<strong>15.0</strong>;0.7;1.0;2.2;1.3;3.0;11.5;
15-16;LAC;C;77;77;33.7;4.6;6.6;<strong>.703</strong>;4.6;6.6;<strong>.704</strong>;<strong>.703</strong>;3.5;8.0;.430;3.5;10.3;13.8;1.2;0.7;2.3;1.4;2.7;12.7;
16-17;LAC;C;81;81;31.7;5.1;7.1;<strong>.714</strong>;5.1;7.1;<strong>.717</strong>;<strong>.714</strong>;2.5;5.2;.482;3.7;10.1;13.8;1.2;0.6;1.7;1.4;2.6;12.7;
17-18;LAC;C;77;77;31.5;4.8;7.5;.645;4.8;7.5;.645;.645;2.4;4.1;.580;4.3;10.9;15.2;1.5;0.5;0.9;1.8;2.6;12.0;
18-19;TOT;C;69;69;29.7;4.1;6.5;.641;4.1;6.5;.641;.641;2.7;3.8;.705;3.3;9.8;13.1;2.3;0.6;1.1;2.2;2.4;11.0;
18-19;DAL;C;50;50;31.1;4.2;6.5;.644;4.2;6.5;.644;.644;2.7;4.0;.682;3.2;10.5;13.7;2.0;0.7;1.1;2.2;2.5;11.0;
18-19;NYK;C;19;19;25.9;4.1;6.5;.634;4.1;6.5;.634;.634;2.7;3.5;.773;3.4;8.0;11.4;3.0;0.5;1.1;2.2;2.2;10.9;
19-20;BRK;C;56;6;22.0;3.4;5.1;.666;3.4;5.1;.666;.666;1.5;2.2;.680;2.5;7.5;10.0;1.9;0.3;0.9;1.3;2.0;8.3;
20-21;BRK;C;57;43;21.9;3.3;4.4;.763;3.3;4.4;.766;.763;0.8;1.6;.500;2.1;5.4;7.5;1.6;0.3;1.1;1.5;2.0;7.5;
21-22;TOT;C;48;20;13.0;1.9;3.0;.643;1.9;3.0;.643;.643;0.5;0.8;.550;1.7;3.8;5.5;0.4;0.3;0.7;0.8;1.5;4.3;
21-22;LAL;C;32;19;12.8;1.9;2.8;.674;1.9;2.8;.674;.674;0.4;0.8;.462;1.6;3.8;5.4;0.4;0.3;0.8;0.7;1.6;4.1;
21-22;PHI;C;16;1;13.4;2.0;3.4;.593;2.0;3.4;.593;.593;0.6;0.9;.714;2.0;3.8;5.8;0.5;0.1;0.6;1.0;1.3;4.6;
Career;;980;776;26.7;3.7;5.5;.673;.083;3.7;5.5;.674;.673;1.7;3.6;.475;3.1;7.3;10.3;1.0;0.5;1.5;1.4;2.5;9.1;
Playoffs Per Game
11-12;LAC;C;11;11;22.6;1.9;3.6;.525;1.9;3.6;.525;.525;0.7;2.2;.333;1.6;3.6;5.3;0.4;0.6;1.6;0.6;1.8;4.5;
12-13;LAC;C;6;6;24.0;1.7;3.7;.455;1.7;3.7;.455;.455;0.3;1.5;.222;2.5;3.8;6.3;0.2;0.2;1.7;1.5;3.0;3.7;
13-14;LAC;C;13;13;34.0;3.5;4.8;<strong>.730</strong>;3.5;4.8;<strong>.730</strong>;<strong>.730</strong>;2.5;5.8;.434;3.3;9.2;12.5;0.8;0.9;2.5;1.8;3.5;9.6;
14-15;LAC;C;14;14;34.4;4.1;5.8;<strong>.716</strong>;4.1;5.8;.716;.716;4.8;11.2;.427;3.5;9.9;13.4;1.1;1.1;2.4;1.2;3.0;13.1;
15-16;LAC;C;6;6;33.0;4.0;6.3;.632;4.0;6.3;.632;.632;3.7;9.8;.373;5.0;11.3;<strong>16.3</strong>;1.8;1.2;2.7;1.2;2.8;11.7;
16-17;LAC;C;7;7;37.7;6.1;8.7;.705;0.1;6.1;8.6;.717;.705;3.1;8.0;.393;3.6;10.9;<strong>14.4</strong>;0.7;0.4;0.9;2.4;4.1;15.4;
21-22;PHI;C;1;
Career;;58;57;30.7;3.5;5.3;.662;3.5;5.2;.664;.662;2.7;6.6;.404;3.1;8.0;11.1;0.8;0.8;2.0;1.4;2.9;9.6;
Totals
08-09;LAC;C;53;13;771;93;147;.633;93;147;.633;.633;42;109;.385;72;165;237;11;11;59;41;96;228;
09-10;LAC;C;70;12;1137;144;238;.605;2;144;236;.610;.605;48;128;.375;122;230;352;21;16;62;75;152;336;
10-11;LAC;C;80;66;2047;234;341;.686;1;234;340;.688;.686;98;217;.452;207;368;575;42;41;142;101;255;566;
11-12;LAC;C;<strong>66</strong>;66;1798;206;326;.632;1;206;325;.634;.632;74;141;.525;202;344;546;17;30;134;74;189;486;
12-13;LAC;C;<strong>82</strong>;82;2010;314;488;<strong>.643</strong>;314;488;<strong>.643</strong>;<strong>.643</strong>;96;249;.386;210;384;594;28;48;112;100;192;724;
13-14;LAC;C;82;82;2870;348;515;<strong>.676</strong>;348;515;<strong>.676</strong>;<strong>.676</strong>;160;374;.428;331;<strong>783</strong>;<strong>1114</strong>;74;80;203;123;264;856;
14-15;LAC;C;82;82;2820;379;534;<strong>.710</strong>;1;4;.250;378;530;<strong>.713</strong>;<strong>.711</strong>;187;471;.397;397;<strong>829</strong>;<strong>1226</strong>;61;81;183;109;245;946;
15-16;LAC;C;77;77;2598;357;508;<strong>.703</strong>;1;357;507;<strong>.704</strong>;<strong>.703</strong>;266;619;.430;267;792;1059;90;51;177;107;207;980;
16-17;LAC;C;81;81;2570;412;577;<strong>.714</strong>;2;412;575;<strong>.717</strong>;<strong>.714</strong>;205;425;.482;298;<strong>816</strong>;1114;96;51;134;115;212;1029;
17-18;LAC;C;77;77;2424;373;578;.645;373;578;.645;.645;181;312;.580;329;842;1171;117;39;71;137;203;927;
18-19;TOT;C;69;69;2047;286;446;.641;286;446;.641;.641;186;264;.705;225;677;902;156;42;73;153;167;758;
18-19;DAL;C;50;50;1554;208;323;.644;208;323;.644;.644;135;198;.682;161;525;686;99;33;53;111;125;551;
18-19;NYK;C;19;19;493;78;123;.634;78;123;.634;.634;51;66;.773;64;152;216;57;9;20;42;42;207;
19-20;BRK;C;56;6;1234;191;287;.666;191;287;.666;.666;83;122;.680;141;420;561;105;18;52;74;114;465;
20-21;BRK;C;57;43;1246;190;249;.763;1;190;248;.766;.763;46;92;.500;117;310;427;93;17;65;85;116;426;
21-22;TOT;C;48;20;622;92;143;.643;92;143;.643;.643;22;40;.550;83;181;264;21;12;35;37;71;206;
21-22;LAL;C;32;19;408;60;89;.674;60;89;.674;.674;12;26;.462;51;121;172;13;10;26;21;50;132;
21-22;PHI;C;16;1;214;32;54;.593;32;54;.593;.593;10;14;.714;32;60;92;8;2;9;16;21;74;
Career;;980;776;26194;3619;5377;.673;1;12;.083;3618;5365;.674;.673;1694;3563;.475;3001;7141;10142;932;537;1502;1331;2483;8933;
Playoffs Totals
11-12;LAC;C;11;11;249;21;40;.525;21;40;.525;.525;8;24;.333;18;40;58;4;7;18;7;20;50;
12-13;LAC;C;6;6;144;10;22;.455;10;22;.455;.455;2;9;.222;15;23;38;1;1;10;9;18;22;
13-14;LAC;C;13;13;442;46;63;<strong>.730</strong>;46;63;<strong>.730</strong>;<strong>.730</strong>;33;76;.434;43;120;163;10;12;33;23;45;125;
14-15;LAC;C;14;14;482;58;81;<strong>.716</strong>;58;81;.716;.716;67;157;.427;49;138;187;16;16;33;17;42;183;
15-16;LAC;C;6;6;198;24;38;.632;24;38;.632;.632;22;59;.373;30;68;98;11;7;16;7;17;70;
16-17;LAC;C;7;7;264;43;61;.705;1;43;60;.717;.705;22;56;.393;25;76;101;5;3;6;17;29;108;
21-22;PHI;C;1;
Career;;58;57;1779;202;305;.662;1;202;304;.664;.662;154;381;.404;180;465;645;47;46;116;80;171;558;
Advanced
08-09;LAC;C;53;771;14.1;.585;.741;10.5;25.5;17.8;2.3;0.7;5.7;17.4;13.9;0.4;0.9;1.3;.079;-3.2;-0.1;-3.3;-0.3;
09-10;LAC;C;70;1137;12.7;.571;.008;.538;12.4;23.6;17.9;2.9;0.7;4.0;20.3;14.7;0.2;1.2;1.5;.061;-3.5;-0.3;-3.8;-0.5;
10-11;LAC;C;80;2047;14.8;.648;.003;.636;11.9;20.9;16.5;3.2;1.0;5.4;18.8;11.7;2.6;2.6;5.2;.122;-1.7;1.0;-0.7;0.7;
11-12;LAC;C;<strong>66</strong>;1798;16.4;.626;.003;.433;13.2;23.0;18.1;1.5;0.9;6.2;16.0;11.9;3.2;2.4;5.6;.150;-0.4;0.4;0.1;0.9;
12-13;LAC;C;<strong>82</strong>;2010;17.2;.606;.510;12.7;22.4;17.6;2.2;1.3;4.7;14.3;15.9;3.0;3.2;6.2;.148;-0.1;-0.2;-0.2;0.9;
13-14;LAC;C;82;2870;18.2;.630;.726;13.3;29.3;21.6;3.7;1.4;5.4;15.3;12.4;5.3;5.8;11.1;.186;0.9;1.6;2.5;3.3;
14-15;LAC;C;82;2820;21.0;.638;.007;.882;16.2;<strong>32.4</strong>;<strong>24.5</strong>;3.2;1.5;5.4;12.8;13.6;7.4;<strong>5.4</strong>;12.8;.217;2.2;0.7;2.9;3.5;
15-16;LAC;C;77;2598;20.6;.628;.002;1.219;11.4;32.7;22.2;5.3;1.0;5.4;12.1;15.4;6.0;5.5;11.5;.213;1.5;1.3;2.8;3.2;
16-17;LAC;C;81;2570;21.8;.673;.003;.737;13.3;34.6;24.2;5.7;1.0;4.3;13.1;15.3;7.2;4.6;11.8;.221;2.5;0.9;3.3;3.5;
17-18;LAC;C;77;2424;20.2;.648;.540;15.1;<strong>37.6</strong>;<strong>26.5</strong>;7.1;0.8;2.4;16.1;15.2;6.0;3.4;9.4;.186;1.7;-0.3;1.4;2.1;
18-19;TOT;C;69;2047;19.0;.674;.592;11.7;35.2;23.5;11.6;1.0;3.0;21.4;15.0;4.0;3.1;7.1;.167;0.8;1.3;2.1;2.1;
18-19;DAL;C;50;1554;18.0;.672;.613;11.2;35.9;23.6;9.5;1.0;2.9;21.3;14.4;2.7;2.5;5.3;.162;0.4;1.3;1.7;1.4;
18-19;NYK;C;19;493;22.1;.681;.537;13.3;33.0;22.9;18.2;0.9;3.4;21.6;16.8;1.3;0.6;1.9;.181;2.2;1.3;3.4;0.7;
19-20;BRK;C;56;1234;19.9;.682;.425;12.1;34.5;23.5;12.6;0.7;3.5;17.8;14.1;3.0;2.2;5.2;.200;1.2;1.8;3.0;1.5;
20-21;BRK;C;57;1246;17.1;.736;.004;.369;10.9;26.1;18.9;10.1;0.7;4.6;22.7;13.1;2.4;1.5;3.9;.152;0.1;1.0;1.0;0.9;
21-22;TOT;C;48;622;17.2;.641;.280;14.7;31.4;23.1;4.9;0.9;5.0;18.7;13.9;0.9;1.0;1.9;.145;-1.5;0.1;-1.4;0.1;
21-22;LAL;C;32;408;17.5;.657;.292;13.5;31.8;22.7;4.5;1.2;5.7;17.3;12.8;0.7;0.6;1.3;.153;-1.5;0.9;-0.6;0.2;
21-22;PHI;C;16;214;16.5;.615;.259;17.0;30.8;24.0;5.6;0.5;3.8;21.0;16.0;0.3;0.3;0.6;.131;-1.6;-1.4;-3.0;
Career;;980;26194;18.5;.643;.002;.663;13.0;29.9;21.6;5.3;1.0;4.6;16.1;14.0;51.6;42.8;94.4;.173;0.6;0.7;1.3;21.9;
Playoffs Advanced
11-12;LAC;C;11;249;12.7;.494;.600;8.9;19.7;14.3;2.6;1.5;5.7;12.2;11.2;0.1;0.3;0.4;.071;-0.8;0.7;-0.2;0.1;
12-13;LAC;C;6;144;7.3;.424;.409;13.8;19.8;16.9;1.0;0.4;5.3;25.7;11.8;-0.1;-0.1;-0.038;-2.8;-1.7;-4.5;-0.1;
13-14;LAC;C;13;442;16.5;.648;1.206;10.7;32.3;21.1;3.2;1.4;<strong>6.3</strong>;19.3;11.7;0.5;0.7;1.2;.130;0.6;1.8;2.4;0.5;
14-15;LAC;C;14;482;20.7;.610;1.938;10.9;29.7;20.4;4.8;1.6;5.9;10.2;15.0;1.2;0.8;1.9;.192;2.9;1.5;4.4;0.8;
15-16;LAC;C;6;198;24.0;.547;1.553;15.1;<strong>33.8</strong>;<strong>24.5</strong>;8.5;1.8;6.8;9.9;16.0;0.4;0.5;1.0;.231;2.7;2.6;5.3;0.4;
16-17;LAC;C;7;264;17.3;.631;.016;.918;11.7;<strong>37.6</strong>;<strong>24.3</strong>;3.2;0.6;2.2;16.6;18.7;0.3;0.4;0.7;.128;0.8;-0.1;0.7;0.2;
21-22;PHI;C;1;
Career;;58;1779;17.3;.590;.003;1.249;11.4;29.8;20.5;3.9;1.3;5.5;14.5;14.1;2.4;2.7;5.0;.136;1.0;1.1;2.1;1.8;
