DeJuan Blair;Power Forward and Center;Right;1989-04-22;;6-7;270;Schenley in Pittsburgh,Pennsylvania;;;;-1;;
Per Game
09-10;SAS;PF;<strong>82</strong>;23;18.2;3.4;6.0;.556;3.4;6.0;.558;.556;1.1;2.0;.547;2.4;4.0;6.4;0.8;0.6;0.5;1.4;2.7;7.8;
10-11;SAS;PF;81;65;21.4;3.6;7.2;.501;3.6;7.2;.503;.501;1.1;1.7;.657;2.7;4.3;7.0;1.0;1.2;0.5;1.4;2.6;8.3;
11-12;SAS;PF;64;62;21.3;4.2;7.9;.534;4.2;7.9;.535;.534;1.1;1.9;.613;2.4;3.1;5.5;1.2;0.9;0.2;1.4;2.6;9.5;
12-13;SAS;PF;61;16;14.0;2.3;4.4;.524;2.3;4.4;.526;.524;0.7;1.1;.629;1.1;2.7;3.8;0.7;0.6;0.2;0.8;1.8;5.4;
13-14;DAL;PF;78;13;15.6;2.7;5.0;.534;2.7;5.0;.537;.534;1.0;1.6;.636;1.8;2.9;4.7;0.9;0.8;0.3;1.0;2.5;6.4;
14-15;WAS;PF;29;6.2;0.9;2.0;.456;0.9;2.0;.456;.456;0.1;0.2;.667;0.6;1.4;1.9;0.1;0.2;0.4;1.4;1.9;
15-16;WAS;C;29;7.5;1.0;2.3;.412;1.0;2.3;.418;.412;0.2;0.4;.385;0.7;1.3;2.0;0.4;0.3;0.1;0.5;1.8;2.1;
Career;;424;179;16.6;2.9;5.6;.524;2.9;5.6;.526;.524;0.9;1.5;.608;1.9;3.2;5.1;0.8;0.7;0.3;1.1;2.4;6.8;
Playoffs Per Game
09-10;SAS;PF;10;9.1;1.6;3.2;.500;1.6;3.2;.500;.500;0.5;0.9;.556;1.9;2.0;3.9;0.5;0.5;0.4;0.2;1.8;3.7;
10-11;SAS;PF;4;12.5;1.8;5.3;.333;1.8;5.3;.333;.333;0.8;1.3;.600;2.3;1.0;3.3;0.5;0.3;0.5;1.5;4.3;
11-12;SAS;PF;10;7.6;1.7;2.7;.630;1.7;2.7;.630;.630;0.3;0.6;.500;0.7;1.6;2.3;0.2;0.3;0.1;0.1;1.0;3.7;
12-13;SAS;PF;12;6.3;1.8;2.8;.618;1.8;2.8;.618;.618;0.4;0.8;.556;0.5;1.5;2.0;0.6;0.4;0.1;0.1;1.2;3.9;
13-14;DAL;PF;6;13.5;2.7;4.5;.593;2.7;4.5;.593;.593;1.3;2.2;.615;2.3;3.8;6.2;0.2;2.0;0.8;2.3;6.7;
Career;;42;8.9;1.8;3.4;.546;1.8;3.4;.546;.546;0.6;1.0;.571;1.3;1.9;3.2;0.4;0.6;0.2;0.3;1.5;4.2;
Totals
09-10;SAS;PF;<strong>82</strong>;23;1494;275;495;.556;2;275;493;.558;.556;88;161;.547;200;326;526;65;50;39;112;224;638;
10-11;SAS;PF;81;65;1734;292;583;.501;2;292;581;.503;.501;90;137;.657;215;350;565;77;95;42;113;213;674;
11-12;SAS;PF;64;62;1363;269;504;.534;1;269;503;.535;.534;73;119;.613;154;197;351;78;59;12;92;168;611;
12-13;SAS;PF;61;16;851;142;271;.524;1;142;270;.526;.524;44;70;.629;66;164;230;45;37;10;49;112;328;
13-14;DAL;PF;78;13;1214;210;393;.534;2;210;391;.537;.534;77;121;.636;139;229;368;70;60;21;77;192;497;
14-15;WAS;PF;29;180;26;57;.456;26;57;.456;.456;4;6;.667;16;40;56;3;7;1;13;41;56;
15-16;WAS;C;29;218;28;68;.412;1;28;67;.418;.412;5;13;.385;20;37;57;11;8;2;15;53;61;
Career;;424;179;7054;1242;2371;.524;9;1242;2362;.526;.524;381;627;.608;810;1343;2153;349;316;127;471;1003;2865;
Playoffs Totals
09-10;SAS;PF;10;91;16;32;.500;16;32;.500;.500;5;9;.556;19;20;39;5;5;4;2;18;37;
10-11;SAS;PF;4;50;7;21;.333;7;21;.333;.333;3;5;.600;9;4;13;2;1;2;6;17;
11-12;SAS;PF;10;76;17;27;.630;17;27;.630;.630;3;6;.500;7;16;23;2;3;1;1;10;37;
12-13;SAS;PF;12;76;21;34;.618;21;34;.618;.618;5;9;.556;6;18;24;7;5;1;1;14;47;
13-14;DAL;PF;6;81;16;27;.593;16;27;.593;.593;8;13;.615;14;23;37;1;12;5;14;40;
Career;;42;374;77;141;.546;77;141;.546;.546;24;42;.571;55;81;136;17;25;7;11;62;178;
Advanced
09-10;SAS;PF;<strong>82</strong>;1494;17.7;.564;.004;.325;16.0;25.1;20.6;7.1;1.8;1.9;16.5;20.8;1.8;2.8;4.6;.147;-1.0;0.4;-0.7;0.5;
10-11;SAS;PF;81;1734;17.1;.524;.003;.235;<strong>14.8</strong>;22.9;18.9;7.1;2.8;1.7;14.9;20.1;1.5;3.2;4.8;.132;-1.2;0.7;-0.5;0.7;
11-12;SAS;PF;64;1363;17.6;.549;.002;.236;13.2;16.3;14.8;9.2;2.2;0.6;14.2;21.7;2.2;1.8;4.0;.142;-0.4;-0.3;0.6;
12-13;SAS;PF;61;851;14.6;.543;.004;.258;9.5;21.1;15.6;8.3;2.2;0.9;14.0;19.0;0.7;1.5;2.2;.126;-2.4;0.8;-1.6;0.1;
13-14;DAL;PF;78;1214;17.3;.557;.005;.308;13.3;21.6;17.5;8.9;2.5;1.4;14.7;19.6;1.8;1.5;3.4;.133;-1.2;0.1;-1.1;0.3;
14-15;WAS;PF;29;180;7.7;.469;.105;10.3;24.5;17.5;2.6;2.0;0.4;17.9;18.3;-0.2;0.3;0.1;.033;-7.5;-0.9;-8.4;-0.3;
15-16;WAS;C;29;218;5.4;.414;.015;.191;10.1;19.4;14.6;7.3;1.8;0.7;16.9;17.8;-0.3;0.3;-0.1;-0.015;-8.1;-0.7;-8.9;-0.4;
Career;;424;7054;16.5;.541;.004;.264;13.6;21.6;17.7;7.8;2.3;1.3;15.1;20.2;7.5;11.5;19.0;.129;-1.5;0.3;-1.2;1.4;
Playoffs Advanced
09-10;SAS;PF;10;91;24.0;.514;.281;23.9;25.1;24.5;9.4;2.9;3.5;5.3;19.5;0.3;0.2;0.4;.226;2.9;1.3;4.2;0.1;
10-11;SAS;PF;4;50;9.6;.366;.238;20.4;9.5;15.1;7.3;1.4;7.9;23.7;-0.021;-2.4;-4.5;-6.9;-0.1;
11-12;SAS;PF;10;76;22.9;.624;.222;11.2;23.6;17.6;4.6;2.0;1.0;3.3;18.8;0.3;0.1;0.4;.244;3.1;2.2;5.2;0.1;
12-13;SAS;PF;12;76;31.2;.619;.265;9.4;26.3;18.1;18.7;3.5;1.0;2.6;24.2;0.4;0.2;0.6;.348;3.2;4.3;7.5;0.2;
13-14;DAL;PF;6;81;28.8;.611;.481;18.7;36.0;26.6;2.0;7.7;13.3;21.0;0.2;0.2;0.4;.255;3.6;3.8;7.4;0.2;
Career;;42;374;24.4;.558;.298;16.8;25.3;21.0;8.4;3.5;1.5;6.5;21.2;1.1;0.7;1.8;.228;2.4;1.9;4.3;0.6;
