DeMarcus Cousins;Center;Right;1990-08-13;;6-10;270;LeFlore Magnet in Mobile,Alabama;;;;-1;;
Per Game
10-11;SAC;C;81;62;28.5;5.3;12.4;.430;0.2;.167;5.3;12.2;.435;.432;3.4;5.0;.687;2.7;6.0;8.6;2.5;1.0;0.8;3.3;4.1;14.1;
11-12;SAC;C;64;62;30.5;7.0;15.6;.448;0.2;.143;7.0;15.4;.453;.449;4.1;5.8;.702;4.1;6.8;11.0;1.6;1.5;1.2;2.7;4.0;18.1;
12-13;SAC;C;75;74;30.5;6.4;13.8;.465;0.1;0.3;.182;6.4;13.5;.471;.467;4.2;5.6;.738;3.0;7.0;9.9;2.7;1.4;0.7;3.0;3.6;17.1;
13-14;SAC;C;71;71;32.4;8.3;16.8;.496;0.1;8.3;16.7;.499;.496;6.1;8.4;.726;3.1;8.6;11.7;2.9;1.5;1.3;3.5;3.8;22.7;
14-15;SAC;C;59;59;34.1;8.4;18.1;.467;0.1;.250;8.4;17.9;.469;.468;7.2;9.2;.782;3.1;9.5;12.7;3.6;1.5;1.7;4.3;4.1;24.1;
15-16;SAC;C;65;65;34.6;9.2;20.5;.451;1.1;3.2;.333;8.2;17.3;.473;.477;7.3;10.2;.718;2.4;9.1;11.5;3.3;1.6;1.4;3.8;3.6;26.9;
16-17;TOT;C;72;72;34.2;9.0;19.9;.452;1.8;5.0;.361;7.2;14.8;.483;.498;7.2;9.3;.772;2.1;8.9;11.0;4.6;1.4;1.3;3.7;3.9;27.0;
16-17;SAC;C;55;55;34.4;9.2;20.3;.452;1.7;4.9;.356;7.5;15.5;.482;.494;7.7;10.0;.770;2.1;8.5;10.6;4.8;1.4;1.3;3.8;3.7;27.8;
16-17;NOP;C;17;17;33.8;8.4;18.5;.452;2.1;5.6;.375;6.2;12.8;.486;.510;5.5;7.1;.777;2.2;10.2;12.4;3.9;1.5;1.1;3.6;4.4;24.4;
17-18;NOP;C;48;48;36.2;8.5;18.0;.470;2.2;6.1;.354;6.3;11.9;.530;.530;6.1;8.2;.746;2.2;10.7;12.9;5.4;1.6;1.6;5.0;3.8;25.2;
18-19;GSW;C;30;30;25.7;5.9;12.4;.480;0.9;3.2;.274;5.1;9.2;.551;.515;3.5;4.8;.736;1.4;6.8;8.2;3.6;1.3;1.5;2.4;3.6;16.3;
20-21;TOT;C;41;11;17.4;3.2;7.4;.426;1.1;3.3;.348;2.0;4.1;.488;.503;1.4;2.0;.728;1.3;5.1;6.4;1.9;0.8;0.6;1.6;2.6;8.9;
20-21;HOU;C;25;11;20.2;3.2;8.4;.376;1.6;4.6;.336;1.6;3.8;.426;.469;1.8;2.4;.746;1.2;6.4;7.6;2.4;0.8;0.7;1.6;3.0;9.6;
20-21;LAC;C;16;12.9;3.2;5.9;.537;0.5;1.2;.421;2.7;4.8;.566;.579;0.9;1.4;.682;1.4;3.1;4.5;1.0;0.8;0.4;1.6;2.1;7.8;
21-22;TOT;C;48;7;15.0;3.1;6.8;.460;0.8;2.5;.303;2.3;4.2;.554;.517;2.0;2.6;.760;1.5;4.1;5.6;1.5;0.7;0.4;1.8;2.9;9.0;
21-22;MIL;C;17;5;16.9;3.2;6.9;.466;0.8;2.8;.271;2.5;4.1;.600;.521;1.8;2.2;.816;1.4;4.4;5.8;1.1;0.9;0.5;0.9;2.7;9.1;
21-22;DEN;C;31;2;13.9;3.0;6.6;.456;0.8;2.4;.324;2.3;4.3;.530;.515;2.1;2.8;.736;1.6;3.9;5.5;1.7;0.6;0.4;2.2;3.0;8.9;
Career;;654;561;29.8;7.0;15.2;.460;0.7;2.0;.331;6.3;13.2;.479;.481;5.0;6.7;.737;2.6;7.6;10.2;3.0;1.3;1.1;3.3;3.7;19.6;
Playoffs Per Game
18-19;GSW;C;8;5;16.6;2.6;6.6;.396;0.4;1.5;.250;2.3;5.1;.439;.425;2.0;3.1;.640;1.1;3.8;4.9;2.4;0.6;0.8;2.4;3.0;7.6;
20-21;LAC;C;7;8.3;2.7;6.0;.452;0.6;1.4;.400;2.1;4.6;.469;.500;1.6;2.0;.786;0.9;1.1;2.0;0.7;0.3;0.4;0.7;1.9;7.6;
21-22;DEN;C;5;11.4;3.8;5.8;.655;0.8;1.2;.667;3.0;4.6;.652;.724;2.2;3.0;.733;0.6;2.8;3.4;1.2;0.6;0.2;1.4;1.8;10.6;
Career;;20;5;12.4;3.0;6.2;.476;0.6;1.4;.393;2.4;4.8;.500;.520;1.9;2.7;.704;0.9;2.6;3.5;1.5;0.5;0.5;1.6;2.3;8.4;
Totals
10-11;SAC;C;81;62;2309;432;1004;.430;3;18;.167;429;986;.435;.432;276;402;.687;217;482;699;204;85;68;268;<strong>332</strong>;1143;
11-12;SAC;C;64;62;1950;448;999;.448;2;14;.143;446;985;.453;.449;262;373;.702;<strong>265</strong>;438;703;102;93;75;170;<strong>257</strong>;1160;
12-13;SAC;C;75;74;2289;482;1036;.465;4;22;.182;478;1014;.471;.467;312;423;.738;222;524;746;199;108;55;225;269;1280;
13-14;SAC;C;71;71;2298;591;1191;.496;7;591;1184;.499;.496;432;595;.726;218;613;831;207;109;91;251;270;1614;
14-15;SAC;C;59;59;2013;498;1066;.467;2;8;.250;496;1058;.469;.468;423;541;.782;185;562;747;210;90;103;254;241;1421;
15-16;SAC;C;65;65;2246;601;1332;.451;70;210;.333;531;1122;.473;.477;476;663;.718;158;589;747;214;101;92;249;236;1748;
16-17;TOT;C;72;72;2465;647;1432;.452;131;363;.361;516;1069;.483;.498;517;670;.772;152;642;794;332;100;93;269;<strong>278</strong>;1942;
16-17;SAC;C;55;55;1891;505;1118;.452;95;267;.356;410;851;.482;.494;423;549;.770;115;468;583;266;75;74;207;203;1528;
16-17;NOP;C;17;17;574;142;314;.452;36;96;.375;106;218;.486;.510;94;121;.777;37;174;211;66;25;19;62;75;414;
17-18;NOP;C;48;48;1737;406;864;.470;104;294;.354;302;570;.530;.530;294;394;.746;105;512;617;257;79;76;242;183;1210;
18-19;GSW;C;30;30;771;178;371;.480;26;95;.274;152;276;.551;.515;106;144;.736;43;204;247;107;40;44;72;109;488;
20-21;TOT;C;41;11;713;130;305;.426;47;135;.348;83;170;.488;.503;59;81;.728;53;210;263;76;34;24;64;107;366;
20-21;HOU;C;25;11;506;79;210;.376;39;116;.336;40;94;.426;.469;44;59;.746;30;161;191;60;21;18;39;74;241;
20-21;LAC;C;16;207;51;95;.537;8;19;.421;43;76;.566;.579;15;22;.682;23;49;72;16;13;6;25;33;125;
21-22;TOT;C;48;7;718;149;324;.460;37;122;.303;112;202;.554;.517;95;125;.760;74;196;270;71;35;21;85;139;430;
21-22;MIL;C;17;5;287;55;118;.466;13;48;.271;42;70;.600;.521;31;38;.816;24;74;98;18;16;8;16;46;154;
21-22;DEN;C;31;2;431;94;206;.456;24;74;.324;70;132;.530;.515;64;87;.736;50;122;172;53;19;13;69;93;276;
Career;;654;561;19509;4562;9924;.460;426;1288;.331;4136;8636;.479;.481;3252;4411;.737;1692;4972;6664;1979;874;742;2149;2421;12802;
Playoffs Totals
18-19;GSW;C;8;5;133;21;53;.396;3;12;.250;18;41;.439;.425;16;25;.640;9;30;39;19;5;6;19;24;61;
20-21;LAC;C;7;58;19;42;.452;4;10;.400;15;32;.469;.500;11;14;.786;6;8;14;5;2;3;5;13;53;
21-22;DEN;C;5;57;19;29;.655;4;6;.667;15;23;.652;.724;11;15;.733;3;14;17;6;3;1;7;9;53;
Career;;20;5;248;59;124;.476;11;28;.393;48;96;.500;.520;38;54;.704;18;52;70;30;10;10;31;46;167;
Advanced
10-11;SAC;C;81;2309;14.6;.484;.018;.400;10.4;24.4;17.2;14.7;1.9;2.1;18.5;27.2;-1.9;2.9;1.1;.022;-2.7;0.1;-2.6;-0.4;
11-12;SAC;C;64;1950;21.7;.499;.014;.373;14.2;25.9;19.8;9.5;2.4;2.8;12.8;29.7;2.1;2.2;4.2;.104;0.4;-1.3;-0.8;0.6;
12-13;SAC;C;75;2289;20.2;.524;.021;.408;10.9;27.0;18.7;15.3;2.4;1.9;15.5;28.1;2.0;2.3;4.4;.092;0.7;-0.5;0.2;1.2;
13-14;SAC;C;71;2298;26.1;.555;.006;.500;10.6;<strong>30.5</strong>;20.4;17.8;2.4;3.2;14.7;32.7;4.1;3.8;7.9;.166;3.6;1.6;5.2;4.2;
14-15;SAC;C;59;2013;25.2;.545;.008;.508;10.8;30.6;21.1;20.4;2.3;4.0;16.3;34.1;2.8;3.2;6.0;.144;2.8;1.5;4.3;3.2;
15-16;SAC;C;65;2246;23.6;.538;.158;.498;7.7;28.2;18.0;17.0;2.2;3.3;13.3;<strong>35.4</strong>;2.4;3.3;5.7;.122;2.7;0.6;3.3;3.0;
16-17;TOT;C;72;2465;25.8;.562;.253;.468;7.0;29.2;18.2;25.8;2.0;3.4;13.5;36.5;3.9;3.8;7.6;.149;5.0;1.8;6.8;5.5;
16-17;SAC;C;55;1891;26.5;.562;.239;.491;7.1;28.3;17.8;27.4;2.0;3.6;13.2;37.5;3.4;2.6;6.0;.153;5.6;1.6;7.2;4.4;
16-17;NOP;C;17;574;23.2;.564;.306;.385;6.8;32.2;19.4;20.6;2.1;2.7;14.4;33.1;0.5;1.1;1.6;.136;3.0;2.5;5.5;1.1;
17-18;NOP;C;48;1737;22.6;.583;.340;.456;6.8;30.9;19.2;23.0;2.2;3.5;18.9;31.9;1.5;3.2;4.7;.130;2.5;2.2;4.7;2.9;
18-19;GSW;C;30;771;21.4;.562;.256;.388;6.2;27.0;17.1;20.4;2.5;4.8;14.2;28.1;0.9;1.5;2.4;.151;0.4;2.6;3.0;1.0;
20-21;TOT;C;41;713;16.4;.537;.443;.266;8.0;32.7;20.0;16.3;2.3;3.0;15.8;24.5;1.2;1.2;.079;-1.2;1.6;0.4;0.4;
20-21;HOU;C;25;506;14.9;.511;.552;.281;6.1;35.4;20.1;18.0;2.0;3.2;14.2;23.1;-0.1;0.8;0.7;.062;-1.6;1.5;-0.1;0.2;
20-21;LAC;C;16;207;20.3;.597;.200;.232;12.9;25.9;19.6;12.4;3.1;2.6;19.3;27.7;0.1;0.4;0.5;.119;-0.2;1.9;1.7;0.2;
21-22;TOT;C;48;718;18.2;.567;.377;.386;11.7;29.1;20.6;15.2;2.4;2.7;18.3;28.1;0.3;1.3;1.6;.104;-1.8;0.2;-1.6;0.1;
21-22;MIL;C;17;287;19.0;.572;.407;.322;9.1;26.8;18.1;9.3;2.7;2.7;10.6;22.4;0.5;0.5;1.0;.162;-0.3;0.9;0.6;0.2;
21-22;DEN;C;31;431;17.6;.565;.359;.422;13.4;30.6;22.3;19.1;2.2;2.7;22.0;31.9;-0.2;0.8;0.6;.065;-2.8;-0.2;-3.1;-0.1;
Career;;654;19509;22.0;.539;.130;.444;9.6;28.4;19.0;17.9;2.2;3.1;15.3;31.4;18.0;28.7;46.8;.115;1.6;0.8;2.4;21.6;
Playoffs Advanced
18-19;GSW;C;8;133;11.0;.477;.226;.472;8.0;25.2;16.9;20.7;1.8;4.4;22.9;27.1;-0.2;0.2;-0.1;-0.023;-4.9;1.4;-3.5;-0.1;
20-21;LAC;C;7;58;25.6;.550;.238;.333;12.2;15.7;14.0;17.7;1.8;5.0;9.4;42.7;0.1;0.1;0.1;.115;0.6;-0.3;0.4;
21-22;DEN;C;5;57;32.4;.744;.207;.517;6.3;31.4;18.4;21.6;2.6;1.8;16.4;32.5;0.2;0.3;.211;8.2;3.5;11.8;0.2;
Career;;20;248;19.3;.565;.226;.435;8.6;24.4;16.5;20.2;2.0;4.0;17.3;32.0;0.3;0.3;.063;-0.6;1.5;0.9;0.2;
