DeMar DeRozan;Shooting Guard, Power Forward, and Small Forward;Right;1989-08-07;;6-6;220;Compton in Compton,California;;;;-1;;
Per Game
09-10;TOR;SG;77;65;21.6;3.3;6.6;.498;0.1;0.2;.250;3.3;6.4;.506;.502;1.9;2.5;.763;0.9;2.0;2.9;0.7;0.6;0.2;0.8;2.3;8.6;
10-11;TOR;SG;82;82;34.8;6.6;14.1;.467;0.1;0.6;.096;6.5;13.4;.485;.469;4.0;4.9;.813;0.9;2.9;3.8;1.8;1.0;0.4;1.8;2.6;17.2;
11-12;TOR;SG;63;63;35.0;6.0;14.3;.422;0.4;1.5;.261;5.7;12.9;.440;.435;4.3;5.3;.810;0.6;2.7;3.3;2.0;0.8;0.3;2.0;2.6;16.7;
12-13;TOR;SG;<strong>82</strong>;82;36.7;6.7;15.0;.445;0.4;1.5;.283;6.3;13.5;.463;.459;4.3;5.2;.831;0.6;3.3;3.9;2.5;0.9;0.3;1.8;2.1;18.1;
13-14;TOR;SG;79;79;38.2;7.6;17.8;.429;0.8;2.7;.305;6.8;15.2;.451;.452;6.6;8.0;.824;0.6;3.7;4.3;4.0;1.1;0.4;2.2;2.5;22.7;
14-15;TOR;SG;60;60;35.0;6.8;16.5;.413;0.4;1.5;.284;6.4;15.0;.426;.426;6.0;7.2;.832;0.7;3.9;4.6;3.5;1.2;0.2;2.3;2.0;20.1;
15-16;TOR;SG;78;78;35.9;7.9;17.7;.446;0.6;1.8;.338;7.3;15.9;.458;.463;7.1;8.4;.850;0.8;3.7;4.5;4.0;1.0;0.3;2.2;2.1;23.5;
16-17;TOR;SG;74;74;35.4;9.7;20.9;.467;0.4;1.7;.266;9.3;19.2;.484;.477;7.4;8.7;.842;0.9;4.3;5.2;3.9;1.1;0.2;2.4;1.8;27.3;
17-18;TOR;SG;80;80;33.9;8.1;17.7;.456;1.1;3.6;.310;7.0;14.1;.494;.488;5.8;7.0;.825;0.7;3.2;3.9;5.2;1.1;0.3;2.2;1.9;23.0;
18-19;SAS;SG;77;77;34.9;8.2;17.1;.481;0.1;0.6;.156;8.1;16.5;.492;.483;4.8;5.7;.830;0.7;5.3;6.0;6.2;1.1;0.5;2.6;2.3;21.2;
19-20;SAS;SF;68;68;34.1;8.2;15.4;.531;0.1;0.5;.257;8.1;14.9;.540;.535;5.6;6.6;.845;0.6;4.9;5.5;5.6;1.0;0.3;2.4;2.6;22.1;
20-21;SAS;PF;61;61;33.7;7.5;15.1;.495;0.3;1.2;.257;7.1;13.9;.515;.505;6.3;7.2;.880;0.7;3.6;4.2;6.9;0.9;0.2;2.0;2.1;21.6;
21-22;CHI;PF;76;76;36.1;10.2;20.2;.504;0.7;1.9;.352;9.5;18.3;.520;.521;6.8;7.8;.877;0.7;4.4;5.2;4.9;0.9;0.3;2.4;2.3;27.9;
Career;;957;945;34.3;7.5;16.0;.465;0.4;1.5;.288;7.0;14.6;.483;.478;5.4;6.5;.837;0.7;3.7;4.4;3.9;1.0;0.3;2.1;2.3;20.8;
Playoffs Per Game
13-14;TOR;SG;7;7;40.3;6.4;16.7;.385;0.9;2.6;.333;5.6;14.1;.394;.410;10.1;11.3;.899;0.4;3.7;4.1;3.6;1.1;0.3;2.6;3.3;23.9;
14-15;TOR;SG;4;4;39.8;8.0;20.0;.400;0.8;2.0;.375;7.3;18.0;.403;.419;3.5;4.3;.824;1.3;5.0;6.3;5.8;1.5;2.5;3.0;20.3;
15-16;TOR;SG;20;20;37.3;7.9;19.9;.394;0.2;1.3;.154;7.7;18.6;.411;.399;5.0;6.2;.813;0.7;3.5;4.2;2.7;1.1;0.2;2.3;2.6;20.9;
16-17;TOR;SG;10;10;37.3;7.6;17.5;.434;0.1;1.5;.067;7.5;16.0;.469;.437;7.1;8.0;.888;0.4;4.5;4.9;3.4;1.4;2.5;2.6;22.4;
17-18;TOR;SG;10;10;35.4;8.7;19.9;.437;1.0;3.5;.286;7.7;16.4;.470;.462;4.3;5.3;.811;0.6;3.0;3.6;4.0;0.5;0.6;2.3;2.4;22.7;
18-19;SAS;SG;7;7;35.9;8.3;17.0;.487;0.1;8.3;16.9;.492;.487;5.4;6.3;.864;1.4;5.3;6.7;4.6;1.1;0.1;1.7;2.3;22.0;
21-22;CHI;PF;5;5;40.6;7.8;19.0;.411;1.8;7.8;17.2;.453;.411;5.2;6.0;.867;0.2;5.2;5.4;4.8;1.8;0.4;2.2;2.4;20.8;
Career;;63;63;37.6;7.8;18.8;.418;0.4;1.8;.214;7.5;17.0;.439;.428;5.8;6.8;.852;0.7;4.0;4.7;3.7;1.1;0.2;2.3;2.6;21.8;
Totals
09-10;TOR;SG;77;65;1664;255;512;.498;4;16;.250;251;496;.506;.502;148;194;.763;66;157;223;53;43;18;62;176;662;
10-11;TOR;SG;82;82;2851;539;1154;.467;5;52;.096;534;1102;.485;.469;327;402;.813;75;240;315;148;85;31;144;217;1410;
11-12;TOR;SG;63;63;2206;381;903;.422;24;92;.261;357;811;.440;.435;268;331;.810;40;171;211;128;48;17;123;162;1054;
12-13;TOR;SG;<strong>82</strong>;82;3013;548;1231;.445;34;120;.283;514;1111;.463;.459;355;427;.831;48;272;320;204;76;24;151;173;1485;
13-14;TOR;SG;79;79;3017;604;1407;.429;64;210;.305;540;1197;.451;.452;519;630;.824;51;292;343;313;86;28;176;197;1791;
14-15;TOR;SG;60;60;2100;409;990;.413;25;88;.284;384;902;.426;.426;361;434;.832;41;236;277;210;73;11;137;122;1204;
15-16;TOR;SG;78;78;2804;614;1377;.446;47;139;.338;567;<strong>1238</strong>;.458;.463;555;653;.850;64;285;349;315;81;21;175;167;1830;
16-17;TOR;SG;74;74;2620;721;1545;.467;33;124;.266;688;<strong>1421</strong>;.484;.477;545;647;.842;70;316;386;290;78;13;180;134;2020;
17-18;TOR;SG;80;80;2711;645;1413;.456;89;287;.310;556;1126;.494;.488;461;559;.825;59;256;315;417;85;22;175;151;1840;
18-19;SAS;SG;77;77;2688;631;1313;.481;7;45;.156;624;1268;.492;.483;366;441;.830;54;408;462;475;86;36;199;177;1635;
19-20;SAS;SF;68;68;2316;557;1049;.531;9;35;.257;548;1014;.540;.535;381;451;.845;44;331;375;380;70;20;164;180;1504;
20-21;SAS;PF;61;61;2056;455;920;.495;19;74;.257;436;846;.515;.505;387;440;.880;40;219;259;422;56;15;119;128;1316;
21-22;CHI;PF;76;76;2743;<strong>774</strong>;1535;.504;50;142;.352;<strong>724</strong>;<strong>1393</strong>;.520;.521;520;593;.877;56;336;392;374;68;24;181;178;2118;
Career;;957;945;32789;7133;15349;.465;410;1424;.288;6723;13925;.483;.478;5193;6202;.837;708;3519;4227;3729;935;280;1986;2162;19869;
Playoffs Totals
13-14;TOR;SG;7;7;282;45;117;.385;6;18;.333;39;99;.394;.410;71;79;.899;3;26;29;25;8;2;18;23;167;
14-15;TOR;SG;4;4;159;32;80;.400;3;8;.375;29;72;.403;.419;14;17;.824;5;20;25;23;6;10;12;81;
15-16;TOR;SG;20;20;746;157;398;.394;4;26;.154;153;<strong>372</strong>;.411;.399;100;123;.813;13;70;83;54;22;3;45;52;418;
16-17;TOR;SG;10;10;373;76;175;.434;1;15;.067;75;160;.469;.437;71;80;.888;4;45;49;34;14;25;26;224;
17-18;TOR;SG;10;10;354;87;199;.437;10;35;.286;77;164;.470;.462;43;53;.811;6;30;36;40;5;6;23;24;227;
18-19;SAS;SG;7;7;251;58;119;.487;1;58;118;.492;.487;38;44;.864;10;37;47;32;8;1;12;16;154;
21-22;CHI;PF;5;5;203;39;95;.411;9;39;86;.453;.411;26;30;.867;1;26;27;24;9;2;11;12;104;
Career;;63;63;2368;494;1183;.418;24;112;.214;470;1071;.439;.428;363;426;.852;42;254;296;232;72;14;144;165;1375;
Advanced
09-10;TOR;SG;77;1664;12.5;.554;.031;.379;4.8;10.9;7.9;4.9;1.3;0.8;9.4;18.1;2.0;0.3;2.3;.066;-1.5;-1.3;-2.8;-0.3;
10-11;TOR;SG;82;2851;14.5;.530;.045;.348;3.0;10.2;6.5;8.6;1.5;0.8;9.8;23.2;2.8;0.5;3.2;.055;-0.9;-1.5;-2.5;-0.3;
11-12;TOR;SG;63;2206;12.8;.503;.102;.367;2.1;9.0;5.6;10.8;1.2;0.6;10.5;25.0;1.1;1.4;2.5;.054;-1.4;-1.3;-2.7;-0.4;
12-13;TOR;SG;<strong>82</strong>;3013;14.7;.523;.097;.347;1.9;10.9;6.3;12.0;1.3;0.6;9.6;24.2;3.1;1.6;4.7;.075;-0.2;-1.2;-1.4;0.4;
13-14;TOR;SG;79;3017;18.4;.532;.149;.448;2.0;11.3;6.6;18.9;1.5;0.7;9.5;28.0;5.8;3.0;8.8;.141;1.9;-0.3;1.7;2.8;
14-15;TOR;SG;60;2100;17.4;.510;.089;.438;2.3;12.9;7.6;17.0;1.8;0.4;10.4;28.4;2.6;1.4;4.0;.090;0.5;-1.4;-0.9;0.6;
15-16;TOR;SG;78;2804;21.5;.550;.101;.474;2.7;11.5;7.1;20.8;1.5;0.6;9.5;29.8;7.5;2.4;9.9;.169;3.2;-0.7;2.5;3.2;
16-17;TOR;SG;74;2620;24.0;.552;.080;.419;3.0;13.6;8.3;20.6;1.5;0.4;9.0;34.3;6.7;2.4;9.0;.166;4.1;-1.0;3.0;3.3;
17-18;TOR;SG;80;2711;21.0;.555;.203;.396;2.5;10.4;6.5;25.0;1.5;0.6;9.5;29.6;6.8;2.8;9.6;.170;3.3;-0.6;2.8;3.2;
18-19;SAS;SG;77;2688;19.6;.542;.034;.336;2.2;16.4;9.4;27.6;1.6;1.1;11.7;27.9;3.6;2.6;6.3;.112;1.0;0.1;1.1;2.2;
19-20;SAS;SF;68;2316;21.6;.603;.033;.430;2.0;15.4;8.7;26.1;1.4;0.8;11.6;26.3;5.9;1.3;7.3;.151;2.3;-0.4;1.9;2.3;
20-21;SAS;PF;61;2056;22.0;.591;.080;.478;2.0;11.6;6.7;32.0;1.3;0.6;9.7;26.1;5.9;1.5;7.4;.172;3.2;-0.1;3.1;2.6;
21-22;CHI;PF;76;2743;23.1;.590;.093;.386;2.3;13.7;8.0;23.3;1.2;0.8;9.2;31.8;7.0;1.8;8.8;.154;3.4;-0.9;2.5;3.1;
Career;;957;32789;18.9;.550;.093;.404;2.5;12.2;7.3;19.2;1.4;0.7;9.9;27.4;60.8;22.9;83.7;.123;1.5;-0.8;0.7;22.6;
Playoffs Advanced
13-14;TOR;SG;7;282;18.2;.550;.154;.675;1.3;10.8;6.3;17.0;1.5;0.6;10.6;28.3;0.6;0.2;0.8;.136;2.3;-0.2;2.1;0.3;
14-15;TOR;SG;4;159;15.7;.463;.100;.213;3.4;15.2;8.9;26.5;1.9;10.3;27.5;-0.007;1.6;-0.8;0.8;0.1;
15-16;TOR;SG;20;746;14.2;.462;.065;.309;2.0;12.0;6.7;14.7;1.6;0.4;9.1;30.9;-0.4;0.5;0.1;.009;0.2;-1.5;-1.3;0.1;
16-17;TOR;SG;10;373;16.6;.533;.086;.457;1.3;14.5;8.0;17.1;1.9;10.6;29.6;0.1;0.4;0.5;.062;0.7;-0.5;0.2;0.2;
17-18;TOR;SG;10;354;16.3;.511;.176;.266;2.0;10.6;6.2;20.3;0.7;1.3;9.4;31.5;0.2;-0.1;0.2;.023;0.6;-2.5;-1.8;
18-19;SAS;SG;7;251;23.2;.557;.008;.370;4.3;15.8;10.1;21.6;1.7;0.3;8.0;27.7;0.6;0.1;0.8;.149;3.0;0.8;3.8;0.4;
21-22;CHI;PF;5;203;13.0;.481;.095;.316;0.5;14.0;6.7;20.9;2.1;1.0;9.2;25.7;-0.2;0.3;0.1;.018;-1.3;0.5;-0.8;0.1;
Career;;63;2368;16.3;.502;.095;.360;2.0;12.8;7.3;18.3;1.6;0.5;9.5;29.5;1.0;1.5;2.4;.049;0.9;-0.9;1.2;
