DeMarre Carroll;Small Forward, Power Forward, and Center;Right;1986-07-27;;6-6;215;John Carroll in Birmingham,Alabama;;;;-1;;
Per Game
09-10;MEM;SF;71;1;11.2;1.2;3.1;.396;0.1;1.2;3.0;.407;.396;0.5;0.7;.623;0.7;1.4;2.1;0.5;0.4;0.1;0.3;1.5;2.9;
10-11;TOT;PF;12;4.2;0.3;1.0;.333;0.3;1.0;.333;.333;0.2;0.2;1.000;0.2;0.5;0.7;0.3;0.1;0.1;0.4;0.8;
10-11;MEM;PF;7;5.6;0.6;1.3;.444;0.6;1.3;.444;.444;0.3;0.3;1.000;0.3;0.9;1.1;0.3;0.1;0.1;0.7;1.4;
10-11;HOU;PF;5;2.2;0.6;0.6;0.4;
11-12;TOT;PF,SF;24;9;14.5;1.8;4.4;.410;0.3;0.8;.368;1.5;3.6;.419;.443;0.6;0.7;.875;1.2;1.0;2.2;0.8;0.5;0.5;1.5;4.5;
11-12;DEN;PF;4;5.3;1.5;1.5;1.000;1.5;1.5;1.000;1.000;0.8;0.8;0.8;0.5;0.3;3.0;
11-12;UTA;SF;20;9;16.4;1.9;5.0;.374;0.4;1.0;.368;1.5;4.0;.375;.409;0.7;0.8;.875;1.4;1.1;2.5;0.8;0.6;0.1;0.5;1.8;4.8;
12-13;UTA;SF;66;12;16.8;2.3;4.9;.460;0.3;1.1;.286;2.0;3.8;.508;.491;1.1;1.5;.765;1.3;1.5;2.8;0.9;0.9;0.4;0.5;1.8;6.0;
13-14;ATL;SF;73;73;32.1;4.1;8.8;.470;1.3;3.7;.362;2.8;5.1;.548;.546;1.5;1.9;.773;1.5;4.1;5.5;1.8;1.5;0.3;1.1;2.6;11.1;
14-15;ATL;SF;70;69;31.3;4.5;9.3;.487;1.7;4.3;.395;2.8;5.0;.567;.579;1.8;2.6;.702;1.4;3.9;5.3;1.7;1.3;0.2;1.1;2.2;12.6;
15-16;TOR;SF;26;22;30.2;4.0;10.4;.389;1.8;4.5;.390;2.3;5.8;.388;.474;1.2;1.9;.600;1.2;3.5;4.7;1.0;1.7;0.2;1.1;2.4;11.0;
16-17;TOR;SF;72;72;26.1;3.1;7.6;.400;1.5;4.4;.341;1.5;3.2;.483;.499;1.2;1.6;.761;0.9;2.9;3.8;1.0;1.1;0.4;0.8;2.0;8.9;
17-18;BRK;PF;73;73;29.9;4.5;10.8;.414;2.0;5.4;.371;2.5;5.4;.457;.506;2.6;3.4;.764;1.4;5.1;6.6;2.0;0.8;0.4;1.4;2.3;13.5;
18-19;BRK;PF;67;8;25.4;3.4;8.6;.395;1.6;4.6;.342;1.8;4.0;.457;.487;2.7;3.6;.760;1.0;4.2;5.2;1.3;0.5;0.1;1.1;1.7;11.1;
19-20;TOT;C,SF;24;12.1;1.0;2.8;.379;0.3;1.4;.242;0.7;1.4;.515;.439;1.2;1.8;.690;0.5;1.8;2.3;1.0;0.3;0.2;0.7;1.3;3.6;
19-20;SAS;SF;15;9.0;0.6;1.9;.310;0.2;0.9;.231;0.4;1.1;.375;.362;0.8;1.3;.600;0.5;1.6;2.1;0.7;0.1;0.1;0.7;1.3;2.2;
19-20;HOU;C;9;17.2;1.8;4.1;.432;0.6;2.2;.250;1.2;1.9;.647;.500;1.9;2.4;.773;0.6;2.1;2.7;1.6;0.7;0.3;0.8;1.3;6.0;
Career;;578;339;23.7;3.1;7.3;.430;1.1;3.2;.358;2.0;4.1;.485;.508;1.5;2.1;.741;1.1;3.1;4.2;1.3;0.9;0.3;0.9;1.9;8.9;
Playoffs Per Game
11-12;UTA;SF;4;18.3;2.3;4.8;.474;0.3;1.3;.200;2.0;3.5;.571;.500;1.8;2.0;3.8;0.8;0.5;0.3;0.8;2.3;4.8;
13-14;ATL;SF;7;7;35.1;3.3;7.0;.469;1.3;3.1;.409;2.0;3.9;.519;.561;1.0;1.6;.636;1.7;3.1;4.9;1.6;0.7;0.4;1.1;3.0;8.9;
14-15;ATL;SF;16;16;34.9;5.4;11.1;.486;1.8;4.5;.403;3.6;6.6;.543;.568;2.0;2.6;.780;1.6;4.4;6.1;2.0;1.1;0.3;0.9;2.3;14.6;
15-16;TOR;SF;20;19;29.8;3.1;8.0;.390;1.3;4.0;.329;1.8;4.0;.450;.472;1.4;1.8;.750;1.2;2.9;4.1;0.9;0.9;0.4;0.9;3.1;8.9;
16-17;TOR;SF;10;7;15.5;1.5;3.7;.405;0.7;2.2;.318;0.8;1.5;.533;.500;0.5;0.9;.556;0.4;2.3;2.7;0.5;0.8;0.5;0.5;1.3;4.2;
18-19;BRK;PF;5;3;23.8;1.8;7.6;.237;1.4;4.8;.292;0.4;2.8;.143;.329;1.6;1.6;1.000;1.2;2.8;4.0;0.4;0.8;0.6;1.6;6.6;
19-20;HOU;C;2;3.0;0.5;1.0;.500;0.5;1.0;.500;.500;1.5;1.5;0.5;0.5;1.0;
Career;;64;52;27.4;3.2;7.5;.426;1.2;3.5;.353;2.0;4.0;.490;.508;1.2;1.6;.752;1.2;3.1;4.3;1.1;0.9;0.3;0.8;2.3;8.9;
Totals
09-10;MEM;SF;71;1;795;88;222;.396;6;88;216;.407;.396;33;53;.623;53;97;150;33;28;9;24;107;209;
10-11;TOT;PF;12;50;4;12;.333;4;12;.333;.333;2;2;1.000;2;6;8;4;1;1;5;10;
10-11;MEM;PF;7;39;4;9;.444;4;9;.444;.444;2;2;1.000;2;6;8;2;1;1;5;10;
10-11;HOU;PF;5;11;3;3;2;
11-12;TOT;PF,SF;24;9;348;43;105;.410;7;19;.368;36;86;.419;.443;14;16;.875;28;25;53;18;12;1;11;37;107;
11-12;DEN;PF;4;21;6;6;1.000;6;6;1.000;1.000;3;3;3;2;1;12;
11-12;UTA;SF;20;9;327;37;99;.374;7;19;.368;30;80;.375;.409;14;16;.875;28;22;50;15;12;1;9;36;95;
12-13;UTA;SF;66;12;1111;149;324;.460;20;70;.286;129;254;.508;.491;75;98;.765;87;101;188;61;58;24;34;119;393;
13-14;ATL;SF;73;73;2341;302;642;.470;97;268;.362;205;374;.548;.546;109;141;.773;107;296;403;134;108;21;79;188;810;
14-15;ATL;SF;70;69;2189;318;653;.487;120;304;.395;198;349;.567;.579;127;181;.702;99;273;372;118;94;17;75;154;883;
15-16;TOR;SF;26;22;786;105;270;.389;46;118;.390;59;152;.388;.474;30;50;.600;31;91;122;27;44;6;28;63;286;
16-17;TOR;SF;72;72;1882;220;550;.400;109;320;.341;111;230;.483;.499;89;117;.761;63;212;275;74;81;27;54;143;638;
17-18;BRK;PF;73;73;2180;325;785;.414;145;391;.371;180;394;.457;.506;188;246;.764;105;374;479;147;59;30;103;165;983;
18-19;BRK;PF;67;8;1703;227;575;.395;106;310;.342;121;265;.457;.487;184;242;.760;68;281;349;85;31;10;73;114;744;
19-20;TOT;C,SF;24;290;25;66;.379;8;33;.242;17;33;.515;.439;29;42;.690;12;43;55;25;8;5;17;32;87;
19-20;SAS;SF;15;135;9;29;.310;3;13;.231;6;16;.375;.362;12;20;.600;7;24;31;11;2;2;10;20;33;
19-20;HOU;C;9;155;16;37;.432;5;20;.250;11;17;.647;.500;17;22;.773;5;19;24;14;6;3;7;12;54;
Career;;578;339;13675;1806;4204;.430;658;1839;.358;1148;2365;.485;.508;880;1188;.741;655;1799;2454;726;524;151;498;1127;5150;
Playoffs Totals
11-12;UTA;SF;4;73;9;19;.474;1;5;.200;8;14;.571;.500;7;8;15;3;2;1;3;9;19;
13-14;ATL;SF;7;7;246;23;49;.469;9;22;.409;14;27;.519;.561;7;11;.636;12;22;34;11;5;3;8;21;62;
14-15;ATL;SF;16;16;558;86;177;.486;29;72;.403;57;105;.543;.568;32;41;.780;26;71;97;32;18;5;15;36;233;
15-16;TOR;SF;20;19;596;62;159;.390;26;79;.329;36;80;.450;.472;27;36;.750;23;58;81;17;18;7;18;62;177;
16-17;TOR;SF;10;7;155;15;37;.405;7;22;.318;8;15;.533;.500;5;9;.556;4;23;27;5;8;5;5;13;42;
18-19;BRK;PF;5;3;119;9;38;.237;7;24;.292;2;14;.143;.329;8;8;1.000;6;14;20;2;4;3;8;33;
19-20;HOU;C;2;6;1;2;.500;1;2;.500;.500;3;3;1;1;2;
Career;;64;52;1753;205;481;.426;79;224;.353;126;257;.490;.508;79;105;.752;78;199;277;71;55;21;52;150;568;
Advanced
09-10;MEM;SF;71;795;8.5;.426;.027;.239;7.8;14.3;11.0;5.9;1.8;0.9;8.9;14.8;-0.1;0.6;0.5;.031;-3.8;-0.4;-4.2;-0.4;
10-11;TOT;PF;12;50;8.7;.388;.167;4.7;14.5;9.6;10.7;1.0;1.6;11.6;0.1;.066;-2.9;-0.5;-3.5;
10-11;MEM;PF;7;39;12.4;.506;.222;6.1;18.6;12.3;7.3;1.3;2.1;11.4;0.1;0.1;.145;-1.5;0.1;-1.4;
10-11;HOU;PF;5;11;-4.5;22.8;12.0;-0.214;-8.0;-2.8;-10.8;
11-12;TOT;PF,SF;24;348;11.1;.478;.181;.152;9.1;8.3;8.8;8.1;1.8;0.2;8.9;15.9;0.3;0.2;0.5;.069;-1.4;-0.6;-1.9;
11-12;DEN;PF;4;21;25.2;1.000;16.2;8.3;27.7;25.0;17.0;0.1;0.1;.211;6.7;2.6;9.3;0.1;
11-12;UTA;SF;20;327;10.1;.448;.192;.162;9.7;7.8;8.8;6.9;1.9;0.2;7.8;15.8;0.2;0.2;0.4;.060;-1.9;-0.8;-2.6;-0.1;
12-13;UTA;SF;66;1111;15.5;.535;.216;.302;9.1;10.8;9.9;8.7;2.8;1.7;8.5;16.4;2.0;1.1;3.1;.134;0.4;0.9;1.3;0.9;
13-14;ATL;SF;73;2341;13.9;.575;.417;.220;5.3;14.5;10.0;8.9;2.3;0.7;10.1;15.2;3.2;2.6;5.8;.119;-0.1;0.7;0.7;1.6;
14-15;ATL;SF;70;2189;15.9;.603;.466;.277;5.3;13.8;9.7;8.3;2.2;0.7;9.3;16.9;4.3;2.8;7.0;.154;1.2;0.4;1.7;2.0;
15-16;TOR;SF;26;786;11.9;.490;.437;.185;4.6;13.1;8.9;5.5;2.9;0.6;8.8;18.5;0.2;1.0;1.2;.074;-0.8;1.1;0.3;0.5;
16-17;TOR;SF;72;1882;11.9;.530;.582;.213;3.8;12.7;8.3;5.7;2.2;1.2;8.2;15.6;1.7;2.1;3.8;.097;-0.4;0.4;1.0;
17-18;BRK;PF;73;2180;14.3;.550;.498;.313;5.1;18.4;11.7;10.5;1.3;1.0;10.3;19.8;2.3;1.8;4.1;.091;0.5;-0.4;0.2;1.2;
18-19;BRK;PF;67;1703;12.1;.546;.539;.421;4.2;17.3;10.8;7.2;0.9;0.5;9.7;18.6;1.5;1.6;3.1;.088;-0.9;-0.6;-1.5;0.2;
19-20;TOT;C,SF;24;290;9.1;.515;.500;.636;4.4;15.8;10.1;11.2;1.3;1.5;16.8;14.8;0.2;0.3;.045;-3.1;-0.7;-3.9;-0.1;
19-20;SAS;SF;15;135;4.9;.437;.448;.690;5.6;19.2;12.4;10.1;0.7;1.3;20.9;15.3;-0.2;0.1;-0.1;-0.036;-5.9;-1.1;-7.0;-0.2;
19-20;HOU;C;9;155;12.8;.578;.541;.595;3.3;13.0;8.1;12.2;1.8;1.7;13.0;14.3;0.2;0.2;0.4;.114;-0.7;-0.4;-1.1;
Career;;578;13675;13.3;.545;.437;.283;5.4;14.6;10.0;8.1;1.9;0.9;9.5;16.9;15.5;14.1;29.5;.104;-0.2;0.2;6.7;
Playoffs Advanced
11-12;UTA;SF;4;73;11.0;.500;.263;9.2;13.1;10.9;7.4;1.4;1.1;13.6;13.1;.025;-1.5;0.9;-0.7;
13-14;ATL;SF;7;246;10.0;.576;.449;.224;5.2;10.8;7.9;8.3;1.1;1.1;12.9;11.7;0.2;0.3;0.5;.107;-0.4;0.1;-0.3;0.1;
14-15;ATL;SF;16;558;16.8;.597;.407;.232;5.0;13.6;9.3;9.5;1.7;0.7;7.1;17.1;1.2;0.6;1.8;.157;2.1;0.6;2.7;0.7;
15-16;TOR;SF;20;596;9.9;.506;.497;.226;4.4;12.4;8.1;4.8;1.6;1.0;9.3;15.0;0.3;0.5;0.8;.062;-1.1;0.6;-0.6;0.2;
16-17;TOR;SF;10;155;10.4;.513;.595;.243;3.2;17.8;10.5;5.1;2.7;2.9;10.9;13.9;-0.1;0.2;0.2;.060;-1.3;2.2;0.9;0.1;
18-19;BRK;PF;5;119;5.4;.397;.632;.211;4.8;13.1;8.6;2.3;1.5;6.7;15.2;-0.1;-0.1;-0.047;-3.4;-2.0;-5.4;-0.1;
19-20;HOU;C;2;6;14.9;.500;58.7;27.9;27.5;14.9;.170;-3.6;4.5;0.9;
Career;;64;1753;11.9;.539;.466;.218;4.8;13.3;8.9;6.8;1.6;1.0;9.0;15.0;1.7;1.6;3.3;.090;-0.2;0.5;0.3;1.0;
