Dennis Schröder;Point Guard and Shooting Guard;Right;1993-09-15;;6-3;172;;;;;-1;;
Per Game
13-14;ATL;PG;49;13.1;1.5;3.8;.383;0.2;0.9;.238;1.3;3.0;.425;.410;0.6;0.9;.674;0.1;1.1;1.2;1.9;0.3;1.2;1.1;3.7;
14-15;ATL;PG;77;10;19.7;3.7;8.6;.427;0.7;1.9;.351;3.0;6.7;.449;.466;1.9;2.3;.827;0.4;1.8;2.1;4.1;0.6;0.1;1.9;1.6;10.0;
15-16;ATL;PG;80;6;20.3;4.1;9.8;.421;1.0;3.0;.322;3.2;6.8;.465;.471;1.8;2.3;.791;0.3;2.2;2.6;4.4;0.9;0.1;2.3;1.7;11.0;
16-17;ATL;PG;79;78;31.5;6.9;15.4;.451;1.3;3.7;.340;5.7;11.6;.487;.493;2.8;3.2;.855;0.5;2.6;3.1;6.3;0.9;0.2;3.3;1.9;17.9;
17-18;ATL;PG;67;67;31.0;7.5;17.1;.436;1.1;3.9;.290;6.3;13.2;.480;.469;3.4;4.0;.849;0.7;2.4;3.1;6.2;1.1;0.1;2.7;2.2;19.4;
18-19;OKC;PG;79;14;29.3;5.8;14.0;.414;1.6;4.6;.341;4.2;9.4;.450;.470;2.4;2.9;.819;0.5;3.1;3.6;4.1;0.8;0.2;2.2;2.4;15.5;
19-20;OKC;PG;65;2;30.8;7.0;14.8;.469;1.9;5.0;.385;5.0;9.8;.513;.534;3.0;3.6;.839;0.3;3.3;3.6;4.0;0.7;0.2;2.6;2.2;18.9;
20-21;LAL;SG;61;61;32.1;5.4;12.5;.437;1.2;3.5;.335;4.3;9.0;.476;.484;3.4;4.0;.848;0.5;3.0;3.5;5.8;1.1;0.2;2.7;2.6;15.4;
21-22;TOT;PG,SG;64;29;28.7;4.9;11.3;.431;1.3;3.9;.344;3.5;7.4;.477;.490;2.5;2.9;.853;0.5;2.8;3.3;4.6;0.8;0.1;2.2;2.4;13.5;
21-22;BOS;SG;49;25;29.2;5.2;11.9;.440;1.4;3.9;.349;3.9;8.0;.485;.497;2.5;3.0;.848;0.6;2.8;3.3;4.2;0.8;0.1;2.1;2.4;14.4;
21-22;HOU;PG;15;4;26.9;3.7;9.3;.393;1.3;3.9;.328;2.4;5.5;.439;.461;2.3;2.6;.872;0.4;2.9;3.3;5.9;0.8;0.2;2.6;2.5;10.9;
Career;;621;267;26.5;5.3;12.2;.436;1.2;3.4;.338;4.1;8.7;.474;.483;2.4;2.9;.833;0.4;2.5;2.9;4.7;0.8;0.1;2.4;2.0;14.2;
Playoffs Per Game
13-14;ATL;PG;2;3.5;1.0;1.0;1.000;0.5;0.5;1.000;0.5;0.5;1.000;1.250;1.0;1.0;0.5;2.5;
14-15;ATL;PG;16;18.1;3.5;9.1;.386;0.5;2.1;.235;3.0;6.9;.432;.414;1.5;1.8;.857;0.3;1.5;1.8;3.9;0.6;1.7;1.8;9.0;
15-16;ATL;PG;10;19.1;4.7;10.4;.452;1.2;3.5;.343;3.5;6.9;.507;.510;1.1;1.3;.846;0.6;1.3;1.9;3.6;0.4;0.1;2.1;2.4;11.7;
16-17;ATL;PG;6;6;35.2;8.3;18.3;.455;2.8;6.7;.425;5.5;11.7;.471;.532;5.2;6.2;.838;0.7;1.7;2.3;7.7;1.0;1.7;3.2;24.7;
18-19;OKC;PG;5;30.2;5.0;11.0;.455;1.2;4.0;.300;3.8;7.0;.543;.509;2.6;3.6;.722;0.4;2.8;3.2;3.4;0.8;1.2;2.2;13.8;
19-20;OKC;PG;7;32.4;6.3;15.6;.404;1.9;6.4;.289;4.4;9.1;.484;.463;2.9;3.6;.800;0.3;3.4;3.7;3.6;0.6;0.1;2.4;2.1;17.3;
20-21;LAL;SG;6;6;32.7;4.7;11.7;.400;1.3;4.3;.308;3.3;7.3;.455;.457;3.7;4.3;.846;0.2;2.8;3.0;2.8;1.0;0.2;1.7;2.2;14.3;
Career;;52;12;24.5;4.8;11.4;.424;1.3;3.9;.323;3.6;7.6;.475;.478;2.3;2.8;.823;0.4;2.0;2.4;3.9;0.6;0.1;1.8;2.1;13.3;
Totals
13-14;ATL;PG;49;641;72;188;.383;10;42;.238;62;146;.425;.410;29;43;.674;5;55;60;93;17;61;54;183;
14-15;ATL;PG;77;10;1516;284;665;.427;52;148;.351;232;517;.449;.466;148;179;.827;29;135;164;317;49;4;150;127;768;
15-16;ATL;PG;80;6;1621;329;781;.421;77;239;.322;252;542;.465;.471;144;182;.791;25;179;204;349;70;9;183;138;879;
16-17;ATL;PG;79;78;2485;548;1214;.451;100;294;.340;448;920;.487;.493;218;255;.855;42;206;248;499;74;16;258;149;1414;
17-18;ATL;PG;67;67;2078;500;1146;.436;76;262;.290;424;884;.480;.469;225;265;.849;44;164;208;417;72;6;183;147;1301;
18-19;OKC;PG;79;14;2314;457;1104;.414;124;364;.341;333;740;.450;.470;186;227;.819;38;246;284;323;65;12;172;189;1224;
19-20;OKC;PG;65;2;1999;453;965;.469;125;325;.385;328;640;.513;.534;198;236;.839;19;217;236;262;45;14;166;146;1229;
20-21;LAL;SG;61;61;1956;332;760;.437;71;212;.335;261;548;.476;.484;206;243;.848;30;181;211;351;70;13;163;159;941;
21-22;TOT;PG,SG;64;29;1837;312;724;.431;86;250;.344;226;474;.477;.490;157;184;.853;34;180;214;296;53;8;143;154;867;
21-22;BOS;SG;49;25;1433;257;584;.440;67;192;.349;190;392;.485;.497;123;145;.848;28;136;164;208;41;5;104;116;704;
21-22;HOU;PG;15;4;404;55;140;.393;19;58;.328;36;82;.439;.461;34;39;.872;6;44;50;88;12;3;39;38;163;
Career;;621;267;16447;3287;7547;.436;721;2136;.338;2566;5411;.474;.483;1511;1814;.833;266;1563;1829;2907;515;82;1479;1263;8806;
Playoffs Totals
13-14;ATL;PG;2;7;2;2;1.000;1;1;1.000;1;1;1.000;1.250;2;2;1;5;
14-15;ATL;PG;16;290;56;145;.386;8;34;.235;48;111;.432;.414;24;28;.857;5;24;29;62;9;27;28;144;
15-16;ATL;PG;10;191;47;104;.452;12;35;.343;35;69;.507;.510;11;13;.846;6;13;19;36;4;1;21;24;117;
16-17;ATL;PG;6;6;211;50;110;.455;17;40;.425;33;70;.471;.532;31;37;.838;4;10;14;46;6;10;19;148;
18-19;OKC;PG;5;151;25;55;.455;6;20;.300;19;35;.543;.509;13;18;.722;2;14;16;17;4;6;11;69;
19-20;OKC;PG;7;227;44;109;.404;13;45;.289;31;64;.484;.463;20;25;.800;2;24;26;25;4;1;17;15;121;
20-21;LAL;SG;6;6;196;28;70;.400;8;26;.308;20;44;.455;.457;22;26;.846;1;17;18;17;6;1;10;13;86;
Career;;52;12;1273;252;595;.424;65;201;.323;187;394;.475;.478;121;147;.823;20;104;124;203;33;3;91;111;690;
Advanced
13-14;ATL;PG;49;641;5.8;.442;.223;.229;0.9;9.9;5.4;22.0;1.3;22.8;19.0;-1.1;0.4;-0.7;-0.054;-5.7;-1.6;-7.3;-0.9;
14-15;ATL;PG;77;1516;15.7;.516;.223;.269;2.3;9.9;6.2;34.6;1.7;0.2;16.8;27.0;1.1;1.4;2.5;.080;-0.1;-1.2;-1.3;0.2;
15-16;ATL;PG;80;1621;15.5;.510;.306;.233;1.7;11.8;6.9;36.1;2.1;0.4;17.5;28.8;-0.2;2.3;2.2;.064;-0.3;-0.4;-0.8;0.5;
16-17;ATL;PG;79;2485;16.1;.533;.242;.210;1.9;9.0;5.5;35.5;1.5;0.6;16.3;27.8;1.2;2.5;3.7;.071;1.1;-1.0;1.3;
17-18;ATL;PG;67;2078;17.3;.515;.229;.231;2.4;8.8;5.6;36.2;1.7;0.2;12.7;30.4;1.5;1.0;2.6;.059;1.2;-1.9;-0.6;0.7;
18-19;OKC;PG;79;2314;12.7;.508;.330;.206;1.6;11.3;6.3;20.4;1.3;0.4;12.5;24.2;0.4;2.4;2.9;.060;-1.3;-0.7;-2.0;
19-20;OKC;PG;65;1999;16.7;.575;.337;.245;1.1;11.6;6.5;21.9;1.1;0.6;13.4;27.2;1.9;1.8;3.6;.087;1.1;-1.1;-0.1;1.0;
20-21;LAL;SG;61;1956;13.8;.543;.279;.320;1.7;10.3;6.1;26.9;1.7;0.6;15.8;22.9;1.0;2.7;3.8;.093;-1.3;0.1;-1.2;0.4;
21-22;TOT;PG,SG;64;1837;13.0;.539;.345;.254;2.0;10.5;6.3;24.2;1.4;0.4;15.1;22.6;1.0;1.9;2.9;.076;-1.5;-0.4;-1.9;
21-22;BOS;SG;49;1433;13.5;.543;.329;.248;2.2;10.0;6.2;22.0;1.4;0.3;13.8;23.1;1.0;1.8;2.8;.092;-1.2;-1.2;0.3;
21-22;HOU;PG;15;404;11.5;.519;.414;.279;1.6;12.0;6.8;32.0;1.4;0.7;19.9;20.6;0.1;0.1;0.2;.020;-2.5;-1.9;-4.4;-0.2;
Career;;621;16447;14.7;.528;.283;.240;1.8;10.3;6.1;29.0;1.5;0.4;15.1;26.1;6.9;16.5;23.4;.068;-0.3;-0.9;-1.2;3.4;
Playoffs Advanced
13-14;ATL;PG;2;7;34.3;1.250;.500;34.7;16.3;13.3;.314;12.1;6.1;18.1;
14-15;ATL;PG;16;290;13.4;.458;.234;.193;1.8;8.9;5.4;37.8;1.6;14.6;28.9;-0.2;0.2;0.1;.009;-1.0;-1.3;-2.3;
15-16;ATL;PG;10;191;16.1;.533;.337;.125;3.5;7.0;5.3;37.1;1.1;0.5;16.1;30.7;0.1;0.1;0.2;.050;1.5;-1.3;0.2;0.1;
16-17;ATL;PG;6;211;22.6;.586;.364;.336;2.1;5.3;3.7;40.1;1.4;7.3;27.4;0.8;0.2;1.0;.226;6.7;1.0;7.7;0.5;
18-19;OKC;PG;5;151;13.8;.548;.364;.327;1.4;10.2;5.7;18.1;1.3;8.7;19.5;0.2;0.1;0.3;.082;-0.2;0.6;0.4;0.1;
19-20;OKC;PG;7;227;11.6;.504;.413;.229;1.0;10.7;6.0;19.7;0.8;0.5;12.4;26.0;-0.1;0.2;0.1;.019;-0.4;-0.9;-1.3;
20-21;LAL;SG;6;196;11.1;.528;.371;.371;0.6;10.2;5.2;15.2;1.6;0.5;10.9;20.8;0.2;0.2;.056;-1.6;0.7;-0.9;0.1;
Career;;52;1273;14.8;.523;.338;.247;1.7;8.8;5.3;28.8;1.3;0.2;12.1;26.0;0.8;1.1;1.9;.071;0.8;-0.3;0.6;0.8;
