Deron Williams;Point Guard;Right;1984-06-26;;6-3;200;The Colony in The Colony,Texas;;;;-1;;
Per Game
05-06;UTA;PG;80;47;28.8;4.2;10.1;.421;1.1;2.7;.416;3.1;7.3;.423;.478;1.2;1.7;.704;0.4;2.0;2.4;4.5;0.8;0.2;1.8;2.9;10.8;
06-07;UTA;PG;80;80;36.9;6.2;13.5;.456;1.0;3.2;.322;5.2;10.4;.498;.494;2.8;3.7;.767;0.5;2.8;3.3;9.3;1.0;0.2;3.1;3.2;16.2;
07-08;UTA;PG;<strong>82</strong>;82;37.3;6.9;13.6;.507;1.0;2.6;.395;5.9;11.1;.533;.544;4.0;5.0;.803;0.4;2.5;3.0;10.5;1.1;0.3;3.4;2.4;18.8;
08-09;UTA;PG;68;68;36.8;6.8;14.5;.471;1.0;3.3;.310;5.8;11.1;.518;.506;4.8;5.6;.849;0.4;2.5;2.9;10.7;1.1;0.3;3.4;2.0;19.4;
09-10;UTA;PG;76;76;36.9;6.5;13.9;.469;1.3;3.4;.371;5.2;10.4;.501;.515;4.4;5.5;.801;0.7;3.3;4.0;10.5;1.3;0.2;3.3;2.7;18.7;
10-11;TOT;PG;65;65;37.9;6.6;15.0;.439;1.6;4.9;.331;5.0;10.1;.491;.493;5.4;6.3;.845;0.6;3.4;4.0;10.3;1.2;0.2;3.5;2.9;20.1;
10-11;UTA;PG;53;53;37.9;7.0;15.2;.458;1.7;4.9;.345;5.3;10.3;.511;.513;5.7;6.7;.853;0.6;3.3;3.9;9.7;1.2;0.2;3.5;2.9;21.3;
10-11;NJN;PG;12;12;38.0;4.9;14.1;.349;1.3;4.9;.271;3.6;9.2;.391;.396;3.8;4.8;.793;0.7;3.9;4.6;12.8;1.3;0.3;3.6;3.2;15.0;
11-12;NJN;PG;55;55;36.3;7.1;17.5;.407;2.1;6.2;.336;5.0;11.3;.446;.467;4.7;5.5;.843;0.4;2.9;3.3;8.7;1.2;0.4;4.0;2.2;21.0;
12-13;BRK;PG;78;78;36.4;6.3;14.4;.440;2.2;5.7;.378;4.2;8.7;.482;.516;4.1;4.7;.859;0.4;2.6;3.0;7.7;1.0;0.4;2.8;2.5;18.9;
13-14;BRK;PG;64;58;32.2;5.0;11.2;.450;1.5;4.2;.366;3.5;7.0;.500;.518;2.7;3.4;.801;0.2;2.4;2.6;6.1;1.5;0.2;2.2;2.3;14.3;
14-15;BRK;PG;68;55;31.1;4.4;11.3;.387;1.3;3.5;.367;3.1;7.9;.395;.443;3.0;3.5;.834;0.4;3.1;3.5;6.6;0.9;0.3;2.3;2.3;13.0;
15-16;DAL;PG;65;63;32.4;4.9;11.9;.414;1.5;4.3;.344;3.4;7.6;.454;.477;2.8;3.2;.869;0.3;2.6;2.9;5.8;0.9;0.2;2.3;2.4;14.1;
16-17;TOT;PG;64;44;25.9;4.1;9.4;.438;1.3;3.7;.363;2.8;5.7;.486;.509;1.4;1.7;.826;0.2;2.1;2.3;5.6;0.5;0.1;2.2;2.2;11.0;
16-17;DAL;PG;40;40;29.3;4.9;11.3;.430;1.6;4.5;.348;3.3;6.8;.485;.500;1.7;2.1;.821;0.3;2.2;2.6;6.9;0.6;0.1;2.5;2.4;13.1;
16-17;CLE;PG;24;4;20.3;2.8;6.1;.463;0.9;2.2;.415;1.9;3.9;.489;.537;0.9;1.0;.840;1.8;1.9;3.6;0.3;0.3;1.7;1.8;7.5;
Career;;845;771;34.2;5.8;13.0;.445;1.4;3.9;.357;4.4;9.1;.482;.498;3.4;4.1;.822;0.4;2.7;3.1;8.1;1.0;0.2;2.8;2.5;16.3;
Playoffs Per Game
06-07;UTA;PG;17;17;38.6;7.2;15.9;.452;1.1;3.4;.333;6.1;12.5;.484;.487;3.8;4.8;.790;0.5;3.8;4.3;8.6;1.5;0.2;4.0;2.9;19.2;
07-08;UTA;PG;12;12;42.8;7.5;15.3;.492;2.3;4.7;.500;5.2;10.6;.488;.568;4.3;5.5;.773;1.3;2.3;3.6;10.0;0.6;0.3;3.1;2.9;21.6;
08-09;UTA;PG;5;5;42.2;5.8;14.0;.414;1.8;5.0;.360;4.0;9.0;.444;.479;6.8;8.2;.829;0.8;3.0;3.8;<strong>10.8</strong>;1.8;0.4;4.2;3.4;20.2;
09-10;UTA;PG;10;10;39.8;6.7;14.9;.450;2.0;5.1;.392;4.7;9.8;.480;.517;8.9;11.1;.802;0.4;2.3;2.7;<strong>10.2</strong>;1.0;0.4;3.0;3.7;24.3;
12-13;BRK;PG;7;7;41.7;6.4;15.1;.425;2.4;6.1;.395;4.0;9.0;.444;.505;5.3;6.4;.822;0.1;3.0;3.1;<strong>8.4</strong>;1.0;0.6;3.0;2.4;20.6;
13-14;BRK;PG;12;12;35.7;5.0;12.7;.395;1.5;4.4;.340;3.5;8.3;.424;.454;3.0;3.8;.800;0.6;2.6;3.2;5.8;1.1;0.2;2.3;2.6;14.5;
14-15;BRK;PG;6;6;32.0;4.5;11.5;.391;1.8;4.3;.423;2.7;7.2;.372;.471;1.0;1.2;.857;0.5;5.7;6.2;5.5;1.3;2.7;3.0;11.8;
15-16;DAL;PG;3;3;16.3;2.0;6.0;.333;1.0;2.3;.429;1.0;3.7;.273;.417;0.7;0.7;2.7;0.3;2.3;2.0;5.0;
16-17;CLE;PG;<strong>18</strong>;14.6;1.6;3.6;.438;0.7;1.7;.387;0.9;1.8;.485;.531;0.6;0.6;.909;0.2;1.1;1.3;2.1;0.6;0.1;0.9;1.6;4.3;
Career;;90;72;33.4;5.3;12.0;.438;1.5;3.9;.393;3.7;8.1;.460;.502;3.6;4.5;.803;0.5;2.6;3.2;7.0;1.0;0.2;2.7;2.7;15.7;
Totals
05-06;UTA;PG;80;47;2307;339;805;.421;91;219;.416;248;586;.423;.478;95;135;.704;35;159;194;359;60;17;145;233;864;
06-07;UTA;PG;80;80;2950;494;1083;.456;82;255;.322;412;828;.498;.494;227;296;.767;41;226;267;745;78;13;246;254;1297;
07-08;UTA;PG;<strong>82</strong>;82;3059;566;1117;.507;83;210;.395;483;907;.533;.544;330;411;.803;34;209;243;862;90;23;279;200;1545;
08-09;UTA;PG;68;68;2505;463;984;.471;70;226;.310;393;758;.518;.506;326;384;.849;24;171;195;725;73;20;228;134;1322;
09-10;UTA;PG;76;76;2802;494;1053;.469;96;259;.371;398;794;.501;.515;335;418;.801;50;253;303;798;96;16;252;208;1419;
10-11;TOT;PG;65;65;2465;428;975;.439;105;317;.331;323;658;.491;.493;348;412;.845;40;220;260;667;79;15;230;190;1309;
10-11;UTA;PG;53;53;2009;369;806;.458;89;258;.345;280;548;.511;.513;302;354;.853;32;173;205;514;64;12;187;152;1129;
10-11;NJN;PG;12;12;456;59;169;.349;16;59;.271;43;110;.391;.396;46;58;.793;8;47;55;153;15;3;43;38;180;
11-12;NJN;PG;55;55;1999;391;961;.407;115;342;.336;276;619;.446;.467;257;305;.843;23;160;183;481;67;20;219;121;1154;
12-13;BRK;PG;78;78;2842;495;1124;.440;169;447;.378;326;677;.482;.516;317;369;.859;29;203;232;604;75;30;218;194;1476;
13-14;BRK;PG;64;58;2059;322;716;.450;98;268;.366;224;448;.500;.518;173;216;.801;15;153;168;392;93;13;143;148;915;
14-15;BRK;PG;68;55;2114;298;771;.387;87;237;.367;211;534;.395;.443;201;241;.834;29;208;237;448;64;17;154;157;884;
15-16;DAL;PG;65;63;2106;321;775;.414;97;282;.344;224;493;.454;.477;179;206;.869;19;171;190;378;61;14;150;155;918;
16-17;TOT;PG;64;44;1657;263;600;.438;85;234;.363;178;366;.486;.509;90;109;.826;14;133;147;360;31;8;138;138;701;
16-17;DAL;PG;40;40;1171;195;453;.430;63;181;.348;132;272;.485;.500;69;84;.821;13;89;102;274;25;2;98;96;522;
16-17;CLE;PG;24;4;486;68;147;.463;22;53;.415;46;94;.489;.537;21;25;.840;1;44;45;86;6;6;40;42;179;
Career;;845;771;28865;4874;10964;.445;1178;3296;.357;3696;7668;.482;.498;2878;3502;.822;353;2266;2619;6819;867;206;2402;2132;13804;
Playoffs Totals
06-07;UTA;PG;17;17;657;122;270;.452;19;57;.333;103;213;.484;.487;64;81;.790;9;64;73;146;26;4;<strong>68</strong>;49;327;
07-08;UTA;PG;12;12;513;90;183;.492;28;56;.500;62;127;.488;.568;51;66;.773;16;27;43;120;7;4;37;35;259;
08-09;UTA;PG;5;5;211;29;70;.414;9;25;.360;20;45;.444;.479;34;41;.829;4;15;19;54;9;2;21;17;101;
09-10;UTA;PG;10;10;398;67;149;.450;20;51;.392;47;98;.480;.517;89;111;.802;4;23;27;102;10;4;30;37;243;
12-13;BRK;PG;7;7;292;45;106;.425;17;43;.395;28;63;.444;.505;37;45;.822;1;21;22;59;7;4;21;17;144;
13-14;BRK;PG;12;12;428;60;152;.395;18;53;.340;42;99;.424;.454;36;45;.800;7;31;38;70;13;2;27;31;174;
14-15;BRK;PG;6;6;192;27;69;.391;11;26;.423;16;43;.372;.471;6;7;.857;3;34;37;33;8;16;18;71;
15-16;DAL;PG;3;3;49;6;18;.333;3;7;.429;3;11;.273;.417;2;2;8;1;7;6;15;
16-17;CLE;PG;<strong>18</strong>;262;28;64;.438;12;31;.387;16;33;.485;.531;10;11;.909;3;20;23;38;10;1;17;29;78;
Career;;90;72;3002;474;1081;.438;137;349;.393;337;732;.460;.502;327;407;.803;47;237;284;630;91;21;244;239;1412;
Advanced
05-06;UTA;PG;80;2307;12.4;.500;.272;.168;1.8;8.4;5.1;28.6;1.4;0.6;14.4;20.3;1.5;1.3;2.8;.059;-0.5;-1.2;-1.7;0.2;
06-07;UTA;PG;80;2950;17.1;.535;.235;.273;1.7;9.3;5.5;41.6;1.4;0.4;16.9;22.2;5.3;1.9;7.2;.117;2.6;-1.3;1.3;2.4;
07-08;UTA;PG;<strong>82</strong>;3059;20.8;.595;.188;.368;1.4;8.3;4.9;43.6;1.5;0.6;17.7;23.1;8.9;2.3;11.3;.177;4.9;-1.1;3.8;4.5;
08-09;UTA;PG;68;2505;21.1;.573;.230;.390;1.1;8.1;4.6;47.8;1.5;0.6;16.5;24.7;6.5;1.9;8.4;.160;4.8;-0.9;4.0;3.8;
09-10;UTA;PG;76;2802;20.6;.574;.246;.397;2.2;10.4;6.4;44.5;1.8;0.5;16.9;23.8;7.4;3.0;10.3;.177;4.2;-0.4;3.8;4.1;
10-11;TOT;PG;65;2465;21.1;.566;.325;.423;1.9;10.9;6.3;45.9;1.7;0.5;16.6;25.8;6.2;1.1;7.3;.142;4.3;-1.3;3.0;3.1;
10-11;UTA;PG;53;2009;22.1;.587;.320;.439;1.9;10.5;6.2;43.6;1.7;0.5;16.3;26.2;5.9;0.8;6.7;.159;5.0;-1.2;3.7;2.9;
10-11;NJN;PG;12;456;17.0;.463;.349;.343;2.0;12.5;7.1;55.9;1.8;0.5;18.1;24.2;0.3;0.3;0.6;.066;1.4;-1.5;-0.1;0.2;
11-12;NJN;PG;55;1999;20.3;.527;.356;.317;1.3;9.6;5.3;46.6;1.8;0.8;16.7;30.1;3.7;0.4;4.1;.099;4.2;-1.9;2.3;2.2;
12-13;BRK;PG;78;2842;20.3;.574;.398;.328;1.2;8.5;4.8;37.5;1.4;0.8;14.5;24.4;9.1;1.8;10.9;.184;4.5;-0.7;3.8;4.2;
13-14;BRK;PG;64;2059;17.6;.564;.374;.302;0.9;8.9;4.9;32.8;2.4;0.5;15.0;21.8;3.8;1.5;5.4;.125;1.9;-0.7;1.2;1.7;
14-15;BRK;PG;68;2114;15.7;.504;.307;.313;1.5;11.0;6.3;33.7;1.6;0.6;14.9;22.3;2.3;1.3;3.6;.083;1.1;-0.9;0.2;1.2;
15-16;DAL;PG;65;2106;14.6;.530;.364;.266;1.0;8.9;5.0;29.3;1.5;0.6;14.8;22.0;2.2;1.4;3.7;.083;0.4;-0.7;-0.3;0.9;
16-17;TOT;PG;64;1657;14.0;.541;.390;.182;0.9;9.4;5.1;35.9;1.0;0.4;17.6;22.1;1.5;0.9;2.4;.069;-1.8;-1.8;0.1;
16-17;DAL;PG;40;1171;15.0;.533;.400;.185;1.2;9.3;5.1;40.1;1.1;0.2;16.7;23.7;1.1;0.7;1.8;.073;0.5;-1.8;-1.3;0.2;
16-17;CLE;PG;24;486;11.4;.566;.361;.170;0.2;9.7;5.1;25.9;0.6;1.0;20.2;18.1;0.4;0.2;0.6;.059;-1.2;-1.8;-3.0;-0.1;
Career;;845;28865;18.2;.552;.301;.319;1.4;9.3;5.4;39.5;1.6;0.6;16.1;23.5;58.4;18.9;77.3;.129;2.9;-1.0;1.9;28.3;
Playoffs Advanced
06-07;UTA;PG;17;657;18.9;.535;.211;.300;1.6;11.5;6.5;39.1;2.1;0.6;18.2;25.5;1.0;0.5;1.5;.109;3.3;3.3;0.9;
07-08;UTA;PG;12;513;21.6;.611;.306;.361;3.5;6.3;4.8;40.6;0.7;0.6;14.9;22.0;1.9;1.9;.182;7.4;-0.8;6.5;1.1;
08-09;UTA;PG;5;211;18.8;.574;.357;.586;2.1;8.5;5.2;43.3;2.2;0.8;19.3;22.8;0.4;0.4;.099;3.5;-0.3;3.3;0.3;
09-10;UTA;PG;10;398;23.5;.614;.342;.745;1.2;6.9;4.0;41.0;1.3;0.8;13.2;25.6;1.7;-0.1;1.6;.192;6.4;-0.7;5.7;0.8;
12-13;BRK;PG;7;292;20.6;.572;.406;.425;0.4;8.8;4.5;34.6;1.3;1.0;14.3;23.7;0.8;0.2;1.0;.169;4.9;-0.6;4.4;0.5;
13-14;BRK;PG;12;428;14.6;.506;.349;.296;2.0;9.6;5.6;28.0;1.7;0.5;13.6;22.7;0.4;0.2;0.5;.061;0.9;-1.3;-0.4;0.2;
14-15;BRK;PG;6;192;12.9;.493;.377;.101;1.7;19.2;10.4;28.6;2.1;18.2;21.0;0.2;0.2;.039;-1.3;-1.3;
15-16;DAL;PG;3;49;1.2;.417;.389;5.0;2.4;26.5;1.1;28.0;23.6;-0.2;-0.1;-0.3;-0.254;-4.3;-1.4;-5.8;
16-17;CLE;PG;<strong>18</strong>;262;10.0;.567;.484;.172;1.4;8.5;5.1;19.4;1.9;0.3;19.8;14.6;0.2;0.2;0.4;.073;-1.9;-0.5;-2.4;
Career;;90;3002;18.1;.560;.323;.377;1.8;9.4;5.5;35.3;1.6;0.6;16.2;22.9;6.2;1.2;7.3;.117;3.4;-0.6;2.8;3.6;
