Derrick Favors;Power Forward and Center;Right;1991-07-15;;6-9;265;South Atlanta in Atlanta,Georgia;;;;-1;;
Per Game
10-11;TOT;PF;78;27;19.7;2.8;5.3;.517;2.8;5.3;.517;.517;1.3;2.2;.595;2.2;3.1;5.3;0.5;0.4;0.9;1.0;3.2;6.8;
10-11;NJN;PF;56;23;19.5;2.5;4.9;.511;2.5;4.9;.511;.511;1.3;2.1;.612;2.3;3.1;5.3;0.4;0.3;0.7;1.0;3.3;6.3;
10-11;UTA;PF;22;4;20.2;3.4;6.4;.529;3.4;6.4;.529;.529;1.5;2.6;.561;2.0;3.2;5.2;0.8;0.5;1.2;1.0;2.9;8.2;
11-12;UTA;PF;65;9;21.2;3.4;6.8;.499;3.4;6.8;.499;.499;1.9;3.0;.649;2.4;4.1;6.5;0.7;0.6;1.0;1.6;2.2;8.8;
12-13;UTA;PF;77;8;23.2;3.6;7.4;.482;0.1;3.6;7.3;.487;.482;2.3;3.4;.688;2.4;4.7;7.1;1.0;0.9;1.7;1.7;3.2;9.4;
13-14;UTA;PF;73;73;30.2;5.3;10.2;.522;5.3;10.2;.523;.522;2.6;3.9;.669;2.7;6.0;8.7;1.2;1.0;1.5;1.8;3.2;13.3;
14-15;UTA;PF;74;74;30.8;6.5;12.4;.525;0.1;.167;6.5;12.3;.527;.526;3.0;4.5;.669;2.6;5.6;8.2;1.5;0.8;1.7;1.6;2.8;16.0;
15-16;UTA;PF;62;59;32.0;6.7;13.1;.515;0.1;6.7;13.0;.518;.515;2.9;4.1;.709;2.7;5.4;8.1;1.5;1.2;1.5;1.7;2.4;16.4;
16-17;UTA;PF;50;39;23.7;4.1;8.3;.487;0.1;0.2;.300;4.0;8.1;.491;.490;1.3;2.2;.615;1.8;4.3;6.1;1.1;0.9;0.8;1.2;2.1;9.5;
17-18;UTA;C;77;77;28.0;5.1;9.1;.563;0.2;0.8;.222;4.9;8.3;.596;.573;1.8;2.8;.651;2.6;4.6;7.2;1.3;0.7;1.1;1.1;2.1;12.3;
18-19;UTA;C;76;70;23.2;4.8;8.1;.586;0.2;1.0;.218;4.6;7.1;.640;.600;2.0;3.0;.675;2.7;4.6;7.4;1.2;0.7;1.4;1.1;2.1;11.8;
19-20;NOP;C;51;49;24.4;4.1;6.6;.617;0.1;.143;4.1;6.5;.627;.618;0.8;1.4;.563;3.2;6.6;9.8;1.6;0.6;0.9;1.1;2.1;9.0;
20-21;UTA;C;68;15.3;2.3;3.6;.638;2.3;3.5;.643;.638;0.9;1.2;.738;2.0;3.5;5.5;0.6;0.5;1.0;0.5;2.1;5.4;
21-22;OKC;C;39;18;16.7;2.4;4.7;.516;0.1;0.4;.125;2.4;4.3;.554;.522;0.4;0.6;.640;1.5;3.2;4.7;0.6;0.4;0.3;0.2;1.6;5.3;
Career;;790;503;24.3;4.3;8.1;.534;0.2;.198;4.3;7.9;.544;.537;1.9;2.8;.663;2.4;4.7;7.1;1.1;0.7;1.2;1.3;2.5;10.6;
Playoffs Per Game
11-12;UTA;PF;4;1;29.0;3.8;9.0;.417;3.8;9.0;.417;.417;4.3;7.3;.586;3.5;6.0;9.5;0.5;1.3;1.5;1.3;2.8;11.8;
16-17;UTA;PF;11;2;20.5;3.3;5.6;.581;3.3;5.6;.581;.581;1.0;2.1;.478;1.4;4.1;5.5;0.9;0.7;0.5;0.4;2.3;7.5;
17-18;UTA;C;11;9;26.0;3.8;6.2;.618;0.2;0.5;.400;3.6;5.7;.635;.632;1.5;3.0;.485;1.8;3.4;5.2;1.2;0.7;1.0;0.9;1.5;9.3;
18-19;UTA;C;5;2;20.6;4.6;7.2;.639;0.6;4.6;6.6;.697;.639;2.6;3.8;.684;3.0;4.4;7.4;0.8;0.8;1.8;1.0;2.4;11.8;
20-21;UTA;C;11;13.2;1.5;2.1;.696;1.5;2.1;.696;.696;0.5;0.8;.556;1.7;2.5;4.2;0.3;0.2;0.9;0.5;2.3;3.4;
Career;;42;14;20.8;3.1;5.4;.587;0.2;.250;3.1;5.2;.599;.591;1.5;2.7;.549;2.0;3.7;5.7;0.8;0.6;1.0;0.7;2.1;7.8;
Totals
10-11;TOT;PF;78;27;1535;215;416;.517;215;416;.517;.517;103;173;.595;171;241;412;39;29;68;77;246;533;
10-11;NJN;PF;56;23;1091;141;276;.511;141;276;.511;.511;71;116;.612;126;171;297;21;18;41;56;183;353;
10-11;UTA;PF;22;4;444;74;140;.529;74;140;.529;.529;32;57;.561;45;70;115;18;11;27;21;63;180;
11-12;UTA;PF;65;9;1376;222;445;.499;222;445;.499;.499;126;194;.649;158;267;425;43;38;65;103;145;570;
12-13;UTA;PF;77;8;1787;274;568;.482;5;274;563;.487;.482;179;260;.688;184;362;546;75;67;130;129;247;727;
13-14;UTA;PF;73;73;2201;390;747;.522;1;390;746;.523;.522;190;284;.669;199;438;637;91;75;108;129;236;970;
14-15;UTA;PF;74;74;2280;482;918;.525;1;6;.167;481;912;.527;.526;222;332;.669;196;411;607;112;60;123;121;210;1187;
15-16;UTA;PF;62;59;1983;418;811;.515;4;418;807;.518;.515;180;254;.709;169;334;503;94;74;91;104;150;1016;
16-17;UTA;PF;50;39;1186;203;417;.487;3;10;.300;200;407;.491;.490;67;109;.615;92;213;305;56;45;40;60;103;476;
17-18;UTA;C;77;77;2153;395;702;.563;14;63;.222;381;639;.596;.573;140;215;.651;198;354;552;102;54;82;88;164;944;
18-19;UTA;C;76;70;1766;363;619;.586;17;78;.218;346;541;.640;.600;154;228;.675;207;353;560;89;56;106;84;163;897;
19-20;NOP;C;51;49;1243;209;339;.617;1;7;.143;208;332;.627;.618;40;71;.563;163;338;501;81;30;46;55;107;459;
20-21;UTA;C;68;1039;155;243;.638;2;155;241;.643;.638;59;80;.738;138;238;376;44;32;68;36;143;369;
21-22;OKC;C;39;18;653;94;182;.516;2;16;.125;92;166;.554;.522;16;25;.640;58;126;184;25;17;12;9;62;206;
Career;;790;503;19202;3420;6407;.534;38;192;.198;3382;6215;.544;.537;1476;2225;.663;1933;3675;5608;851;577;939;995;1976;8354;
Playoffs Totals
11-12;UTA;PF;4;1;116;15;36;.417;15;36;.417;.417;17;29;.586;14;24;38;2;5;6;5;11;47;
16-17;UTA;PF;11;2;225;36;62;.581;36;62;.581;.581;11;23;.478;15;45;60;10;8;6;4;25;83;
17-18;UTA;C;11;9;286;42;68;.618;2;5;.400;40;63;.635;.632;16;33;.485;20;37;57;13;8;11;10;17;102;
18-19;UTA;C;5;2;103;23;36;.639;3;23;33;.697;.639;13;19;.684;15;22;37;4;4;9;5;12;59;
20-21;UTA;C;11;145;16;23;.696;16;23;.696;.696;5;9;.556;19;27;46;3;2;10;6;25;37;
Career;;42;14;875;132;225;.587;2;8;.250;130;217;.599;.591;62;113;.549;83;155;238;32;27;42;30;90;328;
Advanced
10-11;TOT;PF;78;1535;13.9;.542;.416;12.9;19.1;16.0;4.2;1.0;3.5;13.5;17.1;1.5;1.4;2.9;.091;-2.6;-0.6;-3.2;-0.5;
10-11;NJN;PF;56;1091;12.6;.540;.420;13.3;19.1;16.1;3.2;0.9;2.9;14.6;16.3;0.9;1.0;1.9;.083;-3.2;-0.7;-3.9;-0.5;
10-11;UTA;PF;22;444;16.8;.545;.407;12.1;19.2;15.6;6.7;1.3;4.9;11.3;19.2;0.6;0.4;1.0;.110;-1.2;-0.4;-1.6;
11-12;UTA;PF;65;1376;17.1;.537;.436;13.0;22.5;17.7;5.0;1.4;3.8;16.3;20.7;1.4;1.6;3.0;.105;-0.6;-0.5;-1.1;0.3;
12-13;UTA;PF;77;1787;17.5;.533;.009;.458;11.9;24.0;17.9;6.8;2.0;5.7;15.9;20.6;1.5;2.9;4.4;.117;-1.6;1.1;-0.5;0.7;
13-14;UTA;PF;73;2201;19.0;.556;.001;.380;10.1;23.7;16.7;7.3;1.8;3.8;12.9;20.8;2.9;2.3;5.1;.112;0.1;0.1;1.2;
14-15;UTA;PF;74;2280;21.8;.558;.007;.362;10.0;20.7;15.4;9.4;1.4;4.3;10.2;23.8;5.0;3.3;8.3;.175;1.9;0.6;2.5;2.6;
15-16;UTA;PF;62;1983;21.6;.551;.005;.313;10.0;19.6;14.8;8.9;2.0;3.9;10.1;23.9;3.8;3.4;7.1;.173;2.1;1.2;3.3;2.6;
16-17;UTA;PF;50;1186;15.8;.512;.024;.261;9.2;20.2;14.9;7.9;2.0;2.7;11.4;20.7;0.5;2.2;2.7;.109;-1.2;1.2;-0.1;0.6;
17-18;UTA;C;77;2153;18.8;.593;.090;.306;10.6;18.5;14.6;7.8;1.3;3.2;9.9;18.5;4.5;3.5;8.0;.179;0.9;0.7;1.5;1.9;
18-19;UTA;C;76;1766;21.8;.624;.126;.368;12.9;21.3;17.2;8.0;1.5;4.8;10.5;19.4;4.4;3.5;7.9;.215;1.8;1.5;3.3;2.4;
19-20;NOP;C;51;1243;18.5;.620;.021;.209;13.9;28.9;21.4;9.2;1.1;3.1;12.9;14.0;2.6;1.6;4.2;.162;0.7;0.3;1.0;0.9;
20-21;UTA;C;68;1039;19.7;.663;.008;.329;14.7;23.3;19.2;6.0;1.5;5.3;11.5;13.0;2.9;2.2;5.1;.237;0.3;2.4;2.6;1.2;
21-22;OKC;C;39;653;13.6;.534;.088;.137;9.0;20.2;14.5;5.9;1.3;1.7;4.5;13.4;0.8;0.7;1.4;.105;-2.3;0.3;-2.1;
Career;;790;19202;18.8;.566;.030;.347;11.4;21.7;16.5;7.4;1.5;4.0;11.9;19.7;31.7;28.5;60.2;.150;0.2;0.7;0.9;14.0;
Playoffs Advanced
11-12;UTA;PF;4;116;18.5;.482;.806;11.6;24.7;17.4;3.1;2.3;4.2;9.3;20.1;0.1;0.1;0.2;.086;1.3;0.9;2.2;0.1;
16-17;UTA;PF;11;225;17.0;.575;.371;8.0;24.1;16.0;7.6;1.9;2.4;5.3;16.1;0.4;0.3;0.7;.145;0.8;2.0;2.8;0.3;
17-18;UTA;C;11;286;16.4;.618;.074;.485;7.4;14.1;10.7;7.1;1.4;3.4;10.8;14.3;0.5;0.4;0.9;.146;1.0;1.9;2.9;0.4;
18-19;UTA;C;5;103;27.9;.665;.083;.528;14.7;23.3;18.9;7.8;1.9;10.0;10.1;20.4;0.3;0.2;0.5;.248;4.1;3.7;7.9;0.3;
20-21;UTA;C;11;145;14.7;.686;.391;15.9;20.8;18.4;2.9;0.7;6.2;18.2;10.1;0.3;0.1;0.4;.125;-1.8;1.0;-0.7;
Career;;42;875;17.9;.597;.036;.502;10.4;20.3;15.2;6.1;1.6;4.5;9.8;15.5;1.6;1.0;2.7;.146;0.9;1.9;2.7;1.1;
