Derrick Williams;Power Forward and Small Forward;Right;1991-05-25;;6-8;240;La Mirada in La Mirada,California;;;;-1;;
Per Game
11-12;MIN;PF;<strong>66</strong>;15;21.5;3.1;7.5;.412;0.6;2.1;.268;2.5;5.5;.467;.449;2.1;3.0;.697;1.2;3.5;4.7;0.6;0.5;0.5;1.2;1.4;8.8;
12-13;MIN;PF;78;56;24.6;4.3;10.1;.430;0.8;2.5;.332;3.5;7.6;.463;.471;2.5;3.5;.706;1.2;4.3;5.5;0.6;0.6;0.5;1.3;1.6;12.0;
13-14;TOT;PF,SF;78;15;23.3;2.6;6.2;.427;0.3;1.3;.263;2.3;4.9;.470;.454;2.4;3.3;.718;0.9;3.2;4.1;0.7;0.6;0.3;1.0;1.5;8.0;
13-14;MIN;PF;11;14.7;1.7;4.9;.352;0.2;1.4;.133;1.5;3.5;.436;.370;1.3;1.5;.875;0.3;2.1;2.4;0.1;0.4;0.4;0.5;0.8;4.9;
13-14;SAC;SF;67;15;24.7;2.8;6.4;.437;0.4;1.3;.286;2.4;5.1;.474;.465;2.6;3.6;.708;1.0;3.4;4.4;0.8;0.7;0.2;1.0;1.6;8.5;
14-15;SAC;PF;74;6;19.8;2.9;6.6;.447;0.7;2.1;.314;2.3;4.4;.511;.498;1.8;2.6;.684;0.6;2.2;2.7;0.7;0.5;0.1;0.8;0.9;8.3;
15-16;NYK;SF;80;9;17.9;3.2;7.1;.450;0.6;1.9;.293;2.6;5.2;.506;.488;2.4;3.2;.758;0.6;3.1;3.7;0.9;0.4;0.1;0.8;0.9;9.3;
16-17;TOT;PF;50;11;16.1;2.2;4.9;.443;0.6;1.9;.309;1.6;2.9;.531;.504;1.2;1.8;.652;0.4;2.2;2.6;0.6;0.3;0.1;0.6;1.2;6.1;
16-17;MIA;PF;25;11;15.1;2.2;5.5;.394;0.4;1.8;.200;1.8;3.7;.489;.427;1.2;2.0;.620;0.6;2.3;2.9;0.6;0.4;0.2;0.6;1.3;5.9;
16-17;CLE;PF;25;17.1;2.2;4.3;.505;0.8;2.1;.404;1.3;2.2;.600;.603;1.1;1.6;.692;0.1;2.2;2.3;0.6;0.2;0.1;0.6;1.1;6.2;
17-18;LAL;PF;2;4.5;0.5;2.0;.250;1.0;0.5;1.0;.500;.250;0.5;0.5;1.0;
Career;;428;112;20.7;3.1;7.2;.434;0.6;2.0;.300;2.5;5.2;.484;.475;2.1;3.0;.710;0.8;3.1;4.0;0.7;0.5;0.3;0.9;1.2;8.9;
Playoffs Per Game
16-17;CLE;PF;8;4.8;1.0;1.9;.533;0.4;0.6;.600;0.6;1.3;.500;.633;0.3;0.3;1.000;0.1;0.3;0.4;0.5;0.1;0.4;2.6;
Career;;8;4.8;1.0;1.9;.533;0.4;0.6;.600;0.6;1.3;.500;.633;0.3;0.3;1.000;0.1;0.3;0.4;0.5;0.1;0.4;2.6;
Totals
11-12;MIN;PF;<strong>66</strong>;15;1418;205;498;.412;37;138;.268;168;360;.467;.449;136;195;.697;77;234;311;38;30;31;77;95;583;
12-13;MIN;PF;78;56;1916;338;786;.430;65;196;.332;273;590;.463;.471;192;272;.706;96;334;430;46;44;37;101;127;933;
13-14;TOT;PF,SF;78;15;1820;206;482;.427;26;99;.263;180;383;.470;.454;186;259;.718;71;252;323;56;48;20;76;114;624;
13-14;MIN;PF;11;162;19;54;.352;2;15;.133;17;39;.436;.370;14;16;.875;3;23;26;1;4;4;6;9;54;
13-14;SAC;SF;67;15;1658;187;428;.437;24;84;.286;163;344;.474;.465;172;243;.708;68;229;297;55;44;16;70;105;570;
14-15;SAC;PF;74;6;1462;217;485;.447;49;156;.314;168;329;.511;.498;134;196;.684;41;161;202;50;34;4;56;67;617;
15-16;NYK;SF;80;9;1435;254;565;.450;44;150;.293;210;415;.506;.488;194;256;.758;47;249;296;75;29;9;61;69;746;
16-17;TOT;PF;50;11;804;108;244;.443;30;97;.309;78;147;.531;.504;58;89;.652;19;111;130;28;14;7;28;60;304;
16-17;MIA;PF;25;11;377;54;137;.394;9;45;.200;45;92;.489;.427;31;50;.620;16;57;73;14;9;5;14;33;148;
16-17;CLE;PF;25;427;54;107;.505;21;52;.404;33;55;.600;.603;27;39;.692;3;54;57;14;5;2;14;27;156;
17-18;LAL;PF;2;9;1;4;.250;2;1;2;.500;.250;1;1;2;
Career;;428;112;8864;1329;3064;.434;251;838;.300;1078;2226;.484;.475;900;1267;.710;351;1342;1693;293;199;108;399;532;3809;
Playoffs Totals
16-17;CLE;PF;8;38;8;15;.533;3;5;.600;5;10;.500;.633;2;2;1.000;1;2;3;4;1;3;21;
Career;;8;38;8;15;.533;3;5;.600;5;10;.500;.633;2;2;1.000;1;2;3;4;1;3;21;
Advanced
11-12;MIN;PF;<strong>66</strong>;1418;12.9;.499;.277;.392;6.0;18.4;12.2;4.5;1.1;1.6;11.7;20.7;0.6;1.2;1.8;.059;-1.4;-0.7;-2.1;
12-13;MIN;PF;78;1916;14.5;.515;.249;.346;5.6;20.6;12.8;4.2;1.2;1.5;10.0;23.5;1.0;2.1;3.0;.076;-0.5;-1.0;-1.5;0.2;
13-14;TOT;PF,SF;78;1820;11.5;.524;.205;.537;4.3;15.8;10.0;4.7;1.3;0.9;11.3;16.2;1.3;1.3;2.6;.068;-1.6;-0.5;-2.1;
13-14;MIN;PF;11;162;7.6;.442;.278;.296;2.0;15.9;8.7;0.9;1.2;1.9;8.9;17.6;-0.1;0.2;.008;-4.0;-0.2;-4.2;-0.1;
13-14;SAC;SF;67;1658;11.9;.533;.196;.568;4.6;15.8;10.1;5.1;1.4;0.8;11.6;16.1;1.4;1.1;2.5;.073;-1.3;-0.5;-1.9;0.1;
14-15;SAC;PF;74;1462;12.8;.540;.322;.404;3.3;12.1;7.8;5.6;1.2;0.2;8.9;18.9;1.7;0.4;2.1;.069;-0.3;-1.6;-2.0;
15-16;NYK;SF;80;1435;17.2;.550;.265;.453;3.6;18.7;11.3;8.9;1.0;0.5;8.3;23.3;2.4;1.2;3.6;.120;1.5;-1.2;0.3;0.8;
16-17;TOT;PF;50;804;10.6;.537;.398;.365;2.6;15.1;8.9;5.1;0.9;0.7;9.0;17.2;0.4;0.6;1.1;.064;-1.9;-1.0;-2.9;-0.2;
16-17;MIA;PF;25;377;10.1;.465;.328;.365;4.7;16.9;10.7;5.6;1.2;1.0;8.1;20.4;-0.1;0.4;0.3;.038;-2.9;-0.5;-3.4;-0.1;
16-17;CLE;PF;25;427;11.1;.628;.486;.364;0.8;13.5;7.4;4.7;0.6;0.4;10.1;14.4;0.6;0.2;0.8;.086;-1.0;-1.5;-2.5;-0.1;
17-18;LAL;PF;2;9;-3.2;.250;.500;11.7;5.9;18.9;-0.191;-9.8;-7.0;-16.8;
Career;;428;8864;13.4;.526;.273;.414;4.4;17.0;10.7;5.4;1.1;0.9;9.9;20.2;7.2;6.8;14.1;.076;-0.6;-1.0;-1.6;0.8;
Playoffs Advanced
16-17;CLE;PF;8;38;17.9;.661;.333;.133;3.2;5.8;4.6;16.4;2.2;15.9;22.2;0.1;0.1;.118;4.2;-0.8;3.4;0.1;
Career;;8;38;17.9;.661;.333;.133;3.2;5.8;4.6;16.4;2.2;15.9;22.2;0.1;0.1;.118;4.2;-0.8;3.4;0.1;
