Derrick Rose;Point Guard;Right;1988-10-04;;6-2;200;Simeon in Chicago,Illinois;;;;-1;;
Per Game
08-09;CHI;PG;81;80;37.0;7.1;14.9;.475;0.2;0.9;.222;6.9;14.0;.491;.482;2.4;3.1;.788;1.2;2.7;3.9;6.3;0.8;0.2;2.5;1.5;16.8;
09-10;CHI;PG;78;78;36.8;8.6;17.6;.489;0.2;0.8;.267;8.4;16.8;.500;.495;3.3;4.3;.766;0.8;2.9;3.8;6.0;0.7;0.3;2.8;1.2;20.8;
10-11;CHI;PG;81;81;37.4;8.8;19.7;.445;1.6;4.8;.332;7.2;15.0;.481;.485;5.9;6.9;.858;1.0;3.1;4.1;7.7;1.0;0.6;3.4;1.7;25.0;
11-12;CHI;PG;39;39;35.3;7.7;17.8;.435;1.4;4.4;.312;6.4;13.4;.475;.473;5.0;6.1;.812;0.7;2.7;3.4;7.9;0.9;0.7;3.1;1.3;21.8;
13-14;CHI;PG;10;10;31.1;5.8;16.4;.354;1.6;4.7;.340;4.2;11.7;.359;.402;2.7;3.2;.844;0.9;2.3;3.2;4.3;0.5;0.1;3.4;1.5;15.9;
14-15;CHI;PG;51;51;30.0;6.6;16.4;.405;1.5;5.3;.280;5.1;11.1;.465;.450;3.0;3.7;.813;0.7;2.5;3.2;4.9;0.7;0.3;3.2;1.2;17.7;
15-16;CHI;PG;66;66;31.8;6.8;15.9;.427;0.7;2.3;.293;6.1;13.6;.449;.448;2.2;2.7;.793;0.7;2.7;3.4;4.7;0.7;0.2;2.7;1.3;16.4;
16-17;NYK;PG;64;64;32.5;7.2;15.3;.471;0.2;0.9;.217;7.0;14.3;.487;.477;3.5;4.0;.874;1.0;2.8;3.8;4.4;0.7;0.3;2.3;1.3;18.0;
17-18;TOT;PG;25;7;16.8;3.2;7.4;.435;0.3;1.2;.233;3.0;6.2;.474;.454;1.6;1.8;.870;0.5;0.9;1.4;1.5;0.3;0.2;1.4;0.6;8.4;
17-18;CLE;PG;16;7;19.3;3.6;8.3;.439;0.4;1.5;.250;3.3;6.8;.481;.462;2.2;2.6;.854;0.6;1.2;1.8;1.6;0.2;0.3;1.8;0.9;9.8;
17-18;MIN;PG;9;12.4;2.6;6.0;.426;0.1;0.7;.167;2.4;5.3;.458;.435;0.6;0.6;1.000;0.3;0.3;0.7;1.2;0.4;0.8;0.2;5.8;
18-19;MIN;PG;51;13;27.3;7.1;14.8;.482;1.1;2.9;.370;6.1;11.9;.509;.518;2.7;3.1;.856;0.6;2.1;2.7;4.3;0.6;0.2;1.6;1.1;18.0;
19-20;DET;PG;50;15;26.0;7.4;15.1;.490;0.9;2.9;.306;6.5;12.1;.535;.520;2.4;2.8;.871;0.5;1.9;2.4;5.6;0.8;0.3;2.5;1.0;18.1;
20-21;TOT;PG;50;3;25.6;5.7;12.2;.470;1.0;2.6;.388;4.7;9.6;.492;.511;2.2;2.5;.866;0.4;2.2;2.6;4.2;1.0;0.4;1.6;1.1;14.7;
20-21;DET;PG;15;22.8;5.3;12.3;.429;0.9;2.6;.333;4.4;9.7;.455;.465;2.8;3.3;.840;0.4;1.5;1.9;4.2;1.2;0.3;1.9;1.1;14.2;
20-21;NYK;PG;35;3;26.8;5.9;12.2;.487;1.1;2.6;.411;4.9;9.6;.507;.530;1.9;2.2;.883;0.4;2.5;2.9;4.2;0.9;0.4;1.4;1.1;14.9;
21-22;NYK;PG;26;4;24.5;4.7;10.5;.445;1.4;3.5;.402;3.3;7.0;.467;.513;1.2;1.2;.968;0.8;2.2;3.0;4.0;0.8;0.5;1.5;0.6;12.0;
Career;;672;511;31.7;7.1;15.6;.457;0.8;2.6;.316;6.3;13.0;.485;.483;3.1;3.8;.830;0.8;2.5;3.3;5.4;0.8;0.3;2.5;1.3;18.2;
Playoffs Per Game
08-09;CHI;PG;7;7;44.7;8.4;17.1;.492;0.6;8.4;16.6;.509;.492;2.9;3.6;.800;1.7;4.6;6.3;6.4;0.6;0.7;5.0;3.6;19.7;
09-10;CHI;PG;5;5;<strong>42.4</strong>;11.4;25.0;.456;0.4;1.2;.333;11.0;23.8;.462;.464;3.6;4.4;.818;0.8;2.6;3.4;7.2;0.8;2.6;1.6;26.8;
10-11;CHI;PG;16;16;40.6;9.3;23.5;.396;1.6;6.3;.248;7.8;17.2;.451;.430;6.9;8.4;.828;1.3;3.1;4.3;7.7;1.4;0.7;3.7;2.1;27.1;
11-12;CHI;PG;1;1;37.0;9.0;23.0;.391;3.0;6.0;.500;6.0;17.0;.353;.457;2.0;2.0;1.000;3.0;6.0;9.0;9.0;1.0;1.0;5.0;1.0;23.0;
14-15;CHI;PG;12;12;37.8;7.8;19.6;.396;1.9;5.5;.348;5.8;14.1;.414;.445;2.9;3.3;.897;1.1;3.8;4.8;6.5;1.2;0.5;3.2;1.8;20.3;
17-18;MIN;PG;5;23.8;5.8;11.4;.509;1.4;2.0;<strong>.700</strong>;4.4;9.4;.468;.570;1.2;1.4;.857;0.2;1.6;1.8;2.6;0.4;1.6;1.8;14.2;
20-21;NYK;PG;5;3;35.0;8.0;16.8;.476;1.6;3.4;.471;6.4;13.4;.478;.524;1.8;1.8;1.000;0.8;3.2;4.0;5.0;0.4;0.2;1.6;1.0;19.4;
Career;;51;44;38.4;8.5;20.0;.427;1.3;4.1;.324;7.2;15.9;.454;.461;3.9;4.7;.845;1.1;3.3;4.4;6.5;1.0;0.5;3.3;2.0;22.4;
Totals
08-09;CHI;PG;81;80;3000;574;1208;.475;16;72;.222;558;1136;.491;.482;197;250;.788;96;221;317;512;66;18;202;125;1361;
09-10;CHI;PG;78;78;2871;672;1373;.489;16;60;.267;656;1313;.500;.495;259;338;.766;65;228;293;469;57;27;217;96;1619;
10-11;CHI;PG;81;81;3026;711;1597;.445;128;385;.332;583;1212;.481;.485;476;555;.858;81;249;330;623;85;51;278;136;2026;
11-12;CHI;PG;39;39;1375;302;695;.435;54;173;.312;248;522;.475;.473;194;239;.812;26;105;131;307;35;28;119;52;852;
13-14;CHI;PG;10;10;311;58;164;.354;16;47;.340;42;117;.359;.402;27;32;.844;9;23;32;43;5;1;34;15;159;
14-15;CHI;PG;51;51;1530;338;835;.405;76;271;.280;262;564;.465;.450;152;187;.813;35;126;161;251;36;16;161;63;904;
15-16;CHI;PG;66;66;2097;447;1048;.427;44;150;.293;403;898;.449;.448;142;179;.793;46;179;225;311;44;14;175;84;1080;
16-17;NYK;PG;64;64;2082;460;977;.471;13;60;.217;447;917;.487;.477;221;253;.874;66;180;246;283;44;17;147;84;1154;
17-18;TOT;PG;25;7;420;81;186;.435;7;30;.233;74;156;.474;.454;40;46;.870;13;22;35;37;7;4;35;16;209;
17-18;CLE;PG;16;7;308;58;132;.439;6;24;.250;52;108;.481;.462;35;41;.854;10;19;29;26;3;4;28;14;157;
17-18;MIN;PG;9;112;23;54;.426;1;6;.167;22;48;.458;.435;5;5;1.000;3;3;6;11;4;7;2;52;
18-19;MIN;PG;51;13;1392;363;753;.482;54;146;.370;309;607;.509;.518;137;160;.856;33;107;140;220;31;12;82;57;917;
19-20;DET;PG;50;15;1298;369;753;.490;45;147;.306;324;606;.535;.520;121;139;.871;27;94;121;278;40;16;126;49;904;
20-21;TOT;PG;50;3;1279;287;611;.470;50;129;.388;237;482;.492;.511;110;127;.866;20;110;130;209;49;19;78;56;734;
20-21;DET;PG;15;342;79;184;.429;13;39;.333;66;145;.455;.465;42;50;.840;6;23;29;63;18;4;29;17;213;
20-21;NYK;PG;35;3;937;208;427;.487;37;90;.411;171;337;.507;.530;68;77;.883;14;87;101;146;31;15;49;39;521;
21-22;NYK;PG;26;4;636;122;274;.445;37;92;.402;85;182;.467;.513;30;31;.968;21;57;78;103;22;12;39;15;311;
Career;;672;511;21317;4784;10474;.457;556;1762;.316;4228;8712;.485;.483;2106;2536;.830;538;1701;2239;3646;521;235;1693;848;12230;
Playoffs Totals
08-09;CHI;PG;7;7;313;59;120;.492;4;59;116;.509;.492;20;25;.800;12;32;44;45;4;5;35;25;138;
09-10;CHI;PG;5;5;212;57;125;.456;2;6;.333;55;119;.462;.464;18;22;.818;4;13;17;36;4;13;8;134;
10-11;CHI;PG;16;16;649;149;376;.396;25;101;.248;124;275;.451;.430;111;134;.828;20;49;69;123;22;11;59;33;434;
11-12;CHI;PG;1;1;37;9;23;.391;3;6;.500;6;17;.353;.457;2;2;1.000;3;6;9;9;1;1;5;1;23;
14-15;CHI;PG;12;12;454;93;235;.396;23;66;.348;70;169;.414;.445;35;39;.897;13;45;58;78;14;6;38;22;244;
17-18;MIN;PG;5;119;29;57;.509;7;10;<strong>.700</strong>;22;47;.468;.570;6;7;.857;1;8;9;13;2;8;9;71;
20-21;NYK;PG;5;3;175;40;84;.476;8;17;.471;32;67;.478;.524;9;9;1.000;4;16;20;25;2;1;8;5;97;
Career;;51;44;1959;436;1020;.427;68;210;.324;368;810;.454;.461;201;238;.845;57;169;226;329;49;24;166;103;1141;
Advanced
08-09;CHI;PG;81;3000;16.0;.516;.060;.207;3.7;8.4;6.1;28.8;1.1;0.4;13.3;22.6;3.4;1.5;4.9;.078;1.1;-1.5;-0.4;1.2;
09-10;CHI;PG;78;2871;18.6;.532;.044;.246;2.6;8.7;5.7;30.3;1.0;0.7;12.5;27.2;3.5;2.5;6.0;.100;2.6;-0.9;1.7;2.7;
10-11;CHI;PG;81;3026;23.5;.550;.241;.348;3.2;9.4;6.4;38.7;1.5;1.3;13.1;32.2;8.3;4.8;13.1;.208;<strong>6.3</strong>;0.5;6.8;6.7;
11-12;CHI;PG;39;1375;23.0;.532;.249;.344;2.1;8.4;5.3;40.3;1.4;1.4;12.9;30.5;4.1;2.0;6.0;.211;6.1;0.3;6.4;2.9;
13-14;CHI;PG;10;311;9.7;.446;.287;.195;3.3;8.3;5.9;26.2;0.9;0.2;16.0;31.5;-0.6;0.4;-0.2;-0.036;-1.2;-1.9;-3.1;-0.1;
14-15;CHI;PG;51;1530;15.9;.493;.325;.224;2.6;8.7;5.7;30.7;1.2;0.8;14.9;31.7;1.2;1.2;.038;1.6;-2.2;-0.6;0.6;
15-16;CHI;PG;66;2097;13.5;.479;.143;.171;2.4;8.8;5.6;25.5;1.1;0.5;13.4;27.3;-0.8;1.2;0.4;.009;-0.6;-1.9;-2.5;-0.3;
16-17;NYK;PG;64;2082;17.0;.530;.061;.259;3.4;9.3;6.4;22.8;1.1;0.7;11.9;25.7;2.4;0.6;3.0;.068;1.0;-2.0;-1.0;0.5;
17-18;TOT;PG;25;420;11.5;.507;.161;.247;3.5;5.8;4.7;13.6;0.8;0.8;14.5;25.4;-0.2;0.1;-0.2;-0.018;-2.1;-3.3;-5.4;-0.4;
17-18;CLE;PG;16;308;11.6;.523;.182;.311;3.7;6.8;5.3;13.0;0.5;1.1;15.7;25.6;-0.1;-0.1;-0.014;-1.8;-3.5;-5.4;-0.3;
17-18;MIN;PG;9;112;11.2;.463;.111;.093;3.1;3.1;3.1;15.2;1.8;11.1;25.0;-0.1;-0.1;-0.029;-2.9;-2.6;-5.5;-0.1;
18-19;MIN;PG;51;1392;19.5;.557;.194;.212;2.5;8.3;5.4;26.4;1.1;0.7;9.1;27.3;2.6;0.3;3.0;.102;3.2;-1.7;1.4;1.2;
19-20;DET;PG;50;1298;21.0;.555;.195;.185;2.3;8.3;5.3;40.5;1.5;1.0;13.4;31.6;1.8;0.7;2.5;.092;3.9;-1.7;2.2;1.4;
20-21;TOT;PG;50;1279;18.3;.550;.211;.208;1.7;9.3;5.5;28.0;1.9;1.4;10.5;25.8;1.6;1.6;3.1;.118;1.6;0.3;1.9;1.3;
20-21;DET;PG;15;342;17.1;.517;.212;.272;1.9;7.6;4.7;32.5;2.6;1.0;12.3;30.0;0.3;0.4;.051;0.7;-0.2;0.6;0.2;
20-21;NYK;PG;35;937;18.8;.565;.211;.180;1.6;10.0;5.9;26.3;1.7;1.5;9.6;24.3;1.5;1.2;2.8;.142;1.9;0.5;2.4;1.0;
21-22;NYK;PG;26;636;16.9;.541;.336;.113;3.5;9.8;6.6;27.5;1.7;1.9;11.9;22.5;0.8;0.7;1.4;.108;2.3;2.3;0.7;
Career;;672;21317;18.2;.528;.168;.242;2.8;8.8;5.8;30.5;1.2;0.9;12.7;27.7;26.9;17.4;44.2;.100;2.5;-1.1;1.4;18.5;
Playoffs Advanced
08-09;CHI;PG;7;313;13.3;.527;.033;.208;4.7;11.3;8.2;26.8;0.7;1.2;21.1;24.1;-0.1;0.1;.002;-0.3;-2.1;-2.4;
09-10;CHI;PG;5;212;19.4;.497;.048;.176;2.1;7.5;4.7;32.7;1.0;8.8;31.5;0.2;0.2;.034;4.1;-1.3;2.9;0.3;
10-11;CHI;PG;16;649;22.5;.499;.269;.356;3.6;9.2;6.3;40.0;1.9;1.3;11.9;<strong>35.2</strong>;1.3;0.9;2.2;.165;6.3;0.6;6.9;1.5;
11-12;CHI;PG;1;37;22.9;.482;.261;.087;9.1;17.2;13.3;52.3;1.5;2.0;17.3;36.3;0.1;0.1;.092;6.4;-1.0;5.4;0.1;
14-15;CHI;PG;12;454;16.8;.484;.281;.166;3.2;10.7;7.0;33.5;1.6;1.1;13.1;29.1;0.3;0.6;0.8;.088;2.6;-0.8;1.8;0.4;
17-18;MIN;PG;5;119;16.6;.591;.175;.123;0.9;7.1;4.1;19.9;0.8;11.8;26.1;0.1;0.1;.044;1.1;-0.4;0.7;0.1;
20-21;NYK;PG;5;175;17.1;.551;.202;.107;2.3;10.3;6.1;29.3;0.6;0.6;8.3;24.3;0.2;0.2;0.4;.108;3.2;1.1;4.3;0.3;
Career;;51;1959;18.5;.507;.206;.233;3.4;9.8;6.6;33.6;1.3;1.0;12.9;30.1;2.1;1.7;3.8;.093;3.6;-0.4;3.2;2.5;
