Devin Harris;Point Guard and Shooting Guard;Right;1983-02-27;;6-3;185;East in Wauwatosa,Wisconsin;;;;-1;;
Per Game
04-05;DAL;PG;76;19;15.4;2.1;4.8;.429;0.6;1.7;.336;1.5;3.1;.481;.489;1.0;1.4;.757;0.4;1.0;1.3;2.2;1.0;0.3;1.1;1.8;5.7;
05-06;DAL;PG;56;4;22.8;3.4;7.2;.469;0.1;0.4;.238;3.3;6.9;.482;.475;3.0;4.2;.716;0.5;1.8;2.2;3.2;0.9;0.3;1.5;2.2;9.9;
06-07;DAL;PG;80;61;26.0;3.7;7.4;.492;0.2;0.6;.280;3.5;6.8;.512;.504;2.7;3.3;.824;0.6;1.9;2.5;3.7;1.2;0.3;1.8;3.0;10.2;
07-08;TOT;PG;64;61;31.6;5.0;10.8;.463;0.9;2.6;.335;4.1;8.2;.504;.504;3.9;4.7;.824;0.4;2.3;2.7;5.8;1.4;0.2;2.5;3.0;14.8;
07-08;DAL;PG;39;39;30.4;4.8;9.9;.483;0.6;1.8;.357;4.2;8.1;.511;.516;4.1;5.0;.821;0.4;1.9;2.3;5.3;1.4;0.1;2.4;3.3;14.4;
07-08;NJN;PG;25;22;33.5;5.4;12.2;.438;1.2;3.9;.320;4.1;8.4;.493;.489;3.5;4.2;.829;0.4;2.8;3.3;6.5;1.4;0.3;2.7;2.5;15.4;
08-09;NJN;PG;69;69;36.1;6.6;15.1;.438;0.9;3.2;.291;5.7;11.9;.477;.469;7.2;8.8;.820;0.4;2.9;3.3;6.9;1.7;0.2;3.1;2.4;21.3;
09-10;NJN;PG;64;61;34.7;5.6;13.8;.403;0.9;3.4;.276;4.6;10.4;.444;.437;4.8;6.0;.798;0.4;2.8;3.2;6.6;1.2;0.3;2.8;2.8;16.9;
10-11;TOT;PG;71;70;31.7;4.8;11.5;.422;0.8;2.5;.322;4.0;8.9;.450;.458;4.7;5.7;.833;0.2;2.1;2.4;7.1;1.0;0.1;2.9;2.3;15.2;
10-11;NJN;PG;54;54;31.9;4.8;11.3;.425;0.6;2.0;.300;4.2;9.3;.452;.452;4.8;5.7;.840;0.2;2.2;2.4;7.6;1.1;0.1;2.9;2.4;15.0;
10-11;UTA;PG;17;16;31.2;4.9;11.8;.413;1.5;4.1;.357;3.4;7.7;.443;.475;4.5;5.6;.811;0.4;2.0;2.4;5.4;0.8;0.1;2.9;1.9;15.8;
11-12;UTA;PG;63;63;27.6;3.8;8.6;.445;1.2;3.4;.362;2.6;5.2;.498;.516;2.5;3.3;.746;0.2;1.6;1.8;5.0;1.0;0.2;1.9;2.2;11.3;
12-13;ATL;SG;58;34;24.5;3.3;7.6;.438;1.3;4.0;.335;2.0;3.7;.549;.525;1.9;2.7;.727;0.1;1.9;2.0;3.4;1.1;0.2;1.5;1.8;9.9;
13-14;DAL;PG;40;20.5;2.4;6.4;.378;0.8;2.5;.307;1.6;3.8;.425;.439;2.3;2.9;.800;0.2;1.9;2.1;4.5;0.7;0.1;1.5;1.8;7.9;
14-15;DAL;PG;76;3;22.2;2.9;6.9;.418;1.3;3.5;.357;1.6;3.4;.481;.509;1.7;2.1;.815;0.2;1.6;1.8;3.1;1.0;0.2;1.1;1.9;8.8;
15-16;DAL;PG;64;20.0;2.6;5.8;.447;0.8;2.5;.329;1.8;3.4;.532;.516;1.6;2.2;.721;0.3;1.9;2.2;1.8;0.9;0.2;1.0;1.9;7.6;
16-17;DAL;PG;65;16.7;2.1;5.2;.399;0.9;2.7;.328;1.2;2.5;.476;.484;1.6;2.0;.829;0.2;1.8;2.0;2.1;0.7;0.1;0.9;1.6;6.7;
17-18;TOT;PG;71;1;18.9;2.6;6.4;.412;1.1;3.2;.348;1.5;3.2;.476;.499;2.0;2.4;.835;0.2;1.6;1.8;2.1;0.7;0.2;1.1;2.2;8.4;
17-18;DAL;PG;44;1;18.3;2.7;6.5;.415;1.0;2.8;.352;1.7;3.6;.465;.493;2.1;2.5;.830;0.2;1.7;1.9;1.9;0.8;0.2;1.1;2.3;8.5;
17-18;DEN;PG;27;19.7;2.6;6.3;.406;1.3;3.8;.343;1.3;2.5;.500;.509;1.8;2.1;.845;0.1;1.4;1.6;2.5;0.5;0.1;1.0;2.0;8.2;
18-19;DAL;PG;68;2;15.8;1.9;5.1;.380;0.9;2.9;.310;1.0;2.2;.476;.470;1.5;2.0;.761;0.2;1.5;1.6;1.8;0.5;0.2;0.8;2.0;6.3;
Career;;985;448;24.3;3.5;8.2;.432;0.8;2.6;.325;2.7;5.6;.481;.483;2.8;3.6;.796;0.3;1.9;2.2;3.9;1.0;0.2;1.7;2.2;10.8;
Playoffs Per Game
04-05;DAL;PG;9;8.9;0.8;1.8;.438;0.2;0.7;.333;0.6;1.1;.500;.500;0.7;1.0;.667;1.2;1.2;1.2;0.4;0.1;1.1;0.6;2.4;
05-06;DAL;PG;<strong>23</strong>;15;24.3;3.6;7.4;.480;0.3;3.6;7.1;.503;.480;2.3;3.2;.703;0.7;1.0;1.7;2.2;0.8;0.1;1.8;3.0;9.4;
06-07;DAL;PG;6;6;27.2;5.2;10.5;.492;0.5;1.7;.300;4.7;8.8;.528;.516;2.3;3.2;.737;0.2;1.8;2.0;5.0;1.0;0.2;1.5;3.8;13.2;
11-12;UTA;PG;4;4;30.0;4.8;12.0;.396;1.0;3.8;.267;3.8;8.3;.455;.438;2.5;3.5;.714;1.5;1.5;3.8;0.8;0.5;3.0;3.5;13.0;
12-13;ATL;SG;6;6;37.5;3.8;10.5;.365;0.8;4.2;.200;3.0;6.3;.474;.405;2.8;4.2;.680;0.3;2.5;2.8;3.7;1.7;0.2;2.0;3.0;11.3;
13-14;DAL;PG;7;25.1;4.4;9.4;.470;1.6;3.6;.440;2.9;5.9;.488;.553;1.0;1.1;.875;0.1;2.3;2.4;3.9;0.3;0.3;1.6;1.9;11.4;
14-15;DAL;PG;4;18.5;2.0;5.8;.348;2.8;2.0;3.0;.667;.348;2.0;2.3;.889;0.3;1.8;2.0;1.0;0.5;1.0;2.5;6.0;
15-16;DAL;PG;5;24.2;3.0;6.0;.500;0.8;2.6;.308;2.2;3.4;.647;.567;1.0;2.0;.500;0.2;2.6;2.8;1.6;0.6;0.6;3.2;7.8;
Career;;64;31;23.7;3.4;7.5;.450;0.5;1.8;.257;2.9;5.7;.510;.480;1.9;2.6;.708;0.3;1.6;1.9;2.6;0.8;0.2;1.6;2.6;9.1;
Totals
04-05;DAL;PG;76;19;1173;157;366;.429;44;131;.336;113;235;.481;.489;78;103;.757;28;74;102;169;77;19;82;139;436;
05-06;DAL;PG;56;4;1275;190;405;.469;5;21;.238;185;384;.482;.475;169;236;.716;26;99;125;177;53;16;84;121;554;
06-07;DAL;PG;80;61;2081;292;593;.492;14;50;.280;278;543;.512;.504;215;261;.824;45;151;196;296;96;21;146;242;813;
07-08;TOT;PG;64;61;2022;321;693;.463;56;167;.335;265;526;.504;.504;248;301;.824;28;145;173;369;90;10;161;190;946;
07-08;DAL;PG;39;39;1184;187;387;.483;25;70;.357;162;317;.511;.516;161;196;.821;17;74;91;206;56;2;93;127;560;
07-08;NJN;PG;25;22;838;134;306;.438;31;97;.320;103;209;.493;.489;87;105;.829;11;71;82;163;34;8;68;63;386;
08-09;NJN;PG;69;69;2494;455;1039;.438;64;220;.291;391;819;.477;.469;496;605;.820;30;201;231;476;114;13;212;164;1470;
09-10;NJN;PG;64;61;2221;356;884;.403;60;217;.276;296;667;.444;.437;308;386;.798;24;179;203;423;79;18;181;178;1080;
10-11;TOT;PG;71;70;2254;343;813;.422;58;180;.322;285;633;.450;.458;335;402;.833;17;152;169;503;70;7;207;163;1079;
10-11;NJN;PG;54;54;1724;260;612;.425;33;110;.300;227;502;.452;.452;258;307;.840;11;118;129;411;57;5;158;130;811;
10-11;UTA;PG;17;16;530;83;201;.413;25;70;.357;58;131;.443;.475;77;95;.811;6;34;40;92;13;2;49;33;268;
11-12;UTA;PG;63;63;1741;241;542;.445;77;213;.362;164;329;.498;.516;156;209;.746;12;100;112;316;64;13;122;136;715;
12-13;ATL;SG;58;34;1421;194;443;.438;77;230;.335;117;213;.549;.525;112;154;.727;6;110;116;197;64;13;88;103;577;
13-14;DAL;PG;40;818;96;254;.378;31;101;.307;65;153;.425;.439;92;115;.800;8;77;85;178;28;2;59;72;315;
14-15;DAL;PG;76;3;1685;219;524;.418;95;266;.357;124;258;.481;.509;132;162;.815;13;122;135;237;78;14;85;147;665;
15-16;DAL;PG;64;1280;167;374;.447;52;158;.329;115;216;.532;.516;101;140;.721;18;120;138;118;60;13;66;124;487;
16-17;DAL;PG;65;1087;136;341;.399;58;177;.328;78;164;.476;.484;107;129;.829;11;116;127;136;43;7;57;101;437;
17-18;TOT;PG;71;1;1340;187;454;.412;79;227;.348;108;227;.476;.499;142;170;.835;12;115;127;152;47;12;76;158;595;
17-18;DAL;PG;44;1;807;118;284;.415;44;125;.352;74;159;.465;.493;93;112;.830;9;76;85;85;33;8;49;103;373;
17-18;DEN;PG;27;533;69;170;.406;35;102;.343;34;68;.500;.509;49;58;.845;3;39;42;67;14;4;27;55;222;
18-19;DAL;PG;68;2;1071;132;347;.380;62;200;.310;70;147;.476;.470;102;134;.761;12;100;112;122;35;16;56;133;428;
Career;;985;448;23963;3486;8072;.432;832;2558;.325;2654;5514;.481;.483;2793;3507;.796;290;1861;2151;3869;998;194;1682;2171;10597;
Playoffs Totals
04-05;DAL;PG;9;80;7;16;.438;2;6;.333;5;10;.500;.500;6;9;.667;11;11;11;4;1;10;5;22;
05-06;DAL;PG;<strong>23</strong>;15;558;82;171;.480;8;82;163;.503;.480;52;74;.703;15;24;39;50;18;3;42;69;216;
06-07;DAL;PG;6;6;163;31;63;.492;3;10;.300;28;53;.528;.516;14;19;.737;1;11;12;30;6;1;9;23;79;
11-12;UTA;PG;4;4;120;19;48;.396;4;15;.267;15;33;.455;.438;10;14;.714;6;6;15;3;2;12;14;52;
12-13;ATL;SG;6;6;225;23;63;.365;5;25;.200;18;38;.474;.405;17;25;.680;2;15;17;22;10;1;12;18;68;
13-14;DAL;PG;7;176;31;66;.470;11;25;.440;20;41;.488;.553;7;8;.875;1;16;17;27;2;2;11;13;80;
14-15;DAL;PG;4;74;8;23;.348;11;8;12;.667;.348;8;9;.889;1;7;8;4;2;4;10;24;
15-16;DAL;PG;5;121;15;30;.500;4;13;.308;11;17;.647;.567;5;10;.500;1;13;14;8;3;3;16;39;
Career;;64;31;1517;216;480;.450;29;113;.257;187;367;.510;.480;119;168;.708;21;103;124;167;48;10;103;168;580;
Advanced
04-05;DAL;PG;76;1173;14.7;.530;.358;.281;2.7;6.9;4.9;22.5;3.4;1.2;16.6;18.8;1.1;1.6;2.7;.111;-0.1;2.0;1.9;1.2;
05-06;DAL;PG;56;1275;17.4;.544;.052;.583;2.5;9.2;5.9;23.4;2.3;1.0;14.2;21.7;2.3;1.4;3.7;.139;0.8;0.6;1.4;1.1;
06-07;DAL;PG;80;2081;16.0;.574;.084;.440;2.7;8.5;5.7;22.9;2.5;0.8;17.1;19.1;3.7;2.9;6.5;.151;-0.3;1.6;1.2;1.7;
07-08;TOT;PG;64;2022;17.5;.573;.241;.434;1.6;8.2;5.0;31.1;2.4;0.4;16.3;22.6;3.6;1.9;5.6;.132;1.2;-0.2;1.0;1.5;
07-08;DAL;PG;39;1184;18.0;.592;.181;.506;1.7;7.0;4.4;28.6;2.5;0.1;16.4;22.3;2.6;1.3;3.9;.158;1.2;0.2;1.4;1.0;
07-08;NJN;PG;25;838;16.7;.548;.317;.343;1.5;9.8;5.7;34.7;2.1;0.7;16.2;23.0;1.1;0.6;1.7;.096;1.2;-0.9;0.3;0.5;
08-09;NJN;PG;69;2494;21.6;.563;.212;.582;1.4;9.7;5.5;34.4;2.4;0.4;14.0;28.4;5.9;1.7;7.5;.145;3.3;-0.5;2.8;3.0;
09-10;NJN;PG;64;2221;16.2;.512;.245;.437;1.2;9.7;5.3;34.6;1.9;0.6;14.7;25.5;1.5;1.2;2.7;.057;0.7;-1.5;-0.8;0.7;
10-11;TOT;PG;71;2254;17.2;.545;.221;.494;0.9;8.2;4.5;38.2;1.7;0.2;17.3;24.6;3.2;1.0;4.2;.089;1.9;-1.3;0.6;1.5;
10-11;NJN;PG;54;1724;17.6;.543;.180;.502;0.7;8.3;4.4;41.2;1.8;0.2;17.5;24.4;2.6;0.9;3.4;.096;2.0;-0.8;1.2;1.4;
10-11;UTA;PG;17;530;15.7;.552;.348;.473;1.4;7.8;4.6;28.3;1.3;0.3;16.8;25.2;0.7;0.1;0.8;.068;1.5;-3.0;-1.5;0.1;
11-12;UTA;PG;63;1741;16.0;.564;.393;.386;0.8;6.7;3.7;28.3;1.9;0.6;16.1;19.5;3.3;0.8;4.2;.115;1.6;-0.8;0.8;1.2;
12-13;ATL;SG;58;1421;14.6;.565;.519;.348;0.5;8.7;4.7;21.7;2.3;0.7;14.7;19.5;1.8;1.5;3.3;.111;-0.5;0.6;0.1;0.8;
13-14;DAL;PG;40;818;14.6;.517;.398;.453;1.1;10.8;6.0;31.0;1.8;0.2;16.2;20.2;1.2;0.4;1.6;.094;0.3;-0.8;-0.5;0.3;
14-15;DAL;PG;76;1685;14.8;.559;.508;.309;0.8;8.0;4.4;20.4;2.3;0.7;12.5;18.0;2.9;1.3;4.2;.120;0.6;0.8;1.4;1.4;
15-16;DAL;PG;64;1280;13.1;.559;.422;.374;1.5;10.3;5.9;14.5;2.4;0.8;13.2;17.9;1.2;1.3;2.5;.095;-1.4;1.5;0.1;0.7;
16-17;DAL;PG;65;1087;13.8;.549;.519;.378;1.1;13.0;6.8;20.0;2.1;0.6;12.5;19.7;1.1;1.1;2.2;.096;-1.0;0.7;-0.4;0.4;
17-18;TOT;PG;71;1340;13.0;.563;.500;.374;1.0;9.8;5.3;16.9;1.8;0.8;12.6;20.2;1.6;0.9;2.5;.089;-1.5;-0.3;-1.8;0.1;
17-18;DAL;PG;44;807;13.5;.560;.440;.394;1.2;10.8;5.8;16.4;2.1;0.9;12.8;21.5;0.7;0.7;1.4;.085;-1.7;0.7;-1.0;0.2;
17-18;DEN;PG;27;533;12.4;.568;.600;.341;0.6;8.2;4.4;17.7;1.3;0.6;12.1;18.2;0.9;0.2;1.1;.096;-1.1;-1.8;-2.9;-0.1;
18-19;DAL;PG;68;1071;10.7;.527;.576;.386;1.2;9.9;5.6;16.7;1.6;1.3;12.1;18.5;0.6;0.9;1.5;.068;-2.6;0.4;-2.2;-0.1;
Career;;985;23963;16.0;.551;.317;.434;1.4;9.0;5.2;26.5;2.2;0.6;14.9;21.6;35.1;19.8;54.9;.110;0.5;0.6;15.5;
Playoffs Advanced
04-05;DAL;PG;9;80;9.7;.551;.375;.563;16.0;7.8;19.7;2.6;1.0;33.4;16.5;-0.1;-0.1;-0.035;-2.2;0.4;-1.9;
05-06;DAL;PG;<strong>23</strong>;558;11.7;.531;.047;.433;3.2;5.4;4.2;15.1;1.7;0.4;17.1;20.4;0.1;0.6;0.7;.063;-1.2;-0.3;-1.6;0.1;
06-07;DAL;PG;6;163;18.5;.554;.159;.302;0.7;7.7;4.1;35.3;1.9;0.6;11.2;21.4;0.5;0.4;.124;1.4;1.2;2.6;0.2;
11-12;UTA;PG;4;120;9.6;.480;.313;.292;6.0;2.7;23.9;1.3;1.3;18.1;23.9;-0.1;-0.1;-0.049;-1.3;-1.1;-2.3;
12-13;ATL;SG;6;225;9.3;.459;.397;.397;1.0;7.5;4.1;16.9;2.3;0.4;14.0;18.2;-0.2;0.2;0.1;.012;-2.5;0.2;-2.3;
13-14;DAL;PG;7;176;15.7;.575;.379;.121;0.6;11.5;5.6;24.0;0.6;0.9;13.7;20.6;0.3;0.3;.092;2.8;-0.4;2.4;0.2;
14-15;DAL;PG;4;74;5.8;.445;.478;.391;1.3;10.1;5.6;7.1;1.3;12.9;17.1;-0.031;-5.7;-2.1;-7.7;-0.1;
15-16;DAL;PG;5;121;10.4;.567;.433;.333;0.9;13.1;6.8;10.8;1.3;8.0;14.3;0.1;-0.1;.007;-2.3;0.1;-2.2;
Career;;64;1517;11.9;.524;.235;.350;1.6;8.1;4.7;18.8;1.7;0.5;15.7;19.6;0.6;0.7;1.3;.042;-1.0;-0.2;-1.2;0.3;
