Devyn Marble;Shooting Guard;Right;1992-09-21;;6-6;200;Lathrup in Southfield,Michigan;;;;-1;;
Per Game
14-15;ORL;SG;16;7;13.0;0.9;2.8;.318;0.3;1.4;.182;0.6;1.4;.455;.364;0.3;1.0;.313;0.3;1.6;1.9;1.1;0.6;0.1;0.6;0.9;2.3;
15-16;ORL;SG;28;8.9;0.8;2.5;.296;0.3;1.1;.250;0.5;1.4;.333;.352;0.4;0.9;.417;0.2;1.1;1.4;0.4;0.5;0.3;0.9;2.1;
Career;;44;7;10.4;0.8;2.6;.304;0.3;1.2;.222;0.5;1.4;.377;.357;0.3;0.9;.375;0.3;1.3;1.6;0.7;0.5;0.1;0.4;0.9;2.2;
Totals
14-15;ORL;SG;16;7;208;14;44;.318;4;22;.182;10;22;.455;.364;5;16;.313;5;26;31;17;9;2;9;14;37;
15-16;ORL;SG;28;249;21;71;.296;8;32;.250;13;39;.333;.352;10;24;.417;6;32;38;12;13;1;7;25;60;
Career;;44;7;457;35;115;.304;12;54;.222;23;61;.377;.357;15;40;.375;11;58;69;29;22;3;16;39;97;
Advanced
14-15;ORL;SG;16;208;5.9;.362;.500;.364;2.7;14.4;8.4;11.5;2.2;0.8;15.0;13.1;-0.3;0.2;-0.1;-0.031;-4.7;-0.1;-4.8;-0.1;
15-16;ORL;SG;28;249;5.2;.368;.451;.338;2.6;14.4;8.5;6.6;2.6;0.3;7.9;15.7;-0.4;0.3;-0.1;-0.026;-6.0;-0.1;-6.2;-0.3;
Career;;44;457;5.5;.366;.470;.348;2.6;14.4;8.4;8.8;2.4;0.5;10.8;14.5;-0.7;0.4;-0.3;-0.028;-5.4;-0.1;-5.5;-0.4;
