Dewayne Dedmon;Center;Right;1989-08-12;;7-0;245;Lancaster in Lancaster,California;;;;-1;;
Per Game
13-14;TOT;C;31;6;12.6;1.2;2.7;.458;1.2;2.7;.458;.458;0.7;1.0;.656;1.2;2.9;4.1;0.2;0.2;0.7;0.6;2.1;3.1;
13-14;GSW;C;4;1.5;0.3;0.3;0.3;0.5;.500;0.3;0.3;
13-14;PHI;C;11;13.6;1.4;2.6;.517;1.4;2.6;.517;.517;0.6;1.2;.538;1.0;3.5;4.5;0.3;0.8;0.8;2.5;3.4;
13-14;ORL;C;16;6;14.6;1.4;3.3;.434;1.4;3.3;.434;.434;0.8;1.1;.765;1.7;3.2;4.9;0.1;0.4;0.8;0.6;2.3;3.7;
14-15;ORL;C;59;15;14.3;1.5;2.7;.562;1.5;2.7;.565;.562;0.6;1.1;.531;2.0;3.0;5.0;0.2;0.3;0.8;0.9;2.4;3.7;
15-16;ORL;C;58;20;12.2;1.7;3.1;.559;1.7;3.1;.559;.559;1.0;1.3;.750;1.2;2.8;3.9;0.2;0.4;0.8;0.6;1.9;4.4;
16-17;SAS;C;76;37;17.5;2.1;3.4;.622;2.1;3.4;.622;.622;0.9;1.2;.699;1.7;4.8;6.5;0.6;0.5;0.8;0.8;2.4;5.1;
17-18;ATL;C;62;46;24.9;4.0;7.7;.524;0.8;2.3;.355;3.2;5.4;.595;.577;1.1;1.4;.779;1.6;6.3;7.9;1.5;0.6;0.8;1.4;2.6;10.0;
18-19;ATL;C;64;52;25.1;4.0;8.2;.492;1.3;3.4;.382;2.8;4.8;.570;.571;1.4;1.8;.814;1.6;5.9;7.5;1.4;1.1;1.1;1.3;3.3;10.8;
19-20;TOT;C;44;18;17.6;2.3;5.8;.400;0.5;2.4;.206;1.8;3.4;.541;.443;0.7;0.8;.833;1.4;4.3;5.7;0.5;0.6;0.9;1.3;3.0;5.8;
19-20;SAC;C;34;10;15.9;2.0;5.0;.404;0.4;2.1;.197;1.6;2.9;.550;.444;0.7;0.8;.821;1.4;3.6;4.9;0.4;0.4;0.8;1.4;2.7;5.1;
19-20;ATL;C;10;8;23.3;3.3;8.4;.393;0.8;3.6;.222;2.5;4.8;.521;.440;0.7;0.8;.875;1.4;6.8;8.2;0.7;1.0;1.5;1.0;4.0;8.1;
20-21;MIA;C;16;13.1;2.9;4.1;.708;0.1;0.3;.200;2.8;3.8;.750;.715;1.3;1.7;.741;1.8;3.6;5.4;0.8;0.6;0.4;0.8;2.3;7.1;
21-22;MIA;C;67;15;15.9;2.4;4.3;.566;0.3;0.7;.404;2.2;3.6;.597;.598;1.1;1.5;.750;1.6;4.2;5.8;0.7;0.4;0.6;1.0;2.6;6.3;
Career;;477;209;17.8;2.5;4.8;.527;0.4;1.1;.338;2.2;3.7;.583;.566;1.0;1.3;.735;1.6;4.4;5.9;0.7;0.5;0.8;1.0;2.5;6.4;
Playoffs Per Game
16-17;SAS;C;12;3;8.1;1.2;1.9;.609;1.2;1.9;.609;.609;1.4;2.7;.531;1.8;2.2;3.9;0.3;0.2;0.3;0.7;1.3;3.8;
20-21;MIA;C;4;14.3;2.5;4.5;.556;0.3;0.8;.333;2.3;3.8;.600;.583;1.0;1.3;.800;2.0;2.5;4.5;0.8;0.5;1.5;2.5;6.3;
21-22;MIA;C;5;9.4;1.8;3.2;.563;0.6;1.8;2.6;.692;.563;0.6;0.8;.750;1.6;2.0;3.6;0.6;0.2;0.2;0.6;2.6;4.2;
Career;;21;3;9.6;1.6;2.7;.579;0.3;.167;1.5;2.4;.627;.588;1.1;2.0;.585;1.8;2.2;4.0;0.4;0.1;0.3;0.8;1.9;4.3;
Totals
13-14;TOT;C;31;6;390;38;83;.458;38;83;.458;.458;21;32;.656;38;89;127;5;7;22;18;66;97;
13-14;GSW;C;4;6;1;1;1;2;.500;1;1;
13-14;PHI;C;11;150;15;29;.517;15;29;.517;.517;7;13;.538;11;38;49;3;9;9;28;37;
13-14;ORL;C;16;6;234;23;53;.434;23;53;.434;.434;13;17;.765;27;51;78;2;7;13;9;37;59;
14-15;ORL;C;59;15;845;91;162;.562;1;91;161;.565;.562;34;64;.531;118;177;295;9;16;50;51;141;216;
15-16;ORL;C;58;20;705;99;177;.559;99;177;.559;.559;57;76;.750;67;161;228;13;22;46;32;109;255;
16-17;SAS;C;76;37;1330;161;259;.622;161;259;.622;.622;65;93;.699;129;367;496;44;37;61;61;180;387;
17-18;ATL;C;62;46;1542;250;477;.524;50;141;.355;200;336;.595;.577;67;86;.779;100;389;489;90;40;51;86;162;617;
18-19;ATL;C;64;52;1609;259;526;.492;83;217;.382;176;309;.570;.571;92;113;.814;105;375;480;90;69;71;84;214;693;
19-20;TOT;C;44;18;774;102;255;.400;22;107;.206;80;148;.541;.443;30;36;.833;60;189;249;22;25;41;57;133;256;
19-20;SAC;C;34;10;541;69;171;.404;14;71;.197;55;100;.550;.444;23;28;.821;46;121;167;15;15;26;47;93;175;
19-20;ATL;C;10;8;233;33;84;.393;8;36;.222;25;48;.521;.440;7;8;.875;14;68;82;7;10;15;10;40;81;
20-21;MIA;C;16;210;46;65;.708;1;5;.200;45;60;.750;.715;20;27;.741;28;58;86;12;9;6;13;36;113;
21-22;MIA;C;67;15;1065;164;290;.566;19;47;.404;145;243;.597;.598;75;100;.750;105;281;386;47;24;42;70;174;422;
Career;;477;209;8470;1210;2294;.527;175;518;.338;1035;1776;.583;.566;461;627;.735;750;2086;2836;332;249;390;472;1215;3056;
Playoffs Totals
16-17;SAS;C;12;3;97;14;23;.609;14;23;.609;.609;17;32;.531;21;26;47;3;2;3;8;16;45;
20-21;MIA;C;4;57;10;18;.556;1;3;.333;9;15;.600;.583;4;5;.800;8;10;18;3;2;6;10;25;
21-22;MIA;C;5;47;9;16;.563;3;9;13;.692;.563;3;4;.750;8;10;18;3;1;1;3;13;21;
Career;;21;3;201;33;57;.579;1;6;.167;32;51;.627;.588;24;41;.585;37;46;83;9;3;6;17;39;91;
Advanced
13-14;TOT;C;31;390;10.7;.500;.386;10.7;25.8;18.1;1.9;0.9;4.5;15.6;13.1;0.1;0.5;0.6;.070;-4.5;-0.3;-4.7;-0.3;
13-14;GSW;C;4;6;-5.1;.266;2.000;13.8;-0.107;-10.3;-3.2;-13.6;
13-14;PHI;C;11;150;8.7;.533;.448;7.6;28.5;17.6;2.9;4.8;20.6;12.3;0.1;0.1;.035;-5.8;-5.8;-0.1;
13-14;ORL;C;16;234;12.5;.488;.321;13.0;24.8;18.9;1.3;1.5;4.4;13.0;13.5;0.1;0.4;0.5;.096;-3.5;-0.4;-3.8;-0.1;
14-15;ORL;C;59;845;13.3;.568;.006;.395;15.5;24.1;19.7;1.6;1.0;4.8;21.1;13.0;0.7;1.0;1.7;.099;-3.3;-0.2;-3.5;-0.3;
15-16;ORL;C;58;705;17.0;.606;.429;10.4;25.7;17.9;2.7;1.6;5.4;13.2;15.2;1.2;1.1;2.4;.162;-1.6;0.7;-0.9;0.2;
16-17;SAS;C;76;1330;16.0;.645;.359;11.2;30.6;21.1;4.8;1.4;3.7;16.9;12.3;2.3;3.0;5.2;.189;-1.4;2.0;0.6;0.9;
17-18;ATL;C;62;1542;15.8;.599;.296;.180;7.2;28.1;17.7;9.2;1.3;2.8;14.3;17.0;1.8;1.9;3.7;.114;-0.4;0.5;0.1;0.8;
18-19;ATL;C;64;1609;16.0;.602;.413;.215;6.7;25.0;15.7;8.1;2.0;3.8;12.7;16.7;2.1;1.9;4.0;.119;-0.3;0.8;0.5;1.0;
19-20;TOT;C;44;774;9.4;.473;.420;.141;8.5;27.6;17.8;4.0;1.5;4.8;17.4;18.1;-1.0;1.0;0.1;.005;-5.8;-5.8;-0.7;
19-20;SAC;C;34;541;8.5;.477;.415;.164;9.3;25.8;17.4;3.9;1.3;4.6;20.4;18.5;-0.8;0.7;-0.1;-0.007;-6.3;-0.1;-6.4;-0.6;
19-20;ATL;C;10;233;11.4;.463;.429;.095;6.4;31.8;18.9;4.3;2.0;5.4;10.3;17.4;-0.2;0.3;0.2;.032;-4.6;0.1;-4.5;-0.1;
20-21;MIA;C;16;210;24.5;.735;.077;.415;15.5;31.0;23.4;9.6;2.1;3.0;14.5;19.3;0.7;0.4;1.1;.256;1.2;0.5;1.7;0.2;
21-22;MIA;C;67;1065;15.9;.632;.162;.345;11.4;29.4;20.6;6.7;1.1;4.2;17.3;16.9;1.5;2.0;3.5;.157;-2.2;1.1;-1.0;0.3;
Career;;477;8470;15.1;.595;.226;.273;9.9;27.4;18.6;5.9;1.4;4.0;15.5;15.6;9.4;12.8;22.2;.126;-1.8;0.7;-1.1;2.0;
Playoffs Advanced
16-17;SAS;C;12;97;21.7;.607;1.391;24.0;32.3;28.0;4.6;1.1;3.1;17.7;20.6;0.2;0.1;0.3;.170;0.8;-0.5;0.2;0.1;
20-21;MIA;C;4;57;13.6;.619;.167;.278;13.1;17.8;15.4;9.7;3.2;22.9;20.2;.037;-2.4;-1.0;-3.4;
21-22;MIA;C;5;47;17.5;.591;.188;.250;20.9;25.3;23.2;10.0;1.1;2.4;14.5;19.6;0.1;0.1;0.2;.209;-3.3;0.7;-2.7;
Career;;21;201;18.4;.606;.105;.719;20.2;26.5;23.3;7.3;0.8;2.9;18.5;20.2;0.3;0.3;0.6;.142;-1.1;-0.4;-1.5;
