Dion Waiters;Shooting Guard;Right;1991-12-10;;6-3;215;;;;;-1;;
Per Game
12-13;CLE;SG;61;48;28.8;5.5;13.4;.412;1.0;3.3;.310;4.5;10.0;.446;.451;2.6;3.5;.746;0.4;2.1;2.4;3.0;1.0;0.3;2.0;1.9;14.7;
13-14;CLE;SG;70;24;29.6;6.1;14.2;.433;1.3;3.6;.368;4.8;10.6;.455;.479;2.3;3.4;.685;0.5;2.3;2.8;3.0;0.9;0.2;2.2;2.2;15.9;
14-15;TOT;SG;80;23;27.6;4.7;11.8;.396;0.9;3.1;.297;3.8;8.8;.431;.435;1.5;2.2;.680;0.5;1.9;2.4;2.0;1.1;0.3;1.4;1.9;11.8;
14-15;CLE;SG;33;3;23.8;4.2;10.4;.404;0.7;2.6;.256;3.5;7.8;.453;.436;1.4;1.8;.783;0.4;1.4;1.7;2.2;1.3;0.3;1.5;1.8;10.5;
14-15;OKC;SG;47;20;30.3;5.0;12.9;.392;1.1;3.4;.319;4.0;9.4;.419;.435;1.5;2.4;.625;0.6;2.3;2.9;1.9;1.0;0.2;1.3;2.0;12.7;
15-16;OKC;SG;78;15;27.6;3.6;9.1;.399;1.1;3.1;.358;2.5;6.0;.421;.460;1.4;2.0;.713;0.5;2.1;2.6;2.0;1.0;0.2;1.5;1.8;9.8;
16-17;MIA;SG;46;43;30.1;6.1;14.4;.424;1.8;4.7;.395;4.3;9.7;.438;.488;1.8;2.8;.646;0.4;2.9;3.3;4.3;0.9;0.4;2.2;2.1;15.8;
17-18;MIA;SG;30;30;30.6;5.4;13.7;.398;1.7;5.7;.306;3.7;8.0;.463;.461;1.7;2.3;.739;0.3;2.3;2.6;3.8;0.8;0.3;2.3;2.0;14.3;
18-19;MIA;SG;44;28;25.9;4.5;10.9;.414;2.5;6.6;.377;2.0;4.3;.471;.528;0.5;1.0;.500;0.2;2.5;2.6;2.8;0.7;0.2;1.5;1.6;12.0;
19-20;TOT;SG;10;20.7;4.1;9.9;.414;1.5;4.7;.319;2.6;5.2;.500;.490;1.4;1.7;.824;0.2;2.2;2.4;2.0;0.4;0.6;1.6;2.1;11.1;
19-20;MIA;SG;3;14.0;3.3;8.7;.385;2.7;5.7;.471;0.7;3.0;.222;.538;0.3;3.7;3.7;1.0;0.7;1.0;1.7;9.3;
19-20;LAL;SG;7;23.6;4.4;10.4;.425;1.0;4.3;.233;3.4;6.1;.558;.473;2.0;2.3;.875;0.3;1.6;1.9;2.4;0.6;0.6;1.9;2.3;11.9;
Career;;419;211;28.2;5.0;12.2;.412;1.4;4.0;.346;3.7;8.2;.444;.468;1.7;2.5;.694;0.4;2.2;2.6;2.8;0.9;0.3;1.8;1.9;13.1;
Playoffs Per Game
15-16;OKC;SG;18;27.3;3.1;7.3;.417;1.2;3.1;.375;1.9;4.2;.447;.496;1.1;1.7;.667;0.3;2.3;2.6;2.3;0.6;0.2;1.1;2.3;8.4;
19-20;LAL;SG;5;7.6;0.8;2.4;.333;0.8;0.8;1.6;.500;.333;0.4;0.4;1.000;0.4;0.4;0.4;0.2;0.2;0.2;0.4;2.0;
Career;;23;23.0;2.6;6.3;.410;0.9;2.6;.350;1.7;3.7;.452;.483;1.0;1.4;.688;0.3;1.9;2.1;1.9;0.5;0.2;0.9;1.9;7.0;
Totals
12-13;CLE;SG;61;48;1756;336;815;.412;63;203;.310;273;612;.446;.451;159;213;.746;22;127;149;183;59;16;121;113;894;
13-14;CLE;SG;70;24;2072;430;993;.433;92;250;.368;338;743;.455;.479;161;235;.685;32;163;195;209;63;17;154;153;1113;
14-15;TOT;SG;80;23;2208;375;946;.396;73;246;.297;302;700;.431;.435;117;172;.680;41;151;192;163;90;21;113;155;940;
14-15;CLE;SG;33;3;786;138;342;.404;22;86;.256;116;256;.453;.436;47;60;.783;12;45;57;74;44;10;50;59;345;
14-15;OKC;SG;47;20;1422;237;604;.392;51;160;.319;186;444;.419;.435;70;112;.625;29;106;135;89;46;11;63;96;595;
15-16;OKC;SG;78;15;2152;282;706;.399;86;240;.358;196;466;.421;.460;112;157;.713;36;166;202;154;81;15;120;143;762;
16-17;MIA;SG;46;43;1384;281;663;.424;85;215;.395;196;448;.438;.488;82;127;.646;18;135;153;200;42;20;103;95;729;
17-18;MIA;SG;30;30;918;163;410;.398;52;170;.306;111;240;.463;.461;51;69;.739;8;69;77;113;23;9;70;61;429;
18-19;MIA;SG;44;28;1138;198;478;.414;109;289;.377;89;189;.471;.528;22;44;.500;7;109;116;121;29;9;64;72;527;
19-20;TOT;SG;10;207;41;99;.414;15;47;.319;26;52;.500;.490;14;17;.824;2;22;24;20;4;6;16;21;111;
19-20;MIA;SG;3;42;10;26;.385;8;17;.471;2;9;.222;.538;1;11;11;3;2;3;5;28;
19-20;LAL;SG;7;165;31;73;.425;7;30;.233;24;43;.558;.473;14;16;.875;2;11;13;17;4;4;13;16;83;
Career;;419;211;11835;2106;5110;.412;575;1660;.346;1531;3450;.444;.468;718;1034;.694;166;942;1108;1163;391;113;761;813;5505;
Playoffs Totals
15-16;OKC;SG;18;491;55;132;.417;21;56;.375;34;76;.447;.496;20;30;.667;6;41;47;42;10;3;20;42;151;
19-20;LAL;SG;5;38;4;12;.333;4;4;8;.500;.333;2;2;1.000;2;2;2;1;1;1;2;10;
Career;;23;529;59;144;.410;21;60;.350;38;84;.452;.483;22;32;.688;6;43;49;44;11;4;21;44;161;
Advanced
12-13;CLE;SG;61;1756;13.7;.492;.249;.261;1.4;8.8;4.9;18.4;1.7;0.7;11.8;26.1;0.3;0.6;0.9;.026;-0.4;-1.8;-2.1;-0.1;
13-14;CLE;SG;70;2072;14.0;.508;.252;.237;1.7;9.0;5.3;18.2;1.6;0.7;12.3;26.9;0.3;1.3;1.6;.037;-0.3;-1.2;-1.5;0.3;
14-15;TOT;SG;80;2208;10.9;.460;.260;.182;2.1;7.4;4.8;11.9;2.1;0.8;10.0;22.5;-0.6;1.7;1.1;.025;-2.5;-0.8;-3.3;-0.7;
14-15;CLE;SG;33;786;12.2;.468;.251;.175;1.8;6.5;4.2;15.6;2.9;1.0;12.0;24.0;-0.3;0.7;0.5;.029;-2.6;-2.6;-0.1;
14-15;OKC;SG;47;1422;10.1;.455;.265;.185;2.2;7.9;5.1;9.8;1.6;0.6;8.8;21.7;-0.3;1.0;0.7;.023;-2.5;-1.2;-3.7;-0.6;
15-16;OKC;SG;78;2152;9.4;.492;.340;.222;1.9;8.0;5.1;10.0;1.9;0.5;13.4;17.7;0.3;1.8;2.1;.046;-2.4;-0.4;-2.8;-0.4;
16-17;MIA;SG;46;1384;14.5;.507;.324;.192;1.4;10.9;6.1;23.8;1.5;1.1;12.5;26.3;0.2;1.5;1.6;.057;0.3;-0.4;-0.1;0.7;
17-18;MIA;SG;30;918;10.5;.487;.415;.168;1.0;8.5;4.7;19.8;1.3;0.8;13.7;25.0;-0.7;0.8;0.1;.004;-2.1;-1.4;-3.5;-0.4;
18-19;MIA;SG;44;1138;11.4;.530;.605;.092;0.7;10.2;5.4;16.4;1.2;0.7;11.4;21.1;0.1;1.1;1.2;.052;-0.5;-0.6;-1.1;0.3;
19-20;TOT;SG;10;207;11.5;.521;.475;.172;1.1;11.5;6.4;14.4;0.9;2.7;13.1;25.2;-0.1;0.2;0.1;.030;-0.7;-0.6;-1.2;
19-20;MIA;SG;3;42;13.4;.530;.654;.038;28.2;14.7;12.5;4.7;10.2;30.9;-0.1;0.1;-0.003;2.4;-0.5;1.8;
19-20;LAL;SG;7;165;11.0;.518;.411;.219;1.3;7.2;4.3;14.9;1.2;2.2;14.0;23.8;-0.1;0.2;0.1;.038;-1.4;-0.6;-2.0;
Career;;419;11835;12.0;.495;.325;.202;1.6;8.8;5.2;16.1;1.7;0.8;12.0;23.5;-0.2;9.0;8.8;.036;-1.2;-0.9;-2.1;-0.4;
Playoffs Advanced
15-16;OKC;SG;18;491;9.3;.520;.424;.227;1.4;9.2;5.3;12.5;1.0;0.5;12.1;14.6;0.4;0.3;0.7;.065;-1.7;0.6;-1.1;0.1;
19-20;LAL;SG;5;38;4.4;.388;.333;.167;6.2;3.1;7.0;1.3;2.6;7.2;15.9;-0.1;-0.022;-6.4;-1.0;-7.3;-0.1;
Career;;23;529;8.9;.509;.417;.222;1.3;8.9;5.2;12.1;1.0;0.6;11.7;14.7;0.3;0.3;0.6;.059;-2.0;0.5;-1.6;0.1;
