Dirk Nowitzki;Power Forward and Center;Right;1978-06-19;;7-0;245;Rontgen Gymnasium in Wurzburg, Germany
    
  </p>


  

  
<p>
  <strong>
  Draft:
  </strong>Milwaukee Bucks;;;;-1;;
Per Game
98-99;DAL;PF;47;24;20.4;2.9;7.1;.405;0.3;1.4;.206;2.6;5.7;.455;.426;2.1;2.7;.773;0.9;2.6;3.4;1.0;0.6;0.6;1.6;2.2;8.2;
99-00;DAL;PF;82;81;35.8;6.3;13.6;.461;1.4;3.7;.379;4.9;9.9;.491;.513;3.5;4.2;.830;1.2;5.2;6.5;2.5;0.8;0.8;1.7;3.1;17.5;
00-01;DAL;PF;82;82;38.1;7.2;15.2;.474;1.8;4.8;.387;5.4;10.5;.513;.534;5.5;6.6;.838;1.5;7.7;9.2;2.1;1.0;1.2;1.9;3.0;21.8;
01-02;DAL;C;76;76;38.0;7.9;16.6;.477;1.8;4.6;.397;6.1;11.9;.508;.532;5.8;6.8;.853;1.6;8.4;9.9;2.4;1.1;1.0;1.9;2.9;23.4;
02-03;DAL;PF;80;80;39.0;8.6;18.6;.463;1.9;4.9;.379;6.8;13.7;.493;.513;6.0;6.9;.881;1.0;8.9;9.9;3.0;1.4;1.0;1.9;2.6;25.1;
03-04;DAL;C;77;77;37.9;7.9;17.0;.462;1.3;3.8;.341;6.6;13.2;.496;.500;4.8;5.5;.877;1.2;7.5;8.7;2.7;1.2;1.4;1.8;2.8;21.8;
04-05;DAL;PF;78;78;38.7;8.5;18.5;.459;1.2;2.9;.399;7.3;15.6;.470;.490;7.9;9.1;.869;1.2;8.5;9.7;3.1;1.2;1.5;2.3;2.8;26.1;
05-06;DAL;PF;81;81;38.1;9.3;19.3;.480;1.4;3.3;.406;7.9;16.0;.496;.515;6.7;7.4;.901;1.4;7.6;9.0;2.8;0.7;1.0;1.9;2.0;26.6;
06-07;DAL;PF;78;78;36.2;8.6;17.2;.502;0.9;2.2;.416;7.7;15.0;.515;.529;6.4;7.1;.904;1.6;7.3;8.9;3.4;0.7;0.8;2.1;2.2;24.6;
07-08;DAL;PF;77;77;36.0;8.2;17.1;.479;1.0;2.9;.359;7.2;14.2;.504;.510;6.2;7.1;.879;1.2;7.3;8.6;3.5;0.7;0.9;2.1;2.6;23.6;
08-09;DAL;PF;81;81;37.7;9.6;20.0;.479;0.8;2.1;.359;8.8;17.9;.493;.498;6.0;6.7;.890;1.1;7.3;8.4;2.4;0.8;0.8;1.9;2.2;25.9;
09-10;DAL;PF;81;80;37.5;8.9;18.5;.481;0.6;1.5;.421;8.3;17.0;.487;.498;6.6;7.2;.915;1.0;6.7;7.7;2.7;0.9;1.0;1.8;2.6;25.0;
10-11;DAL;PF;73;73;34.3;8.4;16.2;.517;0.9;2.3;.393;7.5;13.8;.538;.545;5.4;6.1;.892;0.7;6.3;7.0;2.6;0.5;0.6;1.9;2.4;23.0;
11-12;DAL;PF;62;62;33.5;7.6;16.7;.457;1.3;3.4;.368;6.4;13.3;.481;.495;5.1;5.7;.896;0.7;6.0;6.7;2.2;0.7;0.5;1.9;2.1;21.6;
12-13;DAL;PF;53;47;31.3;6.5;13.7;.471;1.2;3.0;.414;5.2;10.8;.487;.516;3.1;3.6;.860;0.7;6.2;6.8;2.5;0.7;0.7;1.3;1.8;17.3;
13-14;DAL;PF;80;80;32.9;7.9;15.9;.497;1.6;4.1;.398;6.3;11.8;.532;.549;4.2;4.7;.899;0.5;5.7;6.2;2.7;0.9;0.6;1.5;2.1;21.7;
14-15;DAL;PF;77;77;29.6;6.3;13.8;.459;1.4;3.6;.380;5.0;10.2;.486;.508;3.3;3.8;.882;0.6;5.4;5.9;1.9;0.5;0.4;1.1;2.1;17.3;
15-16;DAL;PF;75;75;31.5;6.6;14.8;.448;1.7;4.6;.368;5.0;10.3;.483;.504;3.3;3.7;.893;0.7;5.8;6.5;1.8;0.7;0.7;1.1;2.1;18.3;
16-17;DAL;PF;54;54;26.4;5.5;12.6;.437;1.5;3.9;.378;4.0;8.7;.463;.495;1.8;2.1;.875;0.4;6.1;6.5;1.5;0.6;0.7;0.9;2.1;14.2;
17-18;DAL;C;77;77;24.7;4.5;9.8;.456;1.8;4.4;.409;2.7;5.5;.494;.547;1.3;1.4;.898;0.3;5.4;5.7;1.6;0.6;0.6;0.7;1.9;12.0;
18-19;DAL;PF;51;20;15.6;2.6;7.4;.359;1.3;4.0;.312;1.4;3.4;.415;.444;0.8;1.0;.780;0.1;3.0;3.1;0.7;0.2;0.4;0.4;1.5;7.3;
Career;;1522;1460;33.8;7.3;15.6;.471;1.3;3.4;.380;6.0;12.2;.496;.512;4.8;5.4;.879;1.0;6.6;7.5;2.4;0.8;0.8;1.6;2.4;20.7;
Playoffs Per Game
00-01;DAL;PF;10;10;39.9;6.9;16.3;.423;1.3;4.6;.283;5.6;11.7;.479;.463;8.3;9.4;.883;1.4;6.7;8.1;1.4;1.1;0.8;1.4;3.7;23.4;
01-02;DAL;C;8;8;44.6;9.1;20.5;.445;2.0;3.5;<strong>.571</strong>;7.1;17.0;.419;.494;8.1;9.3;.878;2.1;11.0;13.1;2.3;2.0;0.8;2.8;3.4;28.4;
02-03;DAL;PF;17;17;42.5;8.8;18.4;.479;1.6;3.6;.443;7.2;14.8;.488;.522;6.1;6.6;.912;0.9;10.6;11.5;2.2;1.2;0.9;2.4;3.1;25.3;
03-04;DAL;C;5;5;42.4;9.0;20.0;.450;1.4;3.0;.467;7.6;17.0;.447;.485;7.2;8.4;.857;2.6;9.2;11.8;1.4;1.4;2.6;1.2;3.2;<strong>26.6</strong>;
04-05;DAL;PF;13;13;42.4;7.9;19.7;.402;0.8;2.3;.333;7.2;17.4;.412;.422;7.1;8.5;.829;1.9;8.2;10.1;3.3;1.4;1.6;2.5;3.2;23.7;
05-06;DAL;PF;<strong>23</strong>;23;42.7;8.5;18.2;.468;1.0;2.9;.343;7.5;15.3;.491;.495;8.9;10.0;.895;2.0;9.6;11.7;2.9;1.1;0.6;2.1;2.8;27.0;
06-07;DAL;PF;6;6;39.8;6.0;15.7;.383;0.7;3.2;.211;5.3;12.5;.427;.404;7.0;8.3;.840;4.2;7.2;11.3;2.3;1.8;1.3;2.3;3.3;19.7;
07-08;DAL;PF;5;5;42.2;8.6;18.2;.473;1.2;3.6;.333;7.4;14.6;.507;.505;8.4;10.4;.808;2.0;10.0;12.0;4.0;0.2;1.4;2.0;2.6;26.8;
08-09;DAL;PF;10;10;39.4;8.8;17.0;.518;0.6;2.1;.286;8.2;14.9;.550;.535;8.6;9.3;.925;1.2;8.9;10.1;3.1;0.9;0.8;2.3;2.1;26.8;
09-10;DAL;PF;6;6;38.8;9.7;17.7;.547;0.7;1.2;.571;9.0;16.5;.545;.566;6.7;7.0;.952;1.2;7.0;8.2;3.0;0.8;0.7;1.7;2.5;26.7;
10-11;DAL;PF;<strong>21</strong>;21;39.3;9.1;18.9;.485;1.1;2.4;.460;8.0;16.5;.488;.514;8.3;8.9;.941;0.6;7.6;8.1;2.5;0.6;0.6;3.1;2.2;27.7;
11-12;DAL;PF;4;4;38.5;8.5;19.3;.442;0.3;1.5;.167;8.3;17.8;.465;.448;9.5;10.5;.905;0.8;5.5;6.3;1.8;0.8;2.5;2.3;26.8;
13-14;DAL;PF;7;7;37.6;7.7;18.0;.429;0.1;1.7;.083;7.6;16.3;.465;.433;3.6;4.4;.806;0.7;7.3;8.0;1.6;0.9;0.9;2.1;2.9;19.1;
14-15;DAL;PF;5;5;36.2;7.6;16.8;.452;0.8;3.4;.235;6.8;13.4;.507;.476;5.2;5.6;.929;0.8;9.6;10.4;2.4;0.4;0.4;2.0;3.2;21.2;
15-16;DAL;PF;5;5;34.0;8.2;16.6;.494;0.8;2.2;.364;7.4;14.4;.514;.518;3.2;3.4;.941;0.6;4.2;4.8;1.6;0.4;0.6;1.4;1.8;20.4;
Career;;145;145;40.7;8.4;18.2;.462;1.0;2.8;.365;7.4;15.4;.479;.490;7.4;8.3;.892;1.5;8.5;10.0;2.5;1.0;0.9;2.3;2.8;25.3;
Totals
98-99;DAL;PF;47;24;958;136;336;.405;14;68;.206;122;268;.455;.426;99;128;.773;41;121;162;47;29;27;73;105;385;
99-00;DAL;PF;82;81;2938;515;1118;.461;116;306;.379;399;812;.491;.513;289;348;.830;102;430;532;203;63;68;141;256;1435;
00-01;DAL;PF;82;82;3125;591;1247;.474;151;390;.387;440;857;.513;.534;451;538;.838;119;635;754;173;79;101;156;245;1784;
01-02;DAL;C;76;76;2891;600;1258;.477;139;350;.397;461;908;.508;.532;440;516;.853;120;635;755;186;83;77;145;222;1779;
02-03;DAL;PF;80;80;3117;690;1489;.463;148;390;.379;542;1099;.493;.513;483;548;.881;81;710;791;239;111;82;152;206;2011;
03-04;DAL;C;77;77;2915;605;1310;.462;99;290;.341;506;1020;.496;.500;371;423;.877;90;580;670;207;92;104;135;216;1680;
04-05;DAL;PF;78;78;3020;663;1445;.459;91;228;.399;572;1217;.470;.490;615;708;.869;96;661;757;240;97;119;176;219;2032;
05-06;DAL;PF;81;81;3089;751;1564;.480;110;271;.406;641;1293;.496;.515;539;598;.901;115;613;728;226;58;83;156;164;2151;
06-07;DAL;PF;78;78;2820;673;1341;.502;72;173;.416;601;1168;.515;.529;498;551;.904;122;571;693;263;52;62;167;171;1916;
07-08;DAL;PF;77;77;2769;630;1314;.479;79;220;.359;551;1094;.504;.510;478;544;.879;95;564;659;266;51;71;160;198;1817;
08-09;DAL;PF;81;81;3050;774;1616;.479;61;170;.359;713;1446;.493;.498;485;545;.890;88;593;681;197;61;63;157;176;2094;
09-10;DAL;PF;81;80;3039;720;1496;.481;51;121;.421;669;<strong>1375</strong>;.487;.498;536;586;.915;80;540;620;218;70;79;149;208;2027;
10-11;DAL;PF;73;73;2504;610;1179;.517;66;168;.393;544;1011;.538;.545;395;443;.892;50;463;513;190;38;47;137;172;1681;
11-12;DAL;PF;62;62;2079;473;1034;.457;78;212;.368;395;822;.481;.495;318;355;.896;46;372;418;136;42;30;117;129;1342;
12-13;DAL;PF;53;47;1661;343;728;.471;65;157;.414;278;571;.487;.516;166;193;.860;37;326;363;132;38;37;70;93;917;
13-14;DAL;PF;80;80;2628;633;1273;.497;131;329;.398;502;944;.532;.549;338;376;.899;40;458;498;216;73;45;117;165;1735;
14-15;DAL;PF;77;77;2282;487;1062;.459;104;274;.380;383;788;.486;.508;255;289;.882;44;413;457;143;39;33;82;160;1333;
15-16;DAL;PF;75;75;2364;498;1112;.448;126;342;.368;372;770;.483;.504;250;280;.893;52;437;489;132;52;52;84;161;1372;
16-17;DAL;PF;54;54;1424;296;678;.437;79;209;.378;217;469;.463;.495;98;112;.875;23;330;353;82;30;38;51;113;769;
17-18;DAL;C;77;77;1900;346;758;.456;138;337;.409;208;421;.494;.547;97;108;.898;22;416;438;120;43;45;51;146;927;
18-19;DAL;PF;51;20;795;135;376;.359;64;205;.312;71;171;.415;.444;39;50;.780;5;153;158;35;9;18;18;76;373;
Career;;1522;1460;51368;11169;23734;.471;1982;5210;.380;9187;18524;.496;.512;7240;8239;.879;1468;10021;11489;3651;1210;1281;2494;3601;31560;
Playoffs Totals
00-01;DAL;PF;10;10;399;69;163;.423;13;46;.283;56;117;.479;.463;83;94;.883;14;67;81;14;11;8;14;37;234;
01-02;DAL;C;8;8;357;73;164;.445;16;28;<strong>.571</strong>;57;136;.419;.494;65;74;.878;17;88;105;18;16;6;22;27;227;
02-03;DAL;PF;17;17;722;150;313;.479;27;61;.443;123;252;.488;.522;103;113;.912;15;181;196;37;21;16;40;52;430;
03-04;DAL;C;5;5;212;45;100;.450;7;15;.467;38;85;.447;.485;36;42;.857;13;46;59;7;7;13;6;16;133;
04-05;DAL;PF;13;13;551;103;256;.402;10;30;.333;93;226;.412;.422;92;111;.829;25;106;131;43;18;21;33;42;308;
05-06;DAL;PF;<strong>23</strong>;23;<strong>983</strong>;196;419;.468;23;67;.343;173;352;.491;.495;<strong>205</strong>;229;.895;47;<strong>221</strong>;<strong>268</strong>;67;25;14;49;64;620;
06-07;DAL;PF;6;6;239;36;94;.383;4;19;.211;32;75;.427;.404;42;50;.840;25;43;68;14;11;8;14;20;118;
07-08;DAL;PF;5;5;211;43;91;.473;6;18;.333;37;73;.507;.505;42;52;.808;10;50;60;20;1;7;10;13;134;
08-09;DAL;PF;10;10;394;88;170;.518;6;21;.286;82;149;.550;.535;86;93;.925;12;89;101;31;9;8;23;21;268;
09-10;DAL;PF;6;6;233;58;106;.547;4;7;.571;54;99;.545;.566;40;42;.952;7;42;49;18;5;4;10;15;160;
10-11;DAL;PF;<strong>21</strong>;21;826;<strong>192</strong>;<strong>396</strong>;.485;23;50;.460;<strong>169</strong>;<strong>346</strong>;.488;.514;<strong>175</strong>;<strong>186</strong>;.941;12;<strong>159</strong>;171;53;12;13;65;46;<strong>582</strong>;
11-12;DAL;PF;4;4;154;34;77;.442;1;6;.167;33;71;.465;.448;38;42;.905;3;22;25;7;3;10;9;107;
13-14;DAL;PF;7;7;263;54;126;.429;1;12;.083;53;114;.465;.433;25;31;.806;5;51;56;11;6;6;15;20;134;
14-15;DAL;PF;5;5;181;38;84;.452;4;17;.235;34;67;.507;.476;26;28;.929;4;48;52;12;2;2;10;16;106;
15-16;DAL;PF;5;5;170;41;83;.494;4;11;.364;37;72;.514;.518;16;17;.941;3;21;24;8;2;3;7;9;102;
Career;;145;145;5895;1220;2642;.462;149;408;.365;1071;2234;.479;.490;1074;1204;.892;212;1234;1446;360;149;129;328;407;3663;
Advanced
98-99;DAL;PF;47;958;12.8;.491;.202;.381;4.8;14.3;9.5;8.4;1.6;2.0;15.7;22.3;0.1;0.7;0.8;.040;-1.8;-0.7;-2.5;-0.1;
99-00;DAL;PF;82;2938;17.5;.564;.274;.311;3.8;15.6;9.7;10.9;1.1;1.6;10.0;21.2;6.1;1.9;8.1;.132;2.1;-0.5;1.6;2.6;
00-01;DAL;PF;82;3125;22.8;.601;.313;.431;4.4;22.1;13.5;9.4;1.3;2.3;9.5;23.8;10.3;4.3;14.6;.224;4.9;0.5;5.4;5.9;
01-02;DAL;C;76;2891;24.1;.599;.278;.410;4.7;24.0;14.5;10.8;1.5;1.9;8.9;25.5;10.2;3.1;13.4;.222;5.4;0.1;5.5;5.5;
02-03;DAL;PF;80;3117;25.6;.581;.262;.368;2.9;25.1;14.0;13.3;1.8;2.0;8.1;27.4;10.8;5.3;16.1;.249;5.8;1.4;7.2;7.3;
03-04;DAL;C;77;2915;22.5;.561;.221;.323;3.3;22.2;12.5;11.3;1.6;2.6;8.3;24.5;9.0;2.5;11.5;.190;3.8;3.8;4.3;
04-05;DAL;PF;78;3020;26.1;.578;.158;.490;3.6;24.0;14.0;14.3;1.7;2.9;9.1;28.7;10.3;5.2;15.6;<strong>.248</strong>;5.8;1.5;7.3;7.1;
05-06;DAL;PF;81;3089;<strong>28.1</strong>;.589;.173;.382;4.6;23.4;14.2;14.7;1.0;2.1;7.9;30.0;<strong>13.5</strong>;4.3;<strong>17.7</strong>;<strong>.275</strong>;<strong>7.8</strong>;0.4;8.1;7.9;
06-07;DAL;PF;78;2820;27.6;.605;.129;.411;5.3;23.9;14.8;17.8;1.0;1.7;9.5;28.9;<strong>11.8</strong>;4.5;<strong>16.3</strong>;<strong>.278</strong>;<strong>7.2</strong>;1.2;<strong>8.3</strong>;7.4;
07-08;DAL;PF;77;2769;24.6;.585;.167;.414;4.1;22.8;13.8;17.8;1.0;1.9;9.3;28.8;8.9;4.0;12.9;.223;5.6;1.0;6.6;6.0;
08-09;DAL;PF;81;3050;23.1;.564;.105;.337;3.3;22.1;12.8;12.1;1.0;1.5;7.8;30.3;7.5;3.4;10.9;.171;3.7;-0.3;3.4;4.2;
09-10;DAL;PF;81;3039;22.9;.578;.081;.392;3.1;20.1;11.7;13.0;1.2;2.0;7.8;28.8;8.4;3.9;12.3;.194;3.7;0.5;4.2;4.7;
10-11;DAL;PF;73;2504;23.4;.612;.142;.376;2.4;20.8;12.0;14.2;0.8;1.4;9.1;28.2;7.8;3.3;11.1;.213;4.3;0.8;5.1;4.5;
11-12;DAL;PF;62;2079;21.7;.564;.205;.343;2.5;19.9;11.3;12.6;1.1;1.2;9.0;29.2;5.0;2.6;7.6;.175;3.7;0.1;3.7;3.0;
12-13;DAL;PF;53;1661;19.8;.564;.216;.265;2.5;21.5;12.2;13.5;1.2;1.7;7.9;24.2;3.3;1.8;5.0;.145;3.0;0.1;3.1;2.2;
13-14;DAL;PF;80;2628;23.6;.603;.258;.295;1.8;20.0;10.9;14.2;1.4;1.4;7.5;26.9;8.6;2.3;10.9;.199;5.0;5.0;4.7;
14-15;DAL;PF;77;2282;19.2;.560;.258;.272;2.1;19.9;11.0;10.4;0.9;1.2;6.5;24.9;5.2;2.0;7.2;.152;2.7;-0.5;2.2;2.4;
15-16;DAL;PF;75;2364;19.0;.555;.308;.252;2.4;20.3;11.4;10.1;1.1;1.8;6.4;25.5;4.2;2.6;6.8;.138;2.4;0.1;2.5;2.7;
16-17;DAL;PF;54;1424;17.0;.529;.308;.165;1.8;28.3;14.4;10.6;1.1;2.4;6.6;25.8;0.6;1.9;2.5;.084;0.8;0.1;0.8;1.0;
17-18;DAL;C;77;1900;16.7;.575;.445;.142;1.2;25.2;12.8;10.4;1.1;2.1;<strong>6.0</strong>;20.5;2.6;2.2;4.8;.121;1.7;0.6;2.3;2.1;
18-19;DAL;PF;51;795;9.6;.469;.545;.133;0.7;20.5;10.6;6.9;0.5;1.9;4.3;22.5;-0.5;0.8;0.3;.016;-2.7;-1.2;-3.9;-0.4;
Career;;1522;51368;22.4;.577;.220;.347;3.3;21.9;12.7;12.6;1.2;1.9;8.4;26.5;143.8;62.6;206.3;.193;4.2;0.4;4.5;84.8;
Playoffs Advanced
00-01;DAL;PF;10;399;22.3;.573;.282;.577;3.7;19.5;11.3;7.0;1.5;1.5;6.4;25.3;1.4;0.3;1.7;.206;5.3;1.0;6.3;0.8;
01-02;DAL;C;8;357;24.8;.577;.171;.451;5.1;26.1;15.7;8.2;2.2;1.2;10.1;26.7;1.1;0.3;1.4;.193;5.8;0.6;6.4;0.8;
02-03;DAL;PF;17;722;23.2;.593;.195;.361;2.3;27.7;14.9;8.7;1.5;1.7;9.9;25.1;1.9;0.6;2.6;.172;4.7;0.3;5.0;1.3;
03-04;DAL;C;5;212;<strong>27.5</strong>;.561;.150;.420;5.3;23.5;13.4;5.7;1.6;4.4;<strong>4.8</strong>;23.4;1.0;0.2;1.3;<strong>.287</strong>;<strong>6.9</strong>;2.6;<strong>9.5</strong>;0.6;
04-05;DAL;PF;13;551;20.1;.505;.117;.434;5.0;22.4;13.4;13.0;1.7;2.9;9.8;27.0;0.9;0.3;1.2;.104;3.3;0.4;3.7;0.8;
05-06;DAL;PF;<strong>23</strong>;<strong>983</strong>;26.8;.596;.160;.547;5.6;28.0;16.5;12.6;1.4;1.2;8.6;26.9;<strong>3.8</strong>;1.6;<strong>5.4</strong>;<strong>.263</strong>;7.8;1.5;9.2;<strong>2.8</strong>;
06-07;DAL;PF;6;239;20.9;.509;.202;.532;11.5;20.5;15.9;10.4;2.4;3.2;10.8;23.7;0.5;0.1;0.6;.128;3.3;-0.2;3.1;0.3;
07-08;DAL;PF;5;211;26.3;.588;.198;.571;5.0;27.9;15.8;20.9;0.3;2.4;8.1;27.2;0.8;0.9;.196;7.7;1.9;9.6;0.6;
08-09;DAL;PF;10;394;28.4;.635;.124;.547;3.9;26.6;15.8;15.2;1.2;1.7;9.8;28.2;1.7;0.2;2.0;.238;6.2;0.6;6.9;0.9;
09-10;DAL;PF;6;233;28.3;.643;.066;.396;3.4;20.1;11.8;16.8;1.2;1.3;7.4;27.0;1.1;0.3;1.4;<strong>.291</strong>;8.1;2.6;10.7;0.8;
10-11;DAL;PF;<strong>21</strong>;826;25.2;.609;.126;.470;1.8;23.2;12.7;13.3;0.8;1.3;12.0;32.0;<strong>2.7</strong>;0.9;3.6;.210;4.7;0.8;5.5;1.6;
11-12;DAL;PF;4;154;22.5;.560;.078;.545;2.2;18.4;9.8;10.4;1.0;9.5;31.5;0.5;0.4;.139;3.7;-0.5;3.2;0.2;
13-14;DAL;PF;7;263;13.9;.480;.095;.246;2.1;24.6;12.4;6.9;1.2;1.8;9.7;26.5;-0.2;0.2;0.1;.011;-0.5;-0.8;-1.3;
14-15;DAL;PF;5;181;18.0;.550;.202;.333;2.2;28.3;14.8;10.1;0.5;0.9;9.4;24.0;0.4;0.1;0.4;.114;2.1;-0.4;1.7;0.2;
15-16;DAL;PF;5;170;18.7;.564;.133;.205;2.0;15.0;8.2;9.5;0.6;1.5;7.2;26.6;0.3;-0.2;0.1;.034;3.2;-1.0;2.2;0.2;
Career;;145;5895;23.8;.577;.154;.456;4.0;24.4;14.0;11.4;1.3;1.7;9.4;27.1;18.0;5.1;23.1;.188;5.2;0.7;5.9;11.8;
