Donatas Motiejūnas;Power Forward;Left;1990-09-20;;7-0;222;;;;;-1;;
Per Game
12-13;HOU;PF;44;14;12.2;2.2;4.8;.455;0.5;1.9;.289;1.7;3.0;.562;.512;0.7;1.2;.627;0.8;1.3;2.1;0.7;0.2;0.2;0.8;1.7;5.7;
13-14;HOU;PF;62;3;15.4;2.1;4.8;.443;0.3;1.4;.250;1.8;3.4;.519;.478;0.9;1.5;.604;1.0;2.7;3.6;0.5;0.3;0.3;0.8;2.1;5.5;
14-15;HOU;PF;71;62;28.7;5.0;9.9;.504;0.7;1.9;.368;4.3;8.0;.536;.539;1.4;2.3;.602;1.9;4.0;5.9;1.8;0.8;0.5;1.7;2.9;12.0;
15-16;HOU;PF;37;22;14.8;2.4;5.5;.439;0.4;1.5;.281;2.0;4.0;.500;.478;0.9;1.4;.642;1.0;1.9;2.9;1.1;0.5;0.1;1.2;1.9;6.2;
16-17;NOP;PF;34;14.1;1.7;4.1;.413;0.3;1.4;.234;1.4;2.7;.505;.453;0.7;1.4;.510;0.8;2.2;3.0;0.9;0.5;0.3;0.9;1.6;4.4;
18-19;SAS;PF;3;4.3;1.0;2.0;.500;1.0;2.0;.500;.500;0.7;0.7;0.3;1.0;0.3;0.3;1.0;2.0;2.0;
Career;;251;101;18.2;2.9;6.2;.469;0.5;1.6;.300;2.4;4.6;.529;.508;1.0;1.7;.597;1.2;2.6;3.8;1.1;0.5;0.3;1.1;2.1;7.3;
Playoffs Per Game
12-13;HOU;PF;1;5.0;2.0;2.0;1.000;2.0;2.0;1.000;1.000;1.0;1.0;1.000;1.0;1.0;5.0;
15-16;HOU;PF;5;4;19.6;3.2;7.4;.432;0.8;1.8;.444;2.4;5.6;.429;.486;1.6;3.4;.471;2.0;3.2;5.2;1.0;0.8;0.4;2.4;2.2;8.8;
18-19;SAS;PF;5;3.8;1.2;2.0;.600;0.2;1.2;1.8;.667;.600;0.2;0.4;.500;0.6;0.8;1.4;0.4;0.2;2.6;
Career;;11;4;11.1;2.2;4.5;.490;0.4;0.9;.400;1.8;3.5;.513;.531;0.9;1.8;.500;1.3;1.8;3.1;0.6;0.4;0.2;1.1;1.1;5.6;
Totals
12-13;HOU;PF;44;14;538;97;213;.455;24;83;.289;73;130;.562;.512;32;51;.627;36;57;93;31;7;10;37;73;250;
13-14;HOU;PF;62;3;952;131;296;.443;21;84;.250;110;212;.519;.478;58;96;.604;60;165;225;34;20;21;49;132;341;
14-15;HOU;PF;71;62;2037;353;700;.504;49;133;.368;304;567;.536;.539;100;166;.602;137;284;421;130;56;34;123;203;855;
15-16;HOU;PF;37;22;547;90;205;.439;16;57;.281;74;148;.500;.478;34;53;.642;37;72;109;41;17;5;44;69;230;
16-17;NOP;PF;34;479;57;138;.413;11;47;.234;46;91;.505;.453;25;49;.510;26;75;101;32;18;11;31;55;150;
18-19;SAS;PF;3;13;3;6;.500;3;6;.500;.500;2;2;1;3;1;1;3;6;6;
Career;;251;101;4566;731;1558;.469;121;404;.300;610;1154;.529;.508;249;417;.597;298;654;952;269;118;82;287;538;1832;
Playoffs Totals
12-13;HOU;PF;1;5;2;2;1.000;2;2;1.000;1.000;1;1;1.000;1;1;5;
15-16;HOU;PF;5;4;98;16;37;.432;4;9;.444;12;28;.429;.486;8;17;.471;10;16;26;5;4;2;12;11;44;
18-19;SAS;PF;5;19;6;10;.600;1;6;9;.667;.600;1;2;.500;3;4;7;2;1;13;
Career;;11;4;122;24;49;.490;4;10;.400;20;39;.513;.531;10;20;.500;14;20;34;7;4;2;12;12;62;
Advanced
12-13;HOU;PF;44;538;12.2;.531;.390;.239;7.7;11.9;9.8;9.5;0.6;1.4;13.6;22.1;0.4;0.3;0.7;.061;-1.9;-1.6;-3.5;-0.2;
13-14;HOU;PF;62;952;10.7;.504;.284;.324;7.4;18.2;13.1;5.5;1.0;1.6;12.7;17.8;0.3;1.0;1.4;.069;-3.2;-0.6;-3.8;-0.4;
14-15;HOU;PF;71;2037;14.4;.553;.190;.237;7.4;15.4;11.4;10.8;1.4;1.3;13.7;19.1;2.4;2.3;4.7;.110;-0.4;-0.1;-0.5;0.8;
15-16;HOU;PF;37;547;11.3;.504;.278;.259;7.4;14.6;11.0;12.2;1.5;0.8;16.2;21.4;0.3;0.3;.026;-2.8;-1.7;-4.5;-0.3;
16-17;NOP;PF;34;479;9.1;.470;.341;.355;5.7;16.6;11.1;9.7;1.8;1.9;16.3;17.6;-0.5;0.6;0.2;.016;-4.5;0.3;-4.3;-0.3;
18-19;SAS;PF;3;13;-0.5;.436;.333;16.9;8.3;12.6;11.9;6.5;30.4;33.5;-0.1;-0.1;-0.246;-19.4;-2.3;-21.7;-0.1;
Career;;251;4566;12.4;.526;.259;.268;7.3;15.6;11.5;9.6;1.3;1.4;14.1;19.3;2.5;4.6;7.1;.075;-1.9;-0.5;-2.5;-0.5;
Playoffs Advanced
12-13;HOU;PF;1;5;53.6;1.025;.500;22.0;11.2;21.5;0.1;0.1;.524;22.4;2.6;25.0;
15-16;HOU;PF;5;98;11.6;.495;.243;.459;10.2;18.3;14.0;9.7;2.0;1.8;21.2;23.7;-0.1;0.1;-0.1;-0.044;-1.1;-0.7;-1.7;
18-19;SAS;PF;5;19;33.0;.597;.100;.200;17.1;22.5;19.8;20.8;26.5;0.1;0.1;.272;9.2;-0.6;8.6;
Career;;11;122;16.7;.536;.204;.408;11.7;18.2;14.8;11.1;1.6;1.4;17.2;24.1;0.1;0.1;.029;1.5;-0.5;1.0;0.1;
