Donald Sloan;Point Guard and Shooting Guard;Right;1988-01-15;;6-3;205;Seagoville in Dallas,Texas;;;;-1;;
Per Game
11-12;TOT;PG;33;11;20.3;2.4;6.0;.399;0.1;0.8;.080;2.3;5.2;.445;.404;0.7;0.9;.767;0.5;1.5;2.0;3.2;0.4;0.1;1.5;1.1;5.5;
11-12;ATL;PG;5;4.0;0.6;1.6;.375;0.2;0.6;1.4;.429;.375;0.2;0.8;1.0;1.0;0.2;0.4;0.6;1.2;
11-12;NOH;PG;3;13.7;1.7;4.7;.357;0.7;1.7;4.0;.417;.357;0.7;1.3;.500;0.7;0.3;1.0;2.7;0.7;1.7;0.7;4.0;
11-12;CLE;PG;25;11;24.3;2.8;7.0;.403;0.1;0.9;.091;2.8;6.2;.448;.409;0.8;1.0;.808;0.6;1.8;2.4;3.7;0.4;0.1;1.7;1.3;6.6;
12-13;TOT;PG,SG;23;11.4;1.2;3.4;.346;0.3;0.8;.368;0.9;2.6;.339;.391;0.9;1.1;.800;0.1;1.1;1.2;1.7;0.2;0.6;0.7;3.5;
12-13;CLE;SG;20;12.9;1.4;3.9;.346;0.4;1.0;.368;1.0;3.0;.339;.391;1.0;1.3;.800;0.2;1.3;1.4;1.9;0.3;0.7;0.9;4.1;
12-13;NOH;PG;3;2.0;0.3;0.3;
13-14;IND;SG;48;1;8.2;0.9;2.4;.376;0.2;0.9;.238;0.7;1.6;.453;.419;0.3;0.4;.600;0.1;0.8;0.9;1.0;0.2;0.5;0.4;2.3;
14-15;IND;PG;53;21;20.9;2.7;6.7;.408;0.8;2.5;.313;2.0;4.2;.464;.466;1.1;1.5;.779;0.2;2.5;2.7;3.6;0.4;1.2;0.9;7.4;
15-16;BRK;PG;61;33;21.6;2.5;5.7;.440;0.6;1.6;.384;1.9;4.1;.462;.494;1.3;1.7;.750;0.3;2.6;2.8;4.4;0.5;0.1;1.3;1.2;7.0;
Career;;218;66;17.2;2.1;5.0;.409;0.4;1.4;.310;1.6;3.6;.449;.454;0.9;1.2;.754;0.2;1.8;2.1;3.0;0.4;1.1;0.9;5.5;
Playoffs Per Game
13-14;IND;SG;4;3.8;0.5;1.8;.286;0.3;1.0;.250;0.3;0.8;.333;.357;0.5;1.0;.500;0.3;0.3;0.8;0.3;0.5;1.8;
Career;;4;3.8;0.5;1.8;.286;0.3;1.0;.250;0.3;0.8;.333;.357;0.5;1.0;.500;0.3;0.3;0.8;0.3;0.5;1.8;
Totals
11-12;TOT;PG;33;11;669;79;198;.399;2;25;.080;77;173;.445;.404;23;30;.767;18;49;67;105;13;3;49;37;183;
11-12;ATL;PG;5;20;3;8;.375;1;3;7;.429;.375;1;4;5;5;1;2;3;6;
11-12;NOH;PG;3;41;5;14;.357;2;5;12;.417;.357;2;4;.500;2;1;3;8;2;5;2;12;
11-12;CLE;PG;25;11;608;71;176;.403;2;22;.091;69;154;.448;.409;21;26;.808;15;44;59;92;10;3;42;32;165;
12-13;TOT;PG,SG;23;263;27;78;.346;7;19;.368;20;59;.339;.391;20;25;.800;3;25;28;38;5;14;17;81;
12-13;CLE;SG;20;257;27;78;.346;7;19;.368;20;59;.339;.391;20;25;.800;3;25;28;37;5;13;17;81;
12-13;NOH;PG;3;6;1;1;
13-14;IND;SG;48;1;392;44;117;.376;10;42;.238;34;75;.453;.419;12;20;.600;4;40;44;50;10;1;22;19;110;
14-15;IND;PG;53;21;1107;145;355;.408;41;131;.313;104;224;.464;.466;60;77;.779;12;131;143;190;23;65;47;391;
15-16;BRK;PG;61;33;1318;154;350;.440;38;99;.384;116;251;.462;.494;78;104;.750;17;156;173;268;32;4;80;73;424;
Career;;218;66;3749;449;1098;.409;98;316;.310;351;782;.449;.454;193;256;.754;54;401;455;651;83;8;230;193;1189;
Playoffs Totals
13-14;IND;SG;4;15;2;7;.286;1;4;.250;1;3;.333;.357;2;4;.500;1;1;3;1;2;7;
Career;;4;15;2;7;.286;1;4;.250;1;3;.333;.357;2;4;.500;1;1;3;1;2;7;
Advanced
11-12;TOT;PG;33;669;8.9;.433;.126;.152;3.0;8.6;5.7;26.5;1.0;0.3;18.8;17.6;-0.4;0.1;-0.3;-0.024;-3.3;-2.1;-5.3;-0.6;
11-12;ATL;PG;5;20;11.6;.375;.125;5.9;23.3;14.7;41.6;2.7;20.0;23.5;.012;-5.4;1.8;-3.6;
11-12;NOH;PG;3;41;8.0;.381;.143;.286;5.9;2.9;4.4;32.5;2.7;24.1;23.9;-0.1;-0.1;-0.104;-3.4;-1.3;-4.7;
11-12;CLE;PG;25;608;8.9;.440;.125;.148;2.7;8.6;5.5;25.6;0.9;0.4;18.3;17.0;-0.3;-0.3;-0.020;-3.2;-2.2;-5.4;-0.5;
12-13;TOT;PG,SG;23;263;9.6;.455;.244;.321;1.3;11.5;6.2;22.0;1.0;13.6;17.5;0.1;.017;-1.8;-1.2;-3.0;-0.1;
12-13;CLE;SG;20;257;9.9;.455;.244;.321;1.3;11.8;6.3;22.0;1.0;12.7;17.7;0.1;0.1;.022;-1.7;-1.2;-2.9;-0.1;
12-13;NOH;PG;3;6;-3.3;22.3;100.0;7.8;-0.212;-5.6;-3.7;-9.4;
13-14;IND;SG;48;392;8.5;.437;.359;.171;1.2;11.0;6.3;20.1;1.3;0.2;14.9;17.2;-0.3;0.6;0.3;.039;-3.3;0.3;-3.0;-0.1;
14-15;IND;PG;53;1107;13.1;.503;.369;.217;1.2;13.0;7.1;27.5;1.1;14.3;18.6;0.9;1.1;2.0;.085;-0.1;-0.1;0.5;
15-16;BRK;PG;61;1318;13.9;.536;.283;.297;1.4;13.5;7.4;30.0;1.2;0.2;16.8;16.1;1.7;0.3;2.0;.071;-0.3;-1.4;-1.7;0.1;
Career;;218;3749;11.9;.491;.288;.233;1.6;12.1;6.8;27.1;1.1;0.2;16.0;17.3;1.9;2.1;4.0;.051;-1.2;-1.0;-2.1;-0.1;
Playoffs Advanced
13-14;IND;SG;4;15;9.3;.400;.571;.571;7.9;4.0;35.3;3.6;18.6;35.0;-0.1;-0.132;-1.2;-1.3;-2.5;
Career;;4;15;9.3;.400;.571;.571;7.9;4.0;35.3;3.6;18.6;35.0;-0.1;-0.132;-1.2;-1.3;-2.5;
