Dorell Wright;Small Forward;Right;1985-12-02;;6-9;205;South Kent School in South Kent,Connecticut;;;;-1;;
Per Game
04-05;MIA;SF;3;9.0;1.0;3.7;.273;1.3;1.0;2.3;.429;.273;0.3;0.3;1.000;0.3;0.3;1.0;1.3;1.0;0.7;2.3;
05-06;MIA;SF;20;2;6.6;1.0;2.2;.465;0.2;0.3;.500;0.9;1.9;.459;.500;0.8;0.9;.882;0.1;1.5;1.6;0.4;0.2;0.1;0.7;0.6;2.9;
06-07;MIA;SF;66;19;19.6;2.5;5.5;.445;0.1;0.5;.147;2.4;5.0;.476;.452;1.0;1.3;.744;0.6;3.5;4.1;1.4;0.6;0.7;1.0;1.7;6.0;
07-08;MIA;SF;44;34;25.1;3.3;6.7;.488;0.1;0.3;.364;3.2;6.4;.493;.495;1.3;1.6;.826;1.1;3.9;5.0;1.4;0.7;0.9;0.7;1.8;7.9;
08-09;MIA;SF;6;12.2;1.3;3.3;.400;1.3;3.3;.400;.400;0.3;1.0;.333;0.3;3.0;3.3;0.3;0.3;1.0;1.3;3.0;
09-10;MIA;SF;72;1;20.8;2.7;5.8;.463;0.8;2.2;.389;1.8;3.6;.508;.536;0.8;1.0;.884;0.7;2.6;3.3;1.3;0.7;0.4;0.7;1.3;7.1;
10-11;GSW;SF;82;82;38.4;5.9;14.0;.423;2.4;6.3;.376;3.5;7.7;.462;.508;2.2;2.8;.789;1.1;4.2;5.3;3.0;1.5;0.8;1.6;2.1;16.4;
11-12;GSW;SF;61;61;27.0;3.6;8.6;.422;1.7;4.8;.360;1.9;3.8;.500;.522;1.3;1.6;.816;1.0;3.6;4.6;1.5;1.0;0.4;0.8;1.6;10.3;
12-13;PHI;SF;79;8;22.6;3.0;7.6;.396;1.7;4.6;.374;1.3;3.0;.429;.508;1.5;1.8;.851;0.5;3.3;3.8;1.9;0.8;0.4;0.8;1.2;9.2;
13-14;POR;SF;68;13;14.5;1.6;4.4;.374;1.0;3.0;.342;0.6;1.4;.442;.490;0.8;1.0;.754;0.4;2.4;2.8;0.9;0.3;0.2;0.6;0.9;5.0;
14-15;POR;SF;48;2;12.3;1.5;4.0;.379;0.9;2.3;.380;0.6;1.7;.378;.487;0.7;0.9;.810;0.3;2.0;2.3;0.9;0.4;0.2;0.4;1.1;4.6;
Career;;549;222;22.4;3.0;7.1;.424;1.1;3.1;.365;1.9;4.0;.469;.503;1.2;1.5;.806;0.7;3.1;3.8;1.5;0.8;0.5;0.9;1.4;8.4;
Playoffs Per Game
06-07;MIA;SF;1;1.0;
08-09;MIA;SF;1;3.0;
09-10;MIA;SF;5;22.4;1.8;5.0;.360;0.4;1.6;.250;1.4;3.4;.412;.400;1.0;1.0;1.000;0.4;3.4;3.8;1.8;0.4;1.2;0.6;5.0;
13-14;POR;SF;8;11.0;0.9;2.4;.368;0.5;1.5;.333;0.4;0.9;.429;.474;1.4;1.9;.733;0.3;1.8;2.0;0.4;0.4;1.1;0.6;1.0;3.6;
15-16;MIA;SF;5;3.8;1.0;2.0;.500;0.4;1.0;.400;0.6;1.0;.600;.600;0.8;0.8;1.000;1.2;1.2;0.4;0.4;3.2;
Career;;20;11.2;1.1;2.7;.389;0.4;1.3;.320;0.7;1.5;.448;.463;1.0;1.2;.833;0.2;1.9;2.1;0.7;0.3;0.5;0.6;0.7;3.5;
Totals
04-05;MIA;SF;3;27;3;11;.273;4;3;7;.429;.273;1;1;1.000;1;1;3;4;3;2;7;
05-06;MIA;SF;20;2;132;20;43;.465;3;6;.500;17;37;.459;.500;15;17;.882;2;30;32;8;3;1;14;12;58;
06-07;MIA;SF;66;19;1292;162;364;.445;5;34;.147;157;330;.476;.452;64;86;.744;40;232;272;95;41;46;65;112;393;
07-08;MIA;SF;44;34;1104;143;293;.488;4;11;.364;139;282;.493;.495;57;69;.826;48;172;220;60;29;41;29;79;347;
08-09;MIA;SF;6;73;8;20;.400;8;20;.400;.400;2;6;.333;2;18;20;2;2;6;8;18;
09-10;MIA;SF;72;1;1496;194;419;.463;61;157;.389;133;262;.508;.536;61;69;.884;50;185;235;91;52;32;53;94;510;
10-11;GSW;SF;82;82;3147;485;1146;.423;<strong>194</strong>;<strong>516</strong>;.376;291;630;.462;.508;180;228;.789;88;343;431;242;124;63;133;171;1344;
11-12;GSW;SF;61;61;1650;222;526;.422;105;292;.360;117;234;.500;.522;80;98;.816;60;218;278;94;58;26;51;97;629;
12-13;PHI;SF;79;8;1783;237;599;.396;135;361;.374;102;238;.429;.508;120;141;.851;42;260;302;150;62;35;64;98;729;
13-14;POR;SF;68;13;984;111;297;.374;69;202;.342;42;95;.442;.490;52;69;.754;29;162;191;64;23;16;39;62;343;
14-15;POR;SF;48;2;592;72;190;.379;41;108;.380;31;82;.378;.487;34;42;.810;14;97;111;41;20;11;18;55;219;
Career;;549;222;12280;1657;3908;.424;617;1691;.365;1040;2217;.469;.503;666;826;.806;375;1718;2093;850;418;271;475;790;4597;
Playoffs Totals
06-07;MIA;SF;1;1;
08-09;MIA;SF;1;3;
09-10;MIA;SF;5;112;9;25;.360;2;8;.250;7;17;.412;.400;5;5;1.000;2;17;19;9;2;6;3;25;
13-14;POR;SF;8;88;7;19;.368;4;12;.333;3;7;.429;.474;11;15;.733;2;14;16;3;3;9;5;8;29;
15-16;MIA;SF;5;19;5;10;.500;2;5;.400;3;5;.600;.600;4;4;1.000;6;6;2;2;16;
Career;;20;223;21;54;.389;8;25;.320;13;29;.448;.463;20;24;.833;4;37;41;14;5;9;11;13;70;
Advanced
04-05;MIA;SF;3;27;5.2;.306;.364;.091;4.2;2.2;16.7;7.8;20.8;24.9;-0.1;0.1;-0.1;-0.134;-9.0;1.7;-7.2;
05-06;MIA;SF;20;132;13.2;.574;.140;.395;1.9;25.6;14.3;9.8;1.2;0.6;21.7;22.6;0.2;0.2;.064;-2.6;-2.6;
06-07;MIA;SF;66;1292;12.7;.489;.093;.236;3.7;20.7;12.4;12.1;1.7;2.8;13.9;17.1;-0.1;2.0;1.9;.072;-1.9;1.5;-0.4;0.5;
07-08;MIA;SF;44;1104;14.4;.537;.038;.235;5.1;19.0;11.9;9.4;1.4;3.0;8.2;15.1;1.2;1.1;2.2;.096;-0.7;0.7;0.1;0.6;
08-09;MIA;SF;6;73;3.7;.398;.300;3.3;29.8;16.4;4.2;1.5;20.9;18.4;-0.2;0.1;-0.1;-0.086;-9.5;-0.8;-10.3;-0.1;
09-10;MIA;SF;72;1496;14.5;.567;.375;.165;4.0;14.4;9.2;9.8;1.9;1.7;10.6;15.8;2.1;2.2;4.3;.137;0.7;1.2;1.8;1.5;
10-11;GSW;SF;82;3147;15.0;.539;.450;.199;3.1;12.6;7.8;11.6;2.0;1.5;9.6;19.3;3.9;1.8;5.8;.088;1.3;-0.5;0.8;2.2;
11-12;GSW;SF;61;1650;15.0;.553;.555;.186;4.1;14.9;9.6;8.8;1.8;1.2;8.2;17.3;2.6;0.8;3.4;.099;1.6;-0.7;0.9;1.2;
12-13;PHI;SF;79;1783;16.0;.551;.603;.235;2.6;17.0;9.6;13.1;1.8;1.5;8.8;18.7;2.8;2.1;4.9;.132;1.9;0.6;2.6;2.1;
13-14;POR;SF;68;984;11.9;.524;.680;.232;3.2;17.5;10.5;9.4;1.2;1.1;10.6;16.2;0.9;1.0;1.9;.091;0.4;0.5;0.9;0.7;
14-15;POR;SF;48;592;13.4;.525;.568;.221;2.6;17.2;10.0;10.2;1.7;1.3;7.9;17.1;0.7;0.8;1.6;.128;0.3;1.5;1.8;0.6;
Career;;549;12280;14.4;.538;.433;.211;3.5;16.0;9.7;10.8;1.8;1.7;10.0;17.6;13.7;12.1;25.9;.101;0.6;0.3;0.9;9.1;
Playoffs Advanced
06-07;MIA;SF;1;1;-0.025;-3.1;-1.0;-4.1;
08-09;MIA;SF;1;3;.005;-2.4;0.7;-1.6;
09-10;MIA;SF;5;112;7.7;.460;.320;.200;2.1;20.5;10.5;13.0;0.9;18.1;13.8;-0.1;0.1;.015;-1.6;-0.1;-1.7;
13-14;POR;SF;8;88;14.2;.566;.632;.789;2.5;17.1;9.9;4.9;1.7;7.5;16.3;15.3;0.1;0.1;.080;0.7;2.6;3.3;0.1;
15-16;MIA;SF;5;19;36.1;.680;.500;.400;35.5;18.7;21.6;29.5;0.2;0.2;.479;9.1;4.6;13.6;0.1;
Career;;20;223;12.6;.542;.463;.444;2.0;20.0;10.8;10.3;1.2;2.9;14.6;15.5;0.1;0.3;0.4;.080;0.2;1.4;1.6;0.2;
