Doug McDermott;Small Forward and Power Forward;Right;1992-01-03;;6-7;225;Ames in Ames,Iowa;;;;-1;;
Per Game
14-15;CHI;SF;36;8.9;1.2;3.0;.402;0.4;1.1;.317;0.8;1.8;.455;.463;0.3;0.4;.667;0.2;1.0;1.2;0.2;0.1;0.5;0.8;3.0;
15-16;CHI;SF;81;4;23.0;3.6;8.0;.452;1.4;3.2;.425;2.2;4.8;.470;.537;0.9;1.0;.857;0.5;2.0;2.4;0.7;0.2;0.1;0.7;1.6;9.4;
16-17;TOT;SF;66;5;22.8;3.4;7.5;.447;1.2;3.2;.370;2.2;4.4;.502;.524;1.1;1.3;.845;0.3;2.4;2.7;0.9;0.2;0.1;0.6;1.2;9.0;
16-17;CHI;SF;44;4;24.5;3.8;8.5;.445;1.3;3.4;.373;2.5;5.1;.493;.520;1.3;1.5;.881;0.3;2.6;3.0;1.0;0.3;0.1;0.7;1.3;10.2;
16-17;OKC;SF;22;1;19.5;2.5;5.6;.452;1.0;2.6;.362;1.6;3.0;.530;.536;0.5;0.8;.706;0.3;2.0;2.2;0.6;0.1;0.3;1.0;6.6;
17-18;TOT;SF;81;4;21.8;2.9;6.3;.467;1.1;2.7;.426;1.8;3.6;.497;.557;0.8;1.0;.790;0.5;2.0;2.5;1.0;0.2;0.2;0.7;1.5;7.8;
17-18;NYK;SF;55;1;21.3;2.7;6.0;.460;1.0;2.5;.387;1.8;3.5;.513;.541;0.7;1.0;.755;0.6;1.8;2.4;0.9;0.2;0.2;0.6;1.3;7.2;
17-18;DAL;SF;26;3;22.9;3.3;6.9;.478;1.5;3.0;.494;1.8;3.9;.465;.586;0.9;1.1;.857;0.3;2.3;2.5;1.1;0.3;0.2;0.8;1.9;9.0;
18-19;IND;SF;77;1;17.4;2.7;5.5;.491;1.1;2.7;.408;1.6;2.8;.569;.590;0.9;1.0;.835;0.2;1.2;1.4;0.9;0.2;0.1;0.5;1.4;7.3;
19-20;IND;PF;69;19.9;3.9;7.9;.488;1.9;4.3;.435;2.0;3.7;.549;.605;0.7;0.8;.828;0.4;2.1;2.5;1.1;0.2;0.1;0.6;1.7;10.3;
20-21;IND;PF;66;29;24.5;5.4;10.1;.532;1.7;4.3;.388;3.7;5.7;.641;.616;1.2;1.5;.816;0.9;2.4;3.3;1.3;0.3;0.1;0.8;1.8;13.6;
21-22;SAS;PF;51;51;24.0;4.2;9.1;.462;2.1;5.0;.422;2.1;4.1;.512;.578;0.8;1.0;.784;0.4;1.9;2.3;1.3;0.3;0.1;0.8;1.5;11.3;
Career;;527;94;20.9;3.5;7.3;.476;1.4;3.4;.409;2.1;4.0;.533;.570;0.9;1.0;.820;0.4;1.9;2.3;0.9;0.2;0.1;0.7;1.5;9.2;
Playoffs Per Game
14-15;CHI;SF;3;3.3;0.3;1.0;.333;0.3;0.7;.500;0.3;.500;0.7;0.7;1.000;0.3;0.3;0.7;0.3;0.3;1.7;
16-17;OKC;SF;5;13.2;1.8;3.6;.500;1.4;2.6;.538;0.4;1.0;.400;.694;1.0;1.0;0.2;0.2;0.2;0.2;0.4;5.0;
18-19;IND;SF;3;9.7;0.7;3.3;.200;2.3;0.7;1.0;.667;.200;0.7;1.3;.500;1.0;0.7;1.7;1.3;0.3;0.7;2.0;
19-20;IND;PF;4;13.5;1.0;3.8;.267;0.5;2.5;.200;0.5;1.3;.400;.333;0.8;0.8;0.3;0.3;0.3;0.8;2.5;
Career;;15;10.6;1.1;3.1;.348;0.7;2.1;.313;0.4;0.9;.429;.457;0.3;0.4;.667;0.3;0.7;1.0;0.5;0.1;0.1;0.2;0.5;3.1;
Totals
14-15;CHI;SF;36;321;43;107;.402;13;41;.317;30;66;.455;.463;10;15;.667;6;37;43;6;4;1;17;29;109;
15-16;CHI;SF;81;4;1861;291;644;.452;110;259;.425;181;385;.470;.537;72;84;.857;37;158;195;59;14;6;53;127;764;
16-17;TOT;SF;66;5;1508;222;497;.447;77;208;.370;145;289;.502;.524;71;84;.845;20;159;179;58;13;5;38;79;592;
16-17;CHI;SF;44;4;1078;166;373;.445;56;150;.373;110;223;.493;.520;59;67;.881;14;116;130;45;11;4;32;57;447;
16-17;OKC;SF;22;1;430;56;124;.452;21;58;.362;35;66;.530;.536;12;17;.706;6;43;49;13;2;1;6;22;145;
17-18;TOT;SF;81;4;1768;237;508;.467;92;216;.426;145;292;.497;.557;64;81;.790;40;160;200;79;19;16;56;122;630;
17-18;NYK;SF;55;1;1172;151;328;.460;53;137;.387;98;191;.513;.541;40;53;.755;33;101;134;50;10;12;34;73;395;
17-18;DAL;SF;26;3;596;86;180;.478;39;79;.494;47;101;.465;.586;24;28;.857;7;59;66;29;9;4;22;49;235;
18-19;IND;SF;77;1;1340;207;422;.491;84;206;.408;123;216;.569;.590;66;79;.835;17;92;109;67;18;8;42;104;564;
19-20;IND;PF;69;1372;267;547;.488;128;294;.435;139;253;.549;.605;48;58;.828;26;148;174;78;12;5;42;117;710;
20-21;IND;PF;66;29;1619;354;665;.532;111;286;.388;243;379;.641;.616;80;98;.816;60;161;221;85;20;6;53;117;899;
21-22;SAS;PF;51;51;1223;215;465;.462;108;256;.422;107;209;.512;.578;40;51;.784;18;97;115;64;13;6;43;79;578;
Career;;527;94;11012;1836;3855;.476;723;1766;.409;1113;2089;.533;.570;451;550;.820;224;1012;1236;496;113;53;344;774;4846;
Playoffs Totals
14-15;CHI;SF;3;10;1;3;.333;1;2;.500;1;.500;2;2;1.000;1;1;2;1;1;5;
16-17;OKC;SF;5;66;9;18;.500;7;13;.538;2;5;.400;.694;5;5;1;1;1;1;2;25;
18-19;IND;SF;3;29;2;10;.200;7;2;3;.667;.200;2;4;.500;3;2;5;4;1;2;6;
19-20;IND;PF;4;54;4;15;.267;2;10;.200;2;5;.400;.333;3;3;1;1;1;3;10;
Career;;15;159;16;46;.348;10;32;.313;6;14;.429;.457;4;6;.667;4;11;15;7;2;2;3;7;46;
Advanced
14-15;CHI;SF;36;321;6.1;.480;.383;.140;2.1;12.2;7.3;3.0;0.6;0.2;13.0;18.3;-0.3;0.2;-0.005;-4.1;-1.9;-6.0;-0.3;
15-16;CHI;SF;81;1861;10.9;.561;.402;.130;2.1;8.8;5.5;5.0;0.4;0.2;7.2;17.3;2.1;0.7;2.8;.073;-1.0;-1.9;-2.9;-0.4;
16-17;TOT;SF;66;1508;10.7;.554;.419;.169;1.4;11.5;6.4;5.9;0.4;0.3;6.6;16.4;1.6;1.0;2.6;.083;-0.9;-1.4;-2.3;-0.1;
16-17;CHI;SF;44;1078;11.3;.555;.402;.180;1.4;11.7;6.5;6.5;0.5;0.3;7.4;17.6;1.1;0.8;1.9;.084;-0.9;-1.2;-2.1;
16-17;OKC;SF;22;430;9.3;.551;.468;.137;1.5;11.1;6.3;4.4;0.2;0.2;4.4;13.6;0.5;0.2;0.7;.080;-1.0;-1.7;-2.7;-0.1;
17-18;TOT;SF;81;1768;10.4;.579;.425;.159;2.5;10.2;6.3;6.5;0.5;0.8;9.3;15.0;1.7;0.6;2.3;.063;-1.0;-1.3;-2.2;-0.1;
17-18;NYK;SF;55;1172;9.9;.562;.418;.162;3.1;9.5;6.3;6.0;0.4;0.9;8.8;14.4;1.1;0.3;1.3;.055;-0.7;-1.4;-2.1;
17-18;DAL;SF;26;596;11.5;.611;.439;.156;1.3;11.4;6.1;7.5;0.8;0.6;10.3;16.3;0.6;0.3;1.0;.077;-1.5;-1.0;-2.6;-0.1;
18-19;IND;SF;77;1340;11.6;.617;.488;.187;1.4;7.5;4.5;7.1;0.7;0.5;8.4;16.3;1.8;1.1;2.9;.103;-0.5;-0.9;-1.4;0.2;
19-20;IND;PF;69;1372;14.4;.620;.537;.106;2.1;11.7;7.0;8.4;0.4;0.3;6.8;19.6;2.3;1.1;3.3;.117;1.4;-1.3;0.7;
20-21;IND;PF;66;1619;15.6;.635;.430;.147;4.0;10.7;7.4;7.8;0.6;0.3;7.0;20.0;3.1;0.7;3.8;.112;1.4;-2.0;-0.6;0.6;
21-22;SAS;PF;51;1223;11.4;.593;.551;.110;1.5;8.4;4.9;7.3;0.5;0.4;8.1;18.3;1.1;0.5;1.6;.062;-0.4;-2.1;-2.5;-0.1;
Career;;527;11012;11.9;.591;.458;.143;2.2;9.9;6.1;6.6;0.5;0.4;7.7;17.5;13.4;5.9;19.2;.084;-0.3;-1.6;-1.9;0.4;
Playoffs Advanced
14-15;CHI;SF;3;10;19.1;.644;.667;.667;11.2;10.8;11.0;16.2;20.5;22.2;.193;4.1;-0.2;3.9;
16-17;OKC;SF;5;66;12.1;.694;.722;8.7;4.1;2.3;0.7;1.5;5.3;12.3;0.1;0.1;.091;1.9;-0.6;1.3;0.1;
18-19;IND;SF;3;29;6.0;.255;.700;.400;10.3;8.3;9.4;21.9;3.3;18.6;-0.1;-0.056;-2.5;-0.9;-3.4;
19-20;IND;PF;4;54;-0.6;.333;.667;6.7;3.3;2.7;0.9;6.3;13.6;-0.2;-0.2;-0.142;-5.5;-4.4;-9.9;-0.1;
Career;;15;159;7.1;.473;.696;.130;2.6;8.1;5.2;6.9;0.6;1.2;5.8;14.5;-0.1;-0.009;-1.3;-1.9;-3.2;
