Draymond Green;Power Forward and Small Forward;Right;1990-03-04;;6-6;230;Saginaw in Saginaw,Michigan;;;;-1;;
Per Game
12-13;GSW;SF;79;1;13.4;1.1;3.3;.327;0.2;0.8;.209;0.9;2.4;.368;.354;0.6;0.7;.818;0.7;2.6;3.3;0.7;0.5;0.3;0.6;2.0;2.9;
13-14;GSW;SF;82;12;21.9;2.3;5.6;.407;0.7;2.0;.333;1.6;3.6;.449;.467;1.0;1.5;.667;1.0;3.9;5.0;1.9;1.2;0.9;1.1;2.8;6.2;
14-15;GSW;PF;79;79;31.5;4.3;9.7;.443;1.4;4.2;.337;2.9;5.5;.523;.516;1.7;2.5;.660;1.4;6.7;8.2;3.7;1.6;1.3;1.7;3.2;11.7;
15-16;GSW;PF;81;81;34.7;5.0;10.1;.490;1.2;3.2;.388;3.7;6.9;.537;.551;2.8;4.1;.696;1.7;7.8;9.5;7.4;1.5;1.4;3.2;3.0;14.0;
16-17;GSW;PF;76;76;32.5;3.6;8.6;.418;1.1;3.5;.308;2.5;5.1;.494;.481;2.0;2.8;.709;1.3;6.6;7.9;7.0;<strong>2.0</strong>;1.4;2.4;2.9;10.2;
17-18;GSW;PF;70;70;32.7;4.0;8.8;.454;1.1;3.7;.301;2.9;5.2;.562;.516;1.9;2.5;.775;1.1;6.6;7.6;7.3;1.4;1.3;2.9;2.6;11.0;
18-19;GSW;PF;66;66;31.3;2.8;6.4;.445;0.7;2.5;.285;2.1;3.9;.549;.501;1.0;1.4;.692;0.9;6.4;7.3;6.9;1.4;1.1;2.6;3.0;7.4;
19-20;GSW;PF;43;43;28.4;2.9;7.3;.389;0.8;3.0;.279;2.0;4.3;.465;.446;1.5;1.9;.759;0.5;5.7;6.2;6.2;1.4;0.8;2.3;2.6;8.0;
20-21;GSW;PF;63;63;31.5;2.7;6.0;.447;0.5;2.0;.270;2.2;4.0;.535;.492;1.1;1.4;.795;0.9;6.3;7.1;8.9;1.7;0.8;3.0;3.1;7.0;
21-22;GSW;PF;46;44;28.9;2.9;5.6;.525;0.3;1.2;.296;2.6;4.4;.586;.556;1.3;2.0;.659;1.0;6.3;7.3;7.0;1.3;1.1;3.0;3.0;7.5;
Career;;685;535;28.5;3.2;7.2;.441;0.8;2.6;.315;2.3;4.6;.514;.499;1.5;2.1;.712;1.1;5.8;6.9;5.4;1.4;1.0;2.2;2.8;8.7;
Playoffs Per Game
12-13;GSW;SF;12;1;18.6;2.0;4.7;.429;0.8;1.9;.391;1.3;2.8;.455;.509;1.1;1.4;.765;1.2;3.1;4.3;1.6;0.5;0.8;1.0;2.9;5.8;
13-14;GSW;SF;7;4;32.6;4.0;8.6;.467;1.1;4.1;.276;2.9;4.4;.645;.533;2.7;3.4;.792;2.6;5.7;8.3;2.9;1.7;1.7;2.4;4.7;11.9;
14-15;GSW;PF;<strong>21</strong>;21;37.3;4.8;11.4;.417;1.1;4.3;.264;3.6;7.1;.510;.467;3.0;4.1;.736;2.2;7.9;10.1;5.2;1.8;1.2;2.8;4.2;13.7;
15-16;GSW;PF;23;23;38.2;5.2;12.0;.431;1.7;4.5;.365;3.5;7.5;.471;.500;3.4;4.7;.738;1.7;8.3;9.9;6.0;1.6;1.8;2.4;3.5;15.4;
16-17;GSW;PF;17;17;34.9;4.2;9.5;.447;1.9;4.6;.410;2.4;4.9;.482;.547;2.7;3.9;.687;1.2;7.9;9.1;6.5;1.8;1.6;2.1;3.5;13.1;
17-18;GSW;PF;21;21;39.0;4.0;9.1;.432;1.0;3.8;.266;3.0;5.4;.549;.487;1.9;2.3;.796;2.0;8.6;10.6;8.1;2.0;1.5;3.0;3.6;10.8;
18-19;GSW;PF;22;22;38.7;5.2;10.4;.498;0.6;2.6;.228;4.6;7.8;.587;.526;2.3;3.2;.718;1.9;8.3;10.1;8.5;1.5;1.5;3.8;3.9;13.3;
21-22;GSW;PF;5;5;32.8;3.6;6.8;.529;0.8;2.2;.364;2.8;4.6;.609;.588;1.6;2.4;.667;0.2;5.2;5.4;7.4;1.4;1.6;1.6;4.0;9.6;
Career;;128;114;35.5;4.4;9.8;.447;1.2;3.7;.316;3.2;6.1;.527;.507;2.5;3.4;.735;1.7;7.5;9.2;6.2;1.6;1.5;2.6;3.7;12.4;
Totals
12-13;GSW;SF;79;1;1061;84;257;.327;14;67;.209;70;190;.368;.354;45;55;.818;58;202;260;53;42;25;51;159;227;
13-14;GSW;SF;82;12;1797;187;459;.407;55;165;.333;132;294;.449;.467;82;123;.667;86;323;409;152;102;72;91;231;511;
14-15;GSW;PF;79;79;2490;339;765;.443;111;329;.337;228;436;.523;.516;132;200;.660;114;533;647;291;123;99;133;253;921;
15-16;GSW;PF;81;81;2808;401;819;.490;100;258;.388;301;561;.537;.551;229;329;.696;134;635;769;598;119;113;259;240;1131;
16-17;GSW;PF;76;76;2471;272;650;.418;81;263;.308;191;387;.494;.481;151;213;.709;98;501;599;533;154;106;184;217;776;
17-18;GSW;PF;70;70;2287;281;619;.454;77;256;.301;204;363;.562;.516;134;173;.775;75;460;535;508;95;91;202;185;773;
18-19;GSW;PF;66;66;2065;188;422;.445;47;165;.285;141;257;.549;.501;63;91;.692;60;421;481;454;95;70;169;197;486;
19-20;GSW;PF;43;43;1222;123;316;.389;36;129;.279;87;187;.465;.446;63;83;.759;23;243;266;266;59;33;98;110;345;
20-21;GSW;PF;63;63;1982;170;380;.447;34;126;.270;136;254;.535;.492;70;88;.795;55;394;449;558;105;52;188;194;444;
21-22;GSW;PF;46;44;1329;135;257;.525;16;54;.296;119;203;.586;.556;60;91;.659;45;291;336;320;61;50;139;136;346;
Career;;685;535;19512;2180;4944;.441;571;1812;.315;1609;3132;.514;.499;1029;1446;.712;748;4003;4751;3733;955;711;1514;1922;5960;
Playoffs Totals
12-13;GSW;SF;12;1;223;24;56;.429;9;23;.391;15;33;.455;.509;13;17;.765;14;37;51;19;6;10;12;35;70;
13-14;GSW;SF;7;4;228;28;60;.467;8;29;.276;20;31;.645;.533;19;24;.792;18;40;58;20;12;12;17;33;83;
14-15;GSW;PF;<strong>21</strong>;21;784;100;240;.417;24;91;.264;76;149;.510;.467;64;87;.736;46;166;212;109;38;25;58;<strong>89</strong>;288;
15-16;GSW;PF;23;23;<strong>879</strong>;119;276;.431;38;104;.365;81;172;.471;.500;79;107;.738;38;<strong>190</strong>;<strong>228</strong>;138;37;<strong>41</strong>;56;<strong>81</strong>;355;
16-17;GSW;PF;17;17;593;72;161;.447;32;78;.410;40;83;.482;.547;46;67;.687;20;135;155;110;31;<strong>28</strong>;36;<strong>60</strong>;222;
17-18;GSW;PF;21;21;819;83;192;.432;21;79;.266;62;113;.549;.487;39;49;.796;42;<strong>180</strong>;<strong>222</strong>;171;<strong>41</strong>;31;63;<strong>75</strong>;226;
18-19;GSW;PF;22;22;851;114;229;.498;13;57;.228;101;172;.587;.526;51;71;.718;41;<strong>182</strong>;<strong>223</strong>;<strong>187</strong>;32;<strong>33</strong>;<strong>83</strong>;85;292;
21-22;GSW;PF;5;5;164;18;34;.529;4;11;.364;14;23;.609;.588;8;12;.667;1;26;27;37;7;8;8;20;48;
Career;;128;114;4541;558;1248;.447;149;472;.316;409;776;.527;.507;319;434;.735;220;956;1176;791;204;188;333;478;1584;
Advanced
12-13;GSW;SF;79;1061;7.1;.404;.261;.214;6.2;20.3;13.5;7.0;2.0;1.8;15.4;14.0;-0.9;1.6;0.6;.028;-5.0;1.4;-3.6;-0.4;
13-14;GSW;SF;82;1797;12.7;.498;.359;.268;5.3;19.3;12.4;11.9;2.8;3.0;15.1;14.8;0.7;3.8;4.5;.119;-1.7;<strong>3.6</strong>;1.9;1.8;
14-15;GSW;PF;79;2490;16.4;.540;.430;.261;5.1;22.4;14.0;16.1;2.4;2.9;13.5;17.2;3.3;5.2;8.5;.163;0.7;2.8;3.5;3.5;
15-16;GSW;PF;81;2808;19.3;.587;.315;.402;5.5;23.0;14.7;29.0;2.0;3.0;21.2;18.8;6.0;5.1;11.1;.190;2.6;2.9;5.5;5.3;
16-17;GSW;PF;76;2471;16.5;.522;.405;.328;4.7;20.9;13.3;27.6;3.0;3.4;19.8;16.2;2.8;5.4;8.2;.160;1.0;<strong>3.9</strong>;4.9;4.3;
17-18;GSW;PF;70;2287;16.1;.556;.414;.279;3.9;21.1;13.1;29.0;2.0;3.1;22.5;17.2;2.6;3.4;6.1;.127;0.9;1.9;2.8;2.8;
18-19;GSW;PF;66;2065;12.9;.526;.391;.216;3.2;20.8;12.4;26.8;2.2;2.8;26.8;13.1;1.1;3.2;4.3;.100;-1.3;2.7;1.4;1.8;
19-20;GSW;PF;43;1222;12.5;.489;.408;.263;2.0;22.3;11.8;31.2;2.3;2.4;21.8;15.7;-0.2;1.3;1.1;.044;-2.1;1.9;-0.2;0.5;
20-21;GSW;PF;63;1982;13.3;.530;.332;.232;3.0;20.9;12.1;36.4;2.5;2.3;31.0;13.1;1.2;3.4;4.6;.112;-1.6;3.3;1.7;1.9;
21-22;GSW;PF;46;1329;14.3;.582;.210;.354;3.8;23.2;13.8;32.5;2.2;3.6;31.9;14.3;0.8;2.8;3.6;.131;-1.4;4.6;3.2;1.8;
Career;;685;19512;14.9;.534;.367;.292;4.3;21.5;13.2;25.3;2.4;2.9;21.3;15.8;17.4;35.3;52.7;.130;-0.3;2.9;2.7;23.1;
Playoffs Advanced
12-13;GSW;SF;12;223;13.9;.551;.411;.304;7.4;17.7;12.8;12.5;1.4;3.5;15.9;15.1;0.3;0.3;0.6;.125;-0.3;3.3;3.1;0.3;
13-14;GSW;SF;7;228;16.2;.588;.483;.400;8.9;20.5;14.6;13.0;2.6;4.5;19.4;16.4;0.3;0.2;0.5;.109;0.9;<strong>4.2</strong>;5.0;0.4;
14-15;GSW;PF;<strong>21</strong>;784;16.6;.517;.379;.363;6.5;22.8;14.7;21.2;2.5;2.5;17.2;19.2;0.9;<strong>1.7</strong>;2.6;.160;0.7;3.8;4.5;1.3;
15-16;GSW;PF;23;<strong>879</strong>;18.6;.549;.377;.388;4.8;23.1;14.0;23.4;2.1;3.8;14.8;18.9;1.6;<strong>1.5</strong>;3.1;.171;2.6;3.2;5.7;1.7;
16-17;GSW;PF;17;593;17.9;.583;.484;.416;3.9;23.0;14.1;24.0;2.5;3.8;15.9;16.4;1.1;<strong>1.4</strong>;2.4;.196;2.6;<strong>4.2</strong>;6.8;1.3;
17-18;GSW;PF;21;819;16.2;.529;.411;.255;5.9;23.0;14.9;27.7;2.5;3.3;22.8;15.1;0.9;<strong>1.8</strong>;2.8;.162;1.1;3.9;5.0;1.4;
18-19;GSW;PF;22;851;16.5;.561;.249;.310;5.7;23.9;15.1;30.8;1.8;3.8;24.2;17.5;1.0;1.0;2.0;.111;0.3;3.2;3.6;1.2;
21-22;GSW;PF;5;164;16.5;.611;.324;.353;0.8;19.0;10.2;29.5;2.1;4.6;16.9;13.0;0.4;0.2;0.6;.168;0.7;3.8;4.5;0.3;
Career;;128;4541;16.9;.550;.378;.348;5.5;22.6;14.3;24.4;2.2;3.5;18.8;17.2;6.5;8.1;14.6;.154;1.3;3.6;4.9;7.9;
