Drew Gooden;Power Forward, Center, and Small Forward;Right;1981-09-24;;6-10;250;El Cerrito in El Cerrito,California;;;;-1;;
Per Game
02-03;TOT;PF,SF;70;47;26.8;5.1;11.1;.457;0.2;0.7;.292;4.9;10.4;.468;.466;2.2;3.0;.712;2.3;4.2;6.5;1.2;0.8;0.5;2.1;2.5;12.5;
02-03;MEM;SF;51;29;26.1;5.0;11.3;.443;0.3;0.9;.304;4.7;10.4;.455;.455;1.8;2.6;.697;2.1;3.7;5.8;1.2;0.7;0.4;2.1;2.4;12.1;
02-03;ORL;PF;19;18;28.6;5.3;10.6;.498;0.1;5.3;10.5;.503;.498;3.1;4.2;.738;3.1;5.4;8.4;1.1;0.8;0.7;2.4;2.7;13.6;
03-04;ORL;PF;79;17;27.0;4.7;10.5;.445;0.1;0.5;.214;4.6;10.0;.457;.451;2.1;3.3;.637;2.0;4.5;6.5;1.1;0.8;0.9;1.6;2.5;11.6;
04-05;CLE;PF;82;80;30.8;5.7;11.5;.492;0.1;0.3;.179;5.6;11.2;.502;.495;3.1;3.8;.810;2.5;6.7;9.2;1.6;0.9;0.9;1.6;2.8;14.4;
05-06;CLE;PF;79;79;27.5;4.2;8.3;.512;.333;4.2;8.2;.513;.513;2.2;3.3;.682;3.0;5.4;8.4;0.7;0.7;0.6;1.3;2.4;10.7;
06-07;CLE;PF;80;80;28.0;4.6;9.8;.473;0.1;.167;4.6;9.7;.476;.474;1.8;2.5;.714;3.3;5.2;8.5;1.1;0.9;0.4;1.4;2.6;11.1;
07-08;TOT;PF;69;65;30.8;4.8;10.7;.449;0.1;4.8;10.6;.452;.449;2.3;3.1;.753;2.5;6.0;8.6;1.2;0.7;0.8;1.8;2.9;12.0;
07-08;CLE;PF;51;51;30.7;4.5;10.3;.444;0.1;4.5;10.2;.446;.444;2.2;3.0;.728;2.3;6.0;8.3;1.0;0.7;0.6;1.8;2.8;11.3;
07-08;CHI;PF;18;14;31.0;5.6;12.1;.461;0.2;5.6;11.9;.467;.461;2.9;3.6;.813;3.2;6.1;9.3;1.7;0.7;1.3;1.7;3.3;14.0;
08-09;TOT;PF;51;28;24.8;4.6;9.9;.468;0.1;4.6;9.8;.472;.468;2.6;3.1;.840;2.2;4.9;7.1;0.9;0.6;0.4;1.5;2.8;11.9;
08-09;CHI;PF;31;27;29.6;5.2;11.4;.457;0.1;5.2;11.3;.461;.457;2.7;3.1;.866;2.6;5.9;8.6;1.4;0.8;0.5;1.8;3.3;13.1;
08-09;SAC;PF;1;26.0;5.0;9.0;.556;5.0;9.0;.556;.556;2.0;2.0;1.000;3.0;10.0;13.0;2.0;3.0;2.0;12.0;
08-09;SAS;PF;19;1;16.8;3.7;7.6;.490;0.1;3.7;7.6;.493;.490;2.4;3.0;.789;1.5;2.9;4.4;0.2;0.2;0.2;0.8;2.1;9.8;
09-10;TOT;C,PF;70;33;25.1;4.1;8.6;.478;0.1;.125;4.1;8.5;.483;.479;2.7;3.1;.861;3.0;4.8;7.7;0.7;0.6;0.8;1.5;2.8;10.9;
09-10;DAL;C;46;11;22.4;3.4;7.3;.467;0.1;.167;3.4;7.2;.473;.469;2.0;2.5;.809;2.7;4.2;6.9;0.6;0.6;1.1;1.2;2.8;8.9;
09-10;LAC;PF;24;22;30.2;5.5;11.1;.492;0.1;5.5;11.0;.496;.492;3.9;4.2;.921;3.5;5.9;9.4;0.9;0.6;0.3;2.2;2.7;14.8;
10-11;MIL;PF;35;18;24.6;4.5;10.3;.431;0.1;0.6;.150;4.4;9.8;.447;.435;2.3;2.9;.794;2.1;4.7;6.8;1.3;0.6;0.5;1.3;2.8;11.3;
11-12;MIL;C;56;46;26.2;5.1;11.7;.437;0.3;1.0;.291;4.8;10.8;.450;.449;3.1;3.7;.846;2.3;4.2;6.5;2.6;0.8;0.6;1.9;2.0;13.7;
12-13;MIL;C;16;9.4;1.3;3.8;.328;0.1;0.3;.200;1.2;3.5;.339;.336;0.7;1.0;.688;0.8;1.1;1.9;0.4;0.3;0.4;0.6;1.3;3.3;
13-14;WAS;C;22;18.0;3.5;6.5;.531;0.3;0.8;.412;3.1;5.7;.548;.556;1.1;1.2;.889;1.7;3.5;5.2;0.7;0.5;0.3;0.8;2.4;8.3;
14-15;WAS;PF;51;7;16.9;2.2;5.4;.399;0.5;1.2;.390;1.7;4.3;.401;.440;0.7;0.9;.773;1.4;3.0;4.4;1.0;0.4;0.2;0.5;1.8;5.4;
15-16;WAS;PF;30;10.2;1.1;3.4;.320;0.2;1.4;.171;0.9;2.1;.419;.354;0.3;0.5;.643;0.9;1.9;2.8;0.4;0.3;0.4;0.4;1.3;2.7;
Career;;790;500;25.5;4.3;9.4;.462;0.1;0.4;.257;4.2;9.0;.471;.468;2.2;2.8;.760;2.4;4.7;7.1;1.1;0.7;0.6;1.5;2.5;11.0;
Playoffs Per Game
02-03;ORL;PF;7;7;33.4;5.1;12.9;.400;0.4;5.1;12.4;.414;.400;3.7;5.1;.722;4.0;8.7;12.7;0.6;0.4;0.9;1.7;3.3;14.0;
05-06;CLE;PF;13;13;21.7;3.5;6.5;.529;3.5;6.5;.529;.529;1.3;1.4;.944;2.4;5.2;7.5;0.6;0.2;0.2;1.4;3.1;8.2;
06-07;CLE;PF;<strong>20</strong>;20;30.3;5.0;10.1;.493;0.1;5.0;10.0;.497;.493;1.5;2.0;.769;2.5;5.6;8.0;1.0;0.5;0.5;1.4;3.1;11.4;
08-09;SAS;PF;4;17.8;2.8;8.3;.333;0.5;2.8;7.8;.355;.333;1.8;1.8;1.000;1.3;2.5;3.8;0.3;0.3;0.3;0.8;3.3;7.3;
13-14;WAS;C;10;14.6;1.4;3.8;.368;0.4;1.4;3.4;.412;.368;0.6;0.8;.750;2.0;2.2;4.2;0.4;0.3;0.4;0.4;3.0;3.4;
14-15;WAS;PF;10;17.8;2.3;6.1;.377;1.2;2.6;.462;1.1;3.5;.314;.475;1.0;1.3;.769;1.3;4.2;5.5;0.8;0.2;1.0;1.4;2.1;6.8;
Career;;64;40;23.7;3.6;7.9;.449;0.2;0.6;.324;3.4;7.4;.459;.461;1.5;1.9;.793;2.3;4.9;7.2;0.7;0.3;0.5;1.2;3.0;8.8;
Totals
02-03;TOT;PF,SF;70;47;1873;355;777;.457;14;48;.292;341;729;.468;.466;151;212;.712;163;292;455;83;53;35;150;172;875;
02-03;MEM;SF;51;29;1329;255;576;.443;14;46;.304;241;530;.455;.455;92;132;.697;105;190;295;63;38;22;105;121;616;
02-03;ORL;PF;19;18;544;100;201;.498;2;100;199;.503;.498;59;80;.738;58;102;160;20;15;13;45;51;259;
03-04;ORL;PF;79;17;2134;369;829;.445;9;42;.214;360;787;.457;.451;167;262;.637;160;356;516;89;62;72;126;196;914;
04-05;CLE;PF;82;80;2523;464;943;.492;5;28;.179;459;915;.502;.495;251;310;.810;207;546;753;130;77;76;133;233;1184;
05-06;CLE;PF;79;79;2174;334;652;.512;1;3;.333;333;649;.513;.513;176;258;.682;237;428;665;56;52;49;106;190;845;
06-07;CLE;PF;80;80;2238;371;784;.473;1;6;.167;370;778;.476;.474;142;199;.714;263;418;681;88;70;28;115;210;885;
07-08;TOT;PF;69;65;2122;332;740;.449;6;332;734;.452;.449;162;215;.753;175;415;590;81;48;53;122;203;826;
07-08;CLE;PF;51;51;1564;232;523;.444;3;232;520;.446;.444;110;151;.728;117;306;423;50;35;30;91;144;574;
07-08;CHI;PF;18;14;558;100;217;.461;3;100;214;.467;.461;52;64;.813;58;109;167;31;13;23;31;59;252;
08-09;TOT;PF;51;28;1264;237;506;.468;4;237;502;.472;.468;131;156;.840;113;249;362;48;30;18;76;144;605;
08-09;CHI;PF;31;27;918;161;352;.457;3;161;349;.461;.457;84;97;.866;82;184;266;43;26;14;57;103;406;
08-09;SAC;PF;1;26;5;9;.556;5;9;.556;.556;2;2;1.000;3;10;13;2;3;2;12;
08-09;SAS;PF;19;1;320;71;145;.490;1;71;144;.493;.490;45;57;.789;28;55;83;3;4;4;16;39;187;
09-10;TOT;C,PF;70;33;1755;288;602;.478;1;8;.125;287;594;.483;.479;186;216;.861;207;335;542;47;41;58;108;194;763;
09-10;DAL;C;46;11;1030;157;336;.467;1;6;.167;156;330;.473;.469;93;115;.809;123;193;316;26;26;50;56;129;408;
09-10;LAC;PF;24;22;725;131;266;.492;2;131;264;.496;.492;93;101;.921;84;142;226;21;15;8;52;65;355;
10-11;MIL;PF;35;18;860;156;362;.431;3;20;.150;153;342;.447;.435;81;102;.794;73;165;238;47;21;18;46;98;396;
11-12;MIL;C;56;46;1469;287;657;.437;16;55;.291;271;602;.450;.449;176;208;.846;130;233;363;144;46;34;109;112;766;
12-13;MIL;C;16;151;20;61;.328;1;5;.200;19;56;.339;.336;11;16;.688;13;18;31;6;5;6;9;21;52;
13-14;WAS;C;22;395;76;143;.531;7;17;.412;69;126;.548;.556;24;27;.889;37;77;114;15;10;7;17;53;183;
14-15;WAS;PF;51;7;864;110;276;.399;23;59;.390;87;217;.401;.440;34;44;.773;72;151;223;49;21;9;28;91;277;
15-16;WAS;PF;30;305;33;103;.320;7;41;.171;26;62;.419;.354;9;14;.643;28;57;85;13;8;11;13;40;82;
Career;;790;500;20127;3432;7435;.462;88;342;.257;3344;7093;.471;.468;1701;2239;.760;1878;3740;5618;896;544;474;1158;1957;8653;
Playoffs Totals
02-03;ORL;PF;7;7;234;36;90;.400;3;36;87;.414;.400;26;36;.722;28;61;89;4;3;6;12;23;98;
05-06;CLE;PF;13;13;282;45;85;.529;45;85;.529;.529;17;18;.944;31;67;98;8;3;2;18;40;107;
06-07;CLE;PF;<strong>20</strong>;20;605;99;201;.493;2;99;199;.497;.493;30;39;.769;49;111;160;20;10;9;27;62;228;
08-09;SAS;PF;4;71;11;33;.333;2;11;31;.355;.333;7;7;1.000;5;10;15;1;1;1;3;13;29;
13-14;WAS;C;10;146;14;38;.368;4;14;34;.412;.368;6;8;.750;20;22;42;4;3;4;4;30;34;
14-15;WAS;PF;10;178;23;61;.377;12;26;.462;11;35;.314;.475;10;13;.769;13;42;55;8;2;10;14;21;68;
Career;;64;40;1516;228;508;.449;12;37;.324;216;471;.459;.461;96;121;.793;146;313;459;45;22;32;78;189;564;
Advanced
02-03;TOT;PF,SF;70;1873;15.0;.503;.062;.273;9.8;17.7;13.7;7.8;1.5;1.3;14.7;24.5;0.4;1.3;1.7;.043;-1.1;-1.9;-3.0;-0.4;
02-03;MEM;SF;51;1329;13.8;.486;.080;.229;9.0;15.9;12.5;8.3;1.5;1.1;14.2;25.0;-0.3;0.7;0.4;.015;-1.4;-1.9;-3.3;-0.4;
02-03;ORL;PF;19;544;18.0;.548;.010;.398;11.9;22.1;16.8;6.6;1.4;1.8;16.0;23.1;0.7;0.6;1.3;.112;-0.3;-1.7;-2.0;
03-04;ORL;PF;79;2134;15.6;.484;.051;.316;8.3;19.3;13.7;7.5;1.5;2.4;11.8;22.7;1.0;0.9;1.9;.043;-0.8;-1.7;-2.5;-0.2;
04-05;CLE;PF;82;2523;19.7;.548;.030;.329;9.5;26.1;17.6;9.1;1.6;2.2;11.0;21.7;4.7;3.8;8.5;.163;1.6;1.6;2.3;
05-06;CLE;PF;79;2174;17.6;.552;.005;.396;12.8;23.5;18.1;4.4;1.3;1.7;12.2;18.6;3.6;2.9;6.6;.145;0.5;-0.8;-0.2;1.0;
06-07;CLE;PF;80;2238;16.5;.508;.008;.254;13.3;22.3;17.7;6.7;1.7;1.0;11.7;20.0;2.4;4.1;6.5;.139;-0.2;-0.2;1.0;
07-08;TOT;PF;69;2122;13.8;.495;.008;.291;9.1;23.0;15.8;6.5;1.2;2.0;12.8;20.3;0.5;2.8;3.3;.074;-2.1;-0.7;-2.8;-0.4;
07-08;CLE;PF;51;1564;12.5;.487;.006;.289;8.3;23.0;15.4;5.4;1.2;1.5;13.4;19.7;-0.1;2.1;2.0;.060;-2.7;-0.7;-3.5;-0.6;
07-08;CHI;PF;18;558;17.4;.514;.014;.295;11.3;22.8;16.9;9.7;1.2;3.2;11.2;21.9;0.6;0.8;1.3;.114;-0.4;-0.5;-0.9;0.1;
08-09;TOT;PF;51;1264;16.3;.526;.008;.308;10.4;22.6;16.6;6.3;1.2;1.0;11.7;23.5;1.1;1.6;2.7;.102;-1.0;-0.8;-1.8;0.1;
08-09;CHI;PF;31;918;15.3;.514;.009;.276;10.3;22.8;16.6;7.7;1.5;1.1;12.6;21.9;0.6;1.1;1.7;.090;-1.3;-0.5;-1.8;
08-09;SAC;PF;1;26;18.7;.607;.222;13.4;45.2;29.2;13.8;23.3;22.2;.082;1.0;-1.4;-0.4;
08-09;SAS;PF;19;320;18.8;.550;.007;.393;10.6;20.2;15.5;1.7;0.7;0.9;8.6;28.2;0.5;0.5;0.9;.139;-0.4;-1.5;-1.9;
09-10;TOT;C,PF;70;1755;16.9;.547;.013;.359;13.7;21.9;17.8;4.4;1.2;2.5;13.4;21.0;2.3;2.2;4.4;.121;-1.2;-1.0;-2.1;-0.1;
09-10;DAL;C;46;1030;16.1;.528;.018;.342;13.9;21.2;17.6;4.0;1.3;3.6;12.7;19.8;1.1;1.6;2.7;.125;-1.8;-0.4;-2.3;-0.1;
09-10;LAC;PF;24;725;18.0;.572;.008;.380;13.4;22.8;18.1;5.0;1.1;0.8;14.3;22.6;1.1;0.6;1.7;.114;-0.2;-1.7;-1.9;
10-11;MIL;PF;35;860;15.9;.487;.055;.282;9.6;22.9;16.1;10.3;1.3;1.6;10.2;24.6;0.3;1.5;1.8;.101;-1.2;0.2;-1.0;0.2;
11-12;MIL;C;56;1469;18.8;.512;.084;.317;9.5;18.0;13.6;16.5;1.6;1.7;12.7;25.7;2.0;1.5;3.6;.116;1.5;-0.6;1.0;1.1;
12-13;MIL;C;16;151;7.7;.382;.082;.262;8.9;13.3;11.0;6.1;1.7;2.9;11.7;22.2;-0.3;0.2;-0.1;-0.034;-6.1;-0.6;-6.7;-0.2;
13-14;WAS;C;22;395;18.4;.591;.119;.189;10.7;23.0;16.7;6.3;1.3;1.5;9.9;19.7;0.9;0.6;1.4;.173;0.6;-0.2;0.4;0.2;
14-15;WAS;PF;51;864;11.9;.469;.214;.159;9.6;19.3;14.5;8.6;1.2;0.8;8.7;17.0;0.5;1.2;1.7;.094;-1.5;0.1;-1.4;0.1;
15-16;WAS;PF;30;305;7.5;.376;.398;.136;10.1;21.3;15.6;6.0;1.3;2.9;10.6;17.5;-0.4;0.4;-0.005;-5.0;-1.3;-6.3;-0.3;
Career;;790;20127;16.3;.514;.046;.301;10.6;21.7;16.1;7.6;1.4;1.8;12.1;21.6;18.9;25.0;43.9;.105;-0.5;-0.7;-1.2;4.3;
Playoffs Advanced
02-03;ORL;PF;7;234;16.7;.463;.033;.400;14.4;30.6;22.6;3.5;0.7;2.2;10.2;24.2;0.1;0.3;0.4;.080;1.3;-2.8;-1.4;
05-06;CLE;PF;13;282;16.4;.576;.212;13.2;28.1;<strong>20.7</strong>;5.4;0.6;0.6;16.2;18.8;0.4;0.4;0.8;.130;0.1;-0.4;-0.3;0.1;
06-07;CLE;PF;<strong>20</strong>;605;15.7;.523;.010;.194;9.5;21.7;15.5;6.6;0.9;1.3;11.0;19.5;0.7;1.0;1.7;.137;-0.9;0.7;-0.3;0.3;
08-09;SAS;PF;4;71;7.7;.402;.061;.212;8.2;18.0;12.8;2.5;0.8;1.3;7.7;27.3;-0.1;-0.1;-0.078;-6.3;-2.4;-8.8;-0.1;
13-14;WAS;C;10;146;9.5;.409;.105;.211;15.8;17.5;16.7;4.5;1.1;2.2;8.8;14.7;0.3;0.3;.097;-4.1;-1.6;-5.7;-0.1;
14-15;WAS;PF;10;178;12.5;.510;.426;.213;8.2;24.8;16.8;7.0;0.6;4.4;17.3;20.1;0.3;0.3;.083;-2.2;1.4;-0.8;0.1;
Career;;64;1516;14.6;.502;.073;.238;11.3;24.1;17.7;5.5;0.8;1.7;12.2;20.1;1.0;2.4;3.4;.107;-1.1;-0.3;-1.4;0.2;
