Dwight Howard;Center and Power Forward;Right;1985-12-08;;6-10;265;Southwest Atlanta Christian Academy in Atlanta,Georgia;;;;-1;;
Per Game
04-05;ORL;PF;82;82;32.6;4.3;8.3;.520;4.3;8.2;.521;.520;3.4;5.0;.671;3.5;6.5;10.0;0.9;0.9;1.7;2.0;2.8;12.0;
05-06;ORL;PF;<strong>82</strong>;81;36.8;5.7;10.7;.531;5.7;10.7;.532;.531;4.3;7.3;.595;3.5;9.0;12.5;1.5;0.8;1.4;2.6;3.4;15.8;
06-07;ORL;C;<strong>82</strong>;82;36.9;6.4;10.6;.603;.500;6.4;10.6;.603;.603;4.8;8.1;.586;3.5;8.8;12.3;1.9;0.9;1.9;3.9;3.0;17.6;
07-08;ORL;C;<strong>82</strong>;82;37.7;7.1;11.9;.599;7.1;11.8;.601;.599;6.5;10.9;.590;3.4;10.8;<strong>14.2</strong>;1.3;0.9;2.1;3.2;3.3;20.7;
08-09;ORL;C;79;79;35.7;7.1;12.4;.572;7.1;12.4;.573;.572;6.4;10.7;.594;4.3;9.6;<strong>13.8</strong>;1.4;1.0;<strong>2.9</strong>;3.0;3.4;20.6;
09-10;ORL;C;<strong>82</strong>;82;34.7;6.2;10.2;<strong>.612</strong>;0.1;6.2;10.1;<strong>.617</strong>;<strong>.612</strong>;5.9;10.0;.592;3.5;9.7;<strong>13.2</strong>;1.8;0.9;<strong>2.8</strong>;3.3;3.5;18.3;
10-11;ORL;C;78;78;37.6;7.9;13.4;.593;0.1;7.9;13.3;.597;.593;7.0;11.7;.596;4.0;10.1;14.1;1.4;1.4;2.4;3.6;3.3;22.9;
11-12;ORL;C;54;54;38.3;7.7;13.4;.573;0.1;7.7;13.3;.579;.573;5.2;10.6;.491;3.7;10.8;<strong>14.5</strong>;1.9;1.5;2.1;3.2;2.9;20.6;
12-13;LAL;C;76;76;35.8;6.2;10.7;.578;0.1;.167;6.2;10.6;.581;.579;4.7;9.5;.492;3.3;9.1;<strong>12.4</strong>;1.4;1.1;2.4;3.0;3.8;17.1;
13-14;HOU;C;71;71;33.7;6.7;11.3;.591;0.1;.286;6.6;11.2;.594;.593;4.9;9.0;.547;3.3;8.9;12.2;1.8;0.8;1.8;3.2;3.4;18.3;
14-15;HOU;C;41;41;29.8;6.1;10.3;.593;.500;6.1;10.3;.594;.595;3.5;6.6;.528;2.7;7.8;10.5;1.2;0.7;1.3;2.8;3.3;15.8;
15-16;HOU;C;71;71;32.1;5.2;8.5;.620;0.1;5.2;8.4;.626;.620;3.3;6.7;.489;3.4;8.4;11.8;1.4;1.0;1.6;2.3;3.1;13.7;
16-17;ATL;C;74;74;29.7;5.2;8.3;.633;5.2;8.3;.635;.633;3.1;5.7;.533;4.0;8.7;12.7;1.4;0.9;1.2;2.3;2.7;13.5;
17-18;CHO;C;81;81;30.4;6.2;11.2;.555;0.1;.143;6.2;11.2;.559;.556;4.1;7.2;.574;3.1;9.3;12.5;1.3;0.6;1.6;2.6;3.1;16.6;
18-19;WAS;C;9;9;25.6;4.8;7.7;.623;4.8;7.7;.623;.623;3.2;5.3;.604;2.7;6.6;9.2;0.4;0.8;0.4;1.8;3.8;12.8;
19-20;LAL;C;69;2;18.9;2.9;4.0;.729;0.1;.600;2.9;3.9;.732;.735;1.6;3.1;.514;2.5;4.9;7.3;0.7;0.4;1.1;1.2;3.2;7.5;
20-21;PHI;C;69;6;17.3;2.6;4.4;.587;0.1;0.3;.250;2.5;4.1;.611;.596;1.8;3.0;.576;2.8;5.7;8.4;0.9;0.4;0.9;1.6;2.9;7.0;
21-22;LAL;C;60;27;16.2;2.2;3.7;.612;0.1;0.3;.533;2.1;3.4;.618;.630;1.6;2.4;.658;2.0;4.0;5.9;0.6;0.6;0.6;0.8;1.9;6.2;
Career;;1242;1078;31.8;5.7;9.7;.587;0.1;.214;5.7;9.6;.590;.588;4.3;7.6;.567;3.3;8.4;11.8;1.3;0.9;1.8;2.7;3.1;15.7;
Playoffs Per Game
06-07;ORL;C;4;4;41.8;5.8;10.5;.548;5.8;10.5;.548;.548;3.8;8.3;.455;4.0;10.8;14.8;1.8;0.5;1.0;4.3;3.3;15.3;
07-08;ORL;C;10;10;42.1;7.2;12.4;.581;7.2;12.4;.581;.581;4.5;8.3;.542;6.0;9.8;<strong>15.8</strong>;0.9;0.8;<strong>3.4</strong>;3.2;3.8;18.9;
08-09;ORL;C;23;23;39.3;7.0;11.7;.601;0.1;7.0;11.6;.605;.601;6.3;9.9;.636;4.3;11.0;<strong>15.3</strong>;1.9;0.9;2.6;2.9;4.4;20.3;
09-10;ORL;C;14;14;35.5;6.1;10.0;.614;6.1;10.0;.614;.614;5.9;11.3;.519;2.7;8.4;11.1;1.4;0.8;<strong>3.5</strong>;3.6;4.2;18.1;
10-11;ORL;C;6;6;43.0;8.5;13.5;.630;0.2;8.5;13.3;.638;.630;10.0;14.7;.682;4.5;11.0;<strong>15.5</strong>;0.5;0.7;1.8;5.5;4.2;27.0;
12-13;LAL;C;4;4;31.5;6.5;10.5;.619;6.5;10.5;.619;.619;4.0;9.0;.444;2.5;8.3;10.8;1.0;0.5;2.0;4.0;4.3;17.0;
13-14;HOU;C;6;6;38.5;9.7;17.7;.547;9.7;17.7;.547;.547;6.7;10.7;.625;4.5;9.2;<strong>13.7</strong>;1.8;0.7;<strong>2.8</strong>;3.2;4.2;26.0;
14-15;HOU;C;17;17;33.8;6.2;10.7;.577;6.2;10.7;.577;.577;4.0;9.7;.412;3.6;10.4;<strong>14.0</strong>;1.2;1.4;2.3;2.2;3.5;16.4;
15-16;HOU;C;5;5;36.0;5.2;9.6;.542;0.2;5.2;9.4;.553;.542;2.8;7.6;.368;5.2;8.8;14.0;1.6;0.8;1.4;2.4;4.2;13.2;
16-17;ATL;C;6;6;26.2;3.0;6.0;.500;3.0;6.0;.500;.500;2.0;3.2;.632;3.0;7.7;10.7;1.3;1.0;0.8;1.8;3.5;8.0;
19-20;LAL;C;18;7;15.7;2.2;3.2;.684;0.1;0.1;.500;2.1;3.1;.691;.693;1.4;2.5;.556;1.8;2.8;4.6;0.5;0.4;0.4;0.9;3.1;5.8;
20-21;PHI;C;12;12.4;1.3;2.5;.533;0.1;1.3;2.4;.552;.533;2.0;3.3;.600;2.2;4.1;6.3;0.7;0.2;0.5;1.0;2.6;4.7;
Career;;125;102;31.6;5.4;9.2;.589;0.1;.143;5.4;9.2;.592;.590;4.4;8.0;.548;3.5;8.3;11.8;1.2;0.8;2.0;2.6;3.7;15.3;
Totals
04-05;ORL;PF;82;82;2670;352;677;.520;2;352;675;.521;.520;277;413;.671;287;536;823;75;77;136;165;232;981;
05-06;ORL;PF;<strong>82</strong>;81;3021;468;881;.531;2;468;879;.532;.531;356;598;.595;288;734;<strong>1022</strong>;125;65;115;217;277;1292;
06-07;ORL;C;<strong>82</strong>;82;3023;526;873;.603;1;2;.500;525;871;.603;.603;390;666;.586;283;725;<strong>1008</strong>;158;70;156;<strong>317</strong>;245;1443;
07-08;ORL;C;<strong>82</strong>;82;3088;583;974;.599;4;583;970;.601;.599;529;<strong>897</strong>;.590;279;<strong>882</strong>;<strong>1161</strong>;110;74;176;263;274;1695;
08-09;ORL;C;79;79;2821;560;979;.572;2;560;977;.573;.572;504;<strong>849</strong>;.594;<strong>336</strong>;<strong>757</strong>;<strong>1093</strong>;112;77;<strong>231</strong>;240;270;1624;
09-10;ORL;C;<strong>82</strong>;82;2843;510;834;<strong>.612</strong>;7;510;827;<strong>.617</strong>;<strong>.612</strong>;483;816;.592;284;<strong>798</strong>;<strong>1082</strong>;144;75;<strong>228</strong>;274;<strong>287</strong>;1503;
10-11;ORL;C;78;78;2935;619;1044;.593;7;619;1037;.597;.593;546;<strong>916</strong>;.596;309;<strong>789</strong>;1098;107;107;186;279;258;1784;
11-12;ORL;C;54;54;2070;416;726;.573;7;416;719;.579;.573;281;<strong>572</strong>;.491;200;<strong>585</strong>;<strong>785</strong>;104;81;116;175;159;1113;
12-13;LAL;C;76;76;2722;470;813;.578;1;6;.167;469;807;.581;.579;355;721;.492;251;<strong>694</strong>;945;108;84;186;225;291;1296;
13-14;HOU;C;71;71;2396;473;800;.591;2;7;.286;471;793;.594;.593;349;638;.547;231;635;866;131;60;128;229;240;1297;
14-15;HOU;C;41;41;1223;251;423;.593;1;2;.500;250;421;.594;.595;143;271;.528;110;321;431;50;28;53;115;137;646;
15-16;HOU;C;71;71;2280;372;600;.620;6;372;594;.626;.620;232;474;.489;238;597;835;98;69;113;166;219;976;
16-17;ATL;C;74;74;2199;388;613;.633;2;388;611;.635;.633;226;424;.533;296;644;940;104;64;92;170;203;1002;
17-18;CHO;C;81;81;2463;506;911;.555;1;7;.143;505;904;.559;.556;334;582;.574;255;757;1012;105;48;131;208;249;1347;
18-19;WAS;C;9;9;230;43;69;.623;43;69;.623;.623;29;48;.604;24;59;83;4;7;4;16;34;115;
19-20;LAL;C;69;2;1306;202;277;.729;3;5;.600;199;272;.732;.735;110;214;.514;172;335;507;45;31;79;84;222;517;
20-21;PHI;C;69;6;1196;178;303;.587;5;20;.250;173;283;.611;.596;121;210;.576;190;390;580;61;30;62;112;200;482;
21-22;LAL;C;60;27;971;134;219;.612;8;15;.533;126;204;.618;.630;96;146;.658;118;238;356;35;34;36;47;115;372;
Career;;1242;1078;39457;7051;12016;.587;22;103;.214;7029;11913;.590;.588;5361;9455;.567;4151;10476;14627;1676;1081;2228;3302;3912;19485;
Playoffs Totals
06-07;ORL;C;4;4;167;23;42;.548;23;42;.548;.548;15;33;.455;16;43;59;7;2;4;17;13;61;
07-08;ORL;C;10;10;421;72;124;.581;72;124;.581;.581;45;83;.542;60;98;158;9;8;34;32;38;189;
08-09;ORL;C;23;23;903;161;268;.601;2;161;266;.605;.601;145;<strong>228</strong>;.636;<strong>99</strong>;<strong>254</strong>;<strong>353</strong>;43;20;<strong>60</strong>;<strong>67</strong>;<strong>102</strong>;467;
09-10;ORL;C;14;14;497;86;140;.614;86;140;.614;.614;82;158;.519;38;117;155;19;11;<strong>49</strong>;51;59;254;
10-11;ORL;C;6;6;258;51;81;.630;1;51;80;.638;.630;60;88;.682;27;66;93;3;4;11;33;25;162;
12-13;LAL;C;4;4;126;26;42;.619;26;42;.619;.619;16;36;.444;10;33;43;4;2;8;16;17;68;
13-14;HOU;C;6;6;231;58;106;.547;58;106;.547;.547;40;64;.625;27;55;82;11;4;17;19;25;156;
14-15;HOU;C;17;17;574;105;182;.577;105;182;.577;.577;68;165;.412;62;176;<strong>238</strong>;20;23;<strong>39</strong>;37;60;278;
15-16;HOU;C;5;5;180;26;48;.542;1;26;47;.553;.542;14;38;.368;26;44;70;8;4;7;12;21;66;
16-17;ATL;C;6;6;157;18;36;.500;18;36;.500;.500;12;19;.632;18;46;64;8;6;5;11;21;48;
19-20;LAL;C;18;7;282;39;57;.684;1;2;.500;38;55;.691;.693;25;45;.556;32;51;83;9;8;8;16;55;104;
20-21;PHI;C;12;149;16;30;.533;1;16;29;.552;.533;24;40;.600;26;49;75;8;2;6;12;31;56;
Career;;125;102;3945;681;1156;.589;1;7;.143;680;1149;.592;.590;546;997;.548;441;1032;1473;149;94;248;323;467;1909;
Advanced
04-05;ORL;PF;82;2670;17.2;.571;.003;.610;12.2;22.2;17.3;4.4;1.5;3.6;16.1;16.7;3.8;3.5;7.3;.131;0.1;-0.1;1.4;
05-06;ORL;PF;<strong>82</strong>;3021;19.3;.565;.002;.679;12.1;29.2;20.9;7.2;1.2;3.0;15.9;21.3;4.2;4.4;8.6;.137;1.1;-0.1;1.0;2.3;
06-07;ORL;C;<strong>82</strong>;3023;21.1;.619;.002;.763;11.8;28.9;20.5;9.5;1.2;4.2;21.4;22.7;3.9;5.8;9.7;.154;1.7;1.1;2.8;3.7;
07-08;ORL;C;<strong>82</strong>;3088;22.9;.619;.004;.921;10.9;<strong>31.6</strong>;<strong>21.7</strong>;6.1;1.2;4.2;16.1;24.2;6.4;<strong>6.4</strong>;12.9;.200;1.6;1.2;2.8;3.7;
08-09;ORL;C;79;2821;25.4;.600;.002;.867;13.8;29.5;21.8;7.3;1.4;5.9;15.1;26.1;6.2;<strong>7.6</strong>;13.8;.234;2.1;2.4;4.5;4.7;
09-10;ORL;C;<strong>82</strong>;2843;24.0;.630;.008;.978;12.0;31.3;22.0;8.7;1.4;6.0;18.7;23.9;6.1;<strong>7.1</strong>;13.2;.223;1.6;<strong>2.8</strong>;4.4;4.6;
10-11;ORL;C;78;2935;26.1;.616;.007;.877;12.6;30.6;21.8;6.8;1.9;4.9;16.2;27.2;6.7;<strong>7.7</strong>;14.4;.235;2.9;2.4;5.3;5.4;
11-12;ORL;C;54;2070;24.2;.569;.010;.788;11.0;<strong>33.1</strong>;21.9;9.8;2.1;4.4;15.2;26.1;3.3;4.4;7.7;.179;2.2;2.0;4.3;3.3;
12-13;LAL;C;76;2722;19.4;.573;.007;.887;10.4;27.4;19.1;6.6;1.6;4.9;16.6;22.2;2.8;4.8;7.6;.134;-0.6;1.1;0.6;1.8;
13-14;HOU;C;71;2396;21.3;.600;.009;.798;11.4;27.9;20.1;9.3;1.2;4.0;17.5;24.0;4.0;4.1;8.0;.161;0.9;0.8;1.8;2.3;
14-15;HOU;C;41;1223;19.2;.596;.005;.641;10.0;28.9;19.5;7.3;1.1;3.4;17.5;23.3;1.4;2.2;3.6;.140;-0.3;-0.1;-0.4;0.5;
15-16;HOU;C;71;2280;18.9;.604;.010;.790;11.4;29.1;20.2;7.0;1.5;4.1;17.0;18.4;3.5;3.1;6.6;.138;0.3;-0.2;0.1;1.2;
16-17;ATL;C;74;2199;20.8;.627;.003;.692;15.0;31.7;23.5;7.8;1.4;3.6;17.5;19.2;3.8;4.5;8.3;.181;0.6;0.8;1.4;1.9;
17-18;CHO;C;81;2463;20.5;.577;.008;.639;11.0;33.8;22.2;7.1;1.0;4.4;15.1;24.2;2.9;3.9;6.8;.132;-0.3;0.1;-0.1;1.2;
18-19;WAS;C;9;230;17.4;.638;.696;11.1;28.3;19.6;2.6;1.4;1.5;15.1;19.6;0.4;0.2;0.6;.124;-1.3;-1.7;-3.0;-0.1;
19-20;LAL;C;69;1306;18.7;.696;.018;.773;14.6;27.8;21.2;4.8;1.1;5.4;18.5;14.7;2.8;2.6;5.4;.197;-1.0;1.2;0.2;0.7;
20-21;PHI;C;69;1196;17.8;.610;.066;.693;17.8;35.3;26.7;7.2;1.2;4.7;22.1;18.2;1.3;2.6;4.0;.159;-2.1;0.6;-1.5;0.1;
21-22;LAL;C;60;971;18.2;.657;.068;.667;13.1;26.3;19.7;5.0;1.7;3.3;14.2;14.6;2.2;1.3;3.5;.174;-0.2;-0.2;0.4;
Career;;1242;39457;21.3;.602;.009;.787;12.2;29.6;21.1;7.3;1.4;4.4;17.0;22.3;65.6;76.2;141.7;.172;0.9;1.0;1.9;39.0;
Playoffs Advanced
06-07;ORL;C;4;167;15.3;.540;.786;11.6;30.3;21.1;7.2;0.7;2.0;23.1;21.2;-0.1;0.1;.010;-0.5;-0.8;-1.3;
07-08;ORL;C;10;421;23.2;.589;.669;<strong>17.0</strong>;26.9;<strong>22.0</strong>;3.8;1.0;6.0;16.6;21.8;0.8;0.7;1.5;.172;2.1;0.8;2.9;0.5;
08-09;ORL;C;23;903;25.5;.634;.007;.851;13.8;<strong>35.1</strong>;<strong>24.5</strong>;9.0;1.2;5.3;15.4;23.3;2.6;<strong>1.9</strong>;4.5;.241;3.2;3.0;6.2;1.8;
09-10;ORL;C;14;497;22.2;.606;1.129;9.9;28.3;19.4;7.6;1.2;<strong>8.1</strong>;19.6;25.9;0.5;1.5;1.9;.184;0.4;3.3;3.8;0.7;
10-11;ORL;C;6;258;26.1;.677;.012;1.086;12.3;<strong>30.8</strong>;21.4;2.6;0.9;3.4;21.6;28.2;0.7;0.6;1.3;.238;3.3;1.7;5.0;0.5;
12-13;LAL;C;4;126;19.0;.588;.857;9.1;31.2;19.9;6.2;0.8;4.5;21.7;27.4;0.1;.019;-1.5;0.9;-0.6;
13-14;HOU;C;6;231;27.2;.581;.604;12.5;26.9;19.5;8.5;0.9;6.0;12.4;28.2;0.7;0.2;0.9;.185;4.3;1.5;5.7;0.4;
14-15;HOU;C;17;574;20.4;.546;.907;11.3;<strong>31.4</strong>;<strong>21.5</strong>;5.9;1.9;5.4;12.7;21.2;0.6;0.9;1.5;.126;1.2;1.2;2.4;0.6;
15-16;HOU;C;5;180;15.7;.510;.021;.792;14.4;27.4;20.5;8.2;1.1;3.4;15.6;17.5;0.1;0.2;.046;0.4;-0.9;-0.4;0.1;
16-17;ATL;C;6;157;13.9;.541;.528;12.8;33.0;22.8;7.6;1.9;2.5;19.9;14.9;0.3;0.4;.114;-2.5;1.5;-1.0;
19-20;LAL;C;18;282;15.7;.677;.035;.789;13.5;21.2;17.4;4.5;1.4;2.8;17.2;14.3;0.6;0.4;1.0;.162;-2.3;0.3;-2.1;
20-21;PHI;C;12;149;16.2;.588;.033;1.333;19.9;34.9;27.6;6.9;0.6;3.3;20.1;17.2;0.2;0.3;0.5;.171;-2.7;0.2;-2.5;
Career;;125;3945;21.6;.599;.006;.862;13.1;30.3;21.7;6.7;1.2;5.0;16.8;22.4;6.6;7.1;13.8;.167;1.2;1.6;2.8;4.8;
