Dwyane Wade;Shooting Guard and Point Guard;Right;1982-01-17;;6-4;220;Richards in Oak Lawn,Illinois;;;;-1;;
Per Game
03-04;MIA;PG;61;56;34.9;6.1;13.1;.465;0.3;0.9;.302;5.8;12.2;.477;.475;3.8;5.1;.747;1.4;2.7;4.0;4.5;1.4;0.6;3.2;2.3;16.2;
04-05;MIA;SG;77;77;38.6;8.2;17.1;.478;0.2;0.6;.289;8.0;16.5;.485;.483;7.5;9.9;.762;1.4;3.7;5.2;6.8;1.6;1.1;4.2;3.0;24.1;
05-06;MIA;SG;75;75;38.6;9.3;18.8;.495;0.2;1.0;.171;9.1;17.8;.513;.499;8.4;10.7;.783;1.4;4.3;5.7;6.7;1.9;0.8;3.6;2.9;27.2;
06-07;MIA;SG;51;50;37.9;9.3;18.9;.491;0.4;1.5;.266;8.8;17.3;.511;.502;8.5;10.5;.807;1.0;3.7;4.7;7.5;2.1;1.2;4.2;2.3;27.4;
07-08;MIA;SG;51;49;38.3;8.6;18.4;.469;0.4;1.5;.286;8.2;16.9;.485;.480;6.9;9.2;.758;0.9;3.3;4.2;6.9;1.7;0.7;4.4;2.7;24.6;
08-09;MIA;SG;79;79;38.6;10.8;22.0;.491;1.1;3.5;.317;9.7;18.5;.524;.516;7.5;9.8;.765;1.1;3.9;5.0;7.5;2.2;1.3;3.4;2.3;<strong>30.2</strong>;
09-10;MIA;SG;77;77;36.3;9.3;19.6;.476;0.9;3.2;.300;8.4;16.5;.509;.500;6.9;9.1;.761;1.4;3.5;4.8;6.5;1.8;1.1;3.3;2.4;26.6;
10-11;MIA;SG;76;76;37.1;9.1;18.2;.500;0.8;2.7;.306;8.3;15.5;.534;.523;6.5;8.6;.758;1.6;4.8;6.4;4.6;1.5;1.1;3.1;2.6;25.5;
11-12;MIA;SG;49;49;33.2;8.5;17.1;.497;0.3;1.1;.268;8.2;15.9;.513;.506;4.8;6.1;.791;1.5;3.3;4.8;4.6;1.7;1.3;2.6;2.2;22.1;
12-13;MIA;SG;69;69;34.7;8.2;15.8;.521;0.2;1.0;.258;8.0;14.9;.537;.528;4.5;6.2;.725;1.2;3.7;5.0;5.1;1.9;0.8;2.8;2.0;21.2;
13-14;MIA;SG;54;53;32.9;7.7;14.1;.545;0.2;0.6;.281;7.5;13.5;.557;.551;3.5;4.8;.733;1.1;3.4;4.5;4.7;1.5;0.5;3.0;2.0;19.0;
14-15;MIA;SG;62;62;31.8;8.2;17.5;.470;0.5;1.6;.284;7.7;15.8;.489;.483;4.6;6.0;.768;0.9;2.6;3.5;4.8;1.2;0.3;3.4;1.7;21.5;
15-16;MIA;SG;74;73;30.5;7.3;16.0;.456;0.1;0.6;.159;7.2;15.4;.468;.459;4.4;5.5;.793;1.1;3.0;4.1;4.6;1.1;0.6;2.7;1.6;19.0;
16-17;CHI;SG;60;59;29.9;6.9;15.9;.434;0.8;2.4;.310;6.2;13.5;.456;.457;3.7;4.7;.794;1.1;3.5;4.5;3.8;1.4;0.7;2.3;1.9;18.3;
17-18;TOT;SG;67;3;22.9;4.5;10.2;.438;0.5;1.7;.288;4.0;8.5;.468;.462;2.0;2.8;.714;0.7;3.0;3.8;3.4;0.9;0.7;2.1;1.9;11.4;
17-18;CLE;SG;46;3;23.2;4.3;9.5;.455;0.5;1.5;.329;3.8;7.9;.479;.482;2.0;2.9;.701;0.8;3.1;3.9;3.5;0.9;0.7;2.0;1.8;11.2;
17-18;MIA;SG;21;22.2;4.8;11.8;.409;0.4;2.0;.220;4.4;9.8;.447;.427;2.0;2.6;.745;0.5;2.9;3.4;3.1;0.9;0.7;2.3;1.9;12.0;
18-19;MIA;SG;72;2;26.2;5.8;13.3;.433;1.2;3.6;.330;4.6;9.7;.472;.478;2.3;3.2;.708;1.0;3.0;4.0;4.2;0.8;0.5;2.3;1.6;15.0;
Career;;1054;909;33.9;8.0;16.7;.480;0.5;1.8;.293;7.5;14.9;.502;.495;5.4;7.1;.765;1.2;3.5;4.7;5.4;1.5;0.8;3.2;2.2;22.0;
Playoffs Per Game
03-04;MIA;PG;13;13;39.2;6.6;14.5;.455;0.2;0.6;.375;6.4;13.9;.459;.463;4.5;5.8;.787;1.2;2.8;4.0;5.6;1.3;0.3;4.2;3.5;18.0;
04-05;MIA;SG;14;14;40.8;9.7;20.1;.484;0.1;0.7;.100;9.6;19.4;.498;.486;7.9;9.9;.799;1.6;4.1;5.7;6.6;1.6;1.1;4.4;3.1;27.4;
05-06;MIA;SG;<strong>23</strong>;23;41.7;9.5;19.2;.497;0.6;1.6;.378;8.9;17.6;.507;.512;8.8;10.9;.808;1.2;4.7;5.9;5.7;2.2;1.1;3.9;3.1;28.4;
06-07;MIA;SG;4;4;40.5;9.0;21.0;.429;1.3;9.0;19.8;.456;.429;5.5;8.0;.688;1.8;3.0;4.8;6.3;1.3;0.5;5.8;3.3;23.5;
08-09;MIA;SG;7;7;40.7;9.7;22.1;.439;2.6;7.1;.360;7.1;15.0;.476;.497;7.1;8.3;.862;0.6;4.4;5.0;5.3;0.9;1.6;3.6;2.9;29.1;
09-10;MIA;SG;5;5;42.0;12.4;22.0;.564;3.0;7.4;.405;9.4;14.6;.644;.632;5.4;8.0;.675;1.2;4.4;5.6;6.8;1.6;1.6;5.2;3.2;<strong>33.2</strong>;
10-11;MIA;SG;<strong>21</strong>;21;39.4;8.6;17.8;.485;0.7;2.5;.269;8.0;15.3;.520;.504;6.6;8.5;.777;2.0;5.1;7.1;4.4;1.6;1.3;3.0;2.5;24.5;
11-12;MIA;SG;<strong>23</strong>;23;39.4;8.6;18.5;.462;0.4;1.5;.294;8.1;17.0;.477;.474;5.3;7.2;.729;1.4;3.8;5.2;4.3;1.7;1.3;3.0;2.8;22.8;
12-13;MIA;SG;22;22;35.5;6.5;14.3;.457;0.2;.250;6.5;14.1;.460;.459;2.7;3.6;.750;1.7;2.9;4.6;4.8;1.7;1.0;2.6;2.0;15.9;
13-14;MIA;SG;20;20;34.7;7.0;13.9;.500;0.5;1.2;.375;6.5;12.7;.512;.516;3.5;4.5;.767;0.8;3.1;3.9;3.9;1.5;0.3;2.7;2.8;17.8;
15-16;MIA;SG;14;14;33.8;8.5;18.1;.469;0.9;1.6;.522;7.6;16.5;.463;.492;3.6;4.6;.781;0.9;4.8;5.6;4.3;0.8;0.9;2.7;1.6;21.4;
16-17;CHI;SG;6;6;31.7;5.3;14.3;.372;1.0;2.8;.353;4.3;11.5;.377;.407;3.3;3.5;.952;1.0;4.0;5.0;4.0;0.8;1.3;1.7;1.3;15.0;
17-18;MIA;SG;5;25.4;6.2;14.0;.443;0.8;6.2;13.2;.470;.443;4.2;5.2;.808;0.6;3.6;4.2;3.6;1.4;0.2;2.2;2.2;16.6;
Career;;177;172;37.8;8.2;17.3;.474;0.6;1.7;.338;7.6;15.6;.489;.490;5.4;6.9;.780;1.3;3.9;5.2;4.9;1.5;1.0;3.3;2.6;22.3;
Totals
03-04;MIA;PG;61;56;2126;371;798;.465;16;53;.302;355;745;.477;.475;233;312;.747;85;162;247;275;86;34;196;140;991;
04-05;MIA;SG;77;77;2974;630;1318;.478;13;45;.289;617;1273;.485;.483;581;762;.762;110;287;397;520;121;82;321;230;1854;
05-06;MIA;SG;75;75;2892;699;1413;.495;13;76;.171;686;1337;.513;.499;629;803;.783;107;323;430;503;146;58;268;217;2040;
06-07;MIA;SG;51;50;1931;472;962;.491;21;79;.266;451;883;.511;.502;432;535;.807;51;188;239;384;107;62;216;117;1397;
07-08;MIA;SG;51;49;1954;439;937;.469;22;77;.286;417;860;.485;.480;354;467;.758;45;169;214;354;87;37;224;137;1254;
08-09;MIA;SG;79;79;3048;<strong>854</strong>;<strong>1739</strong>;.491;88;278;.317;<strong>766</strong>;<strong>1461</strong>;.524;.516;590;771;.765;89;309;398;589;173;106;272;178;<strong>2386</strong>;
09-10;MIA;SG;77;77;2792;719;1511;.476;73;243;.300;646;1268;.509;.500;534;702;.761;107;266;373;501;142;82;252;181;2045;
10-11;MIA;SG;76;76;2823;692;1384;.500;63;206;.306;629;1178;.534;.523;494;652;.758;123;362;485;346;111;87;237;197;1941;
11-12;MIA;SG;49;49;1625;416;837;.497;15;56;.268;401;781;.513;.506;235;297;.791;73;164;237;225;82;63;129;110;1082;
12-13;MIA;SG;69;69;2391;569;1093;.521;17;66;.258;552;1027;.537;.528;308;425;.725;86;258;344;352;128;56;194;140;1463;
13-14;MIA;SG;54;53;1775;415;761;.545;9;32;.281;406;729;.557;.551;189;258;.733;60;181;241;252;79;29;161;106;1028;
14-15;MIA;SG;62;62;1971;509;1084;.470;29;102;.284;480;982;.489;.483;284;370;.768;58;161;219;299;73;21;209;105;1331;
15-16;MIA;SG;74;73;2258;540;1183;.456;7;44;.159;533;1139;.468;.459;322;406;.793;82;220;302;344;79;42;203;116;1409;
16-17;CHI;SG;60;59;1792;414;955;.434;45;145;.310;369;810;.456;.457;223;281;.794;63;207;270;228;86;41;138;112;1096;
17-18;TOT;SG;67;3;1536;299;682;.438;32;111;.288;267;571;.468;.462;135;189;.714;50;202;252;228;61;47;140;124;765;
17-18;CLE;SG;46;3;1069;198;435;.455;23;70;.329;175;365;.479;.482;94;134;.701;39;142;181;163;42;32;92;84;513;
17-18;MIA;SG;21;467;101;247;.409;9;41;.220;92;206;.447;.427;41;55;.745;11;60;71;65;19;15;48;40;252;
18-19;MIA;SG;72;2;1885;416;960;.433;86;261;.330;330;699;.472;.478;165;233;.708;69;216;285;301;59;38;166;118;1083;
Career;;1054;909;35773;8454;17617;.480;549;1874;.293;7905;15743;.502;.495;5708;7463;.765;1258;3675;4933;5701;1620;885;3326;2328;23165;
Playoffs Totals
03-04;MIA;PG;13;13;510;86;189;.455;3;8;.375;83;181;.459;.463;59;75;.787;16;36;52;73;17;4;54;45;234;
04-05;MIA;SG;14;14;571;136;281;.484;1;10;.100;135;271;.498;.486;111;139;.799;23;57;80;93;22;16;62;43;384;
05-06;MIA;SG;<strong>23</strong>;23;959;<strong>219</strong>;<strong>441</strong>;.497;14;37;.378;<strong>205</strong>;<strong>404</strong>;.507;.512;202;<strong>250</strong>;.808;28;107;135;132;<strong>51</strong>;26;<strong>90</strong>;71;<strong>654</strong>;
06-07;MIA;SG;4;4;162;36;84;.429;5;36;79;.456;.429;22;32;.688;7;12;19;25;5;2;23;13;94;
08-09;MIA;SG;7;7;285;68;155;.439;18;50;.360;50;105;.476;.497;50;58;.862;4;31;35;37;6;11;25;20;204;
09-10;MIA;SG;5;5;210;62;110;.564;15;37;.405;47;73;.644;.632;27;40;.675;6;22;28;34;8;8;26;16;166;
10-11;MIA;SG;<strong>21</strong>;21;828;181;373;.485;14;52;.269;167;321;.520;.504;139;179;.777;43;107;150;92;34;28;64;53;515;
11-12;MIA;SG;<strong>23</strong>;23;907;197;426;.462;10;34;.294;187;392;.477;.474;121;166;.729;32;88;120;100;39;30;68;65;525;
12-13;MIA;SG;22;22;782;144;315;.457;1;4;.250;143;311;.460;.459;60;80;.750;38;64;102;105;38;23;58;45;349;
13-14;MIA;SG;20;20;693;139;278;.500;9;24;.375;130;254;.512;.516;69;90;.767;16;61;77;77;30;5;54;55;356;
15-16;MIA;SG;14;14;473;119;254;.469;12;23;.522;107;231;.463;.492;50;64;.781;12;67;79;60;11;13;38;22;300;
16-17;CHI;SG;6;6;190;32;86;.372;6;17;.353;26;69;.377;.407;20;21;.952;6;24;30;24;5;8;10;8;90;
17-18;MIA;SG;5;127;31;70;.443;4;31;66;.470;.443;21;26;.808;3;18;21;18;7;1;11;11;83;
Career;;177;172;6697;1450;3062;.474;103;305;.338;1347;2757;.489;.490;951;1220;.780;234;694;928;870;273;175;583;467;3954;
Advanced
03-04;MIA;PG;61;2126;17.6;.530;.066;.391;4.6;9.0;6.8;25.1;2.2;1.3;17.3;25.0;2.2;2.3;4.6;.103;1.4;0.1;1.4;1.9;
04-05;MIA;SG;77;2974;23.1;.561;.034;.578;4.5;10.8;7.8;31.0;2.2;2.0;16.3;30.9;6.7;4.3;11.0;.177;3.9;0.7;4.6;4.9;
05-06;MIA;SG;75;2892;27.6;.577;.054;.568;4.5;12.6;8.7;33.0;2.6;1.5;13.2;32.5;10.2;4.2;14.4;.239;5.9;1.8;7.7;7.1;
06-07;MIA;SG;51;1931;<strong>28.9</strong>;.583;.082;.556;3.2;11.2;7.3;40.5;3.0;2.5;15.3;34.7;5.9;2.9;8.8;.219;6.3;1.8;8.2;4.9;
07-08;MIA;SG;51;1954;21.5;.549;.082;.498;2.7;10.5;6.6;37.5;2.4;1.5;16.4;33.1;1.8;1.5;3.3;.082;3.1;-0.2;2.9;2.3;
08-09;MIA;SG;79;3048;30.4;.574;.160;.443;3.5;12.2;7.8;40.3;3.0;2.8;11.6;<strong>36.2</strong>;10.3;4.4;14.7;.232;8.2;2.4;10.6;9.6;
09-10;MIA;SG;77;2792;28.0;.562;.161;.465;4.5;11.1;7.8;36.4;2.7;2.4;12.2;<strong>34.9</strong>;8.5;4.6;13.0;.224;7.1;2.1;9.2;7.9;
10-11;MIA;SG;76;2823;25.6;.581;.149;.471;5.5;14.4;10.2;23.5;2.1;2.4;12.4;31.6;8.1;4.7;12.8;.218;5.5;1.1;6.6;6.1;
11-12;MIA;SG;49;1625;26.3;.559;.067;.355;5.6;11.6;8.7;27.3;2.7;3.1;11.8;31.3;4.8;2.9;7.7;.227;6.0;1.9;7.9;4.0;
12-13;MIA;SG;69;2391;24.0;.571;.060;.389;4.7;12.6;8.9;26.6;2.8;1.9;13.2;29.5;6.1;3.5;9.6;.192;3.7;0.7;4.4;3.8;
13-14;MIA;SG;54;1775;22.0;.588;.042;.339;4.4;12.3;8.5;25.5;2.3;1.4;15.5;27.9;3.5;2.0;5.5;.149;2.9;2.9;2.2;
14-15;MIA;SG;62;1971;21.4;.534;.094;.341;3.6;9.6;6.7;32.1;2.0;0.9;14.4;34.7;2.1;1.4;3.5;.086;3.5;-1.4;2.1;2.1;
15-16;MIA;SG;74;2258;20.3;.517;.037;.343;4.3;10.7;7.6;27.4;1.8;1.4;13.0;31.6;2.4;2.6;4.9;.105;2.3;-0.4;1.9;2.2;
16-17;CHI;SG;60;1792;18.5;.508;.152;.294;3.8;12.6;8.1;22.3;2.4;1.8;11.3;29.6;0.9;2.5;3.4;.090;1.6;0.9;2.5;2.1;
17-18;TOT;SG;67;1536;15.0;.500;.163;.277;3.7;14.6;9.2;23.5;2.0;2.6;15.5;26.2;-0.4;1.6;1.1;.036;-0.9;-0.1;-1.0;0.4;
17-18;CLE;SG;46;1069;15.9;.519;.161;.308;4.2;14.7;9.5;23.3;1.9;2.5;15.7;24.3;0.4;0.9;1.3;.057;-0.1;-0.1;-0.2;0.5;
17-18;MIA;SG;21;467;13.1;.465;.166;.223;2.6;14.4;8.5;23.9;2.0;2.7;15.0;30.7;-0.8;0.7;-0.1;-0.014;-2.8;-2.8;-0.1;
18-19;MIA;SG;72;1885;15.8;.510;.272;.243;3.9;12.2;8.0;26.5;1.5;1.8;13.5;27.9;0.1;2.3;2.4;.061;0.8;-0.2;0.6;1.2;
Career;;1054;35773;23.5;.554;.106;.424;4.2;11.8;8.1;30.4;2.4;2.0;13.7;31.4;73.3;47.4;120.7;.162;4.2;0.8;5.0;62.8;
Playoffs Advanced
03-04;MIA;PG;13;510;17.7;.527;.042;.397;3.6;8.1;5.8;30.6;1.9;0.7;19.6;25.9;0.6;0.5;1.1;.104;1.3;0.2;1.5;0.5;
04-05;MIA;SG;14;571;24.3;.561;.036;.495;5.3;10.7;8.3;32.5;2.1;2.1;15.3;33.9;1.2;1.0;2.1;.180;4.9;1.0;5.9;1.1;
05-06;MIA;SG;<strong>23</strong>;959;26.9;.593;.084;.567;3.6;12.7;8.4;27.9;2.8;2.3;14.0;31.7;2.8;<strong>2.0</strong>;4.8;.240;6.5;2.8;9.3;2.7;
06-07;MIA;SG;4;162;15.2;.479;.060;.381;5.1;9.4;7.1;32.8;1.6;1.0;19.0;35.3;-0.3;0.1;-0.2;-0.060;1.5;-2.1;-0.6;0.1;
08-09;MIA;SG;7;285;26.3;.565;.323;.374;1.9;12.8;7.8;31.4;1.2;3.3;12.2;37.2;0.8;0.4;1.2;.195;7.0;0.3;7.3;0.7;
09-10;MIA;SG;5;210;<strong>29.4</strong>;<strong>.650</strong>;.336;.364;3.3;14.1;8.3;40.0;2.0;3.2;16.9;<strong>34.0</strong>;0.7;0.3;1.0;.229;<strong>10.4</strong>;3.1;<strong>13.5</strong>;0.8;
10-11;MIA;SG;<strong>21</strong>;828;26.3;.570;.139;.480;6.5;15.3;11.0;24.5;2.3;2.8;12.4;30.4;2.4;1.3;3.7;.216;6.5;1.9;8.4;<strong>2.2</strong>;
11-12;MIA;SG;<strong>23</strong>;907;22.0;.526;.080;.390;4.4;11.5;8.0;21.9;2.3;2.7;12.0;29.9;1.8;1.3;3.1;.165;3.9;1.4;5.3;1.7;
12-13;MIA;SG;22;782;18.7;.498;.013;.254;6.1;9.9;8.1;24.2;2.7;2.5;14.2;25.3;0.7;1.0;1.8;.108;2.6;0.5;3.1;1.0;
13-14;MIA;SG;20;693;18.5;.560;.086;.324;3.2;11.3;7.4;20.7;2.4;0.7;14.5;27.4;0.7;0.5;1.2;.086;1.6;-0.7;0.9;0.5;
15-16;MIA;SG;14;473;22.3;.532;.091;.252;3.2;15.9;9.9;25.4;1.2;2.1;11.9;32.2;0.7;0.8;1.5;.148;4.2;0.7;4.9;0.8;
16-17;CHI;SG;6;190;15.5;.472;.198;.244;3.6;13.9;8.8;21.5;1.4;4.3;9.5;25.0;0.1;0.2;0.2;.063;1.0;1.0;0.1;
17-18;MIA;SG;5;127;17.4;.510;.057;.371;2.4;15.3;8.7;27.3;2.6;0.7;11.9;31.4;0.1;0.1;.032;0.1;0.6;0.6;0.1;
Career;;177;6697;22.4;.549;.100;.398;4.4;12.1;8.4;26.3;2.2;2.2;13.9;30.1;12.3;9.3;21.6;.155;4.2;1.0;5.3;12.3;
