E'Twaun Moore;Shooting Guard and Point Guard;Right;1989-02-25;;6-3;191;East Chicago Central in East Chicago,Indiana;;;;-1;;
Per Game
11-12;BOS;PG;38;8.7;1.1;3.0;.381;0.4;1.2;.378;0.7;1.8;.382;.456;0.2;0.2;1.000;0.1;0.8;0.9;0.9;0.3;0.1;0.6;0.9;2.9;
12-13;ORL;SG;75;21;22.4;3.2;8.0;.396;0.9;2.6;.340;2.3;5.3;.424;.452;0.6;0.8;.797;0.6;1.6;2.2;2.7;0.7;0.3;1.4;1.6;7.8;
13-14;ORL;SG;79;3;19.1;2.5;5.8;.428;0.7;2.0;.354;1.7;3.7;.468;.490;0.7;0.9;.765;0.4;1.4;1.7;1.4;0.8;0.2;0.7;1.3;6.3;
14-15;CHI;SG;56;9.0;1.1;2.5;.446;0.2;0.7;.342;0.9;1.8;.485;.493;0.2;0.4;.600;0.2;0.6;0.8;0.6;0.4;0.1;0.3;0.8;2.7;
15-16;CHI;SG;59;22;21.4;3.2;6.6;.481;0.8;1.8;.452;2.4;4.8;.491;.541;0.4;0.6;.629;0.3;1.9;2.3;1.7;0.6;0.3;0.9;1.7;7.5;
16-17;NOP;SG;73;22;24.9;3.9;8.5;.457;1.1;2.8;.370;2.8;5.6;.501;.519;0.8;1.0;.770;0.5;1.6;2.1;2.2;0.7;0.4;0.8;1.8;9.6;
17-18;NOP;SG;<strong>82</strong>;80;31.5;5.2;10.1;.508;1.6;3.7;.425;3.6;6.5;.556;.585;0.6;0.8;.706;0.7;2.2;2.9;2.3;1.0;0.1;1.2;2.2;12.5;
18-19;NOP;SG;53;36;27.6;4.8;10.0;.481;1.4;3.3;.432;3.4;6.7;.506;.553;0.8;1.1;.763;0.7;1.7;2.4;1.9;0.8;0.2;1.1;2.1;11.9;
19-20;NOP;SG;56;6;18.2;3.3;7.8;.426;1.1;3.0;.377;2.2;4.8;.456;.498;0.6;0.8;.689;0.6;1.8;2.3;1.4;0.6;0.2;0.7;1.4;8.3;
20-21;PHO;SG;27;1;14.4;2.0;4.5;.455;0.4;1.3;.314;1.6;3.2;.512;.500;0.4;0.5;.857;0.5;1.1;1.7;1.5;0.6;0.2;0.9;1.2;4.9;
Career;;598;191;21.0;3.2;7.1;.455;0.9;2.4;.388;2.3;4.7;.489;.521;0.6;0.8;.742;0.5;1.5;2.0;1.8;0.7;0.2;0.9;1.6;7.9;
Playoffs Per Game
11-12;BOS;PG;9;2.3;0.2;0.9;.250;0.2;0.2;0.7;.333;.250;0.1;0.2;.500;0.3;0.3;0.3;0.1;0.1;0.2;0.6;
14-15;CHI;SG;3;3.0;0.7;2.0;.333;0.3;0.3;1.000;0.3;1.7;.200;.417;1.0;1.0;0.7;0.3;1.7;
17-18;NOP;SG;9;9;31.6;4.6;9.8;.466;1.0;2.8;.360;3.6;7.0;.508;.517;1.2;1.8;.688;0.7;1.9;2.6;1.7;0.7;0.1;1.2;2.2;11.3;
20-21;PHO;SG;7;6.6;1.1;2.6;.444;0.1;0.7;.200;1.0;1.9;.538;.472;1.4;1.4;1.3;0.1;0.4;0.4;2.4;
Career;;28;9;12.9;1.9;4.3;.442;0.4;1.2;.333;1.5;3.1;.483;.488;0.4;0.6;.667;0.2;1.2;1.4;1.0;0.3;0.1;0.5;0.9;4.6;
Totals
11-12;BOS;PG;38;331;43;113;.381;17;45;.378;26;68;.382;.456;7;7;1.000;4;29;33;34;11;3;21;33;110;
12-13;ORL;SG;75;21;1682;237;598;.396;67;197;.340;170;401;.424;.452;47;59;.797;48;119;167;206;51;23;105;122;588;
13-14;ORL;SG;79;3;1506;195;456;.428;57;161;.354;138;295;.468;.490;52;68;.765;29;107;136;112;60;13;55;106;499;
14-15;CHI;SG;56;504;62;139;.446;13;38;.342;49;101;.485;.493;12;20;.600;12;34;46;33;20;6;14;45;149;
15-16;CHI;SG;59;22;1263;187;389;.481;47;104;.452;140;285;.491;.541;22;35;.629;19;114;133;99;37;18;53;103;443;
16-17;NOP;SG;73;22;1820;283;619;.457;77;208;.370;206;411;.501;.519;57;74;.770;33;119;152;164;50;32;62;131;700;
17-18;NOP;SG;<strong>82</strong>;80;2586;423;832;.508;128;301;.425;295;531;.556;.585;48;68;.706;57;181;238;187;79;12;102;182;1022;
18-19;NOP;SG;53;36;1463;256;532;.481;76;176;.432;180;356;.506;.553;45;59;.763;35;92;127;102;40;8;59;112;633;
19-20;NOP;SG;56;6;1020;186;437;.426;63;167;.377;123;270;.456;.498;31;45;.689;31;100;131;78;32;11;40;80;466;
20-21;PHO;SG;27;1;389;55;121;.455;11;35;.314;44;86;.512;.500;12;14;.857;14;31;45;40;15;5;23;32;133;
Career;;598;191;12564;1927;4236;.455;556;1432;.388;1371;2804;.489;.521;333;449;.742;282;926;1208;1055;395;131;534;946;4743;
Playoffs Totals
11-12;BOS;PG;9;21;2;8;.250;2;2;6;.333;.250;1;2;.500;3;3;3;1;1;2;5;
14-15;CHI;SG;3;9;2;6;.333;1;1;1.000;1;5;.200;.417;3;3;2;1;5;
17-18;NOP;SG;9;9;284;41;88;.466;9;25;.360;32;63;.508;.517;11;16;.688;6;17;23;15;6;1;11;20;102;
20-21;PHO;SG;7;46;8;18;.444;1;5;.200;7;13;.538;.472;10;10;9;1;3;3;17;
Career;;28;9;360;53;120;.442;11;33;.333;42;87;.483;.488;12;18;.667;6;33;39;27;9;2;15;26;129;
Advanced
11-12;BOS;PG;38;331;8.8;.474;.398;.062;1.5;9.9;5.9;17.0;1.8;0.7;15.3;19.9;-0.3;0.5;0.2;.031;-3.3;0.9;-2.4;
12-13;ORL;SG;75;1682;10.7;.471;.329;.099;3.2;8.0;5.6;19.1;1.6;1.1;14.4;19.7;-0.4;0.7;0.2;.006;-1.6;-0.7;-2.3;-0.1;
13-14;ORL;SG;79;1506;11.1;.513;.353;.149;2.2;8.1;5.1;11.8;2.0;0.7;10.2;16.4;0.6;1.1;1.7;.055;-1.9;0.3;-1.6;0.2;
14-15;CHI;SG;56;504;10.3;.504;.273;.144;2.7;7.1;5.0;10.4;2.1;0.9;8.7;14.4;0.3;0.5;0.8;.080;-2.7;1.1;-1.5;0.1;
15-16;CHI;SG;59;1263;11.4;.548;.267;.090;1.6;9.3;5.5;12.1;1.5;1.0;11.6;15.9;0.9;1.0;1.8;.070;-1.9;-1.9;
16-17;NOP;SG;73;1820;12.1;.537;.336;.120;1.9;6.9;4.4;13.8;1.3;1.4;8.7;17.4;1.2;1.5;2.7;.070;-1.7;0.1;-1.6;0.2;
17-18;NOP;SG;<strong>82</strong>;2586;12.1;.593;.362;.082;2.5;7.3;5.0;10.1;1.5;0.4;10.6;16.1;2.8;1.6;4.4;.081;-1.0;-0.5;-1.6;0.3;
18-19;NOP;SG;53;1463;11.5;.567;.331;.111;2.5;6.4;4.5;9.5;1.3;0.4;9.6;17.3;1.2;0.5;1.7;.055;-1.2;-1.1;-2.3;-0.1;
19-20;NOP;SG;56;1020;11.3;.510;.382;.103;3.2;10.4;6.8;11.0;1.5;0.9;8.1;19.9;0.3;0.7;0.9;.043;-1.9;-0.8;-2.7;-0.2;
20-21;PHO;SG;27;389;10.4;.523;.289;.116;4.2;8.9;6.6;13.7;1.9;1.2;15.3;17.2;0.4;0.4;.049;-3.1;0.2;-2.9;-0.1;
Career;;598;12564;11.4;.535;.338;.106;2.5;7.9;5.2;12.6;1.6;0.8;10.7;17.3;6.5;8.3;14.8;.057;-1.7;-0.3;-1.9;0.2;
Playoffs Advanced
11-12;BOS;PG;9;21;3.1;.282;.250;.250;16.4;8.5;23.9;3.8;10.1;23.0;-0.1;-0.1;-0.139;-6.9;-0.9;-7.8;
14-15;CHI;SG;3;9;21.9;.417;.167;35.8;18.3;11.8;30.4;.161;-1.6;14.4;12.8;
17-18;NOP;SG;9;284;8.7;.537;.284;.182;2.3;6.0;4.2;7.1;1.0;0.3;10.4;16.0;0.2;0.2;.034;-2.7;-0.6;-3.3;-0.1;
20-21;PHO;SG;7;46;11.4;.472;.278;22.9;12.1;28.8;1.1;14.3;20.8;0.1;.034;-2.6;1.8;-0.7;
Career;;28;360;9.1;.504;.275;.150;1.8;9.5;5.8;10.6;1.2;0.4;10.5;17.4;-0.1;0.3;0.2;.027;-2.9;0.1;-2.8;-0.1;
