Ed Davis;Power Forward and Center;Left;1989-06-05;;6-9;218;Benedictine in Richmond,Virginia;;;;-1;;
Per Game
10-11;TOR;PF;65;17;24.6;3.3;5.7;.576;3.3;5.7;.576;.576;1.1;2.0;.555;2.6;4.5;7.1;0.6;0.6;1.0;0.7;2.8;7.7;
11-12;TOR;PF;<strong>66</strong>;9;23.2;2.6;5.1;.513;2.6;5.1;.515;.513;1.1;1.6;.670;2.0;4.6;6.6;0.9;0.6;1.0;1.0;2.4;6.3;
12-13;TOT;C,PF;81;28;20.1;3.2;6.0;.539;3.2;6.0;.539;.539;1.3;2.1;.617;1.9;3.8;5.7;0.8;0.5;1.0;0.8;2.4;7.7;
12-13;TOR;C;45;24;24.2;4.1;7.5;.549;4.1;7.5;.549;.549;1.5;2.3;.647;2.1;4.6;6.7;1.2;0.6;0.8;1.0;2.5;9.7;
12-13;MEM;PF;36;4;15.1;2.1;4.0;.517;2.1;4.0;.517;.517;1.0;1.8;.569;1.6;2.9;4.4;0.2;0.4;1.3;0.5;2.2;5.1;
13-14;MEM;PF;63;4;15.2;2.5;4.6;.534;2.5;4.6;.534;.534;0.7;1.4;.528;1.5;2.7;4.1;0.4;0.3;0.7;0.6;1.8;5.7;
14-15;LAL;PF;79;24;23.3;3.6;5.9;.601;3.6;5.9;.601;.601;1.2;2.4;.487;2.9;4.7;7.6;1.2;0.6;1.2;0.7;2.6;8.3;
15-16;POR;PF;81;20.8;2.5;4.2;.611;2.5;4.2;.611;.611;1.4;2.5;.559;2.8;4.6;7.4;1.1;0.7;0.9;0.8;2.5;6.5;
16-17;POR;PF;46;12;17.2;1.6;3.1;.528;1.6;3.1;.528;.528;1.1;1.8;.617;2.1;3.2;5.3;0.6;0.3;0.5;0.8;3.0;4.3;
17-18;POR;C;78;18.9;2.2;3.7;.582;2.2;3.7;.584;.582;0.9;1.4;.667;2.3;5.0;7.4;0.5;0.4;0.7;0.8;2.4;5.3;
18-19;BRK;C;81;1;17.9;2.3;3.7;.616;2.3;3.7;.620;.616;1.2;2.0;.617;2.7;5.9;8.6;0.8;0.4;0.4;0.8;2.8;5.8;
19-20;UTA;C;28;1;10.8;0.8;1.6;.478;0.8;1.6;.478;.478;0.3;0.5;.500;1.3;2.5;3.8;0.4;0.4;0.3;0.5;2.2;1.8;
20-21;MIN;C;23;7;13.0;0.8;1.9;.432;0.8;1.9;.432;.432;0.4;0.5;.833;2.0;3.0;5.0;0.9;0.6;0.6;0.3;2.4;2.1;
21-22;CLE;C;31;3;6.5;0.4;0.5;.688;0.4;0.5;.688;.688;0.2;0.5;.429;0.5;1.6;2.1;0.2;0.1;0.3;0.2;1.1;0.9;
Career;;722;106;19.1;2.5;4.3;.567;2.5;4.3;.568;.567;1.0;1.8;.583;2.2;4.2;6.4;0.7;0.5;0.8;0.7;2.4;5.9;
Playoffs Per Game
12-13;MEM;PF;8;6.0;0.6;1.5;.417;0.6;1.5;.417;.417;0.4;0.5;.750;0.5;0.9;1.4;0.1;0.3;0.9;1.6;
13-14;MEM;PF;7;3.6;0.4;1.4;.300;0.4;1.4;.300;.300;0.1;1.1;1.0;2.1;0.1;0.4;0.3;0.3;0.9;
15-16;POR;PF;11;18.6;1.9;3.6;.525;0.2;1.9;3.5;.553;.525;1.7;3.0;.576;2.4;4.5;6.8;1.3;0.2;0.6;0.9;3.0;5.5;
17-18;POR;C;4;17.8;1.3;2.5;.500;1.3;2.5;.500;.500;0.3;1.0;.250;1.3;6.8;8.0;0.3;1.0;1.8;2.8;
18-19;BRK;C;3;13.7;2.3;3.3;.700;2.3;3.3;.700;.700;0.7;0.7;1.000;1.3;5.0;6.3;0.7;0.3;3.0;5.3;
Career;;33;11.8;1.2;2.5;.500;0.1;1.2;2.4;.513;.500;0.8;1.3;.568;1.4;3.2;4.6;0.5;0.1;0.4;0.5;1.8;3.2;
Totals
10-11;TOR;PF;65;17;1602;215;373;.576;215;373;.576;.576;71;128;.555;168;294;462;40;39;67;48;183;501;
11-12;TOR;PF;<strong>66</strong>;9;1534;172;335;.513;1;172;334;.515;.513;71;106;.670;134;304;438;60;40;63;67;156;415;
12-13;TOT;C,PF;81;28;1631;260;482;.539;260;482;.539;.539;103;167;.617;152;308;460;63;38;85;63;191;623;
12-13;TOR;C;45;24;1087;186;339;.549;186;339;.549;.549;66;102;.647;95;205;300;55;25;38;45;111;438;
12-13;MEM;PF;36;4;544;74;143;.517;74;143;.517;.517;37;65;.569;57;103;160;8;13;47;18;80;185;
13-14;MEM;PF;63;4;956;155;290;.534;155;290;.534;.534;47;89;.528;92;168;260;27;17;43;40;114;357;
14-15;LAL;PF;79;24;1840;282;469;.601;282;469;.601;.601;92;189;.487;230;370;600;94;49;98;58;202;656;
15-16;POR;PF;81;1684;206;337;.611;206;337;.611;.611;114;204;.559;224;375;599;88;57;72;64;202;526;
16-17;POR;PF;46;12;789;75;142;.528;75;142;.528;.528;50;81;.617;96;148;244;26;15;22;37;137;200;
17-18;POR;C;78;1471;170;292;.582;1;170;291;.584;.582;74;111;.667;183;392;575;40;32;52;66;188;414;
18-19;BRK;C;81;1;1446;186;302;.616;2;186;300;.620;.616;100;162;.617;216;478;694;61;35;33;64;226;472;
19-20;UTA;C;28;1;303;22;46;.478;22;46;.478;.478;7;14;.500;35;70;105;12;11;9;13;61;51;
20-21;MIN;C;23;7;299;19;44;.432;19;44;.432;.432;10;12;.833;46;69;115;21;13;13;7;56;48;
21-22;CLE;C;31;3;201;11;16;.688;11;16;.688;.688;6;14;.429;14;50;64;7;3;9;5;33;28;
Career;;722;106;13756;1773;3128;.567;4;1773;3124;.568;.567;745;1277;.583;1590;3026;4616;539;349;566;532;1749;4291;
Playoffs Totals
12-13;MEM;PF;8;48;5;12;.417;5;12;.417;.417;3;4;.750;4;7;11;1;2;7;13;
13-14;MEM;PF;7;25;3;10;.300;3;10;.300;.300;1;8;7;15;1;3;2;2;6;
15-16;POR;PF;11;205;21;40;.525;2;21;38;.553;.525;19;33;.576;26;49;75;14;2;7;10;33;61;
17-18;POR;C;4;71;5;10;.500;5;10;.500;.500;1;4;.250;5;27;32;1;4;7;11;
18-19;BRK;C;3;41;7;10;.700;7;10;.700;.700;2;2;1.000;4;15;19;2;1;9;16;
Career;;33;390;41;82;.500;2;41;80;.513;.500;25;44;.568;47;105;152;16;3;13;18;58;107;
Advanced
10-11;TOR;PF;65;1602;15.8;.583;.343;12.1;22.3;17.1;3.8;1.3;3.2;10.1;13.3;2.9;1.1;4.0;.119;-0.2;-0.8;-0.9;0.4;
11-12;TOR;PF;<strong>66</strong>;1534;14.2;.544;.003;.316;10.4;23.0;16.7;6.5;1.4;3.4;14.9;13.8;1.6;2.3;3.9;.121;-1.2;0.8;-0.3;0.7;
12-13;TOT;C,PF;81;1631;17.8;.561;.346;10.9;22.8;16.7;6.7;1.2;4.2;10.2;17.6;2.9;2.4;5.4;.159;-0.2;0.4;0.2;0.9;
12-13;TOR;C;45;1087;18.1;.570;.301;10.2;22.8;16.4;8.8;1.2;2.8;10.5;18.3;2.1;1.2;3.3;.147;0.7;-0.3;0.4;0.6;
12-13;MEM;PF;36;544;17.2;.539;.455;12.1;22.8;17.4;2.4;1.3;7.1;9.5;16.1;0.8;1.2;2.1;.183;-2.0;1.9;-0.1;0.3;
13-14;MEM;PF;63;956;15.9;.542;.307;11.4;20.9;16.1;4.5;0.9;3.7;10.8;17.8;1.2;1.4;2.6;.129;-1.3;0.1;-1.2;0.2;
14-15;LAL;PF;79;1840;20.0;.594;.403;13.3;23.1;18.0;8.3;1.4;4.3;9.5;14.8;4.6;1.6;6.3;.164;1.4;0.1;1.5;1.6;
15-16;POR;PF;81;1684;18.7;.616;.605;14.4;24.2;19.3;7.7;1.7;3.3;13.0;12.7;4.4;2.3;6.7;.192;1.0;0.9;1.9;1.6;
16-17;POR;PF;46;789;11.5;.563;.570;13.4;20.9;17.1;4.6;0.9;2.2;17.2;12.0;1.0;0.7;1.7;.104;-3.2;-0.8;-4.1;-0.4;
17-18;POR;C;78;1471;15.5;.607;.003;.380;13.7;28.8;21.3;3.9;1.1;2.9;16.2;12.1;2.5;2.5;5.0;.164;-1.2;0.6;-0.6;0.5;
18-19;BRK;C;81;1446;17.3;.632;.007;.536;15.8;34.6;25.2;6.0;1.2;1.8;14.6;12.7;3.3;2.5;5.7;.191;-0.6;0.7;0.7;
19-20;UTA;C;28;303;9.5;.489;.304;13.2;24.6;19.1;5.2;1.8;2.5;20.0;9.4;0.2;0.5;0.6;.102;-4.6;1.5;-3.2;-0.1;
20-21;MIN;C;23;299;13.1;.487;.273;16.1;26.0;20.8;9.0;2.1;3.8;12.4;7.9;0.5;0.4;0.8;.135;-3.3;1.1;-2.2;
21-22;CLE;C;31;201;9.3;.632;.875;7.9;26.9;17.6;4.5;0.7;4.0;18.4;6.0;0.2;0.3;0.5;.126;-4.2;2.5;-1.8;
Career;;722;13756;16.4;.581;.001;.408;12.8;24.8;18.8;6.0;1.3;3.3;12.6;13.7;25.2;18.1;43.3;.151;-0.6;0.4;-0.2;6.2;
Playoffs Advanced
12-13;MEM;PF;8;48;7.8;.472;.333;9.5;18.4;13.7;1.8;12.7;15.3;.038;-4.5;-2.4;-6.9;-0.1;
13-14;MEM;PF;7;25;16.9;.287;.100;34.2;32.9;33.6;2.2;10.4;16.1;22.9;-0.1;0.1;-0.028;-2.4;-2.5;-4.9;
15-16;POR;PF;11;205;14.9;.559;.050;.825;12.7;25.2;18.8;10.3;0.5;2.7;15.5;13.4;0.4;0.2;0.5;.127;-0.9;0.1;-0.7;0.1;
17-18;POR;C;4;71;6.1;.468;.400;7.2;45.9;24.9;1.2;25.4;9.5;-0.1;-0.1;-0.035;-4.6;-1.3;-5.9;-0.1;
18-19;BRK;C;3;41;19.6;.735;.200;9.3;40.8;23.8;7.8;1.8;10.8;0.2;0.2;.230;1.7;2.1;3.8;0.1;
Career;;33;390;13.1;.528;.024;.537;12.3;30.3;20.7;6.2;0.4;2.7;15.1;13.3;0.4;0.3;0.7;.087;-1.8;-0.4;-2.2;
