Ekpe Udoh;Center and Power Forward;Right;1987-05-20;;6-10;245;Santa Fe in Edmond,Oklahoma;;;;-1;;
Per Game
10-11;GSW;C;58;18;17.8;1.7;3.8;.437;1.7;3.8;.437;.437;0.7;1.1;.656;1.4;1.7;3.1;0.7;0.4;1.5;0.8;2.5;4.1;
11-12;TOT;C;61;11;21.1;2.1;4.8;.431;2.1;4.8;.433;.431;1.4;1.9;.754;1.6;2.5;4.2;0.9;0.7;1.7;0.9;2.9;5.6;
11-12;GSW;C;38;6;21.8;2.2;4.9;.443;2.2;4.9;.443;.443;1.2;1.7;.719;1.5;2.3;3.9;0.8;0.7;1.7;0.9;3.0;5.5;
11-12;MIL;C;23;5;20.1;2.0;4.8;.409;0.1;2.0;4.7;.417;.409;1.7;2.2;.800;1.8;2.8;4.7;1.1;0.7;1.6;0.8;2.6;5.7;
12-13;MIL;C;76;9;17.3;1.5;3.5;.435;1.5;3.5;.437;.435;1.2;1.6;.748;1.5;1.8;3.3;0.6;0.5;1.1;0.6;1.8;4.3;
13-14;MIL;PF;42;14;19.1;1.4;3.4;.399;1.4;3.4;.399;.399;0.7;1.1;.638;1.5;2.1;3.5;0.7;0.4;1.0;0.9;2.3;3.4;
14-15;LAC;PF;33;3.9;0.3;0.7;.458;0.3;0.7;.458;.458;0.2;0.3;.778;0.2;0.6;0.8;0.2;0.2;0.2;0.2;0.6;0.9;
17-18;UTA;C;63;3;12.9;1.0;1.9;.500;1.0;1.9;.504;.500;0.7;0.9;.750;1.1;1.3;2.4;0.8;0.7;1.2;0.3;1.7;2.6;
18-19;UTA;C;51;1;6.3;1.0;1.4;.694;1.0;1.4;.694;.694;0.4;0.6;.633;0.5;1.2;1.8;0.5;0.2;0.6;0.3;0.7;2.3;
Career;;384;56;14.8;1.4;3.0;.453;1.4;3.0;.455;.453;0.8;1.1;.718;1.2;1.7;2.9;0.7;0.5;1.1;0.6;1.9;3.5;
Playoffs Per Game
12-13;MIL;C;4;13.5;1.0;2.3;.444;1.0;2.3;.444;.444;0.8;0.8;1.5;0.3;0.5;0.5;1.0;2.0;
14-15;LAC;PF;4;3.0;0.3;0.8;.333;0.3;0.8;.333;.333;0.8;0.8;0.8;0.5;
17-18;UTA;C;6;3.5;0.2;0.2;1.000;0.2;0.2;1.000;1.000;0.7;0.2;0.3;0.5;0.3;0.2;0.3;0.3;
18-19;UTA;C;2;3.0;0.5;0.5;
Career;;16;5.8;0.4;0.9;.429;0.4;0.9;.429;.429;0.3;0.3;0.5;0.8;0.1;0.1;0.3;0.1;0.6;0.8;
Totals
10-11;GSW;C;58;18;1030;97;222;.437;97;222;.437;.437;42;64;.656;80;101;181;40;22;86;48;144;236;
11-12;TOT;C;61;11;1290;127;295;.431;2;127;293;.433;.431;86;114;.754;100;154;254;57;40;102;53;174;340;
11-12;GSW;C;38;6;827;82;185;.443;82;185;.443;.443;46;64;.719;58;89;147;31;25;65;35;115;210;
11-12;MIL;C;23;5;463;45;110;.409;2;45;108;.417;.409;40;50;.800;42;65;107;26;15;37;18;59;130;
12-13;MIL;C;76;9;1312;117;269;.435;1;117;268;.437;.435;89;119;.748;113;138;251;43;39;85;43;139;323;
13-14;MIL;PF;42;14;804;57;143;.399;57;143;.399;.399;30;47;.638;61;87;148;31;15;44;38;96;144;
14-15;LAC;PF;33;128;11;24;.458;11;24;.458;.458;7;9;.778;7;19;26;8;8;7;7;20;29;
17-18;UTA;C;63;3;810;60;120;.500;1;60;119;.504;.500;42;56;.750;68;82;150;53;43;74;20;105;162;
18-19;UTA;C;51;1;320;50;72;.694;50;72;.694;.694;19;30;.633;27;63;90;28;10;31;13;36;119;
Career;;384;56;5694;519;1145;.453;4;519;1141;.455;.453;315;439;.718;456;644;1100;260;177;429;222;714;1353;
Playoffs Totals
12-13;MIL;C;4;54;4;9;.444;4;9;.444;.444;3;3;6;1;2;2;4;8;
14-15;LAC;PF;4;12;1;3;.333;1;3;.333;.333;3;3;3;2;
17-18;UTA;C;6;21;1;1;1.000;1;1;1.000;1.000;4;1;2;3;2;1;2;2;
18-19;UTA;C;2;6;1;1;
Career;;16;93;6;14;.429;6;14;.429;.429;4;4;8;12;1;2;4;1;9;12;
Advanced
10-11;GSW;C;58;1030;9.7;.472;.288;8.6;11.4;10.0;5.4;1.1;6.4;16.1;12.8;0.7;0.7;.032;-4.4;0.6;-3.8;-0.5;
11-12;TOT;C;61;1290;12.5;.493;.007;.386;8.6;13.5;11.0;6.4;1.6;6.0;13.3;14.0;0.9;1.2;2.1;.077;-2.9;1.3;-1.5;0.2;
11-12;GSW;C;38;827;11.5;.493;.346;8.0;12.2;10.1;5.5;1.6;6.0;14.1;13.8;0.3;0.6;0.9;.054;-3.3;1.3;-2.0;
11-12;MIL;C;23;463;14.3;.492;.018;.455;9.7;15.9;12.7;8.1;1.7;6.0;12.0;14.3;0.5;0.6;1.1;.119;-2.1;1.4;-0.7;0.2;
12-13;MIL;C;76;1312;12.0;.503;.004;.442;8.9;11.7;10.3;4.7;1.5;4.7;11.8;12.1;1.1;1.5;2.7;.098;-2.8;1.1;-1.7;0.1;
13-14;MIL;PF;42;804;7.6;.440;.329;8.4;12.8;10.5;5.7;1.0;4.4;18.8;11.4;-0.4;0.4;-4.8;-0.1;-4.8;-0.6;
14-15;LAC;PF;33;128;11.6;.519;.375;6.3;16.4;11.4;8.5;3.2;4.5;20.0;12.3;0.2;0.3;.101;-3.9;2.7;-1.2;
17-18;UTA;C;63;810;15.2;.560;.008;.467;9.6;11.4;10.5;9.1;2.7;7.7;12.1;9.1;1.3;1.8;3.2;.187;-1.3;4.4;3.1;1.1;
18-19;UTA;C;51;320;20.9;.698;.417;9.3;20.9;15.2;12.8;1.5;7.7;13.2;13.1;0.9;0.7;1.6;.238;0.8;3.9;4.7;0.5;
Career;;384;5694;12.0;.506;.003;.383;8.8;12.8;10.8;6.5;1.6;5.9;14.2;12.2;3.9;6.6;10.4;.088;-3.0;1.6;-1.4;0.8;
Playoffs Advanced
12-13;MIL;C;4;54;9.1;.444;6.4;7.3;6.8;3.0;2.0;3.4;7.9;.036;-2.1;0.9;-1.2;
14-15;LAC;PF;4;12;-0.3;.333;25.9;13.2;10.9;-0.042;-9.0;-1.9;-10.9;
17-18;UTA;C;6;21;3.1;.362;4.000;5.1;10.4;7.7;8.4;26.6;7.9;-0.044;-5.7;1.2;-4.5;
18-19;UTA;C;2;6;-6.8;7.1;-0.173;-8.4;-5.3;-13.7;
Career;;16;93;5.5;.381;.286;4.9;9.9;7.4;1.7;1.1;3.9;6.0;8.2;-0.1;-0.006;-4.2;0.2;-4.0;
