Elfrid Payton;Point Guard;Right;1994-02-22;;6-3;195;John Ehret in Jefferson Parish,Louisiana;;;;-1;;
Per Game
14-15;ORL;PG;82;63;30.4;3.7;8.6;.425;0.1;0.5;.262;3.5;8.1;.435;.433;1.4;2.6;.551;1.3;3.0;4.3;6.5;1.7;0.2;2.5;2.4;8.9;
15-16;ORL;PG;73;69;29.4;4.4;10.0;.436;0.4;1.3;.326;3.9;8.7;.451;.456;1.5;2.6;.589;1.1;2.5;3.6;6.4;1.2;0.3;2.4;2.2;10.7;
16-17;ORL;PG;<strong>82</strong>;58;29.4;5.2;11.1;.471;0.5;1.8;.274;4.8;9.3;.509;.493;1.8;2.6;.692;1.1;3.6;4.7;6.5;1.1;0.5;2.2;2.2;12.8;
17-18;TOT;PG;63;63;28.7;5.2;10.6;.493;0.5;1.5;.326;4.7;9.1;.520;.516;1.7;2.7;.649;1.0;3.3;4.3;6.2;1.3;0.3;2.7;2.3;12.7;
17-18;ORL;PG;44;44;28.6;5.4;10.4;.520;0.6;1.5;.373;4.8;8.9;.545;.547;1.6;2.6;.632;1.1;2.9;4.0;6.3;1.5;0.4;2.6;2.2;13.0;
17-18;PHO;PG;19;19;29.0;4.8;11.0;.435;0.3;1.3;.200;4.5;9.7;.467;.447;1.9;2.8;.685;0.9;4.4;5.3;6.2;1.0;0.3;2.8;2.6;11.8;
18-19;NOP;PG;42;42;29.8;4.3;9.8;.434;0.8;2.5;.314;3.5;7.3;.476;.475;1.3;1.8;.743;1.2;4.1;5.2;7.6;1.0;0.4;2.7;1.9;10.6;
19-20;NYK;PG;45;36;27.7;4.3;9.8;.439;0.3;1.5;.203;4.0;8.2;.482;.455;1.1;1.9;.570;1.2;3.6;4.7;7.2;1.6;0.4;2.1;2.0;10.0;
20-21;NYK;PG;63;63;23.6;4.3;9.9;.432;0.4;1.6;.286;3.8;8.3;.460;.455;1.2;1.7;.682;1.0;2.4;3.4;3.2;0.7;0.1;1.6;1.8;10.1;
21-22;PHO;PG;50;1;11.0;1.3;3.5;.383;0.1;0.4;.222;1.3;3.1;.401;.394;0.2;0.6;.375;0.4;1.3;1.8;2.0;0.5;0.1;0.9;0.8;3.0;
Career;;500;395;26.8;4.2;9.3;.447;0.4;1.3;.287;3.8;8.0;.474;.467;1.3;2.2;.623;1.0;3.0;4.0;5.7;1.2;0.3;2.2;2.0;10.1;
Playoffs Per Game
20-21;NYK;PG;2;2;6.5;2.5;2.5;0.5;1.0;.500;0.5;0.5;0.5;0.5;
21-22;PHO;PG;1;2.0;1.0;1.0;1.000;1.0;1.0;1.000;1.000;1.0;2.0;
Career;;3;2;5.0;0.3;2.0;.167;0.3;2.0;.167;.167;0.3;0.7;.500;0.7;0.3;0.3;1.0;
Totals
14-15;ORL;PG;82;63;2489;301;708;.425;11;42;.262;290;666;.435;.433;118;214;.551;107;242;349;533;142;20;203;193;731;
15-16;ORL;PG;73;69;2145;318;730;.436;30;92;.326;288;638;.451;.456;112;190;.589;77;184;261;468;89;20;177;159;778;
16-17;ORL;PG;<strong>82</strong>;58;2412;430;912;.471;40;146;.274;390;766;.509;.493;146;211;.692;89;298;387;529;88;40;178;177;1046;
17-18;TOT;PG;63;63;1808;329;667;.493;30;92;.326;299;575;.520;.516;109;168;.649;64;210;274;393;83;22;168;147;797;
17-18;ORL;PG;44;44;1257;238;458;.520;25;67;.373;213;391;.545;.547;72;114;.632;47;127;174;275;64;16;114;97;573;
17-18;PHO;PG;19;19;551;91;209;.435;5;25;.200;86;184;.467;.447;37;54;.685;17;83;100;118;19;6;54;50;224;
18-19;NOP;PG;42;42;1250;179;412;.434;33;105;.314;146;307;.476;.475;55;74;.743;49;171;220;320;44;17;112;81;446;
19-20;NYK;PG;45;36;1246;193;440;.439;14;69;.203;179;371;.482;.455;49;86;.570;52;160;212;323;70;17;96;89;449;
20-21;NYK;PG;63;63;1484;269;622;.432;28;98;.286;241;524;.460;.455;73;107;.682;64;152;216;203;47;9;103;116;639;
21-22;PHO;PG;50;1;549;67;175;.383;4;18;.222;63;157;.401;.394;12;32;.375;21;67;88;99;25;6;47;38;150;
Career;;500;395;13383;2086;4666;.447;190;662;.287;1896;4004;.474;.467;674;1082;.623;523;1484;2007;2868;588;151;1084;1000;5036;
Playoffs Totals
20-21;NYK;PG;2;2;13;5;5;1;2;.500;1;1;1;1;
21-22;PHO;PG;1;2;1;1;1.000;1;1;1.000;1.000;1;2;
Career;;3;2;15;1;6;.167;1;6;.167;.167;1;2;.500;2;1;1;3;
Advanced
14-15;ORL;PG;82;2489;13.8;.456;.059;.302;4.8;11.2;7.9;32.6;2.9;0.7;20.2;18.3;2.3;2.3;.044;-1.5;0.3;-1.2;0.5;
15-16;ORL;PG;73;2145;13.9;.478;.126;.260;3.9;9.6;6.7;32.8;2.1;0.8;17.9;20.4;0.5;1.7;2.2;.050;-0.7;-0.6;-1.2;0.4;
16-17;ORL;PG;<strong>82</strong>;2412;17.2;.520;.160;.231;3.9;13.9;8.7;35.7;1.8;1.3;15.0;21.6;2.4;2.0;4.4;.088;0.8;0.8;1.7;
17-18;TOT;PG;63;1808;16.5;.538;.138;.252;3.8;12.8;8.2;34.9;2.2;1.0;18.5;21.9;1.4;1.4;2.8;.075;0.1;-0.3;-0.2;0.8;
17-18;ORL;PG;44;1257;18.1;.564;.146;.249;4.1;11.2;7.6;35.5;2.5;1.0;18.3;21.8;1.6;1.1;2.7;.104;1.0;0.1;1.1;1.0;
17-18;PHO;PG;19;551;13.1;.481;.120;.258;3.2;16.3;9.7;33.7;1.7;0.9;18.8;22.1;-0.2;0.3;0.1;.009;-2.1;-1.1;-3.2;-0.2;
18-19;NOP;PG;42;1250;14.0;.502;.255;.180;4.1;14.0;9.1;33.5;1.6;1.1;20.1;18.3;0.6;0.9;1.5;.058;-0.7;-0.7;-1.4;0.2;
19-20;NYK;PG;45;1246;16.0;.470;.157;.195;4.3;14.1;9.1;38.6;2.7;1.3;16.7;19.5;0.5;1.2;1.7;.065;-0.4;0.4;0.6;
20-21;NYK;PG;63;1484;11.7;.478;.158;.172;4.7;11.0;7.9;21.6;1.6;0.6;13.3;23.2;-0.9;1.9;1.0;.032;-2.9;-0.1;-3.0;-0.4;
21-22;PHO;PG;50;549;7.9;.397;.103;.183;4.2;12.8;8.6;23.0;2.2;1.0;19.9;18.5;-1.0;0.8;-0.2;-0.014;-4.6;1.2;-3.5;-0.2;
Career;;500;13383;14.6;.490;.142;.232;4.2;12.2;8.2;32.5;2.2;0.9;17.4;20.4;3.5;12.2;15.8;.057;-0.8;-0.1;-0.9;3.7;
Playoffs Advanced
20-21;NYK;PG;2;13;-8.8;.085;.400;10.7;3.9;20.1;-0.1;-0.1;-0.298;-13.1;-13.0;
21-22;PHO;PG;1;2;57.8;1.000;100.0;23.4;.789;20.9;6.1;27.0;
Career;;3;15;0.1;.218;.333;22.6;3.4;20.5;-0.1;-0.153;-8.6;0.9;-7.7;
