Elton Brand;Power Forward and Center;Right;1979-03-11;;6-8;275;Peekskill in Peekskill,New York;;;;-1;;
Per Game
99-00;CHI;PF;81;80;37.0;7.8;16.1;.482;7.8;16.1;.483;.482;4.5;6.6;.685;4.3;5.7;10.0;1.9;0.8;1.6;2.8;3.2;20.1;
00-01;CHI;PF;74;74;39.3;7.8;16.4;.476;7.8;16.4;.477;.476;4.5;6.4;.708;3.9;6.2;10.1;3.2;1.0;1.6;3.0;3.3;20.1;
01-02;LAC;PF;80;80;37.8;6.7;12.6;.527;6.7;12.6;.527;.527;4.9;6.6;.742;5.0;6.6;11.6;2.4;1.0;2.0;2.2;3.2;18.2;
02-03;LAC;PF;62;61;39.6;7.3;14.5;.502;7.3;14.5;.502;.502;3.9;5.7;.685;4.6;6.8;11.3;2.5;1.1;2.5;2.6;3.3;18.5;
03-04;LAC;PF;69;68;38.7;7.0;14.2;.493;7.0;14.2;.493;.493;6.0;7.7;.773;3.9;6.4;10.3;3.3;0.9;2.2;2.8;3.3;20.0;
04-05;LAC;PF;81;81;37.0;7.8;15.4;.503;7.8;15.4;.504;.503;4.5;6.0;.752;3.7;5.9;9.5;2.6;0.8;2.1;2.3;3.0;20.0;
05-06;LAC;PF;79;79;39.2;9.6;18.2;.527;.333;9.6;18.1;.527;.527;5.6;7.2;.775;3.0;7.0;10.0;2.6;1.0;2.5;2.2;2.9;24.7;
06-07;LAC;PF;80;80;38.5;8.1;15.1;.533;1.000;8.1;15.1;.532;.533;4.4;5.8;.761;3.4;6.0;9.3;2.9;1.0;2.2;2.5;3.0;20.5;
07-08;LAC;PF;8;6;34.3;6.5;14.3;.456;6.5;14.3;.456;.456;4.6;5.9;.787;2.6;5.4;8.0;2.0;0.4;1.9;2.1;2.6;17.6;
08-09;PHI;PF;29;23;31.7;5.6;12.6;.447;5.6;12.6;.447;.447;2.5;3.7;.676;2.7;6.1;8.8;1.3;0.6;1.6;2.3;2.7;13.8;
09-10;PHI;PF;76;57;30.2;5.4;11.3;.480;5.4;11.3;.481;.480;2.3;3.1;.738;2.4;3.7;6.1;1.4;1.1;1.1;1.7;3.1;13.1;
10-11;PHI;PF;81;81;34.7;6.2;12.1;.512;6.2;12.1;.512;.512;2.6;3.4;.780;2.9;5.4;8.3;1.5;1.1;1.3;1.2;3.0;15.0;
11-12;PHI;C;60;60;28.9;4.8;9.7;.494;4.8;9.7;.495;.494;1.4;1.9;.733;2.4;4.7;7.2;1.6;1.0;1.6;1.1;2.9;11.0;
12-13;DAL;C;72;18;21.2;3.1;6.6;.473;3.1;6.6;.474;.473;0.9;1.3;.710;1.8;4.2;6.0;1.0;0.7;1.3;0.8;2.7;7.2;
13-14;ATL;C;73;15;19.4;2.5;4.5;.539;2.5;4.5;.542;.539;0.8;1.3;.649;1.3;3.6;4.9;1.0;0.5;1.2;0.8;2.6;5.7;
14-15;ATL;C;36;4;13.5;1.2;2.6;.442;1.2;2.6;.447;.442;0.3;0.6;.522;0.8;2.0;2.8;0.6;0.5;0.7;0.5;1.5;2.7;
15-16;PHI;C;17;1;13.2;1.8;4.2;.431;0.1;1.8;4.2;.437;.431;0.5;0.5;.889;0.5;3.2;3.7;1.1;0.5;0.5;0.6;1.9;4.1;
Career;;1058;868;33.0;6.2;12.5;.500;.095;6.2;12.4;.501;.501;3.4;4.7;.736;3.1;5.4;8.5;2.1;0.9;1.7;1.9;2.9;15.9;
Playoffs Per Game
05-06;LAC;PF;12;12;43.1;10.3;18.8;.551;0.1;10.3;18.7;.554;.551;4.8;6.3;.750;4.3;6.0;10.3;4.0;0.9;2.6;2.4;2.8;25.4;
10-11;PHI;PF;5;5;37.0;6.8;12.4;.548;6.8;12.4;.548;.548;2.0;2.6;.769;2.4;6.0;8.4;0.6;0.4;1.2;0.8;4.2;15.6;
11-12;PHI;C;13;13;27.4;3.5;7.6;.465;3.5;7.6;.465;.465;1.5;2.5;.625;1.7;3.2;4.8;0.5;0.8;1.5;0.5;2.8;8.6;
13-14;ATL;C;7;11.6;0.3;1.7;.167;0.3;1.7;.167;.167;0.6;0.7;.800;1.0;2.3;3.3;0.9;0.1;0.9;1.4;1.1;
14-15;ATL;C;3;1.3;0.3;0.3;0.3;0.7;.500;0.3;0.3;1.0;0.3;
Career;;40;30;28.6;5.2;10.0;.516;5.2;10.0;.518;.516;2.3;3.2;.719;2.3;4.0;6.3;1.6;0.6;1.6;1.0;2.6;12.6;
Totals
99-00;CHI;PF;81;80;2999;630;1306;.482;2;630;1304;.483;.482;367;536;.685;<strong>348</strong>;462;810;155;66;132;228;259;1627;
00-01;CHI;PF;74;74;2906;578;1215;.476;2;578;1213;.477;.476;334;472;.708;285;461;746;240;71;118;219;243;1490;
01-02;LAC;PF;80;80;3020;532;1010;.527;532;1010;.527;.527;389;524;.742;<strong>396</strong>;529;925;191;80;163;173;254;1453;
02-03;LAC;PF;62;61;2454;451;899;.502;1;451;898;.502;.502;244;356;.685;283;420;703;157;71;158;161;204;1146;
03-04;LAC;PF;69;68;2670;484;982;.493;1;484;981;.493;.493;411;532;.773;269;445;714;227;64;154;193;229;1379;
04-05;LAC;PF;81;81;3001;629;1251;.503;3;629;1248;.504;.503;364;484;.752;296;474;770;208;62;169;183;240;1622;
05-06;LAC;PF;79;79;3099;756;1435;.527;1;3;.333;755;1432;.527;.527;440;568;.775;236;554;790;208;81;201;173;227;1953;
06-07;LAC;PF;80;80;3077;645;1211;.533;1;1;1.000;644;1210;.532;.533;351;461;.761;268;476;744;235;77;179;202;238;1642;
07-08;LAC;PF;8;6;274;52;114;.456;52;114;.456;.456;37;47;.787;21;43;64;16;3;15;17;21;141;
08-09;PHI;PF;29;23;920;163;365;.447;163;365;.447;.447;73;108;.676;77;177;254;37;17;45;68;78;399;
09-10;PHI;PF;76;57;2297;412;858;.480;1;412;857;.481;.480;172;233;.738;179;282;461;109;82;80;131;232;996;
10-11;PHI;PF;81;81;2809;502;981;.512;1;502;980;.512;.512;213;273;.780;237;439;676;120;92;106;101;244;1217;
11-12;PHI;C;60;60;1732;287;581;.494;1;287;580;.495;.494;85;116;.733;145;284;429;97;58;97;65;176;659;
12-13;DAL;C;72;18;1527;226;478;.473;1;226;477;.474;.473;66;93;.710;130;300;430;70;50;90;57;192;518;
13-14;ATL;C;73;15;1414;179;332;.539;2;179;330;.542;.539;61;94;.649;97;264;361;74;40;88;60;192;419;
14-15;ATL;C;36;4;486;42;95;.442;1;42;94;.447;.442;12;23;.522;28;72;100;22;17;25;18;54;96;
15-16;PHI;C;17;1;225;31;72;.431;1;31;71;.437;.431;8;9;.889;9;54;63;18;9;8;11;32;70;
Career;;1058;868;34910;6599;13185;.500;2;21;.095;6597;13164;.501;.501;3627;4929;.736;3304;5736;9040;2184;940;1828;2060;3115;16827;
Playoffs Totals
05-06;LAC;PF;12;12;517;124;225;.551;1;124;224;.554;.551;57;76;.750;51;72;123;48;11;31;29;34;305;
10-11;PHI;PF;5;5;185;34;62;.548;34;62;.548;.548;10;13;.769;12;30;42;3;2;6;4;21;78;
11-12;PHI;C;13;13;356;46;99;.465;46;99;.465;.465;20;32;.625;22;41;63;7;11;20;7;36;112;
13-14;ATL;C;7;81;2;12;.167;2;12;.167;.167;4;5;.800;7;16;23;6;1;6;10;8;
14-15;ATL;C;3;4;1;1;1;2;.500;1;1;3;1;
Career;;40;30;1143;206;399;.516;1;206;398;.518;.516;92;128;.719;92;160;252;64;25;63;40;104;504;
Advanced
99-00;CHI;PF;81;2999;20.6;.528;.002;.410;13.3;18.4;15.8;11.8;1.2;3.3;12.9;27.0;4.2;3.3;7.5;.121;2.2;-0.9;1.3;2.5;
00-01;CHI;PF;74;2906;20.4;.524;.002;.388;11.2;19.6;15.2;17.0;1.3;3.0;13.3;26.3;4.1;2.0;6.1;.101;2.2;-1.2;1.1;2.2;
01-02;LAC;PF;80;3020;23.6;.586;.519;<strong>15.0</strong>;19.6;17.3;11.0;1.4;3.7;12.2;21.1;9.9;3.7;13.6;.216;3.9;0.4;4.3;4.8;
02-03;LAC;PF;62;2454;21.7;.543;.001;.396;13.1;19.3;16.2;12.0;1.5;4.6;13.2;22.4;4.9;2.7;7.6;.149;2.5;0.5;3.0;3.1;
03-04;LAC;PF;69;2670;23.2;.567;.001;.542;11.4;19.1;15.2;16.0;1.3;4.2;13.7;23.4;7.9;1.8;9.7;.174;4.0;4.0;4.0;
04-05;LAC;PF;81;3001;22.4;.554;.002;.387;12.2;18.4;15.4;13.3;1.1;4.3;11.1;25.4;6.9;3.7;10.6;.169;3.4;0.2;3.6;4.2;
05-06;LAC;PF;79;3099;26.5;.580;.002;.396;9.3;19.9;14.8;13.1;1.4;4.9;9.3;27.7;9.3;5.5;14.8;.229;5.1;1.6;6.7;6.8;
06-07;LAC;PF;80;3077;23.1;.581;.001;.381;10.5;18.3;14.5;14.7;1.3;4.5;12.5;24.3;7.2;4.3;11.5;.180;3.4;0.8;4.2;4.8;
07-08;LAC;PF;8;274;18.0;.523;.412;8.8;18.2;13.5;11.2;0.6;4.1;11.2;25.5;0.2;0.3;0.5;.080;0.3;-0.6;-0.3;0.1;
08-09;PHI;PF;29;920;14.6;.484;.296;9.9;23.2;16.5;6.9;1.0;3.9;14.2;23.8;-0.4;1.3;0.9;.047;-2.0;0.2;-1.9;
09-10;PHI;PF;76;2297;15.7;.518;.001;.272;9.0;14.7;11.8;7.9;1.9;2.7;12.0;21.7;1.6;1.9;3.5;.073;-1.1;-0.7;-1.8;0.1;
10-11;PHI;PF;81;2809;18.5;.553;.001;.278;9.7;18.0;13.9;7.1;1.7;2.9;8.4;19.7;5.1;4.4;9.4;.161;0.7;0.6;1.3;2.4;
11-12;PHI;C;60;1732;18.0;.521;.002;.200;9.2;18.3;13.7;9.2;1.8;4.2;9.3;18.9;2.5;3.6;6.1;.168;-0.2;1.8;1.6;1.6;
12-13;DAL;C;72;1527;15.2;.499;.002;.195;9.7;21.5;15.7;7.1;1.7;4.6;9.9;17.2;1.2;2.2;3.4;.107;-1.7;0.9;-0.9;0.4;
13-14;ATL;C;73;1414;14.0;.561;.006;.283;8.0;21.5;14.8;8.1;1.4;4.9;13.8;13.9;1.4;2.1;3.6;.121;-2.4;1.6;-0.8;0.4;
14-15;ATL;C;36;486;9.4;.457;.011;.242;6.8;16.4;11.8;6.4;1.8;4.3;14.6;11.6;-0.1;0.8;0.7;.070;-4.3;1.4;-3.0;-0.1;
15-16;PHI;C;17;225;11.4;.461;.014;.125;4.2;27.0;15.2;13.1;2.0;2.7;12.6;16.9;-0.1;0.3;0.2;.036;-4.7;1.3;-3.4;-0.1;
Career;;1058;34910;20.5;.548;.002;.374;11.0;19.0;15.0;11.7;1.4;3.9;11.8;22.8;65.8;43.8;109.6;.151;1.9;0.4;2.2;37.3;
Playoffs Advanced
05-06;LAC;PF;12;517;26.4;.590;.004;.338;12.5;14.9;13.8;16.2;1.1;4.6;10.1;25.1;1.8;0.7;2.4;.227;5.8;1.5;7.2;1.2;
10-11;PHI;PF;5;185;17.4;.576;.210;7.0;17.9;12.4;3.1;0.6;2.7;5.6;18.6;0.4;0.1;0.5;.131;0.4;0.3;0.6;0.1;
11-12;PHI;C;13;356;14.1;.495;.323;6.6;13.7;9.9;3.6;1.7;4.3;5.8;16.1;0.3;0.7;1.0;.135;-0.9;1.7;0.8;0.3;
13-14;ATL;C;7;81;9.8;.282;.417;9.3;24.0;16.2;12.2;0.7;6.4;8.2;0.2;0.2;.106;-1.5;2.0;0.5;0.1;
14-15;ATL;C;3;4;-12.7;.266;2.000;26.8;13.4;21.4;-0.139;-22.5;-2.3;-24.8;
Career;;40;1143;19.8;.553;.003;.321;9.5;15.7;12.5;9.8;1.2;4.3;8.1;20.1;2.5;1.7;4.1;.173;2.2;1.4;3.6;1.6;
