Enes Freedom;Center;Right;1992-05-20;;6-10;250;Stoneridge Prep in Simi Valley,California;;;;-1;;
Per Game
11-12;UTA;C;<strong>66</strong>;13.2;1.8;3.6;.496;1.8;3.6;.498;.496;1.1;1.6;.667;1.6;2.6;4.2;0.1;0.3;0.3;0.8;1.3;4.6;
12-13;UTA;C;70;2;15.4;2.9;5.4;.544;1.000;2.9;5.4;.542;.545;1.3;1.7;.795;1.9;2.4;4.3;0.4;0.4;0.5;1.4;1.7;7.2;
13-14;UTA;C;80;37;26.7;5.2;10.7;.491;5.2;10.7;.492;.491;1.9;2.6;.730;2.8;4.7;7.5;0.9;0.4;0.5;1.8;2.9;12.3;
14-15;TOT;C;75;74;28.5;6.4;12.4;.519;0.2;0.6;.356;6.2;11.8;.528;.528;2.4;3.1;.782;3.7;5.3;8.9;0.7;0.5;0.4;1.9;2.5;15.5;
14-15;UTA;C;49;48;27.1;5.8;11.9;.491;0.3;0.8;.317;5.6;11.0;.505;.503;1.9;2.4;.788;3.0;4.8;7.8;0.5;0.5;0.3;1.9;2.3;13.8;
14-15;OKC;C;26;26;31.1;7.5;13.3;.566;0.1;0.2;.750;7.4;13.2;.564;.571;3.5;4.5;.776;5.0;6.0;11.0;1.1;0.5;0.5;2.0;2.9;18.7;
15-16;OKC;C;<strong>82</strong>;1;21.0;5.0;8.8;.576;0.1;0.3;.476;4.9;8.5;.579;.583;2.4;3.1;.797;3.0;5.1;8.1;0.4;0.3;0.4;1.4;2.0;12.7;
16-17;OKC;C;72;21.3;5.6;10.2;.545;0.1;0.5;.132;5.5;9.7;.568;.549;3.1;4.0;.786;2.7;4.0;6.7;0.9;0.4;0.5;1.7;2.1;14.3;
17-18;NYK;C;71;71;25.8;5.9;10.0;.592;5.9;10.0;.594;.592;2.2;2.6;.848;3.8;7.1;11.0;1.5;0.5;0.5;1.7;2.6;14.1;
18-19;TOT;C;67;31;24.5;5.6;10.2;.549;0.1;0.5;.294;5.4;9.7;.562;.556;2.3;2.9;.787;3.8;6.0;9.8;1.7;0.5;0.4;1.8;2.5;13.7;
18-19;NYK;C;44;23;25.6;5.7;10.6;.536;0.2;0.5;.318;5.5;10.1;.547;.544;2.4;2.9;.814;3.9;6.6;10.5;1.9;0.4;0.4;1.8;2.4;14.0;
18-19;POR;C;23;8;22.3;5.4;9.3;.577;0.1;0.5;.250;5.3;8.8;.596;.584;2.2;3.0;.735;3.7;4.9;8.6;1.4;0.6;0.4;1.7;2.7;13.1;
19-20;BOS;C;58;7;16.9;3.4;6.0;.572;0.1;.143;3.4;5.9;.581;.573;1.2;1.7;.707;2.8;4.6;7.4;1.0;0.4;0.7;1.0;1.7;8.1;
20-21;POR;C;<strong>72</strong>;35;24.4;4.7;7.8;.604;0.1;.250;4.7;7.7;.607;.605;1.8;2.3;.774;3.9;7.1;11.0;1.2;0.5;0.7;1.1;2.3;11.2;
21-22;BOS;C;35;1;11.7;1.5;2.8;.526;0.1;0.1;.400;1.4;2.6;.533;.536;0.7;0.8;.857;1.7;2.8;4.6;0.2;0.1;0.4;0.6;1.2;3.7;
Career;;748;259;21.5;4.6;8.4;.548;0.1;0.2;.289;4.5;8.1;.555;.551;1.9;2.5;.777;3.0;4.8;7.8;0.9;0.4;0.5;1.4;2.1;11.2;
Playoffs Per Game
11-12;UTA;C;4;10.8;1.8;4.0;.438;1.8;4.0;.438;.438;0.3;2.0;2.0;4.0;0.3;1.0;1.0;1.8;3.5;
15-16;OKC;C;18;17.9;3.6;6.6;.551;0.1;0.8;.143;3.5;5.8;.606;.559;2.1;2.5;.844;2.6;3.6;6.2;0.3;0.3;0.6;0.9;2.2;9.4;
16-17;OKC;C;5;9.0;2.0;5.2;.385;2.0;5.2;.385;.385;0.8;0.8;1.000;0.6;1.2;1.8;0.2;0.8;0.4;1.6;4.8;
18-19;POR;C;16;14;28.8;4.7;9.1;.514;0.1;0.3;.250;4.6;8.9;.521;.517;1.9;2.6;.756;3.3;6.4;9.7;1.2;0.7;0.6;1.6;2.3;11.4;
19-20;BOS;C;11;9.3;2.0;3.8;.524;0.1;0.1;1.000;1.9;3.7;.512;.536;0.5;0.9;.500;1.7;2.2;3.9;0.6;0.4;1.7;4.5;
20-21;POR;C;5;11.2;0.8;1.6;.500;0.8;1.6;.500;.500;0.4;0.4;1.000;1.2;1.4;2.6;0.4;0.6;1.8;2.0;
Career;;59;14;17.5;3.1;6.0;.514;0.1;0.3;.211;3.0;5.7;.531;.520;1.4;1.7;.777;2.3;3.6;5.9;0.6;0.3;0.5;0.9;2.0;7.6;
Totals
11-12;UTA;C;<strong>66</strong>;874;117;236;.496;1;117;235;.498;.496;70;105;.667;107;171;278;8;18;23;54;87;304;
12-13;UTA;C;70;2;1078;206;379;.544;1;1;1.000;205;378;.542;.545;93;117;.795;135;169;304;31;28;32;101;116;506;
13-14;UTA;C;80;37;2138;419;853;.491;1;419;852;.492;.491;149;204;.730;222;376;598;75;28;42;144;230;987;
14-15;TOT;C;75;74;2135;482;928;.519;16;45;.356;466;883;.528;.528;183;234;.782;277;394;671;55;36;29;145;189;1163;
14-15;UTA;C;49;48;1326;286;582;.491;13;41;.317;273;541;.505;.503;93;118;.788;147;237;384;26;23;16;93;114;678;
14-15;OKC;C;26;26;809;196;346;.566;3;4;.750;193;342;.564;.571;90;116;.776;130;157;287;29;13;13;52;75;485;
15-16;OKC;C;<strong>82</strong>;1;1721;414;719;.576;10;21;.476;404;698;.579;.583;200;251;.797;249;415;664;33;26;33;115;166;1038;
16-17;OKC;C;72;1533;402;737;.545;5;38;.132;397;699;.568;.549;224;285;.786;195;287;482;67;32;38;123;154;1033;
17-18;NYK;C;71;71;1830;422;713;.592;2;422;711;.594;.592;156;184;.848;273;507;780;105;36;37;122;187;1000;
18-19;TOT;C;67;31;1640;375;683;.549;10;34;.294;365;649;.562;.556;155;197;.787;257;402;659;116;32;26;118;167;915;
18-19;NYK;C;44;23;1128;251;468;.536;7;22;.318;244;446;.547;.544;105;129;.814;171;290;461;84;18;17;79;106;614;
18-19;POR;C;23;8;512;124;215;.577;3;12;.250;121;203;.596;.584;50;68;.735;86;112;198;32;14;9;39;61;301;
19-20;BOS;C;58;7;983;199;348;.572;1;7;.143;198;341;.581;.573;70;99;.707;163;268;431;56;22;41;56;100;469;
20-21;POR;C;<strong>72</strong>;35;1758;339;561;.604;1;4;.250;338;557;.607;.605;127;164;.774;284;511;795;84;33;48;78;168;806;
21-22;BOS;C;35;1;411;51;97;.526;2;5;.400;49;92;.533;.536;24;28;.857;61;99;160;8;5;14;20;42;128;
Career;;748;259;16101;3426;6254;.548;46;159;.289;3380;6095;.555;.551;1451;1868;.777;2223;3599;5822;638;296;363;1076;1606;8349;
Playoffs Totals
11-12;UTA;C;4;43;7;16;.438;7;16;.438;.438;1;8;8;16;1;4;4;7;14;
15-16;OKC;C;18;323;65;118;.551;2;14;.143;63;104;.606;.559;38;45;.844;47;64;111;5;5;11;17;40;170;
16-17;OKC;C;5;45;10;26;.385;10;26;.385;.385;4;4;1.000;3;6;9;1;4;2;8;24;
18-19;POR;C;16;14;461;75;146;.514;1;4;.250;74;142;.521;.517;31;41;.756;53;102;155;19;11;9;26;36;182;
19-20;BOS;C;11;102;22;42;.524;1;1;1.000;21;41;.512;.536;5;10;.500;19;24;43;7;4;19;50;
20-21;POR;C;5;56;4;8;.500;4;8;.500;.500;2;2;1.000;6;7;13;2;3;9;10;
Career;;59;14;1030;183;356;.514;4;19;.211;179;337;.531;.520;80;103;.777;136;211;347;33;16;30;56;119;450;
Advanced
11-12;UTA;C;<strong>66</strong>;874;14.5;.539;.004;.445;13.9;22.7;18.3;1.4;1.1;2.1;16.1;17.3;0.9;0.8;1.7;.095;-1.2;-1.7;-3.0;-0.2;
12-13;UTA;C;70;1078;17.6;.588;.003;.309;14.5;18.6;16.5;5.0;1.4;2.3;19.0;22.4;1.2;1.0;2.3;.101;-0.7;-1.4;-2.1;
13-14;UTA;C;80;2138;15.6;.523;.001;.239;11.6;20.9;16.1;6.4;0.7;1.5;13.3;23.3;1.3;0.9;2.2;.050;-1.2;-2.4;-3.6;-0.9;
14-15;TOT;C;75;2135;20.3;.564;.048;.252;14.6;20.5;17.6;4.8;0.9;1.1;12.3;24.7;4.3;2.1;6.4;.145;1.6;-2.5;-0.9;0.6;
14-15;UTA;C;49;1326;17.5;.535;.070;.203;12.9;20.5;16.7;3.8;0.9;1.0;12.8;25.1;1.4;1.3;2.7;.099;-2.7;-2.7;-0.2;
14-15;OKC;C;26;809;24.9;.611;.012;.335;17.5;20.5;19.0;6.4;0.8;1.3;11.6;23.9;2.9;0.8;3.7;.220;4.4;-2.3;2.0;0.8;
15-16;OKC;C;<strong>82</strong>;1721;24.0;.626;.029;.349;<strong>16.7</strong>;24.9;21.0;3.1;0.7;1.5;12.2;23.4;6.0;2.1;8.1;.226;3.3;-2.1;1.2;1.4;
16-17;OKC;C;72;1533;23.7;.599;.052;.387;14.1;20.8;17.4;7.9;1.0;2.0;12.5;27.3;4.0;1.8;5.8;.183;3.0;-1.3;1.7;1.4;
17-18;NYK;C;71;1830;24.0;.630;.003;.258;<strong>16.6</strong>;30.6;23.6;9.4;1.0;1.7;13.3;21.8;5.5;2.1;7.6;.198;3.3;-1.1;2.2;1.9;
18-19;TOT;C;67;1640;22.3;.594;.050;.288;16.4;26.1;21.1;12.1;0.9;1.3;13.3;23.1;3.9;1.6;5.4;.159;2.5;-1.5;1.0;1.2;
18-19;NYK;C;44;1128;21.8;.585;.047;.276;15.5;27.5;21.4;13.1;0.8;1.3;13.1;22.9;2.4;0.9;3.4;.143;2.5;-1.6;0.8;0.8;
18-19;POR;C;23;512;23.5;.614;.056;.316;18.3;22.8;20.6;9.9;1.3;1.4;13.7;23.4;1.5;0.6;2.1;.196;2.6;-1.3;1.3;0.4;
19-20;BOS;C;58;983;22.4;.599;.020;.284;18.0;28.9;23.5;8.8;1.1;3.9;12.5;19.4;2.6;1.8;4.4;.214;1.8;-0.3;1.5;0.9;
20-21;POR;C;<strong>72</strong>;1758;22.4;.636;.007;.292;16.8;31.9;24.2;7.2;0.9;2.4;11.0;17.4;5.7;1.7;7.5;.204;2.1;-1.4;0.6;1.2;
21-22;BOS;C;35;411;15.0;.585;.052;.289;16.5;25.4;21.0;2.7;0.6;3.1;15.5;13.9;0.6;0.7;1.4;.160;-1.2;-0.2;-1.4;0.1;
Career;;748;16101;20.8;.590;.025;.299;15.2;24.6;19.9;6.7;0.9;1.9;13.2;22.2;36.0;16.8;52.8;.157;1.5;-1.7;-0.1;7.6;
Playoffs Advanced
11-12;UTA;C;4;43;12.7;.426;.063;17.9;22.2;19.8;4.5;7.5;19.6;20.6;-0.1;-0.047;-3.8;-0.7;-4.5;
15-16;OKC;C;18;323;22.4;.617;.119;.381;16.5;21.7;19.2;2.6;0.8;2.7;11.0;20.8;1.1;0.4;1.5;.219;2.9;-1.0;1.9;0.3;
16-17;OKC;C;5;45;10.9;.432;.154;6.8;15.2;10.8;3.8;8.5;6.7;28.3;-0.1;-0.045;-4.9;-2.9;-7.8;-0.1;
18-19;POR;C;16;461;17.0;.555;.027;.281;12.2;23.5;17.8;6.5;1.2;1.6;13.7;17.9;0.6;0.4;1.1;.109;1.0;-1.3;-0.3;0.2;
19-20;BOS;C;11;102;18.9;.539;.024;.238;21.8;25.4;23.7;12.0;7.9;22.0;0.2;0.1;0.4;.178;0.7;-1.9;-1.2;
20-21;POR;C;5;56;6.4;.563;.250;12.7;14.1;13.4;3.3;25.3;9.6;.004;-5.3;-3.0;-8.3;-0.1;
Career;;59;1030;17.9;.561;.053;.289;14.5;22.2;18.4;5.3;0.8;2.4;12.2;19.3;1.8;1.0;2.8;.131;0.8;-1.4;-0.6;0.3;
