Eric Gordon;Shooting Guard and Small Forward;Right;1988-12-25;;6-3;215;North Central in Indianapolis,Indiana;;;;-1;;
Per Game
08-09;LAC;SG;78;65;34.3;5.3;11.6;.456;1.7;4.3;.389;3.6;7.2;.496;.529;3.8;4.5;.854;0.6;2.0;2.6;2.8;1.0;0.4;2.1;2.2;16.1;
09-10;LAC;SG;62;60;36.0;5.7;12.6;.449;1.9;5.2;.371;3.8;7.5;.503;.525;3.6;4.8;.742;0.4;2.2;2.6;3.0;1.1;0.2;2.3;1.5;16.9;
10-11;LAC;SG;56;56;37.7;7.6;16.9;.450;1.9;5.2;.364;5.7;11.8;.488;.506;5.1;6.2;.825;0.8;2.1;2.9;4.4;1.3;0.3;2.7;2.1;22.3;
11-12;NOH;SG;9;9;34.4;7.0;15.6;.450;1.1;4.4;.250;5.9;11.1;.530;.486;5.4;7.2;.754;0.2;2.6;2.8;3.4;1.4;0.4;2.7;2.2;20.6;
12-13;NOH;SG;42;40;30.1;5.6;13.9;.402;1.3;4.1;.324;4.3;9.8;.436;.450;4.5;5.3;.842;0.2;1.6;1.8;3.3;1.1;0.2;2.8;1.8;17.0;
13-14;NOP;SG;64;64;32.1;5.6;12.8;.436;1.6;4.0;.391;4.0;8.7;.456;.498;2.7;3.5;.785;0.5;2.1;2.6;3.3;1.2;0.2;2.1;1.8;15.4;
14-15;NOP;SG;61;60;33.1;4.7;11.4;.411;2.3;5.2;.448;2.4;6.2;.380;.512;1.8;2.2;.805;0.5;2.1;2.6;3.8;0.8;0.2;2.0;2.4;13.4;
15-16;NOP;SG;45;44;32.9;5.1;12.3;.418;2.5;6.5;.384;2.6;5.7;.457;.521;2.5;2.8;.888;0.2;2.0;2.2;2.7;1.0;0.3;1.6;2.2;15.2;
16-17;HOU;SG;75;15;31.0;5.5;13.5;.406;3.3;8.8;.372;2.2;4.7;.468;.527;2.0;2.3;.840;0.4;2.3;2.7;2.5;0.6;0.5;1.6;2.0;16.2;
17-18;HOU;SG;69;30;31.2;6.0;14.1;.428;3.2;8.8;.359;2.9;5.2;.544;.540;2.8;3.5;.809;0.4;2.1;2.5;2.2;0.6;0.4;1.9;1.7;18.0;
18-19;HOU;SG;68;53;31.7;5.6;13.8;.409;3.2;8.8;.360;2.5;5.0;.497;.525;1.8;2.2;.783;0.3;1.9;2.2;1.9;0.6;0.4;1.3;2.1;16.2;
19-20;HOU;SF;36;15;28.2;4.8;12.9;.369;2.7;8.4;.317;2.1;4.4;.469;.473;2.3;3.0;.766;0.3;1.7;2.0;1.5;0.6;0.4;1.2;1.9;14.4;
20-21;HOU;SG;27;13;29.2;5.9;13.6;.433;2.6;7.8;.329;3.3;5.8;.573;.527;3.5;4.2;.825;0.3;1.9;2.1;2.6;0.5;0.5;1.9;1.6;17.8;
21-22;HOU;SG;57;46;29.3;4.7;9.9;.475;2.2;5.3;.412;2.5;4.6;.548;.585;1.8;2.4;.778;0.3;1.7;2.0;2.7;0.5;0.3;1.9;1.1;13.4;
Career;;749;570;32.4;5.6;13.0;.428;2.3;6.3;.371;3.2;6.7;.482;.518;2.9;3.6;.810;0.4;2.0;2.4;2.8;0.9;0.3;2.0;1.9;16.4;
Playoffs Per Game
14-15;NOP;SG;4;4;35.8;7.0;16.0;.438;3.3;8.0;.406;3.8;8.0;.469;.539;1.3;1.5;.833;0.8;1.8;2.5;3.8;0.5;0.5;2.5;2.8;18.5;
16-17;HOU;SG;11;2;32.5;4.6;11.0;.421;2.5;6.4;.386;2.2;4.6;.471;.533;1.2;1.6;.722;0.5;3.5;3.9;2.0;0.7;0.5;1.3;1.8;12.9;
17-18;HOU;SG;17;2;32.3;4.9;13.0;.380;2.5;7.6;.331;2.4;5.4;.451;.477;3.0;3.6;.836;0.5;2.1;2.6;1.6;0.6;0.5;1.4;1.7;15.4;
18-19;HOU;SG;11;11;37.3;6.1;13.6;.447;3.5;8.6;.400;2.6;5.0;.527;.573;2.2;2.5;.857;0.5;2.0;2.5;1.3;0.6;1.0;2.5;2.0;17.8;
19-20;HOU;SF;12;12;34.2;6.0;14.7;.409;2.4;7.5;.322;3.6;7.2;.500;.491;2.9;3.3;.875;0.5;2.2;2.7;3.0;0.8;0.6;2.0;2.2;17.3;
Career;;55;31;34.0;5.5;13.3;.413;2.7;7.6;.360;2.8;5.7;.483;.515;2.3;2.8;.837;0.5;2.3;2.9;2.1;0.7;0.6;1.8;2.0;16.0;
Totals
08-09;LAC;SG;78;65;2677;411;901;.456;131;337;.389;280;564;.496;.529;299;350;.854;45;156;201;215;78;35;164;172;1252;
09-10;LAC;SG;62;60;2229;352;784;.449;119;321;.371;233;463;.503;.525;222;299;.742;25;135;160;186;69;14;144;96;1045;
10-11;LAC;SG;56;56;2112;427;949;.450;106;291;.364;321;658;.488;.506;287;348;.825;45;119;164;244;71;18;151;115;1247;
11-12;NOH;SG;9;9;310;63;140;.450;10;40;.250;53;100;.530;.486;49;65;.754;2;23;25;31;13;4;24;20;185;
12-13;NOH;SG;42;40;1264;235;584;.402;56;173;.324;179;411;.436;.450;187;222;.842;10;67;77;137;45;8;117;75;713;
13-14;NOP;SG;64;64;2057;356;817;.436;101;258;.391;255;559;.456;.498;175;223;.785;30;135;165;208;74;12;134;114;988;
14-15;NOP;SG;61;60;2018;285;694;.411;141;315;.448;144;379;.380;.512;107;133;.805;28;131;159;229;50;14;122;145;818;
15-16;NOP;SG;45;44;1481;231;552;.418;113;294;.384;118;258;.457;.521;111;125;.888;10;89;99;121;43;14;73;98;686;
16-17;HOU;SG;75;15;2323;412;1016;.406;246;661;.372;166;355;.468;.527;147;175;.840;29;172;201;188;48;41;121;150;1217;
17-18;HOU;SG;69;30;2154;415;970;.428;218;608;.359;197;362;.544;.540;195;241;.809;25;145;170;154;44;27;130;116;1243;
18-19;HOU;SG;68;53;2158;384;938;.409;216;600;.360;168;338;.497;.525;119;152;.783;17;131;148;129;41;27;90;143;1103;
19-20;HOU;SF;36;15;1016;171;463;.369;96;303;.317;75;160;.469;.473;82;107;.766;9;62;71;54;23;13;43;70;520;
20-21;HOU;SG;27;13;789;159;367;.433;69;210;.329;90;157;.573;.527;94;114;.825;8;50;58;71;14;13;51;44;481;
21-22;HOU;SG;57;46;1669;268;564;.475;124;301;.412;144;263;.548;.585;105;135;.778;15;98;113;154;28;18;107;63;765;
Career;;749;570;24257;4169;9739;.428;1746;4712;.371;2423;5027;.482;.518;2179;2689;.810;298;1513;1811;2121;641;258;1471;1421;12263;
Playoffs Totals
14-15;NOP;SG;4;4;143;28;64;.438;13;32;.406;15;32;.469;.539;5;6;.833;3;7;10;15;2;2;10;11;74;
16-17;HOU;SG;11;2;358;51;121;.421;27;70;.386;24;51;.471;.533;13;18;.722;5;38;43;22;8;6;14;20;142;
17-18;HOU;SG;17;2;549;84;221;.380;43;130;.331;41;91;.451;.477;51;61;.836;9;36;45;28;10;8;24;29;262;
18-19;HOU;SG;11;11;410;67;150;.447;38;95;.400;29;55;.527;.573;24;28;.857;5;22;27;14;7;11;27;22;196;
19-20;HOU;SF;12;12;410;72;176;.409;29;90;.322;43;86;.500;.491;35;40;.875;6;26;32;36;10;7;24;26;208;
Career;;55;31;1870;302;732;.413;150;417;.360;152;315;.483;.515;128;153;.837;28;129;157;115;37;34;99;108;882;
Advanced
08-09;LAC;SG;78;2677;14.9;.593;.374;.388;1.9;6.9;4.3;13.6;1.5;1.0;13.5;20.7;3.9;0.7;4.6;.082;0.6;-1.0;-0.4;1.0;
09-10;LAC;SG;62;2229;14.1;.571;.409;.381;1.3;7.1;4.2;13.8;1.6;0.5;13.6;21.5;2.3;0.9;3.2;.069;0.1;-1.0;-0.9;0.6;
10-11;LAC;SG;56;2112;18.5;.566;.307;.367;2.5;6.6;4.5;20.7;1.7;0.7;12.0;26.5;4.2;1.1;5.3;.120;3.0;-1.0;2.0;2.2;
11-12;NOH;SG;9;310;19.2;.549;.286;.464;0.8;8.7;4.8;19.3;2.3;1.1;12.5;29.4;0.5;0.3;0.7;.115;2.2;-0.3;1.9;0.3;
12-13;NOH;SG;42;1264;15.4;.523;.296;.380;0.9;6.4;3.6;19.3;1.9;0.5;14.6;29.4;0.8;0.3;1.1;.042;0.6;-1.9;-1.3;0.2;
13-14;NOP;SG;64;2057;14.9;.540;.316;.273;1.7;7.7;4.7;16.6;1.9;0.5;12.8;23.2;2.0;0.5;2.5;.058;1.0;-1.4;-0.5;0.8;
14-15;NOP;SG;61;2018;12.7;.544;.454;.192;1.6;7.4;4.5;17.6;1.3;0.5;14.0;19.8;2.2;0.7;2.9;.069;0.2;-1.2;-1.0;0.5;
15-16;NOP;SG;45;1481;13.5;.565;.533;.226;0.7;6.9;3.7;12.7;1.4;0.8;10.7;20.3;1.7;0.4;2.1;.069;0.9;-1.0;-0.1;0.7;
16-17;HOU;SG;75;2323;13.2;.557;.651;.172;1.4;8.1;4.7;12.3;1.0;1.4;10.0;22.1;2.5;1.4;3.8;.079;1.3;-1.4;-0.1;1.1;
17-18;HOU;SG;69;2154;15.2;.578;.627;.248;1.3;7.5;4.4;11.7;1.0;1.1;10.8;24.7;2.9;1.8;4.7;.105;2.0;-1.6;0.4;1.3;
18-19;HOU;SG;68;2158;12.2;.549;.640;.162;0.9;6.9;3.8;9.4;0.9;1.1;8.2;22.0;1.7;1.0;2.6;.059;0.5;-1.8;-1.3;0.4;
19-20;HOU;SF;36;1016;10.3;.510;.654;.231;0.9;6.5;3.7;7.9;1.0;1.1;7.8;22.5;-0.1;0.6;0.5;.024;-1.8;-2.1;-3.9;-0.5;
20-21;HOU;SG;27;789;14.4;.577;.572;.311;1.0;7.1;3.9;14.6;0.8;1.5;10.9;25.2;0.6;0.2;0.8;.048;0.7;-1.7;-1.1;0.2;
21-22;HOU;SG;57;1669;12.1;.614;.534;.239;1.0;6.5;3.7;14.1;0.8;1.0;14.6;18.6;1.5;-0.1;1.4;.040;-0.1;-2.2;-2.3;-0.1;
Career;;749;24257;14.2;.561;.484;.276;1.4;7.1;4.2;14.3;1.3;0.9;11.9;22.6;26.5;9.8;36.3;.072;0.8;-1.4;-0.6;8.7;
Playoffs Advanced
14-15;NOP;SG;4;143;14.6;.555;.500;.094;2.4;5.3;3.9;18.2;0.7;1.2;13.0;24.5;0.2;-0.1;.008;3.2;-2.0;1.3;0.1;
16-17;HOU;SG;11;358;11.5;.551;.579;.149;1.5;11.2;6.5;9.8;1.1;1.3;9.8;17.5;0.2;0.3;0.5;.072;1.0;-0.6;0.4;0.2;
17-18;HOU;SG;17;549;12.1;.529;.588;.276;1.8;7.4;4.5;8.2;0.9;1.3;8.8;22.2;0.3;0.4;0.6;.056;0.8;-1.3;-0.5;0.2;
18-19;HOU;SG;11;410;12.7;.604;.633;.187;1.4;5.9;3.7;5.7;0.8;2.5;14.3;20.3;0.3;0.3;0.6;.072;1.3;-0.8;0.5;0.3;
19-20;HOU;SF;12;410;12.8;.537;.511;.227;1.6;7.4;4.4;14.7;1.2;1.7;11.0;23.8;0.4;0.4;.053;-0.4;-0.6;-1.0;0.1;
Career;;55;1870;12.5;.552;.570;.209;1.7;7.6;4.6;10.1;1.0;1.6;11.0;21.4;1.0;1.3;2.3;.058;0.9;-0.9;-0.1;0.9;
