Eric Bledsoe;Point Guard and Shooting Guard;Right;1989-12-09;;6-1;214;A.H. Parker in Birmingham,Alabama;;;;-1;;
Per Game
10-11;LAC;PG;81;25;22.7;2.5;6.0;.424;0.4;1.4;.276;2.1;4.6;.470;.457;1.2;1.6;.744;0.8;1.9;2.8;3.6;1.1;0.3;2.4;1.6;6.7;
11-12;LAC;PG;40;1;11.6;1.2;3.2;.389;0.2;0.8;.200;1.1;2.4;.448;.413;0.7;1.1;.636;0.6;1.1;1.6;1.7;0.8;0.4;1.2;1.5;3.3;
12-13;LAC;PG;76;12;20.4;3.3;7.5;.445;0.4;1.0;.397;2.9;6.4;.453;.473;1.4;1.8;.791;1.0;1.9;3.0;3.1;1.4;0.7;1.8;1.5;8.5;
13-14;PHO;PG;43;40;32.9;6.2;12.9;.477;1.2;3.3;.357;5.0;9.7;.517;.522;4.3;5.5;.772;0.6;4.1;4.7;5.5;1.6;0.3;3.3;2.3;17.7;
14-15;PHO;PG;81;81;34.6;5.8;12.9;.447;1.1;3.4;.324;4.7;9.6;.491;.489;4.4;5.4;.800;0.9;4.3;5.2;6.1;1.6;0.6;3.4;2.3;17.0;
15-16;PHO;PG;31;31;34.2;7.2;15.9;.453;1.5;4.2;.372;5.6;11.7;.482;.502;4.5;5.5;.802;0.6;3.5;4.0;6.1;2.0;0.6;3.5;2.4;20.4;
16-17;PHO;PG;66;66;33.0;6.8;15.7;.434;1.6;4.7;.335;5.2;11.0;.477;.485;5.9;6.9;.847;0.8;4.1;4.8;6.3;1.4;0.5;3.4;2.5;21.1;
17-18;TOT;PG;74;74;31.4;6.3;13.4;.473;1.7;4.9;.347;4.6;8.5;.545;.536;3.4;4.3;.795;0.7;3.1;3.8;5.0;2.0;0.6;2.9;2.5;17.7;
17-18;PHO;PG;3;3;27.7;5.3;13.3;.400;1.3;4.3;.308;4.0;9.0;.444;.450;3.7;4.7;.786;1.0;1.3;2.3;3.0;1.3;0.7;3.3;2.0;15.7;
17-18;MIL;PG;71;71;31.5;6.4;13.4;.476;1.7;4.9;.349;4.7;8.5;.550;.540;3.4;4.3;.795;0.7;3.2;3.9;5.1;2.0;0.6;2.9;2.5;17.8;
18-19;MIL;PG;78;78;29.1;6.0;12.4;.484;1.6;4.8;.329;4.4;7.6;.582;.548;2.3;3.0;.750;1.1;3.6;4.6;5.5;1.5;0.4;2.1;2.0;15.9;
19-20;MIL;PG;61;61;27.0;5.5;11.5;.475;1.2;3.5;.344;4.3;8.0;.533;.528;2.8;3.5;.790;0.7;3.9;4.6;5.4;0.9;0.4;2.4;2.1;14.9;
20-21;NOP;SG;71;70;29.7;4.3;10.3;.421;1.7;5.0;.341;2.6;5.3;.496;.503;1.9;2.7;.687;0.4;3.0;3.4;3.8;0.8;0.3;1.6;1.6;12.2;
21-22;LAC;PG;54;29;25.2;3.6;8.7;.421;0.9;3.0;.313;2.7;5.6;.479;.475;1.6;2.2;.761;0.5;2.9;3.4;4.2;1.3;0.4;2.1;1.6;9.9;
Career;;756;568;27.8;4.9;10.8;.452;1.1;3.4;.336;3.8;7.4;.504;.504;2.8;3.6;.784;0.8;3.1;3.9;4.7;1.4;0.5;2.5;2.0;13.7;
Playoffs Per Game
11-12;LAC;PG;11;17.2;3.4;5.7;.587;0.3;0.6;.429;3.1;5.1;.607;.611;0.9;1.5;.625;1.1;1.3;2.4;2.1;1.2;0.4;1.4;2.1;7.9;
12-13;LAC;PG;6;16.2;2.5;5.0;.500;0.2;1.5;.111;2.3;3.5;.667;.517;1.3;2.0;.667;0.3;2.2;2.5;3.0;0.3;0.5;0.8;1.7;6.5;
17-18;MIL;PG;7;7;32.1;5.3;12.0;.440;1.0;3.1;.318;4.3;8.9;.484;.482;2.0;2.9;.700;0.4;3.1;3.6;3.7;1.0;0.9;2.1;2.7;13.6;
18-19;MIL;PG;15;15;28.2;5.1;12.3;.411;1.1;4.8;.236;3.9;7.5;.522;.457;2.4;3.4;.706;1.3;2.4;3.7;4.3;1.1;0.4;2.2;1.9;13.7;
19-20;MIL;PG;9;9;29.7;4.2;10.9;.388;0.9;3.6;.250;3.3;7.3;.455;.429;2.3;2.9;.808;0.6;4.0;4.6;5.9;1.2;0.7;2.6;2.2;11.7;
Career;;48;31;25.0;4.2;9.6;.441;0.8;3.0;.254;3.5;6.6;.525;.480;1.9;2.6;.712;0.9;2.5;3.4;3.8;1.0;0.5;1.9;2.1;11.1;
Totals
10-11;LAC;PG;81;25;1841;206;486;.424;32;116;.276;174;370;.470;.457;99;133;.744;68;155;223;289;92;26;194;130;543;
11-12;LAC;PG;40;1;464;49;126;.389;6;30;.200;43;96;.448;.413;28;44;.636;22;43;65;66;31;14;47;58;132;
12-13;LAC;PG;76;12;1553;253;568;.445;31;78;.397;222;490;.453;.473;106;134;.791;78;147;225;233;109;55;137;112;643;
13-14;PHO;PG;43;40;1416;265;556;.477;50;140;.357;215;416;.517;.522;183;237;.772;27;175;202;235;69;14;143;99;763;
14-15;PHO;PG;81;81;2800;468;1046;.447;88;272;.324;380;774;.491;.489;353;441;.800;72;351;423;493;127;45;274;189;1377;
15-16;PHO;PG;31;31;1059;223;492;.453;48;129;.372;175;363;.482;.502;138;172;.802;18;107;125;190;63;19;110;75;632;
16-17;PHO;PG;66;66;2176;449;1034;.434;104;310;.335;345;724;.477;.485;388;458;.847;52;268;320;418;91;31;224;164;1390;
17-18;TOT;PG;74;74;2322;468;989;.473;125;360;.347;343;629;.545;.536;252;317;.795;51;233;284;370;149;42;216;185;1313;
17-18;PHO;PG;3;3;83;16;40;.400;4;13;.308;12;27;.444;.450;11;14;.786;3;4;7;9;4;2;10;6;47;
17-18;MIL;PG;71;71;2239;452;949;.476;121;347;.349;331;602;.550;.540;241;303;.795;48;229;277;361;145;40;206;179;1266;
18-19;MIL;PG;78;78;2272;470;971;.484;124;377;.329;346;594;.582;.548;177;236;.750;82;280;362;430;116;29;165;156;1241;
19-20;MIL;PG;61;61;1646;334;703;.475;74;215;.344;260;488;.533;.528;169;214;.790;43;239;282;328;57;26;148;128;911;
20-21;NOP;SG;71;70;2111;307;730;.421;121;355;.341;186;375;.496;.503;134;195;.687;29;215;244;268;55;24;114;112;869;
21-22;LAC;PG;54;29;1361;197;468;.421;51;163;.313;146;305;.479;.475;89;117;.761;28;154;182;225;69;19;116;85;534;
Career;;756;568;21021;3689;8169;.452;854;2545;.336;2835;5624;.504;.504;2116;2698;.784;570;2367;2937;3545;1028;344;1888;1493;10348;
Playoffs Totals
11-12;LAC;PG;11;189;37;63;.587;3;7;.429;34;56;.607;.611;10;16;.625;12;14;26;23;13;4;15;23;87;
12-13;LAC;PG;6;97;15;30;.500;1;9;.111;14;21;.667;.517;8;12;.667;2;13;15;18;2;3;5;10;39;
17-18;MIL;PG;7;7;225;37;84;.440;7;22;.318;30;62;.484;.482;14;20;.700;3;22;25;26;7;6;15;19;95;
18-19;MIL;PG;15;15;423;76;185;.411;17;72;.236;59;113;.522;.457;36;51;.706;20;36;56;64;16;6;33;28;205;
19-20;MIL;PG;9;9;267;38;98;.388;8;32;.250;30;66;.455;.429;21;26;.808;5;36;41;53;11;6;23;20;105;
Career;;48;31;1201;203;460;.441;36;142;.254;167;318;.525;.480;89;125;.712;42;121;163;184;49;25;91;100;531;
Advanced
10-11;LAC;PG;81;1841;10.8;.499;.239;.274;4.4;9.8;7.1;24.2;2.6;1.1;26.3;17.9;-1.3;1.6;0.3;.008;-2.4;0.2;-2.2;-0.1;
11-12;LAC;PG;40;464;11.2;.454;.238;.349;5.6;11.1;8.3;21.6;3.6;2.5;24.4;19.1;-0.4;0.6;0.2;.022;-3.4;1.8;-1.6;
12-13;LAC;PG;76;1553;17.5;.513;.137;.236;6.1;11.1;8.6;23.5;3.7;3.0;17.9;22.5;1.1;2.6;3.7;.115;1.3;2.2;3.5;2.2;
13-14;PHO;PG;43;1416;19.6;.578;.252;.426;2.1;13.8;8.0;27.0;2.4;0.8;17.8;24.9;2.6;1.6;4.1;.140;2.3;0.7;3.1;1.8;
14-15;PHO;PG;81;2800;18.4;.555;.260;.422;2.8;13.9;8.3;27.9;2.3;1.2;18.1;23.7;4.1;2.9;7.0;.119;1.6;0.5;2.1;2.9;
15-16;PHO;PG;31;1059;20.0;.557;.262;.350;1.8;11.2;6.4;31.8;2.9;1.5;16.2;27.2;1.6;1.0;2.5;.116;2.5;0.8;3.3;1.4;
16-17;PHO;PG;66;2176;20.5;.563;.300;.443;2.5;13.8;8.0;31.1;2.0;1.2;15.3;28.1;4.0;1.4;5.3;.118;3.7;-0.1;3.6;3.1;
17-18;TOT;PG;74;2322;19.7;.582;.364;.321;2.6;11.7;7.1;25.7;3.2;1.5;16.1;26.1;3.1;2.5;5.6;.116;2.3;0.3;2.5;2.6;
17-18;PHO;PG;3;83;13.0;.509;.325;.350;3.8;5.2;4.5;17.9;2.3;1.9;17.8;28.7;-0.1;-0.028;-0.7;-2.4;-3.2;
17-18;MIL;PG;71;2239;20.0;.585;.366;.319;2.5;11.9;7.2;26.0;3.2;1.5;16.0;26.0;3.2;2.4;5.7;.121;2.4;0.4;2.8;2.7;
18-19;MIL;PG;78;2272;19.3;.577;.388;.243;3.9;11.8;8.1;27.4;2.4;1.1;13.3;22.9;4.4;3.7;8.2;.173;1.9;1.2;3.1;2.9;
19-20;MIL;PG;61;1646;17.6;.571;.306;.304;2.8;13.5;8.5;28.7;1.6;1.4;15.7;23.7;2.4;3.0;5.4;.157;0.8;1.0;1.8;1.6;
20-21;NOP;SG;71;2111;11.5;.533;.486;.267;1.5;11.1;6.3;17.3;1.2;1.1;12.3;18.5;1.1;1.3;2.3;.053;-1.2;-0.9;-2.0;
21-22;LAC;PG;54;1361;12.5;.514;.348;.250;2.2;11.6;7.1;24.1;2.5;1.2;18.3;20.5;-0.5;1.8;1.3;.047;-2.1;1.3;-0.8;0.4;
Career;;756;21021;17.0;.553;.312;.330;3.0;12.2;7.7;26.0;2.4;1.4;16.8;23.2;22.2;23.9;46.1;.105;1.0;0.6;1.6;18.8;
Playoffs Advanced
11-12;LAC;PG;11;189;22.2;.621;.111;.254;7.8;9.1;8.5;23.6;3.7;1.7;17.6;21.7;0.5;0.2;0.7;.168;3.1;3.1;6.2;0.4;
12-13;LAC;PG;6;97;19.8;.553;.300;.400;2.7;16.6;9.9;32.1;1.1;2.4;12.4;20.1;0.2;0.3;.124;4.3;1.2;5.5;0.2;
17-18;MIL;PG;7;225;12.9;.512;.262;.238;1.7;10.9;6.6;18.1;1.6;2.4;13.9;23.3;-0.1;0.2;0.1;.027;-0.7;-2.1;-2.8;
18-19;MIL;PG;15;423;14.2;.494;.389;.276;4.9;8.2;6.6;23.7;1.8;1.3;13.7;24.4;0.7;0.7;.080;-0.2;-0.2;0.2;
19-20;MIL;PG;9;267;12.6;.480;.327;.265;2.0;14.7;8.2;29.0;2.0;2.4;17.4;21.3;-0.1;0.4;0.3;.051;-1.4;1.2;-0.2;0.1;
Career;;48;1201;15.3;.516;.309;.272;3.9;11.0;7.5;24.5;2.1;1.9;15.0;22.7;0.6;1.4;2.0;.081;0.3;0.5;0.8;0.9;
