Ersan İlyasova;Power Forward;Right;1987-05-15;;6-9;235;;;;;-1;;
Per Game
06-07;MIL;PF;66;14;14.7;2.1;5.5;.383;0.8;2.2;.365;1.3;3.3;.395;.457;1.1;1.3;.787;0.9;2.0;2.9;0.7;0.4;0.3;0.8;2.2;6.1;
09-10;MIL;PF;81;31;23.4;4.0;9.0;.443;1.0;3.0;.336;3.0;6.0;.496;.499;1.4;2.0;.715;1.9;4.4;6.4;1.0;0.7;0.3;0.9;3.1;10.4;
10-11;MIL;PF;60;34;25.1;3.7;8.5;.436;0.6;2.0;.298;3.1;6.4;.479;.471;1.6;1.7;.894;1.8;4.3;6.1;0.9;0.9;0.4;1.1;2.7;9.5;
11-12;MIL;PF;60;41;27.6;4.9;10.0;.492;0.9;1.9;.455;4.1;8.1;.501;.535;2.4;3.1;.781;3.3;5.6;8.8;1.2;0.7;0.7;1.3;2.2;13.0;
12-13;MIL;PF;73;54;27.6;5.1;11.0;.462;1.3;2.9;.444;3.8;8.1;.469;.521;1.7;2.2;.796;2.1;5.0;7.1;1.6;0.9;0.5;1.0;2.5;13.2;
13-14;MIL;PF;55;47;26.9;4.3;10.5;.409;0.7;2.4;.282;3.6;8.1;.446;.441;1.9;2.4;.823;1.9;4.3;6.2;1.3;0.8;0.1;1.1;2.5;11.2;
14-15;MIL;PF;58;36;22.7;4.5;9.6;.472;1.3;3.3;.389;3.3;6.3;.515;.539;1.2;1.8;.645;1.4;3.4;4.8;1.0;0.6;0.3;0.8;2.6;11.5;
15-16;TOT;PF;74;56;25.4;3.8;8.9;.424;1.3;3.5;.371;2.5;5.4;.458;.496;1.5;2.1;.721;1.9;3.5;5.4;0.9;0.7;0.4;1.0;2.3;10.4;
15-16;DET;PF;52;52;27.6;4.2;9.8;.425;1.5;4.1;.363;2.7;5.6;.471;.502;1.5;2.1;.725;1.9;3.5;5.4;1.1;0.7;0.5;1.1;2.3;11.3;
15-16;ORL;PF;22;4;20.3;2.9;7.0;.418;0.8;2.0;.409;2.1;5.0;.422;.477;1.5;2.0;.711;2.0;3.5;5.5;0.5;0.6;0.3;0.5;2.3;8.1;
16-17;TOT;PF;<strong>82</strong>;52;26.1;4.7;10.9;.431;1.7;4.9;.353;3.0;6.0;.496;.511;2.0;2.5;.778;1.4;4.5;5.9;1.7;0.7;0.3;1.4;2.6;13.1;
16-17;OKC;PF;3;20.7;2.0;5.3;.375;1.0;4.0;.250;1.0;1.3;.750;.469;0.7;4.7;5.3;0.3;1.0;0.3;1.3;1.7;5.0;
16-17;PHI;PF;53;40;27.3;5.4;12.2;.440;2.0;5.6;.359;3.4;6.6;.509;.522;2.1;2.7;.768;1.3;4.6;5.9;1.8;0.6;0.3;1.5;2.5;14.8;
16-17;ATL;PF;26;12;24.3;3.6;8.7;.412;1.2;3.5;.348;2.3;5.2;.455;.482;2.0;2.5;.800;1.6;4.2;5.8;1.7;0.8;0.3;1.3;2.8;10.4;
17-18;TOT;PF;69;43;25.1;4.0;8.9;.452;1.3;3.7;.360;2.7;5.2;.517;.526;1.5;2.0;.778;1.7;4.2;5.9;1.3;0.9;0.4;1.0;2.3;10.9;
17-18;ATL;PF;46;40;25.5;4.0;8.7;.459;1.3;3.7;.359;2.7;5.0;.532;.535;1.6;2.0;.800;1.6;3.8;5.5;1.1;1.0;0.4;0.9;2.0;10.9;
17-18;PHI;PF;23;3;24.1;4.0;9.2;.439;1.3;3.6;.361;2.7;5.6;.488;.509;1.4;2.0;.733;1.9;4.8;6.7;1.7;0.7;0.4;1.3;2.8;10.8;
18-19;MIL;PF;67;7;18.4;2.5;5.7;.438;0.9;2.4;.363;1.6;3.3;.493;.514;0.9;1.1;.824;1.4;3.1;4.5;0.8;0.5;0.3;0.7;2.6;6.8;
19-20;MIL;PF;63;8;15.7;2.3;5.0;.466;0.8;2.2;.365;1.5;2.8;.545;.546;1.1;1.4;.828;1.0;3.8;4.8;0.8;0.4;0.3;0.5;1.5;6.6;
20-21;UTA;PF;17;1;8.7;1.2;3.2;.389;1.1;2.4;.439;0.2;0.8;.231;.556;0.3;0.3;1.000;0.4;1.3;1.7;0.2;0.6;0.2;0.5;1.7;3.8;
Career;;825;424;23.0;3.8;8.5;.443;1.1;2.9;.367;2.7;5.6;.483;.506;1.5;1.9;.777;1.7;4.0;5.6;1.1;0.7;0.4;1.0;2.4;10.1;
Playoffs Per Game
09-10;MIL;PF;7;22.4;3.4;7.1;.480;0.7;2.0;.357;2.7;5.1;.528;.530;2.1;2.6;.833;3.0;4.6;7.6;0.4;0.7;0.1;1.4;2.0;9.7;
12-13;MIL;PF;4;4;29.3;5.0;11.5;.435;1.0;2.5;.400;4.0;9.0;.444;.478;0.5;0.5;1.000;2.5;4.8;7.3;1.8;1.3;0.3;1.5;2.0;11.5;
14-15;MIL;PF;6;6;23.7;3.3;10.2;.328;0.8;3.8;.217;2.5;6.3;.395;.369;1.2;1.7;.700;1.0;2.8;3.8;0.5;0.8;0.5;0.8;1.7;8.7;
16-17;ATL;PF;6;15.0;1.3;3.8;.348;0.2;0.8;.200;1.2;3.0;.389;.370;1.2;1.5;.778;2.3;2.8;5.2;0.3;0.2;0.8;1.2;4.0;
17-18;PHI;PF;10;1;23.3;3.6;8.4;.429;0.9;3.1;.290;2.7;5.3;.509;.482;1.2;2.1;.571;2.6;5.0;7.6;1.3;0.7;0.4;1.0;2.5;9.3;
18-19;MIL;PF;15;18.1;2.3;5.4;.432;0.8;2.7;.300;1.5;2.7;.561;.506;1.3;1.7;.800;1.3;3.4;4.7;1.4;0.7;0.4;0.4;2.7;6.8;
19-20;MIL;PF;3;7.7;1.0;3.0;.333;0.3;1.7;.200;0.7;1.3;.500;.389;0.7;0.7;1.000;1.3;1.3;0.7;0.3;1.0;3.0;
20-21;UTA;PF;1;3.0;1.0;2.0;.500;1.0;1.0;1.0;1.000;.500;2.0;2.0;1.000;4.0;
Career;;52;11;19.9;2.8;6.8;.413;0.7;2.5;.287;2.1;4.4;.485;.465;1.3;1.7;.753;1.8;3.7;5.5;0.9;0.7;0.3;0.8;2.1;7.7;
Totals
06-07;MIL;PF;66;14;973;139;363;.383;54;148;.365;85;215;.395;.457;70;89;.787;58;131;189;49;27;17;51;147;402;
09-10;MIL;PF;81;31;1898;323;729;.443;81;241;.336;242;488;.496;.499;113;158;.715;157;360;517;84;53;23;71;251;840;
10-11;MIL;PF;60;34;1505;221;507;.436;36;121;.298;185;386;.479;.471;93;104;.894;105;260;365;56;51;24;63;159;571;
11-12;MIL;PF;60;41;1655;294;597;.492;51;112;.455;243;485;.501;.535;143;183;.781;196;333;529;71;42;44;76;133;782;
12-13;MIL;PF;73;54;2012;371;803;.462;95;214;.444;276;589;.469;.521;125;157;.796;154;366;520;117;68;36;75;185;962;
13-14;MIL;PF;55;47;1478;237;579;.409;37;131;.282;200;448;.446;.441;107;130;.823;107;235;342;72;46;8;61;135;618;
14-15;MIL;PF;58;36;1319;263;557;.472;74;190;.389;189;367;.515;.539;69;107;.645;80;197;277;56;36;19;45;149;669;
15-16;TOT;PF;74;56;1881;280;661;.424;96;259;.371;184;402;.458;.496;111;154;.721;144;259;403;67;52;33;71;171;767;
15-16;DET;PF;52;52;1434;216;508;.425;78;215;.363;138;293;.471;.502;79;109;.725;99;183;282;55;38;27;59;120;589;
15-16;ORL;PF;22;4;447;64;153;.418;18;44;.409;46;109;.422;.477;32;45;.711;45;76;121;12;14;6;12;51;178;
16-17;TOT;PF;<strong>82</strong>;52;2142;384;890;.431;142;402;.353;242;488;.496;.511;161;207;.778;115;366;481;141;58;23;116;211;1071;
16-17;OKC;PF;3;62;6;16;.375;3;12;.250;3;4;.750;.469;2;14;16;1;3;1;4;5;15;
16-17;PHI;PF;53;40;1447;285;648;.440;107;298;.359;178;350;.509;.522;109;142;.768;71;243;314;97;33;14;78;133;786;
16-17;ATL;PF;26;12;633;93;226;.412;32;92;.348;61;134;.455;.482;52;65;.800;42;109;151;43;22;8;34;73;270;
17-18;TOT;PF;69;43;1729;277;613;.452;91;253;.360;186;360;.517;.526;105;135;.778;118;287;405;90;61;26;72;157;750;
17-18;ATL;PF;46;40;1175;184;401;.459;61;170;.359;123;231;.532;.535;72;90;.800;74;177;251;51;44;17;43;92;501;
17-18;PHI;PF;23;3;554;93;212;.439;30;83;.361;63;129;.488;.509;33;45;.733;44;110;154;39;17;9;29;65;249;
18-19;MIL;PF;67;7;1231;167;381;.438;58;160;.363;109;221;.493;.514;61;74;.824;94;208;302;52;32;20;48;172;453;
19-20;MIL;PF;63;8;986;146;313;.466;50;137;.365;96;176;.545;.546;72;87;.828;62;240;302;49;24;17;34;95;414;
20-21;UTA;PF;17;1;148;21;54;.389;18;41;.439;3;13;.231;.556;5;5;1.000;7;22;29;4;10;3;8;29;65;
Career;;825;424;18957;3123;7047;.443;883;2409;.367;2240;4638;.483;.506;1235;1590;.777;1397;3264;4661;908;560;293;791;1994;8364;
Playoffs Totals
09-10;MIL;PF;7;157;24;50;.480;5;14;.357;19;36;.528;.530;15;18;.833;21;32;53;3;5;1;10;14;68;
12-13;MIL;PF;4;4;117;20;46;.435;4;10;.400;16;36;.444;.478;2;2;1.000;10;19;29;7;5;1;6;8;46;
14-15;MIL;PF;6;6;142;20;61;.328;5;23;.217;15;38;.395;.369;7;10;.700;6;17;23;3;5;3;5;10;52;
16-17;ATL;PF;6;90;8;23;.348;1;5;.200;7;18;.389;.370;7;9;.778;14;17;31;2;1;5;7;24;
17-18;PHI;PF;10;1;233;36;84;.429;9;31;.290;27;53;.509;.482;12;21;.571;26;50;76;13;7;4;10;25;93;
18-19;MIL;PF;15;272;35;81;.432;12;40;.300;23;41;.561;.506;20;25;.800;19;51;70;21;10;6;6;40;102;
19-20;MIL;PF;3;23;3;9;.333;1;5;.200;2;4;.500;.389;2;2;1.000;4;4;2;1;3;9;
20-21;UTA;PF;1;3;1;2;.500;1;1;1;1.000;.500;2;2;1.000;4;
Career;;52;11;1037;147;356;.413;37;129;.287;110;227;.485;.465;67;89;.753;96;190;286;49;35;15;43;107;398;
Advanced
06-07;MIL;PF;66;973;12.1;.500;.408;.245;6.9;16.0;11.4;7.8;1.4;1.4;11.3;21.0;0.5;0.5;1.0;.051;-1.4;-1.5;-2.9;-0.2;
09-10;MIL;PF;81;1898;15.7;.526;.331;.217;9.0;22.6;15.5;7.5;1.5;1.0;8.2;20.8;2.5;3.3;5.8;.146;0.1;0.3;0.4;1.1;
10-11;MIL;PF;60;1505;14.3;.516;.239;.205;7.9;20.7;14.1;6.6;1.8;1.3;10.2;19.1;1.1;2.7;3.8;.121;-1.2;0.6;-0.6;0.5;
11-12;MIL;PF;60;1655;20.5;.577;.188;.307;12.7;22.8;17.6;7.0;1.3;2.0;10.1;20.1;4.4;2.0;6.4;.185;3.1;-1.1;1.9;1.6;
12-13;MIL;PF;73;2012;18.3;.552;.267;.196;7.9;20.3;13.9;9.6;1.7;1.3;7.9;20.5;4.1;2.5;6.7;.159;2.0;2.0;2.0;
13-14;MIL;PF;55;1478;13.8;.486;.226;.225;8.0;18.8;13.3;8.4;1.6;0.4;8.7;21.3;0.9;0.8;1.6;.053;-1.0;-1.8;-2.8;-0.3;
14-15;MIL;PF;58;1319;16.8;.554;.341;.192;7.0;17.0;12.0;7.4;1.4;1.2;6.9;22.1;2.3;1.7;4.0;.146;1.6;-0.5;1.1;1.0;
15-16;TOT;PF;74;1881;14.2;.526;.392;.233;8.1;15.6;11.7;5.6;1.4;1.4;8.9;18.6;2.4;2.0;4.4;.113;0.2;-0.4;-0.2;0.9;
15-16;DET;PF;52;1434;14.1;.530;.423;.215;7.3;14.5;10.7;6.1;1.3;1.4;9.6;18.7;1.8;1.5;3.3;.111;0.4;0.1;0.5;0.9;
15-16;ORL;PF;22;447;14.7;.515;.288;.294;11.0;19.1;15.0;4.0;1.6;1.1;6.5;18.3;0.6;0.5;1.1;.117;-0.5;-1.9;-2.4;
16-17;TOT;PF;<strong>82</strong>;2142;14.6;.546;.452;.233;5.9;18.8;12.4;11.0;1.3;0.9;10.6;22.2;1.8;2.3;4.1;.091;0.4;-0.3;0.1;1.1;
16-17;OKC;PF;3;62;6.9;.469;.750;3.6;25.0;14.3;2.2;2.4;1.3;20.0;13.7;-0.1;0.1;.012;-4.1;1.4;-2.7;
16-17;PHI;PF;53;1447;15.4;.553;.460;.219;5.4;18.5;12.0;11.5;1.1;0.8;9.9;23.6;1.4;1.3;2.6;.088;1.3;-0.8;0.4;0.9;
16-17;ATL;PF;26;633;13.5;.530;.407;.288;7.4;18.7;13.1;10.6;1.7;1.1;11.8;19.9;0.5;0.9;1.4;.106;-1.0;0.6;-0.4;0.3;
17-18;TOT;PF;69;1729;14.9;.558;.413;.220;7.6;18.0;12.9;7.9;1.7;1.3;9.7;18.7;2.2;1.9;4.0;.112;-0.2;-0.4;-0.6;0.6;
17-18;ATL;PF;46;1175;15.1;.569;.424;.224;7.0;16.8;11.9;6.8;1.8;1.2;8.9;18.0;1.6;1.0;2.6;.106;0.3;-0.5;-0.1;0.6;
17-18;PHI;PF;23;554;14.6;.537;.392;.212;8.9;20.6;15.0;10.4;1.5;1.4;11.1;20.1;0.6;0.9;1.4;.125;-1.2;-0.3;-1.6;0.1;
18-19;MIL;PF;67;1231;11.6;.548;.420;.194;8.2;16.2;12.5;5.5;1.2;1.4;10.4;15.7;1.2;1.9;3.0;.119;-2.4;0.1;-2.3;-0.1;
19-20;MIL;PF;63;986;14.9;.589;.438;.278;6.6;22.7;15.1;6.6;1.1;1.5;8.8;16.1;1.6;2.0;3.6;.174;-0.3;0.8;0.4;0.6;
20-21;UTA;PF;17;148;12.1;.578;.759;.093;5.3;15.1;10.4;3.8;3.3;1.6;12.5;18.7;0.1;0.3;0.4;.122;-2.5;1.7;-0.9;
Career;;825;18957;15.4;.540;.342;.226;8.0;19.2;13.6;7.7;1.5;1.2;9.3;19.9;25.0;23.8;48.8;.124;0.2;-0.3;-0.1;9.0;
Playoffs Advanced
09-10;MIL;PF;7;157;19.9;.587;.280;.360;16.1;23.4;19.8;3.5;1.8;0.5;14.7;20.6;0.3;0.2;0.5;.164;2.1;2.1;0.2;
12-13;MIL;PF;4;117;15.9;.491;.217;.043;9.9;21.2;15.2;11.5;2.3;0.8;11.3;21.3;0.1;0.1;.037;1.1;-0.5;0.5;0.1;
14-15;MIL;PF;6;142;8.0;.398;.377;.164;4.1;13.9;8.6;3.9;1.8;1.9;7.1;22.3;-0.3;0.1;-0.1;-0.046;-2.9;-1.4;-4.3;-0.1;
16-17;ATL;PF;6;90;9.3;.445;.217;.391;17.4;21.3;19.3;3.2;0.5;15.6;15.0;0.1;0.1;.049;-2.7;-1.8;-4.5;-0.1;
17-18;PHI;PF;10;233;14.4;.499;.369;.250;11.8;23.3;17.4;8.7;1.5;1.6;9.7;18.6;0.2;0.3;0.5;.112;0.4;-0.4;0.1;
18-19;MIL;PF;15;272;15.2;.554;.494;.309;7.3;18.1;12.9;11.2;1.8;2.0;6.1;15.4;0.5;0.5;1.1;.188;2.8;2.8;0.3;
19-20;MIL;PF;3;23;7.4;.455;.556;.222;19.0;9.3;4.2;9.2;20.4;.006;-5.9;1.1;-4.8;
20-21;UTA;PF;1;3;41.9;.694;.500;1.000;42.5;.419;9.5;-2.4;7.2;
Career;;52;1037;14.2;.504;.362;.250;10.2;20.1;15.1;7.5;1.7;1.3;9.8;18.7;0.8;1.4;2.2;.103;-0.2;0.3;0.1;0.5;
