Evan Fournier;Shooting Guard and Small Forward;Right;1992-10-29;;6-7;205;;;;;-1;;
Per Game
12-13;DEN;SG;38;4;11.3;2.0;4.0;.493;0.6;1.4;.407;1.4;2.6;.541;.566;0.8;1.0;.769;0.2;0.8;0.9;1.2;0.5;0.8;1.7;5.3;
13-14;DEN;SG;76;4;19.8;3.0;7.2;.419;1.2;3.1;.376;1.8;4.0;.453;.501;1.2;1.6;.756;0.4;2.2;2.7;1.5;0.4;0.1;1.3;2.4;8.4;
14-15;ORL;SG;58;32;28.6;4.4;9.9;.440;1.5;3.9;.378;2.9;6.0;.480;.514;1.8;2.5;.728;0.5;2.2;2.6;2.1;0.7;1.4;2.0;12.0;
15-16;ORL;SF;79;71;32.5;5.4;11.8;.462;2.0;4.9;.400;3.5;6.8;.506;.546;2.5;3.0;.836;0.4;2.4;2.8;2.7;1.2;1.7;2.7;15.4;
16-17;ORL;SG;68;66;32.9;6.0;13.7;.439;1.9;5.3;.356;4.1;8.4;.491;.508;3.3;4.1;.805;0.6;2.4;3.1;3.0;1.0;0.1;2.1;2.6;17.2;
17-18;ORL;SF;57;57;32.2;6.5;14.1;.459;2.2;5.9;.379;4.2;8.2;.516;.538;2.6;3.0;.867;0.4;2.8;3.2;2.9;0.8;0.3;1.7;2.4;17.8;
18-19;ORL;SG;81;81;31.5;5.8;13.2;.438;1.9;5.6;.340;3.9;7.6;.509;.509;1.7;2.1;.806;0.5;2.7;3.2;3.6;0.9;0.1;1.9;2.8;15.1;
19-20;ORL;SF;66;66;31.5;6.6;14.1;.467;2.6;6.6;.399;4.0;7.5;.527;.560;2.7;3.3;.818;0.3;2.3;2.6;3.2;1.1;0.2;1.9;2.4;18.5;
20-21;TOT;SF,SG;42;36;30.0;5.9;12.9;.457;2.8;6.7;.413;3.1;6.1;.504;.565;2.6;3.3;.788;0.2;2.8;3.0;3.4;1.1;0.5;1.7;2.3;17.1;
20-21;ORL;SF;26;26;30.3;6.5;14.2;.461;2.8;7.2;.388;3.7;7.0;.536;.560;3.8;4.7;.797;0.2;2.7;2.9;3.7;1.0;0.3;2.1;2.1;19.7;
20-21;BOS;SG;16;10;29.5;4.8;10.8;.448;2.8;5.9;.463;2.1;4.8;.429;.576;0.6;0.9;.714;0.3;3.0;3.3;3.1;1.3;0.6;1.2;2.6;13.0;
21-22;NYK;SG;80;80;29.5;5.0;12.1;.417;3.0;7.7;.389;2.0;4.3;.465;.541;1.0;1.4;.708;0.4;2.2;2.6;2.1;1.0;0.3;1.3;2.3;14.1;
Career;;645;497;28.6;5.1;11.5;.445;2.0;5.3;.381;3.1;6.3;.499;.532;2.0;2.5;.798;0.4;2.3;2.7;2.6;0.9;0.2;1.6;2.4;14.3;
Playoffs Per Game
12-13;DEN;SG;4;4;13.3;1.5;4.3;.353;2.0;1.5;2.3;.667;.353;1.8;2.0;.875;1.0;0.5;1.5;1.5;4.8;
18-19;ORL;SG;5;5;35.0;4.8;13.8;.348;1.6;6.8;.235;3.2;7.0;.457;.406;1.2;1.6;.750;0.6;2.6;3.2;2.0;1.4;2.4;2.8;12.4;
19-20;ORL;SF;5;5;34.2;4.0;11.4;.351;2.4;7.0;.343;1.6;4.4;.364;.456;2.4;3.4;.706;0.6;3.4;4.0;2.6;1.2;0.6;1.8;2.0;12.8;
20-21;BOS;SG;5;5;33.4;5.4;12.6;.429;2.6;6.0;.433;2.8;6.6;.424;.532;2.0;2.4;.833;1.0;2.6;3.6;1.4;1.2;1.0;4.0;15.4;
Career;;19;19;29.8;4.1;10.8;.374;1.7;5.6;.308;2.3;5.2;.444;.454;1.8;2.4;.778;0.6;2.3;2.8;1.8;1.1;0.2;1.7;2.6;11.7;
Totals
12-13;DEN;SG;38;4;428;75;152;.493;22;54;.407;53;98;.541;.566;30;39;.769;6;29;35;44;19;1;32;65;202;
13-14;DEN;SG;76;4;1503;228;544;.419;89;237;.376;139;307;.453;.501;93;123;.756;34;168;202;112;34;7;100;179;638;
14-15;ORL;SG;58;32;1661;253;575;.440;85;225;.378;168;350;.480;.514;107;147;.728;28;125;153;120;40;2;82;116;698;
15-16;ORL;SF;79;71;2566;429;929;.462;156;390;.400;273;539;.506;.546;199;238;.836;33;192;225;213;96;2;133;214;1213;
16-17;ORL;SG;68;66;2234;408;930;.439;128;360;.356;280;570;.491;.508;223;277;.805;44;165;209;202;66;4;141;180;1167;
17-18;ORL;SF;57;57;1837;368;802;.459;127;335;.379;241;467;.516;.538;150;173;.867;23;157;180;165;47;16;95;138;1013;
18-19;ORL;SG;81;81;2553;468;1069;.438;153;450;.340;315;619;.509;.509;137;170;.806;38;220;258;295;71;12;154;225;1226;
19-20;ORL;SF;66;66;2076;434;929;.467;173;434;.399;261;495;.527;.560;180;220;.818;18;153;171;209;71;15;125;161;1221;
20-21;TOT;SF,SG;42;36;1259;247;541;.457;117;283;.413;130;258;.504;.565;108;137;.788;10;118;128;144;47;19;73;96;719;
20-21;ORL;SF;26;26;787;170;369;.461;73;188;.388;97;181;.536;.560;98;123;.797;5;70;75;95;27;9;54;55;511;
20-21;BOS;SG;16;10;472;77;172;.448;44;95;.463;33;77;.429;.576;10;14;.714;5;48;53;49;20;10;19;41;208;
21-22;NYK;SG;80;80;2358;402;965;.417;241;619;.389;161;346;.465;.541;80;113;.708;34;176;210;171;79;20;105;180;1125;
Career;;645;497;18475;3312;7436;.445;1291;3387;.381;2021;4049;.499;.532;1307;1637;.798;268;1503;1771;1675;570;98;1040;1554;9222;
Playoffs Totals
12-13;DEN;SG;4;4;53;6;17;.353;8;6;9;.667;.353;7;8;.875;4;2;6;6;19;
18-19;ORL;SG;5;5;175;24;69;.348;8;34;.235;16;35;.457;.406;6;8;.750;3;13;16;10;7;12;14;62;
19-20;ORL;SF;5;5;171;20;57;.351;12;35;.343;8;22;.364;.456;12;17;.706;3;17;20;13;6;3;9;10;64;
20-21;BOS;SG;5;5;167;27;63;.429;13;30;.433;14;33;.424;.532;10;12;.833;5;13;18;7;6;5;20;77;
Career;;19;19;566;77;206;.374;33;107;.308;44;99;.444;.454;35;45;.778;11;43;54;34;21;3;32;50;222;
Advanced
12-13;DEN;SG;38;428;13.8;.597;.355;.257;1.6;7.4;4.6;15.5;2.2;0.2;15.9;20.4;0.7;0.3;1.0;.115;-1.3;-1.4;0.1;
13-14;DEN;SG;76;1503;10.3;.533;.436;.226;2.4;12.1;7.3;11.6;1.1;0.3;14.3;19.7;0.6;0.8;1.4;.043;-2.0;-0.9;-2.9;-0.4;
14-15;ORL;SG;58;1661;12.4;.546;.391;.256;1.9;8.7;5.2;11.5;1.2;0.1;11.4;19.7;1.5;0.6;2.1;.059;-0.5;-1.3;-1.8;0.1;
15-16;ORL;SF;79;2566;14.6;.587;.420;.256;1.4;8.4;4.9;12.8;1.9;0.1;11.4;20.1;4.0;1.7;5.7;.106;0.1;-0.5;-0.3;1.1;
16-17;ORL;SG;68;2234;13.9;.555;.387;.298;2.1;8.3;5.1;14.8;1.5;0.1;11.8;23.5;1.7;1.1;2.8;.059;-0.2;-1.1;-1.3;0.4;
17-18;ORL;SF;57;1837;15.5;.577;.418;.216;1.4;9.5;5.4;14.8;1.3;0.7;9.8;23.3;2.4;0.9;3.3;.087;0.8;-1.4;-0.6;0.7;
18-19;ORL;SG;81;2553;12.3;.536;.421;.159;1.6;9.4;5.4;17.6;1.4;0.4;11.9;22.1;0.8;2.5;3.2;.061;-1.8;-0.6;-2.4;-0.3;
19-20;ORL;SF;66;2076;16.4;.595;.467;.237;0.9;8.2;4.4;16.6;1.7;0.7;10.9;23.9;2.9;1.7;4.6;.106;1.4;-0.4;1.0;1.6;
20-21;TOT;SF,SG;42;1259;16.7;.598;.523;.253;0.8;10.2;5.4;18.6;1.8;1.4;10.8;23.1;1.8;1.0;2.8;.107;1.5;-0.4;1.1;1.0;
20-21;ORL;SF;26;787;18.2;.604;.509;.333;0.6;9.5;4.9;20.9;1.7;1.0;11.3;26.2;1.2;0.5;1.7;.104;2.3;-0.6;1.7;0.7;
20-21;BOS;SG;16;472;14.1;.584;.552;.081;1.2;11.4;6.3;14.9;2.1;2.0;9.6;18.0;0.6;0.5;1.1;.111;0.1;0.1;0.2;0.3;
21-22;NYK;SG;80;2358;12.3;.554;.641;.117;1.5;8.2;4.8;11.9;1.7;0.8;9.4;20.8;1.5;2.2;3.7;.075;-0.4;-0.3;-0.7;0.7;
Career;;645;18475;13.8;.565;.455;.220;1.6;9.0;5.2;14.5;1.5;0.5;11.3;21.8;17.9;12.6;30.5;.079;-0.2;-0.7;-0.9;4.9;
Playoffs Advanced
12-13;DEN;SG;4;53;4.1;.463;.471;.471;11.4;1.9;22.6;21.4;-0.1;-0.1;-0.104;-5.4;-2.1;-7.5;-0.1;
18-19;ORL;SG;5;175;5.0;.427;.493;.116;1.7;8.7;5.0;10.7;2.0;14.2;21.4;-0.4;0.1;-0.3;-0.091;-4.4;-0.5;-4.8;-0.1;
19-20;ORL;SF;5;171;8.9;.496;.614;.298;1.7;10.7;6.0;11.6;1.6;1.8;12.2;18.3;-0.2;0.2;.006;-1.5;-0.6;-2.1;
20-21;BOS;SG;5;167;11.8;.564;.476;.190;3.3;9.5;6.2;6.6;1.8;6.8;18.6;0.2;-0.1;0.1;.015;-1.5;-0.8;-2.3;
Career;;19;566;8.1;.492;.519;.218;2.0;8.8;5.2;9.8;1.8;0.5;12.4;19.6;-0.5;0.1;-0.4;-0.032;-2.8;-0.8;-3.5;-0.2;
