Evan Turner;Small Forward, Shooting Guard, and Point Guard;Right;1988-10-27;;6-6;220;St. Joseph in Westchester,Illinois;;;;-1;;
Per Game
10-11;PHI;SG;78;14;23.0;2.9;6.8;.425;0.2;0.6;.318;2.7;6.2;.435;.439;1.3;1.6;.808;0.5;3.4;3.9;2.0;0.6;0.2;1.0;1.8;7.2;
11-12;PHI;SF;65;20;26.4;4.0;9.1;.446;0.2;0.8;.224;3.9;8.3;.466;.455;1.1;1.7;.676;0.4;5.4;5.8;2.8;0.6;0.3;1.6;1.8;9.4;
12-13;PHI;SF;<strong>82</strong>;82;35.3;5.4;12.8;.419;0.7;1.9;.365;4.7;10.9;.428;.446;1.9;2.5;.740;0.7;5.6;6.3;4.3;0.9;0.2;2.3;2.4;13.3;
13-14;TOT;SF;81;56;30.3;5.4;12.6;.425;0.6;1.9;.321;4.7;10.7;.444;.450;2.6;3.2;.813;0.8;4.3;5.0;3.2;0.8;0.1;2.3;2.4;14.0;
13-14;PHI;SF;54;54;34.9;6.6;15.4;.428;0.7;2.4;.288;5.9;12.9;.455;.451;3.5;4.2;.829;0.9;5.0;6.0;3.7;1.0;0.1;2.9;2.7;17.4;
13-14;IND;SF;27;2;21.1;2.9;7.0;.411;0.4;0.9;.500;2.4;6.1;.398;.442;0.9;1.3;.706;0.4;2.7;3.2;2.4;0.4;0.1;1.3;1.8;7.1;
14-15;BOS;SG;82;57;27.6;3.9;9.1;.429;0.4;1.5;.277;3.5;7.6;.458;.451;1.3;1.7;.752;0.5;4.6;5.1;5.5;1.0;0.2;2.4;2.2;9.5;
15-16;BOS;SG;81;12;28.0;4.2;9.3;.456;0.2;1.0;.241;4.0;8.3;.482;.469;1.8;2.2;.827;0.6;4.3;4.9;4.4;1.0;0.3;2.1;1.7;10.5;
16-17;POR;SF;65;12;25.5;3.6;8.5;.426;0.5;1.8;.263;3.1;6.7;.470;.454;1.3;1.6;.825;0.6;3.2;3.8;3.2;0.8;0.4;1.5;1.9;9.0;
17-18;POR;SF;79;40;25.7;3.3;7.3;.447;0.5;1.7;.318;2.7;5.6;.485;.484;1.2;1.4;.850;0.4;2.7;3.1;2.2;0.6;0.4;1.3;2.1;8.2;
18-19;POR;PG;73;2;22.0;2.8;6.1;.460;0.2;0.7;.212;2.6;5.4;.494;.473;1.0;1.5;.708;0.5;4.0;4.5;3.9;0.5;0.2;1.6;1.5;6.8;
19-20;ATL;SG;19;13.2;1.3;3.5;.373;0.3;1.3;3.3;.403;.373;0.6;0.7;.857;0.4;1.6;2.0;2.0;0.5;0.4;1.4;1.1;3.3;
Career;;705;295;26.9;3.9;9.0;.434;0.4;1.3;.294;3.5;7.7;.458;.455;1.5;1.9;.782;0.6;4.1;4.6;3.5;0.8;0.3;1.8;2.0;9.7;
Playoffs Per Game
10-11;PHI;SG;5;19.4;3.4;7.6;.447;0.8;1.0;.800;2.6;6.6;.394;.500;0.4;0.4;1.000;0.8;3.8;4.6;0.8;0.6;0.2;1.8;8.0;
11-12;PHI;SF;13;12;34.5;4.3;11.8;.364;0.5;4.3;11.4;.378;.364;2.5;3.7;.688;1.1;6.5;7.5;2.5;0.9;0.5;2.3;2.8;11.2;
13-14;IND;SF;12;12.4;1.3;2.9;.429;0.3;0.6;.571;0.9;2.3;.393;.486;0.4;0.4;1.000;2.2;2.2;1.6;0.3;0.9;0.8;3.3;
14-15;BOS;SG;4;4;29.5;4.0;11.0;.364;0.5;1.0;.500;3.5;10.0;.350;.386;2.0;2.3;.889;0.5;6.8;7.3;4.8;0.8;2.3;2.8;10.5;
15-16;BOS;SG;6;4;35.7;5.2;14.2;.365;0.5;2.3;.214;4.7;11.8;.394;.382;2.3;3.0;.778;1.3;4.3;5.7;4.5;1.3;1.0;2.8;3.2;13.2;
16-17;POR;SF;4;4;31.0;3.0;8.3;.364;1.3;3.8;.333;1.8;4.5;.389;.439;3.0;4.0;.750;0.8;5.0;5.8;3.8;1.8;0.5;1.8;1.8;10.3;
17-18;POR;SF;3;3;29.0;4.0;11.0;.364;0.7;2.3;.286;3.3;8.7;.385;.394;0.7;0.7;1.000;1.7;2.3;4.0;3.3;1.0;0.3;2.0;2.7;9.3;
18-19;POR;PG;16;15.3;0.9;2.9;.326;0.1;0.1;1.000;0.9;2.8;.311;.337;0.8;0.9;.800;0.8;3.8;4.6;2.2;0.2;0.2;0.8;1.4;2.7;
Career;;63;27;23.5;2.8;7.4;.372;0.3;0.9;.356;2.4;6.5;.374;.394;1.4;1.8;.765;0.8;4.3;5.0;2.6;0.7;0.3;1.5;1.9;7.3;
Totals
10-11;PHI;SG;78;14;1797;225;529;.425;14;44;.318;211;485;.435;.439;101;125;.808;42;264;306;159;49;14;80;138;565;
11-12;PHI;SF;65;20;1713;263;590;.446;11;49;.224;252;541;.466;.455;73;108;.676;27;349;376;180;40;20;105;117;610;
12-13;PHI;SF;<strong>82</strong>;82;2892;441;1053;.419;58;159;.365;383;894;.428;.446;154;208;.740;56;461;517;354;71;17;187;197;1094;
13-14;TOT;SF;81;56;2457;434;1021;.425;50;156;.321;384;865;.444;.450;213;262;.813;62;346;408;262;67;7;189;195;1131;
13-14;PHI;SF;54;54;1886;356;831;.428;38;132;.288;318;699;.455;.451;189;228;.829;50;272;322;198;56;5;155;147;939;
13-14;IND;SF;27;2;571;78;190;.411;12;24;.500;66;166;.398;.442;24;34;.706;12;74;86;64;11;2;34;48;192;
14-15;BOS;SG;82;57;2260;320;746;.429;33;119;.277;287;627;.458;.451;106;141;.752;40;377;417;449;83;19;198;180;779;
15-16;BOS;SG;81;12;2271;343;753;.456;20;83;.241;323;670;.482;.469;148;179;.827;50;347;397;359;80;28;169;139;854;
16-17;POR;SF;65;12;1658;235;552;.426;31;118;.263;204;434;.470;.454;85;103;.825;36;211;247;205;53;24;100;121;586;
17-18;POR;SF;79;40;2034;258;577;.447;42;132;.318;216;445;.485;.484;91;107;.850;30;214;244;173;47;29;99;163;649;
18-19;POR;PG;73;2;1605;204;443;.460;11;52;.212;193;391;.494;.473;75;106;.708;37;291;328;283;33;18;114;110;494;
19-20;ATL;SG;19;251;25;67;.373;5;25;62;.403;.373;12;14;.857;8;30;38;38;9;8;26;20;62;
Career;;705;295;18938;2748;6331;.434;270;917;.294;2478;5414;.458;.455;1058;1353;.782;388;2890;3278;2462;532;184;1267;1380;6824;
Playoffs Totals
10-11;PHI;SG;5;97;17;38;.447;4;5;.800;13;33;.394;.500;2;2;1.000;4;19;23;4;3;1;9;40;
11-12;PHI;SF;13;12;449;56;154;.364;6;56;148;.378;.364;33;48;.688;14;84;98;32;12;6;30;36;145;
13-14;IND;SF;12;149;15;35;.429;4;7;.571;11;28;.393;.486;5;5;1.000;26;26;19;4;11;9;39;
14-15;BOS;SG;4;4;118;16;44;.364;2;4;.500;14;40;.350;.386;8;9;.889;2;27;29;19;3;9;11;42;
15-16;BOS;SG;6;4;214;31;85;.365;3;14;.214;28;71;.394;.382;14;18;.778;8;26;34;27;8;6;17;19;79;
16-17;POR;SF;4;4;124;12;33;.364;5;15;.333;7;18;.389;.439;12;16;.750;3;20;23;15;7;2;7;7;41;
17-18;POR;SF;3;3;87;12;33;.364;2;7;.286;10;26;.385;.394;2;2;1.000;5;7;12;10;3;1;6;8;28;
18-19;POR;PG;16;245;15;46;.326;1;1;1.000;14;45;.311;.337;12;15;.800;13;60;73;35;3;3;13;22;43;
Career;;63;27;1483;174;468;.372;21;59;.356;153;409;.374;.394;88;115;.765;49;269;318;161;43;19;93;121;457;
Advanced
10-11;PHI;SG;78;1797;10.8;.484;.083;.236;2.7;16.9;9.8;13.4;1.4;0.6;12.0;17.0;2.2;2.3;.060;-2.6;0.4;-2.2;-0.1;
11-12;PHI;SF;65;1713;12.6;.478;.083;.183;1.7;22.8;12.2;16.9;1.2;0.9;14.1;20.3;-0.6;3.0;2.4;.068;-2.2;1.0;-1.3;0.3;
12-13;PHI;SF;<strong>82</strong>;2892;12.1;.478;.151;.198;2.1;18.5;10.1;19.7;1.3;0.5;14.0;21.2;-0.7;2.9;2.1;.035;-2.2;-0.2;-2.3;-0.3;
13-14;TOT;SF;81;2457;12.4;.498;.153;.257;2.7;15.7;9.0;17.8;1.3;0.2;14.3;23.2;-0.5;1.8;1.4;.027;-2.1;-1.2;-3.3;-0.8;
13-14;PHI;SF;54;1886;13.2;.504;.159;.274;2.8;16.2;9.2;17.7;1.4;0.2;14.3;24.4;-0.2;0.9;0.7;.017;-1.9;-1.6;-3.5;-0.7;
13-14;IND;SF;27;571;9.7;.468;.126;.179;2.5;13.9;8.5;18.4;1.0;0.3;14.2;19.1;-0.2;0.9;0.7;.059;-2.8;0.2;-2.6;-0.1;
14-15;BOS;SG;82;2260;12.8;.482;.160;.189;1.9;18.5;10.1;30.0;1.8;0.7;19.7;19.5;-0.3;2.8;2.5;.054;-1.8;0.8;-1.0;0.6;
15-16;BOS;SG;81;2271;13.6;.513;.110;.238;2.3;16.5;9.3;23.9;1.7;1.0;16.9;18.8;1.0;3.0;4.0;.085;-0.9;0.9;1.1;
16-17;POR;SF;65;1658;11.4;.491;.214;.187;2.4;14.2;8.3;18.4;1.6;1.2;14.3;18.5;1.2;1.2;.035;-2.3;-0.1;-2.5;-0.2;
17-18;POR;SF;79;2034;9.9;.520;.229;.185;1.6;11.4;6.5;12.4;1.1;1.2;13.7;15.6;0.5;2.1;2.6;.061;-2.9;0.4;-2.5;-0.3;
18-19;POR;PG;73;1605;11.6;.504;.117;.239;2.5;18.9;10.9;23.6;1.0;0.9;18.9;15.9;0.5;1.5;2.0;.060;-1.8;0.5;-1.3;0.3;
19-20;ATL;SG;19;251;6.8;.424;.075;.209;3.4;13.0;8.2;20.6;1.7;2.7;26.2;16.4;-0.5;0.1;-0.3;-0.064;-4.9;-0.7;-5.5;-0.2;
Career;;705;18938;11.9;.493;.145;.214;2.2;17.0;9.5;19.8;1.4;0.8;15.5;19.1;-0.5;20.7;20.2;.051;-2.1;0.2;-1.9;0.5;
Playoffs Advanced
10-11;PHI;SG;5;97;17.3;.514;.132;.053;4.5;21.7;13.0;7.8;1.7;0.9;19.3;0.2;0.1;0.3;.126;1.6;2.3;3.9;0.1;
11-12;PHI;SF;13;449;9.0;.414;.039;.312;3.3;22.2;12.3;13.1;1.5;1.0;14.6;21.9;-0.8;0.8;.002;-3.6;0.5;-3.1;-0.1;
13-14;IND;SF;12;149;9.8;.524;.200;.143;20.6;10.5;21.3;1.5;22.8;15.8;-0.1;0.2;0.1;.045;-2.6;1.8;-0.8;
14-15;BOS;SG;4;118;11.2;.438;.091;.205;1.8;25.7;13.4;27.4;1.3;15.8;21.6;-0.1;0.1;-0.1;-0.020;-2.2;0.8;-1.4;
15-16;BOS;SG;6;214;9.8;.425;.165;.212;3.7;13.5;8.3;22.6;1.8;2.5;15.5;22.1;-0.4;0.4;.005;-2.4;0.8;-1.6;
16-17;POR;SF;4;124;12.8;.512;.455;.485;2.4;18.4;9.8;18.8;2.6;1.4;14.9;15.8;0.1;0.1;.041;-0.1;1.7;1.5;0.1;
17-18;POR;SF;3;87;8.3;.413;.212;.061;5.9;9.7;7.6;15.9;1.7;0.9;15.0;19.6;-0.1;-0.1;-0.058;-3.3;-0.9;-4.2;
18-19;POR;PG;16;245;9.0;.409;.022;.326;5.6;26.0;15.8;19.4;0.6;1.0;19.8;11.6;0.2;0.2;.035;-3.1;0.6;-2.6;
Career;;63;1483;10.2;.441;.126;.246;3.4;20.6;11.8;17.8;1.5;1.1;15.2;18.8;-1.3;1.9;0.6;.018;-2.5;0.8;-1.6;0.1;
