Festus Ezeli;Center;Right;1989-10-21;;6-11;255;Jesuit in Sacramento,California;;;;-1;;
Per Game
12-13;GSW;C;78;41;14.4;0.9;2.2;.438;0.9;2.2;.438;.438;0.6;1.0;.531;1.8;2.2;4.0;0.3;0.3;0.9;0.8;2.0;2.4;
14-15;GSW;C;46;7;11.0;1.7;3.0;.547;1.7;3.0;.547;.547;1.1;1.7;.628;1.3;2.1;3.4;0.2;0.2;0.9;0.7;1.7;4.4;
15-16;GSW;C;46;13;16.7;2.7;5.0;.548;2.7;5.0;.548;.548;1.5;2.9;.530;2.0;3.6;5.6;0.7;0.4;1.1;0.8;2.0;7.0;
Career;;170;61;14.1;1.6;3.2;.513;1.6;3.2;.513;.513;1.0;1.7;.557;1.7;2.5;4.3;0.4;0.3;1.0;0.8;1.9;4.2;
Playoffs Per Game
12-13;GSW;C;12;3;11.2;0.5;1.1;.462;0.5;1.1;.462;.462;1.0;1.8;.571;1.1;1.4;2.5;0.2;0.3;0.6;1.0;2.0;2.0;
14-15;GSW;C;20;9.2;1.4;2.5;.540;1.4;2.5;.540;.540;0.8;1.5;.552;1.2;1.9;3.1;0.3;0.1;0.5;0.6;1.3;3.5;
15-16;GSW;C;23;1;8.8;1.6;3.0;.536;1.6;3.0;.536;.536;0.8;1.9;.432;1.0;1.7;2.7;0.3;0.3;0.6;1.5;4.0;
Career;;55;4;9.5;1.3;2.4;.530;1.3;2.4;.530;.530;0.9;1.7;.500;1.1;1.7;2.8;0.3;0.1;0.4;0.7;1.5;3.4;
Totals
12-13;GSW;C;78;41;1120;74;169;.438;74;169;.438;.438;43;81;.531;141;172;313;22;23;74;63;157;191;
14-15;GSW;C;46;7;504;76;139;.547;76;139;.547;.547;49;78;.628;60;95;155;9;7;42;32;77;201;
15-16;GSW;C;46;13;770;125;228;.548;125;228;.548;.548;70;132;.530;91;166;257;32;18;50;38;94;320;
Career;;170;61;2394;275;536;.513;275;536;.513;.513;162;291;.557;292;433;725;63;48;166;133;328;712;
Playoffs Totals
12-13;GSW;C;12;3;134;6;13;.462;6;13;.462;.462;12;21;.571;13;17;30;2;3;7;12;24;24;
14-15;GSW;C;20;183;27;50;.540;27;50;.540;.540;16;29;.552;24;38;62;6;1;10;12;25;70;
15-16;GSW;C;23;1;203;37;69;.536;37;69;.536;.536;19;44;.432;23;38;61;8;1;7;14;34;93;
Career;;55;4;520;70;132;.530;70;132;.530;.530;47;94;.500;60;93;153;16;5;24;38;83;187;
Advanced
12-13;GSW;C;78;1120;9.3;.467;.479;14.3;16.4;15.4;2.7;1.0;5.2;23.5;10.7;1.5;1.5;.066;-4.0;0.7;-3.4;-0.4;
14-15;GSW;C;46;504;16.2;.580;.561;13.3;19.7;16.6;2.5;0.7;6.2;15.6;17.7;0.8;0.9;1.7;.159;-2.2;0.3;-1.8;
15-16;GSW;C;46;770;17.7;.559;.579;13.5;21.9;18.0;5.8;1.1;4.8;11.7;18.2;1.4;1.3;2.7;.171;-0.6;0.4;-0.1;0.4;
Career;;170;2394;13.4;.536;.543;13.8;18.9;16.5;3.7;1.0;5.3;16.7;14.6;2.2;3.8;5.9;.119;-2.5;0.5;-2.0;
Playoffs Advanced
12-13;GSW;C;12;134;6.4;.540;1.615;11.4;13.6;12.6;2.0;1.1;4.1;35.0;11.4;-0.1;0.1;0.1;.018;-5.9;1.3;-4.6;-0.1;
14-15;GSW;C;20;183;16.1;.558;.580;14.5;22.4;18.5;5.2;0.3;4.4;16.1;18.3;0.3;0.3;0.6;.150;-1.1;0.5;-0.7;0.1;
15-16;GSW;C;23;203;13.9;.526;.638;12.4;20.0;16.3;6.3;0.2;2.8;13.7;22.1;0.1;0.2;0.3;.080;-3.2;-0.7;-3.9;-0.1;
Career;;55;520;12.7;.539;.712;12.9;19.2;16.1;4.8;0.5;3.7;18.0;18.0;0.3;0.7;1.0;.089;-3.2;0.2;-2.9;-0.1;
