Francisco García;Small Forward and Shooting Guard;Right;1981-12-31;;6-7;195;Winchendon School in Winchendon,Massachusetts;;;;-1;;
Per Game
05-06;SAC;SF;67;11;19.4;1.9;4.9;.400;0.6;2.0;.285;1.4;2.8;.484;.460;1.2;1.5;.772;0.6;2.2;2.8;1.4;0.6;0.7;1.1;2.0;5.6;
06-07;SAC;SF;79;5;17.8;2.1;4.8;.429;0.7;1.9;.356;1.4;2.9;.476;.499;1.2;1.4;.833;0.7;1.9;2.6;1.1;0.6;0.5;0.9;2.4;6.0;
07-08;SAC;SF;79;20;26.5;4.4;9.5;.463;1.4;3.7;.391;3.0;5.9;.508;.538;2.1;2.6;.779;0.7;2.7;3.3;1.6;1.2;0.6;1.6;2.9;12.3;
08-09;SAC;SF;65;36;30.4;4.5;10.2;.444;1.4;3.4;.398;3.2;6.8;.466;.510;2.2;2.7;.820;0.9;2.5;3.4;2.3;1.2;1.0;1.7;3.0;12.7;
09-10;SAC;SG;25;4;23.0;3.3;7.0;.466;0.9;2.4;.390;2.4;4.7;.504;.531;0.6;0.7;.882;0.4;2.2;2.6;1.8;0.4;0.8;0.8;2.0;8.1;
10-11;SAC;SF;58;34;23.9;3.6;8.2;.436;1.4;3.9;.362;2.2;4.3;.502;.521;1.1;1.3;.855;0.4;1.9;2.3;1.2;0.9;0.8;0.8;2.2;9.7;
11-12;SAC;SF;49;3;16.3;1.8;4.7;.376;0.8;2.7;.290;1.0;2.0;.490;.459;0.5;0.6;.800;0.2;1.8;2.0;0.6;0.7;0.8;0.4;1.5;4.8;
12-13;TOT;SF,SG;58;20;17.7;2.0;5.2;.393;1.2;3.1;.374;0.9;2.1;.421;.505;0.3;0.4;.857;0.1;1.4;1.6;1.1;0.8;0.7;0.6;1.5;5.5;
12-13;SAC;SG;40;15;17.8;1.9;5.1;.376;1.0;2.7;.367;0.9;2.4;.385;.473;0.3;0.4;.857;0.2;1.5;1.7;1.1;0.8;0.8;0.5;1.7;5.2;
12-13;HOU;SF;18;5;17.7;2.3;5.3;.432;1.5;3.9;.386;0.8;1.4;.560;.574;0.3;0.4;.857;0.1;1.2;1.3;1.1;0.8;0.4;0.7;1.2;6.4;
13-14;HOU;SF;55;4;19.7;2.1;5.3;.401;1.3;3.5;.358;0.9;1.8;.485;.519;0.2;0.3;.526;0.4;1.8;2.2;1.1;0.5;0.6;0.5;2.2;5.7;
14-15;HOU;SF;14;14.3;1.2;4.5;.270;0.7;3.2;.222;0.5;1.3;.389;.349;0.1;0.3;.250;0.2;1.0;1.2;1.1;0.6;0.4;0.7;1.4;3.2;
Career;;549;137;21.6;2.8;6.7;.427;1.1;3.0;.357;1.8;3.7;.484;.507;1.1;1.4;.799;0.5;2.0;2.6;1.4;0.8;0.7;1.0;2.2;7.9;
Playoffs Per Game
05-06;SAC;SF;6;6.8;0.8;1.8;.455;0.2;0.7;.250;0.7;1.2;.571;.500;0.3;0.3;1.000;0.3;0.3;0.2;0.3;0.3;0.8;2.2;
12-13;HOU;SF;6;3;27.3;3.7;8.3;.440;2.8;6.2;.459;0.8;2.2;.385;.610;0.5;0.8;.600;0.5;2.8;3.3;1.5;0.7;0.8;0.7;3.5;10.7;
13-14;HOU;SF;2;11.0;1.0;3.0;.333;1.5;1.0;1.5;.667;.333;1.5;2.0;.750;0.5;0.5;1.0;1.5;3.5;
Career;;14;3;16.2;2.1;4.8;.433;1.3;3.1;.409;0.8;1.6;.478;.567;0.6;0.8;.727;0.3;1.4;1.7;0.7;0.4;0.5;0.3;2.1;6.0;
Totals
05-06;SAC;SF;67;11;1301;130;325;.400;39;137;.285;91;188;.484;.460;78;101;.772;39;146;185;94;41;47;75;135;377;
06-07;SAC;SF;79;5;1410;163;380;.429;53;149;.356;110;231;.476;.499;95;114;.833;53;152;205;87;45;43;70;190;474;
07-08;SAC;SF;79;20;2096;348;752;.463;113;289;.391;235;463;.508;.538;162;208;.779;52;212;264;128;96;50;128;232;971;
08-09;SAC;SF;65;36;1975;295;665;.444;88;221;.398;207;444;.466;.510;146;178;.820;56;162;218;150;80;67;112;196;824;
09-10;SAC;SG;25;4;575;82;176;.466;23;59;.390;59;117;.504;.531;15;17;.882;11;55;66;45;10;19;21;49;202;
10-11;SAC;SF;58;34;1386;207;475;.436;81;224;.362;126;251;.502;.521;65;76;.855;24;109;133;71;51;49;45;126;560;
11-12;SAC;SF;49;3;798;86;229;.376;38;131;.290;48;98;.490;.459;24;30;.800;11;88;99;31;36;37;22;73;234;
12-13;TOT;SF,SG;58;20;1029;118;300;.393;67;179;.374;51;121;.421;.505;18;21;.857;8;83;91;63;46;38;32;88;321;
12-13;SAC;SG;40;15;710;77;205;.376;40;109;.367;37;96;.385;.473;12;14;.857;7;61;68;43;32;31;20;66;206;
12-13;HOU;SF;18;5;319;41;95;.432;27;70;.386;14;25;.560;.574;6;7;.857;1;22;23;20;14;7;12;22;115;
13-14;HOU;SF;55;4;1083;118;294;.401;69;193;.358;49;101;.485;.519;10;19;.526;21;101;122;63;27;33;30;120;315;
14-15;HOU;SF;14;200;17;63;.270;10;45;.222;7;18;.389;.349;1;4;.250;3;14;17;15;9;5;10;20;45;
Career;;549;137;11853;1564;3659;.427;581;1627;.357;983;2032;.484;.507;614;768;.799;278;1122;1400;747;441;388;545;1229;4323;
Playoffs Totals
05-06;SAC;SF;6;41;5;11;.455;1;4;.250;4;7;.571;.500;2;2;1.000;2;2;1;2;2;5;13;
12-13;HOU;SF;6;3;164;22;50;.440;17;37;.459;5;13;.385;.610;3;5;.600;3;17;20;9;4;5;4;21;64;
13-14;HOU;SF;2;22;2;6;.333;3;2;3;.667;.333;3;4;.750;1;1;2;3;7;
Career;;14;3;227;29;67;.433;18;44;.409;11;23;.478;.567;8;11;.727;4;20;24;10;6;7;4;29;84;
Advanced
05-06;SAC;SF;67;1301;10.3;.510;.422;.311;3.5;13.0;8.3;11.2;1.6;2.6;16.9;15.7;1.6;1.6;.060;-2.1;1.3;-0.8;0.4;
06-07;SAC;SF;79;1410;11.7;.551;.392;.300;4.3;12.9;8.5;9.8;1.6;2.3;14.0;15.9;1.1;1.2;2.4;.080;-1.4;0.4;-1.1;0.3;
07-08;SAC;SF;79;2096;15.1;.576;.384;.277;3.0;11.7;7.4;10.2;2.3;1.8;13.2;20.7;2.4;1.8;4.2;.097;0.7;0.1;0.8;1.5;
08-09;SAC;SF;65;1975;14.1;.554;.332;.268;3.3;9.6;6.4;12.6;2.1;2.5;13.1;19.4;1.7;0.7;2.4;.058;0.1;-0.5;-0.3;0.8;
09-10;SAC;SG;25;575;12.4;.550;.335;.097;2.2;11.1;6.6;12.1;0.9;2.4;10.3;15.7;0.6;0.3;1.0;.081;0.1;0.2;0.3;0.3;
10-11;SAC;SF;58;1386;13.5;.551;.472;.160;1.9;9.2;5.5;8.0;1.9;2.6;8.1;17.3;1.9;1.1;3.0;.104;0.4;0.6;1.0;1.0;
11-12;SAC;SF;49;798;10.7;.483;.572;.131;1.4;12.7;6.8;5.8;2.3;3.4;8.3;14.4;0.3;0.5;0.8;.048;-1.6;0.9;-0.7;0.3;
12-13;TOT;SF,SG;58;1029;11.0;.519;.597;.070;0.9;9.4;5.1;9.2;2.3;2.9;9.4;14.7;0.6;0.6;1.3;.059;-0.7;0.8;0.2;0.6;
12-13;SAC;SG;40;710;10.5;.488;.532;.068;1.1;10.1;5.5;9.0;2.3;3.4;8.7;14.5;0.2;0.4;0.6;.040;-1.1;0.6;-0.6;0.3;
12-13;HOU;SF;18;319;12.2;.586;.737;.074;0.4;7.7;4.1;9.5;2.2;1.7;10.9;15.1;0.4;0.3;0.7;.101;0.4;1.4;1.8;0.3;
13-14;HOU;SF;55;1083;9.3;.521;.656;.065;2.3;9.8;6.3;8.6;1.2;2.3;9.0;13.5;0.8;0.9;1.8;.078;-0.7;0.6;-0.1;0.5;
14-15;HOU;SF;14;200;3.6;.347;.714;.063;1.7;7.7;4.7;11.0;2.2;1.9;13.4;16.2;-0.4;0.2;-0.2;-0.044;-4.9;0.7;-4.2;-0.1;
Career;;549;11853;12.3;.541;.445;.210;2.7;11.0;6.8;10.0;1.9;2.4;12.0;17.0;9.1;9.1;18.2;.074;-0.5;0.4;-0.1;5.7;
Playoffs Advanced
05-06;SAC;SF;6;41;13.7;.547;.364;.182;6.9;3.1;4.1;2.7;4.2;13.6;0.1;0.1;.082;1.1;1.6;2.7;
12-13;HOU;SF;6;164;14.4;.613;.740;.100;2.0;11.8;6.8;9.4;1.2;2.7;7.1;15.1;0.4;0.4;.113;2.2;1.5;3.7;0.2;
13-14;HOU;SF;2;22;6.3;.451;.500;.667;4.9;5.1;5.0;15.0;.028;-3.0;-1.5;-4.4;
Career;;14;227;13.5;.585;.657;.164;1.9;10.2;6.0;7.6;1.4;2.7;5.3;14.8;0.5;0.5;.100;1.5;1.2;2.8;0.3;
