Gal Mekel;Point Guard;Right;1988-03-04;;6-3;191;;;;;-1;;
Per Game
13-14;DAL;PG;31;1;9.4;1.0;2.8;.349;0.2;0.6;.250;0.8;2.1;.379;.378;0.3;0.4;.667;0.2;0.7;0.9;2.0;0.1;1.0;1.0;2.4;
14-15;NOP;PG;4;10.8;0.8;5.0;.150;0.8;0.8;4.3;.176;.150;0.3;0.3;3.3;0.5;0.5;0.3;1.5;
Career;;35;1;9.6;0.9;3.0;.311;0.1;0.7;.217;0.8;2.4;.337;.335;0.2;0.3;.667;0.1;0.7;0.8;2.2;0.2;0.9;0.9;2.3;
Totals
13-14;DAL;PG;31;1;292;30;86;.349;5;20;.250;25;66;.379;.378;8;12;.667;5;22;27;63;4;1;31;31;73;
14-15;NOP;PG;4;43;3;20;.150;3;3;17;.176;.150;1;1;13;2;2;1;6;
Career;;35;1;335;33;106;.311;5;23;.217;28;83;.337;.335;8;12;.667;5;23;28;76;6;1;33;32;79;
Advanced
13-14;DAL;PG;31;292;5.4;.400;.233;.140;2.0;8.6;5.3;30.1;0.7;0.3;25.4;19.0;-0.5;0.1;-0.4;-0.073;-4.9;-2.7;-7.6;-0.4;
14-15;NOP;PG;4;43;0.5;.150;.150;2.6;1.3;42.2;2.4;9.1;23.3;-0.2;-0.2;-0.238;-8.0;-3.2;-11.3;-0.1;
Career;;35;335;4.8;.355;.217;.113;1.7;7.9;4.8;31.7;0.9;0.2;22.9;19.6;-0.7;0.1;-0.7;-0.094;-5.3;-2.8;-8.0;-0.5;
