Garrett Temple;Shooting Guard, Small Forward, and Point Guard;Right;1986-05-08;;6-5;195;Louisiana State University Laboratory School in Baton Rouge,Louisiana;;;;-1;;
Per Game
09-10;TOT;SG;27;4;12.4;1.6;3.7;.436;0.5;1.4;.351;1.1;2.4;.484;.500;1.3;1.9;.700;0.2;0.9;1.1;0.8;0.5;0.2;1.0;1.6;5.0;
09-10;HOU;SG;9;13.1;1.4;3.2;.448;0.3;1.3;.250;1.1;1.9;.588;.500;1.8;2.7;.667;0.2;1.3;1.6;0.8;0.4;0.4;1.6;1.8;5.0;
09-10;SAC;SG;5;4.6;0.6;1.6;.375;0.4;0.6;1.2;.500;.375;1.0;1.0;1.000;0.2;0.4;0.6;0.4;0.2;0.4;0.2;2.2;
09-10;SAS;SG;13;4;14.8;2.2;4.9;.438;0.8;1.8;.435;1.4;3.2;.439;.516;1.1;1.6;.667;0.2;0.8;1.1;0.9;0.6;0.2;0.8;1.9;6.2;
10-11;TOT;PG,SG;24;9.6;0.8;2.8;.294;0.4;1.5;.270;0.4;1.3;.323;.368;0.3;0.7;.412;0.9;1.0;1.3;0.5;0.3;1.0;1.0;2.4;
10-11;SAS;SG;3;7.0;0.3;1.7;.200;0.3;0.3;1.3;.250;.200;0.7;0.3;0.3;0.7;0.7;0.3;0.3;0.3;0.7;0.7;
10-11;MIL;SG;9;9.2;0.8;2.3;.333;0.3;1.1;.300;0.4;1.2;.364;.405;0.4;0.7;0.7;0.7;0.1;0.1;0.2;0.9;1.9;
10-11;CHA;PG;12;10.5;1.0;3.5;.286;0.6;2.2;.269;0.4;1.3;.313;.369;0.6;0.9;.636;1.3;1.3;2.0;0.8;0.3;1.7;1.2;3.2;
12-13;WAS;SG;51;36;22.7;2.1;5.1;.407;0.5;1.6;.325;1.5;3.5;.444;.457;0.5;0.7;.703;0.6;1.8;2.4;2.3;1.0;0.3;1.2;1.8;5.1;
13-14;WAS;SG;75;8.5;0.7;1.9;.362;0.1;0.4;.207;0.6;1.5;.402;.383;0.4;0.6;.698;0.3;0.6;0.9;1.0;0.5;0.1;0.6;1.0;1.8;
14-15;WAS;SG;52;18;14.1;1.3;3.3;.400;0.6;1.7;.375;0.7;1.6;.427;.497;0.7;0.9;.729;0.5;1.3;1.7;1.1;0.8;0.2;0.7;1.5;3.9;
15-16;WAS;SF;80;43;24.4;2.5;6.3;.398;1.1;3.2;.345;1.4;3.1;.453;.486;1.1;1.6;.728;0.5;2.2;2.7;1.8;0.9;0.2;0.8;2.4;7.3;
16-17;SAC;SG;65;21;26.6;2.8;6.6;.424;1.3;3.4;.373;1.6;3.3;.476;.519;0.9;1.1;.784;0.5;2.3;2.8;2.6;1.3;0.4;1.2;2.2;7.8;
17-18;SAC;SG;65;35;24.8;3.1;7.3;.418;1.4;3.5;.392;1.7;3.8;.442;.512;0.9;1.2;.769;0.3;2.0;2.3;1.9;0.9;0.4;1.2;2.1;8.4;
18-19;TOT;SG;75;55;27.2;2.8;6.6;.422;1.2;3.5;.341;1.6;3.1;.515;.513;1.1;1.4;.748;0.4;2.5;2.9;1.4;1.0;0.4;0.9;2.7;7.8;
18-19;MEM;SG;49;49;31.2;3.4;7.9;.429;1.5;4.3;.352;1.9;3.6;.520;.525;1.2;1.6;.750;0.4;2.7;3.1;1.4;1.0;0.5;1.1;2.7;9.4;
18-19;LAC;SG;26;6;19.6;1.6;4.1;.396;0.6;2.1;.296;1.0;2.0;.500;.472;0.9;1.2;.742;0.4;2.1;2.5;1.4;1.0;0.2;0.6;2.7;4.7;
19-20;BRK;SG;62;35;27.9;3.6;9.5;.378;2.0;6.2;.329;1.5;3.2;.473;.486;1.1;1.4;.805;0.5;3.0;3.5;2.5;0.8;0.5;1.0;1.7;10.3;
20-21;CHI;SG;56;25;27.3;2.8;6.8;.415;1.2;3.6;.335;1.6;3.2;.503;.503;0.7;0.9;.800;0.5;2.3;2.9;2.2;0.8;0.5;1.0;2.3;7.6;
21-22;NOP;SG;59;16;18.6;1.9;5.0;.376;1.0;3.1;.319;0.9;1.9;.473;.476;0.5;0.7;.683;0.5;1.9;2.4;1.3;0.7;0.4;0.7;1.4;5.2;
Career;;691;288;21.4;2.3;5.7;.402;1.0;2.9;.344;1.3;2.7;.464;.490;0.8;1.1;.740;0.4;1.9;2.3;1.7;0.8;0.3;0.9;1.9;6.4;
Playoffs Per Game
09-10;SAS;SG;6;2.5;0.2;0.5;.333;0.2;0.5;.333;.500;0.2;0.2;1.000;0.3;0.3;0.3;0.2;0.3;0.2;0.7;
13-14;WAS;SG;10;0.9;0.2;0.2;1.000;0.1;0.1;1.000;0.1;0.1;1.000;1.250;0.1;0.5;0.5;
14-15;WAS;SG;4;6.5;0.3;1.5;.167;0.8;0.3;0.8;.333;.167;1.3;2.0;.625;0.3;0.5;0.8;0.3;0.5;0.8;1.0;1.8;
18-19;LAC;SG;6;10.5;0.5;1.8;.273;0.2;1.2;.143;0.3;0.7;.500;.318;1.2;1.7;.700;0.2;1.0;1.2;0.3;0.5;0.2;0.3;1.3;2.3;
19-20;BRK;SG;4;4;34.3;4.3;12.3;.347;2.3;9.0;.250;2.0;3.3;.615;.439;1.3;1.5;.833;2.8;2.8;2.0;0.8;0.3;1.5;3.0;12.0;
21-22;NOP;SG;1;2.0;1.0;1.0;
Career;;31;4;8.1;0.8;2.3;.338;0.4;1.6;.240;0.4;0.7;.571;.423;0.6;0.8;.720;0.1;0.7;0.8;0.4;0.3;0.1;0.5;1.0;2.5;
Totals
09-10;TOT;SG;27;4;334;44;101;.436;13;37;.351;31;64;.484;.500;35;50;.700;6;25;31;21;13;6;27;42;136;
09-10;HOU;SG;9;118;13;29;.448;3;12;.250;10;17;.588;.500;16;24;.667;2;12;14;7;4;4;14;16;45;
09-10;SAC;SG;5;23;3;8;.375;2;3;6;.500;.375;5;5;1.000;1;2;3;2;1;2;1;11;
09-10;SAS;SG;13;4;193;28;64;.438;10;23;.435;18;41;.439;.516;14;21;.667;3;11;14;12;8;2;11;25;80;
10-11;TOT;PG,SG;24;230;20;68;.294;10;37;.270;10;31;.323;.368;7;17;.412;1;22;23;32;11;6;23;24;57;
10-11;SAS;SG;3;21;1;5;.200;1;1;4;.250;.200;2;1;1;2;2;1;1;1;2;2;
10-11;MIL;SG;9;83;7;21;.333;3;10;.300;4;11;.364;.405;4;6;6;6;1;1;2;8;17;
10-11;CHA;PG;12;126;12;42;.286;7;26;.269;5;16;.313;.369;7;11;.636;15;15;24;9;4;20;14;38;
12-13;WAS;SG;51;36;1156;105;258;.407;26;80;.325;79;178;.444;.457;26;37;.703;29;94;123;115;50;17;61;94;262;
13-14;WAS;SG;75;638;51;141;.362;6;29;.207;45;112;.402;.383;30;43;.698;21;47;68;72;35;11;42;72;138;
14-15;WAS;SG;52;18;735;68;170;.400;33;88;.375;35;82;.427;.497;35;48;.729;24;66;90;56;42;9;34;76;204;
15-16;WAS;SF;80;43;1951;201;505;.398;89;258;.345;112;247;.453;.486;91;125;.728;36;176;212;140;69;18;64;195;582;
16-17;SAC;SG;65;21;1728;183;432;.424;82;220;.373;101;212;.476;.519;58;74;.784;32;152;184;168;84;28;78;141;506;
17-18;SAC;SG;65;35;1615;199;476;.418;89;227;.392;110;249;.442;.512;60;78;.769;22;130;152;124;57;27;79;135;547;
18-19;TOT;SG;75;55;2040;208;493;.422;90;264;.341;118;229;.515;.513;80;107;.748;28;188;216;106;76;30;70;204;586;
18-19;MEM;SG;49;49;1530;166;387;.429;74;210;.352;92;177;.520;.525;57;76;.750;18;134;152;69;50;25;54;134;463;
18-19;LAC;SG;26;6;510;42;106;.396;16;54;.296;26;52;.500;.472;23;31;.742;10;54;64;37;26;5;16;70;123;
19-20;BRK;SG;62;35;1730;222;587;.378;127;386;.329;95;201;.473;.486;70;87;.805;29;189;218;156;49;29;62;108;641;
20-21;CHI;SG;56;25;1528;158;381;.415;67;200;.335;91;181;.503;.503;40;50;.800;29;131;160;124;43;30;58;126;423;
21-22;NOP;SG;59;16;1098;111;295;.376;59;185;.319;52;110;.473;.476;28;41;.683;29;114;143;74;43;23;42;81;309;
Career;;691;288;14783;1570;3907;.402;691;2011;.344;879;1896;.464;.490;560;757;.740;286;1334;1620;1188;572;234;640;1298;4391;
Playoffs Totals
09-10;SAS;SG;6;15;1;3;.333;1;3;.333;.500;1;1;1.000;2;2;2;1;2;1;4;
13-14;WAS;SG;10;9;2;2;1.000;1;1;1.000;1;1;1.000;1.250;1;5;5;
14-15;WAS;SG;4;26;1;6;.167;3;1;3;.333;.167;5;8;.625;1;2;3;1;2;3;4;7;
18-19;LAC;SG;6;63;3;11;.273;1;7;.143;2;4;.500;.318;7;10;.700;1;6;7;2;3;1;2;8;14;
19-20;BRK;SG;4;4;137;17;49;.347;9;36;.250;8;13;.615;.439;5;6;.833;11;11;8;3;1;6;12;48;
21-22;NOP;SG;1;2;1;1;
Career;;31;4;252;24;71;.338;12;50;.240;12;21;.571;.423;18;25;.720;2;22;24;13;9;2;14;30;78;
Advanced
09-10;TOT;SG;27;334;10.5;.553;.366;.495;2.1;8.8;5.4;9.6;2.0;1.3;18.0;20.3;0.4;0.4;.057;-3.4;0.4;-2.9;-0.1;
09-10;HOU;SG;9;118;8.6;.569;.414;.828;1.9;12.1;6.8;8.9;1.7;2.5;26.1;20.1;-0.1;0.1;.004;-5.2;-0.3;-5.5;-0.1;
09-10;SAC;SG;5;23;15.4;.539;.250;.625;4.9;10.1;7.5;13.2;2.2;16.4;23.5;.078;0.5;0.5;
09-10;SAS;SG;13;193;11.1;.546;.359;.328;1.9;6.6;4.3;9.5;2.2;0.7;13.1;20.0;0.1;0.2;0.3;.086;-2.7;0.9;-1.8;
10-11;TOT;PG,SG;24;230;4.7;.378;.544;.250;0.5;11.6;6.0;21.9;2.6;2.1;23.4;20.1;-0.7;0.3;-0.4;-0.085;-6.2;-0.2;-6.4;-0.3;
10-11;SAS;SG;3;21;0.6;.170;.200;.400;5.7;5.4;5.5;12.7;2.5;3.4;14.5;15.1;-0.1;-0.1;-0.135;-6.2;0.8;-5.4;
10-11;MIL;SG;9;83;3.1;.373;.476;.190;8.6;4.2;11.6;0.6;0.9;8.1;14.0;-0.1;0.1;-0.019;-6.4;-6.4;-0.1;
10-11;CHA;PG;12;126;6.4;.406;.619;.262;14.5;7.2;30.2;3.8;2.6;29.9;24.9;-0.5;0.2;-0.3;-0.119;-6.2;-0.4;-6.6;-0.1;
12-13;WAS;SG;51;1156;8.8;.478;.310;.143;2.8;9.1;5.9;15.5;2.3;1.2;18.2;13.2;-0.3;1.5;1.2;.049;-3.8;1.5;-2.3;-0.1;
13-14;WAS;SG;75;638;7.8;.431;.206;.305;3.8;8.7;6.2;15.8;2.8;1.4;20.8;14.3;-0.5;0.9;0.3;.025;-4.8;1.8;-3.0;-0.2;
14-15;WAS;SG;52;735;10.9;.534;.518;.282;3.8;9.9;6.9;11.0;2.9;1.0;15.1;13.9;0.4;1.1;1.5;.100;-2.0;2.6;0.6;0.5;
15-16;WAS;SF;80;1951;9.3;.520;.511;.248;2.0;10.3;6.1;10.0;1.7;0.7;10.3;14.0;1.0;1.7;2.7;.066;-2.5;0.4;-2.1;
16-17;SAC;SG;65;1728;11.2;.545;.509;.171;2.2;10.1;6.2;14.4;2.5;1.5;14.4;14.2;0.9;1.3;2.2;.061;-1.5;0.8;-0.8;0.5;
17-18;SAC;SG;65;1615;10.2;.536;.477;.164;1.5;9.6;5.4;11.3;1.8;1.6;13.4;16.4;0.3;0.9;1.2;.035;-2.2;-0.3;-2.5;-0.2;
18-19;TOT;SG;75;2040;8.5;.543;.535;.217;1.5;10.2;5.8;7.4;1.8;1.4;11.5;13.2;0.3;2.0;2.2;.052;-3.3;0.5;-2.8;-0.4;
18-19;MEM;SG;49;1530;8.6;.551;.543;.196;1.3;10.0;5.6;6.7;1.6;1.5;11.4;13.9;0.1;1.5;1.6;.050;-3.1;0.4;-2.7;-0.3;
18-19;LAC;SG;26;510;8.0;.514;.509;.292;2.1;10.9;6.7;9.4;2.4;0.8;11.8;11.2;0.2;0.5;0.6;.061;-4.1;1.0;-3.1;-0.1;
19-20;BRK;SG;62;1730;10.5;.513;.658;.148;1.8;11.1;6.5;12.8;1.3;1.4;9.0;16.6;0.7;1.7;2.4;.066;-1.4;0.3;-1.1;0.4;
20-21;CHI;SG;56;1528;8.2;.525;.525;.131;2.1;9.4;5.8;10.5;1.4;1.7;12.6;13.1;0.2;1.4;1.6;.050;-3.3;0.3;-3.1;-0.4;
21-22;NOP;SG;59;1098;8.6;.494;.627;.139;2.9;11.8;7.2;9.2;1.9;2.0;11.8;13.9;-0.1;1.0;0.8;.037;-2.8;0.3;-2.5;-0.1;
Career;;691;14783;9.4;.518;.515;.194;2.2;10.1;6.1;11.5;1.9;1.4;13.1;14.6;2.0;14.2;16.2;.053;-2.7;0.6;-2.1;-0.4;
Playoffs Advanced
09-10;SAS;SG;6;15;8.9;.581;1.000;.333;15.2;7.6;19.3;3.5;36.8;16.9;-0.010;-2.0;3.0;1.0;
13-14;WAS;SG;10;9;9.7;1.250;.500;33.3;15.8;.111;-5.0;4.1;-0.9;
14-15;WAS;SG;4;26;1.5;.368;.500;1.333;4.3;8.1;6.3;5.3;3.9;24.0;21.3;-0.1;-0.1;-0.095;-10.2;-0.2;-10.3;-0.1;
18-19;LAC;SG;6;63;5.3;.455;.636;.909;1.7;11.3;6.2;4.1;2.2;1.3;11.5;11.3;-0.037;-5.5;0.5;-5.0;
19-20;BRK;SG;4;137;4.6;.465;.735;.122;8.7;4.0;9.3;1.0;0.7;10.4;17.3;-0.2;-0.1;-0.3;-0.095;-4.2;-1.8;-6.1;-0.1;
21-22;NOP;SG;1;2;6.2;63.2;29.5;.033;-4.7;2.5;-2.2;
Career;;31;252;4.9;.476;.704;.352;0.9;9.8;5.1;7.7;1.7;0.7;14.6;16.0;-0.3;-0.4;-0.067;-5.1;-0.5;-5.6;-0.2;
