Gary Neal;Shooting Guard;Right;1984-10-03;;6-4;210;Calvert Hall in Towson,Maryland;;;;-1;;
Per Game
10-11;SAS;SG;80;1;21.1;3.6;7.9;.451;1.6;3.9;.419;2.0;4.1;.481;.553;1.1;1.3;.808;0.3;2.2;2.5;1.2;0.3;0.1;1.0;1.9;9.8;
11-12;SAS;SG;56;7;21.5;3.8;8.7;.436;1.5;3.5;.419;2.3;5.1;.448;.522;0.9;1.1;.781;0.2;1.9;2.1;2.1;0.5;1.1;1.3;9.9;
12-13;SAS;SG;68;17;21.8;3.6;8.8;.412;1.3;3.7;.355;2.3;5.1;.454;.487;0.9;1.1;.865;0.2;1.9;2.1;1.9;0.4;1.0;1.4;9.5;
13-14;TOT;SG;52;3;21.4;3.7;9.1;.410;1.3;3.5;.378;2.4;5.6;.430;.482;1.8;2.0;.895;0.2;1.5;1.7;1.6;0.3;1.2;1.3;10.5;
13-14;MIL;SG;30;2;20.2;3.6;9.2;.390;1.3;3.7;.360;2.3;5.5;.410;.462;1.5;1.8;.833;0.3;1.4;1.7;1.5;0.2;1.3;0.9;10.0;
13-14;CHA;SG;22;1;23.0;3.9;8.8;.438;1.3;3.1;.406;2.6;5.7;.456;.510;2.2;2.3;.961;0.1;1.7;1.8;1.7;0.5;1.1;1.8;11.2;
14-15;TOT;SG;54;1;22.1;3.5;9.3;.374;0.9;3.0;.305;2.6;6.3;.407;.423;2.2;2.5;.867;0.3;2.1;2.4;1.9;0.4;1.2;1.6;10.1;
14-15;CHO;SG;43;21.7;3.3;9.3;.359;0.9;3.1;.293;2.4;6.2;.392;.408;2.0;2.4;.863;0.3;1.9;2.2;1.9;0.4;1.3;1.6;9.6;
14-15;MIN;SG;11;1;23.8;4.1;9.5;.429;1.0;2.8;.355;3.1;6.7;.459;.481;2.6;3.0;.879;3.2;3.2;1.8;0.6;0.9;1.6;11.8;
15-16;WAS;SG;40;2;20.2;3.8;8.1;.465;1.0;2.5;.410;2.8;5.6;.489;.528;1.2;1.4;.855;0.3;1.8;2.1;1.2;0.5;0.7;1.4;9.8;
16-17;ATL;SG;2;9.0;3.5;1.0;2.5;2.0;2.0;1.000;0.5;0.5;0.5;0.5;2.0;
Career;;352;31;21.3;3.6;8.6;.422;1.3;3.4;.382;2.3;5.2;.448;.498;1.3;1.5;.850;0.2;1.9;2.2;1.6;0.4;1.0;1.5;9.9;
Playoffs Per Game
10-11;SAS;SG;6;18.5;2.8;7.7;.370;0.8;3.2;.263;2.0;4.5;.444;.424;1.2;1.2;1.000;0.3;2.7;3.0;0.8;0.2;0.2;0.3;1.8;7.7;
11-12;SAS;SG;14;15.5;2.8;5.9;.476;1.1;2.6;.444;1.6;3.3;.500;.573;0.8;0.9;.846;0.1;1.2;1.3;1.4;0.1;0.8;1.5;7.5;
12-13;SAS;SG;21;18.6;2.5;6.4;.385;1.1;3.1;.348;1.4;3.3;.420;.470;0.8;0.8;<strong>1.000</strong>;2.1;2.1;0.7;0.1;0.6;1.6;6.8;
13-14;CHA;SG;4;26.0;4.5;12.8;.353;1.0;4.5;.222;3.5;8.3;.424;.392;1.3;1.8;.714;0.8;1.3;2.0;1.0;2.0;2.3;11.3;
Career;;45;18.3;2.8;7.0;.401;1.1;3.1;.345;1.7;3.9;.446;.478;0.9;1.0;.907;0.2;1.8;2.0;1.0;0.1;0.8;1.6;7.5;
Totals
10-11;SAS;SG;80;1;1685;285;632;.451;129;308;.419;156;324;.481;.553;84;104;.808;21;175;196;96;27;4;78;148;783;
11-12;SAS;SG;56;7;1206;212;486;.436;83;198;.419;129;288;.448;.522;50;64;.781;12;106;118;117;27;2;60;75;557;
12-13;SAS;SG;68;17;1484;246;597;.412;89;251;.355;157;346;.454;.487;64;74;.865;13;130;143;129;30;2;69;93;645;
13-14;TOT;SG;52;3;1114;193;471;.410;68;180;.378;125;291;.430;.482;94;105;.895;10;80;90;83;18;64;65;548;
13-14;MIL;SG;30;2;607;108;277;.390;40;111;.360;68;166;.410;.462;45;54;.833;8;42;50;46;7;39;26;301;
13-14;CHA;SG;22;1;507;85;194;.438;28;69;.406;57;125;.456;.510;49;51;.961;2;38;40;37;11;25;39;247;
14-15;TOT;SG;54;1;1193;188;503;.374;50;164;.305;138;339;.407;.423;117;135;.867;14;115;129;100;23;1;65;88;543;
14-15;CHO;SG;43;931;143;398;.359;39;133;.293;104;265;.392;.408;88;102;.863;14;80;94;80;16;1;55;70;413;
14-15;MIN;SG;11;1;262;45;105;.429;11;31;.355;34;74;.459;.481;29;33;.879;35;35;20;7;10;18;130;
15-16;WAS;SG;40;2;807;151;325;.465;41;100;.410;110;225;.489;.528;47;55;.855;11;72;83;47;20;1;29;55;390;
16-17;ATL;SG;2;18;7;2;5;4;4;1.000;1;1;1;1;4;
Career;;352;31;7507;1275;3021;.422;460;1203;.382;815;1818;.448;.498;460;541;.850;81;679;760;573;145;10;365;525;3470;
Playoffs Totals
10-11;SAS;SG;6;111;17;46;.370;5;19;.263;12;27;.444;.424;7;7;1.000;2;16;18;5;1;1;2;11;46;
11-12;SAS;SG;14;217;39;82;.476;16;36;.444;23;46;.500;.573;11;13;.846;1;17;18;19;2;11;21;105;
12-13;SAS;SG;21;390;52;135;.385;23;66;.348;29;69;.420;.470;16;16;<strong>1.000</strong>;1;44;45;15;3;1;13;33;143;
13-14;CHA;SG;4;104;18;51;.353;4;18;.222;14;33;.424;.392;5;7;.714;3;5;8;4;8;9;45;
Career;;45;822;126;314;.401;48;139;.345;78;175;.446;.478;39;43;.907;7;82;89;43;6;2;34;74;339;
Advanced
10-11;SAS;SG;80;1685;13.1;.578;.487;.165;1.5;11.8;6.8;9.1;0.8;0.2;10.3;20.6;2.1;1.4;3.5;.099;0.5;-0.8;-0.3;0.7;
11-12;SAS;SG;56;1206;14.2;.542;.407;.132;1.2;9.9;5.6;15.1;1.2;0.1;10.5;21.7;1.6;0.9;2.5;.101;0.7;-0.8;-0.1;0.6;
12-13;SAS;SG;68;1484;11.5;.512;.420;.124;1.1;9.6;5.6;13.5;1.0;0.1;9.9;21.7;0.4;1.5;1.9;.060;-1.2;-0.9;-2.0;
13-14;TOT;SG;52;1114;12.5;.530;.382;.223;1.0;8.3;4.6;13.0;0.8;11.0;23.8;0.6;0.3;1.0;.041;-0.7;-2.3;-3.0;-0.3;
13-14;MIL;SG;30;607;11.2;.500;.401;.195;1.5;8.2;4.7;13.4;0.6;11.5;25.3;-0.1;-0.2;-0.012;-0.6;-3.6;-4.2;-0.3;
13-14;CHA;SG;22;507;14.0;.571;.356;.263;0.4;8.5;4.5;12.6;1.1;10.4;22.0;0.6;0.5;1.1;.105;-0.9;-0.7;-1.6;
14-15;TOT;SG;54;1193;11.1;.483;.326;.268;1.3;11.0;6.0;14.5;1.0;0.1;10.4;23.8;-0.2;0.8;0.6;.023;-2.1;-1.3;-3.4;-0.5;
14-15;CHO;SG;43;931;9.9;.466;.334;.256;1.6;9.7;5.6;14.9;0.9;0.1;11.0;24.4;-0.6;0.7;0.1;.006;-2.7;-1.5;-4.3;-0.6;
14-15;MIN;SG;11;262;15.1;.544;.295;.314;15.8;7.6;13.1;1.4;7.7;21.8;0.4;0.4;.080;0.2;-0.7;-0.5;0.1;
15-16;WAS;SG;40;807;13.5;.558;.308;.169;1.5;10.2;5.8;9.2;1.2;0.1;7.7;20.5;0.9;0.5;1.4;.085;-0.1;-1.3;-1.5;0.1;
16-17;ATL;SG;2;18;-4.3;.228;.286;.571;6.0;3.1;7.1;21.2;-0.1;-0.1;-0.189;-10.6;-5.4;-15.9;-0.1;
Career;;352;7507;12.6;.532;.398;.179;1.2;10.2;5.8;12.4;1.0;0.1;10.1;22.0;5.4;5.4;10.7;.069;-0.5;-1.2;-1.7;0.6;
Playoffs Advanced
10-11;SAS;SG;6;111;11.3;.469;.413;.152;2.0;17.2;9.4;8.4;0.5;0.6;3.9;21.6;0.1;0.1;.053;-0.2;-1.3;-1.5;
11-12;SAS;SG;14;217;14.6;.598;.439;.159;0.6;8.8;4.8;14.3;0.5;11.1;21.2;0.4;0.1;0.5;.116;1.4;-0.1;1.3;0.2;
12-13;SAS;SG;21;390;9.0;.503;.489;.119;0.3;12.5;6.6;6.0;0.4;0.2;8.4;18.8;0.1;0.3;0.4;.052;-2.3;-0.6;-2.9;-0.1;
13-14;CHA;SG;4;104;3.1;.416;.353;.137;3.5;6.3;4.8;7.3;12.9;28.5;-0.4;-0.4;-0.165;-5.9;-4.8;-10.7;-0.2;
Career;;45;822;10.1;.509;.443;.137;1.0;11.4;6.3;8.7;0.4;0.2;9.3;21.0;0.2;0.5;0.7;.042;-1.5;-1.1;-2.6;-0.1;
