Gerald Wallace;Small Forward and Power Forward;Right;1982-07-23;;6-7;215;Childersburg in Childersburg,Alabama;;;;-1;;
Per Game
01-02;SAC;SF;54;1;8.0;1.4;3.2;.429;0.1;1.4;3.1;.446;.429;0.4;0.9;.500;0.9;0.7;1.6;0.5;0.4;0.1;0.4;0.9;3.2;
02-03;SAC;SF;47;7;12.1;1.9;3.9;.492;0.1;.250;1.9;3.8;.497;.495;0.8;1.6;.527;0.8;1.9;2.7;0.5;0.5;0.3;0.9;1.4;4.7;
03-04;SAC;SF;37;1;9.1;0.9;2.4;.360;0.1;0.9;2.4;.368;.360;0.3;0.6;.458;0.9;1.1;2.0;0.5;0.4;0.4;0.2;1.0;2.0;
04-05;CHA;SF;70;68;30.7;4.1;9.1;.449;0.2;0.9;.274;3.8;8.2;.468;.462;2.7;4.1;.661;1.7;3.8;5.5;2.0;1.7;1.3;2.3;2.6;11.1;
05-06;CHA;SF;55;52;34.5;5.8;10.7;.538;0.3;0.9;.280;5.5;9.8;.562;.550;3.4;5.6;.614;2.2;5.3;7.5;1.7;<strong>2.5</strong>;2.1;1.8;2.7;15.2;
06-07;CHA;SF;72;71;36.7;6.6;13.2;.502;0.5;1.7;.325;6.1;11.6;.528;.523;4.3;6.2;.691;2.0;5.2;7.2;2.6;2.0;1.0;2.2;2.9;18.1;
07-08;CHA;PF;62;59;38.3;6.6;14.6;.449;1.1;3.6;.321;5.4;11.1;.491;.488;5.0;6.9;.731;0.9;5.1;6.0;3.5;2.1;0.9;2.9;3.0;19.4;
08-09;CHA;SF;71;71;37.6;5.5;11.4;.480;0.5;1.8;.298;4.9;9.6;.515;.504;5.1;6.4;.804;1.6;6.2;7.8;2.7;1.7;0.9;2.1;3.0;16.6;
09-10;CHA;SF;76;76;41.0;6.0;12.4;.484;0.7;1.8;.371;5.3;10.6;.503;.511;5.6;7.2;.776;2.0;8.1;10.0;2.1;1.5;1.1;2.3;2.6;18.2;
10-11;TOT;PF,SF;71;63;37.9;5.4;12.0;.454;0.9;2.6;.333;4.6;9.4;.487;.490;3.9;5.3;.746;1.6;6.5;8.0;2.4;1.5;0.9;2.1;2.6;15.7;
10-11;CHA;SF;48;48;39.0;5.3;12.1;.433;0.7;2.2;.330;4.5;9.9;.456;.463;4.4;5.9;.739;1.5;6.7;8.2;2.4;1.2;1.0;2.1;2.5;15.6;
10-11;POR;PF;23;15;35.7;5.8;11.7;.498;1.2;3.5;.338;4.7;8.2;.566;.548;3.0;3.9;.767;1.7;5.9;7.6;2.5;2.0;0.7;2.3;2.7;15.8;
11-12;TOT;SF;58;58;35.8;4.9;10.9;.454;0.8;2.6;.307;4.2;8.3;.500;.491;3.1;3.9;.800;1.5;5.2;6.7;2.8;1.5;0.6;1.9;2.5;13.8;
11-12;POR;SF;42;42;35.8;4.8;10.2;.472;0.6;2.3;.265;4.2;7.9;.533;.502;3.0;3.8;.776;1.5;5.1;6.6;2.7;1.5;0.6;2.0;2.5;13.3;
11-12;NJN;SF;16;16;35.8;5.3;12.6;.416;1.3;3.3;.385;4.0;9.4;.427;.465;3.4;4.0;.859;1.5;5.3;6.8;3.1;1.4;0.7;1.7;2.4;15.2;
12-13;BRK;SF;69;68;30.1;2.6;6.6;.397;0.7;2.4;.282;2.0;4.3;.461;.448;1.8;2.8;.637;1.0;3.6;4.6;2.6;1.4;0.7;1.6;1.7;7.7;
13-14;BOS;SF;58;16;24.4;2.0;4.0;.504;0.3;1.1;.297;1.7;2.9;.584;.546;0.8;1.7;.465;0.6;3.0;3.7;2.5;1.3;0.2;1.7;1.4;5.1;
14-15;BOS;SF;32;8.9;0.4;1.1;.412;0.1;.333;0.4;1.0;.419;.426;0.2;0.5;.400;0.5;1.3;1.8;0.3;0.5;0.1;0.6;0.6;1.1;
Career;;832;611;29.7;4.2;9.0;.469;0.5;1.6;.312;3.7;7.4;.502;.496;3.0;4.2;.709;1.4;4.4;5.8;2.1;1.4;0.8;1.8;2.2;11.9;
Playoffs Per Game
01-02;SAC;SF;5;2.8;0.2;0.2;0.8;0.8;1.000;0.2;0.2;0.2;0.2;0.4;0.6;0.8;
02-03;SAC;SF;7;2.6;0.3;0.7;.400;0.3;0.7;.400;.400;0.3;0.3;1.000;0.7;0.7;0.1;0.3;0.6;0.9;
03-04;SAC;SF;3;6.7;1.0;2.0;.500;1.0;2.0;.500;.500;0.3;0.7;.500;0.7;0.7;0.3;0.3;0.3;1.0;1.3;2.3;
09-10;CHA;SF;4;4;41.0;5.3;11.0;.477;1.3;2.8;.455;4.0;8.3;.485;.534;5.8;8.8;.657;0.5;8.5;9.0;2.3;1.3;1.5;0.8;2.3;17.5;
10-11;POR;PF;6;6;37.7;5.0;11.2;.448;0.5;2.8;.176;4.5;8.3;.540;.470;4.7;5.3;.875;1.5;7.7;9.2;2.8;1.3;0.5;2.5;3.2;15.2;
12-13;BRK;SF;7;7;34.7;4.4;9.6;.463;1.6;4.1;.379;2.9;5.4;.526;.545;1.6;2.9;.550;0.7;3.3;4.0;2.4;1.1;0.7;1.3;2.9;12.0;
14-15;BOS;SF;1;4.0;1.0;1.0;1.0;1.0;
Career;;33;17;20.9;2.6;5.8;.455;0.6;1.7;.333;2.1;4.1;.507;.505;2.1;2.9;.726;0.5;3.4;3.9;1.4;0.7;0.5;1.0;1.8;7.9;
Totals
01-02;SAC;SF;54;1;430;75;175;.429;7;75;168;.446;.429;23;46;.500;49;40;89;27;19;6;22;46;173;
02-03;SAC;SF;47;7;571;90;183;.492;1;4;.250;89;179;.497;.495;39;74;.527;38;90;128;23;24;15;44;68;220;
03-04;SAC;SF;37;1;337;32;89;.360;2;32;87;.368;.360;11;24;.458;35;39;74;19;14;14;8;37;75;
04-05;CHA;SF;70;68;2147;286;637;.449;17;62;.274;269;575;.468;.462;191;289;.661;118;268;386;137;117;91;159;182;780;
05-06;CHA;SF;55;52;1895;317;589;.538;14;50;.280;303;539;.562;.550;188;306;.614;123;289;412;96;138;115;99;150;836;
06-07;CHA;SF;72;71;2640;478;952;.502;39;120;.325;439;832;.528;.523;309;447;.691;142;376;518;185;144;69;160;209;1304;
07-08;CHA;PF;62;59;2376;408;908;.449;71;221;.321;337;687;.491;.488;313;428;.731;58;315;373;216;131;58;180;189;1200;
08-09;CHA;SF;71;71;2669;389;811;.480;39;131;.298;350;680;.515;.504;365;454;.804;112;441;553;189;121;67;148;210;1182;
09-10;CHA;SF;76;76;3119;456;943;.484;52;140;.371;404;803;.503;.511;422;544;.776;150;612;762;161;117;83;178;194;1386;
10-11;TOT;PF,SF;71;63;2693;386;851;.454;62;186;.333;324;665;.487;.490;279;374;.746;111;458;569;173;105;63;152;183;1113;
10-11;CHA;SF;48;48;1872;252;582;.433;35;106;.330;217;476;.456;.463;210;284;.739;72;322;394;116;59;48;100;120;749;
10-11;POR;PF;23;15;821;134;269;.498;27;80;.338;107;189;.566;.548;69;90;.767;39;136;175;57;46;15;52;63;364;
11-12;TOT;SF;58;58;2076;287;632;.454;46;150;.307;241;482;.500;.491;180;225;.800;87;299;386;164;85;36;111;145;800;
11-12;POR;SF;42;42;1503;203;430;.472;26;98;.265;177;332;.533;.502;125;161;.776;63;214;277;115;62;25;84;107;557;
11-12;NJN;SF;16;16;573;84;202;.416;20;52;.385;64;150;.427;.465;55;64;.859;24;85;109;49;23;11;27;38;243;
12-13;BRK;SF;69;68;2076;182;458;.397;46;163;.282;136;295;.461;.448;121;190;.637;69;250;319;181;97;46;110;118;531;
13-14;BOS;SF;58;16;1416;116;230;.504;19;64;.297;97;166;.584;.546;47;101;.465;36;176;212;143;73;14;97;79;298;
14-15;BOS;SF;32;286;14;34;.412;1;3;.333;13;31;.419;.426;6;15;.400;17;40;57;11;15;4;18;19;35;
Career;;832;611;24731;3516;7492;.469;407;1303;.312;3109;6189;.502;.496;2494;3517;.709;1145;3693;4838;1725;1200;681;1486;1829;9933;
Playoffs Totals
01-02;SAC;SF;5;14;1;1;4;4;1.000;1;1;1;1;2;3;4;
02-03;SAC;SF;7;18;2;5;.400;2;5;.400;.400;2;2;1.000;5;5;1;2;4;6;
03-04;SAC;SF;3;20;3;6;.500;3;6;.500;.500;1;2;.500;2;2;1;1;1;3;4;7;
09-10;CHA;SF;4;4;164;21;44;.477;5;11;.455;16;33;.485;.534;23;35;.657;2;34;36;9;5;6;3;9;70;
10-11;POR;PF;6;6;226;30;67;.448;3;17;.176;27;50;.540;.470;28;32;.875;9;46;55;17;8;3;15;19;91;
12-13;BRK;SF;7;7;243;31;67;.463;11;29;.379;20;38;.526;.545;11;20;.550;5;23;28;17;8;5;9;20;84;
14-15;BOS;SF;1;4;1;1;1;1;
Career;;33;17;689;87;191;.455;19;57;.333;68;134;.507;.505;69;95;.726;17;111;128;45;22;17;34;59;262;
Advanced
01-02;SAC;SF;54;430;13.3;.443;.040;.263;12.4;9.8;11.1;9.6;2.2;0.9;10.1;22.0;0.1;0.6;0.6;.071;-2.0;-0.4;-2.4;
02-03;SAC;SF;47;571;12.5;.510;.022;.404;7.5;16.0;12.0;6.1;2.1;1.7;17.0;20.1;-0.1;1.0;0.9;.074;-3.0;0.8;-2.3;
03-04;SAC;SF;37;337;10.6;.377;.022;.270;12.1;12.8;12.4;8.2;2.1;2.9;7.4;14.4;0.3;0.4;.052;-2.5;-0.4;-3.0;-0.1;
04-05;CHA;SF;70;2147;14.1;.510;.097;.454;6.0;15.1;10.3;10.4;2.8;3.2;17.2;19.1;-0.2;2.7;2.4;.055;-1.2;1.4;0.2;1.2;
05-06;CHA;SF;55;1895;21.3;.578;.085;.520;7.1;18.9;12.6;8.8;<strong>3.7</strong>;4.7;12.0;19.3;3.0;3.4;6.4;.163;2.0;2.9;4.9;3.2;
06-07;CHA;SF;72;2640;19.8;.568;.126;.470;6.2;17.4;11.6;12.5;2.8;2.0;12.2;22.5;4.2;3.5;7.7;.141;2.2;1.5;3.7;3.7;
07-08;CHA;PF;62;2376;17.5;.547;.243;.471;2.8;15.3;9.0;15.9;2.9;1.9;14.1;24.6;1.8;2.8;4.6;.094;0.8;1.3;2.1;2.5;
08-09;CHA;SF;71;2669;18.6;.585;.162;.560;5.2;20.3;12.8;12.4;2.5;2.1;12.8;20.5;4.9;4.6;9.5;.172;1.3;2.3;3.5;3.7;
09-10;CHA;SF;76;3119;18.3;.586;.148;.577;5.9;23.2;14.7;9.0;2.0;2.2;13.1;20.3;5.3;6.2;11.5;.177;1.0;1.7;2.7;3.7;
10-11;TOT;PF,SF;71;2693;16.2;.548;.219;.439;4.9;21.0;12.8;10.9;2.1;1.9;13.0;20.3;2.6;3.6;6.2;.111;0.4;1.1;1.5;2.4;
10-11;CHA;SF;48;1872;15.0;.530;.182;.488;4.6;21.0;12.7;10.5;1.7;2.1;12.4;20.2;1.3;2.3;3.6;.092;-0.3;0.7;0.4;1.1;
10-11;POR;PF;23;821;18.9;.590;.297;.335;5.6;21.2;13.0;11.9;3.1;1.5;14.4;20.5;1.3;1.3;2.6;.153;1.9;2.1;3.9;1.2;
11-12;TOT;SF;58;2076;15.9;.547;.237;.356;4.8;17.2;10.8;13.2;2.2;1.3;13.2;18.6;3.0;1.8;4.8;.112;0.4;0.7;1.0;1.6;
11-12;POR;SF;42;1503;15.5;.556;.228;.374;4.8;17.0;10.7;12.4;2.2;1.3;14.4;17.8;2.0;1.4;3.5;.111;0.1;0.9;0.9;1.1;
11-12;NJN;SF;16;573;17.2;.528;.257;.317;4.7;17.7;11.0;15.1;2.1;1.5;10.5;20.5;1.0;0.4;1.4;.113;1.2;0.1;1.3;0.5;
12-13;BRK;SF;69;2076;11.6;.490;.356;.415;3.9;14.3;9.1;13.3;2.5;1.7;16.9;14.5;0.6;2.5;3.1;.072;-1.2;1.8;0.7;1.3;
13-14;BOS;SF;58;1416;10.0;.543;.278;.439;2.8;14.5;8.5;14.9;2.7;0.8;26.1;11.6;-0.3;1.6;1.3;.043;-2.8;2.0;-0.8;0.4;
14-15;BOS;SF;32;286;6.2;.431;.088;.441;6.4;15.5;10.9;5.1;2.6;1.1;30.7;9.0;-0.3;0.4;0.1;.014;-4.5;1.4;-3.1;-0.1;
Career;;832;24731;16.3;.549;.174;.469;5.3;17.9;11.5;11.7;2.6;2.1;14.1;19.5;24.7;35.0;59.7;.116;0.3;1.5;1.8;23.5;
Playoffs Advanced
01-02;SAC;SF;5;14;7.7;.725;4.000;7.9;3.8;9.4;5.1;42.0;15.0;.046;-4.6;2.2;-2.5;
02-03;SAC;SF;7;18;4.8;.510;.400;30.4;15.4;3.9;25.4;19.1;-0.048;-9.1;-0.8;-9.9;
03-04;SAC;SF;3;20;5.6;.509;.333;10.1;5.3;8.6;2.6;3.5;30.4;22.1;-0.1;-0.095;-7.8;2.9;-4.9;
09-10;CHA;SF;4;164;19.7;.589;.250;.795;1.6;26.7;14.2;10.5;1.7;4.5;4.8;18.8;0.4;0.2;0.6;.172;4.4;2.8;7.2;0.4;
10-11;POR;PF;6;226;18.1;.561;.254;.478;5.1;24.5;15.1;13.5;2.0;1.2;15.6;21.7;0.3;0.2;0.5;.104;1.1;1.6;2.7;0.3;
12-13;BRK;SF;7;243;14.0;.554;.433;.299;2.4;11.5;6.9;11.5;1.8;1.5;10.6;16.4;0.3;0.2;0.5;.109;1.2;1.3;2.5;0.3;
14-15;BOS;SF;1;4;-6.9;28.1;13.7;11.2;-0.263;-7.9;-1.0;-9.0;
Career;;33;689;15.9;.563;.298;.497;3.1;19.7;11.5;11.4;1.8;2.3;12.7;18.9;0.9;0.7;1.6;.109;1.2;1.7;3.0;0.9;
