Gerald Green;Shooting Guard and Small Forward;Right;1986-01-26;;6-6;205;Gulf Shores Academy in Houston,Texas;;;;-1;;
Per Game
05-06;BOS;SG;32;3;11.7;2.1;4.3;.478;0.2;0.6;.300;1.9;3.7;.508;.500;0.9;1.2;.784;0.3;1.0;1.3;0.6;0.4;0.1;0.7;1.3;5.2;
06-07;BOS;SF;81;26;22.0;3.8;9.1;.419;1.2;3.2;.368;2.7;5.9;.447;.484;1.6;2.0;.805;0.8;1.7;2.6;1.0;0.5;0.3;1.5;2.4;10.4;
07-08;TOT;SF;30;12.1;1.7;5.0;.344;0.5;1.3;.385;1.2;3.7;.330;.394;1.1;1.4;.829;0.4;1.7;2.1;1.0;0.3;0.1;1.1;1.5;5.1;
07-08;MIN;SF;29;12.3;1.7;5.1;.331;0.5;1.3;.385;1.2;3.8;.312;.382;1.2;1.4;.829;0.4;1.8;2.1;1.0;0.3;0.1;1.1;1.5;5.1;
07-08;HOU;SF;1;4.0;3.0;3.0;1.000;3.0;3.0;1.000;1.000;2.0;2.0;2.0;6.0;
08-09;DAL;SG;38;12;9.9;2.1;4.7;.439;0.4;1.2;.304;1.7;3.5;.485;.478;0.7;0.8;.844;0.4;1.1;1.4;0.4;0.3;0.1;0.9;1.3;5.2;
11-12;NJN;SF;31;2;25.2;5.0;10.3;.481;1.4;3.5;.391;3.6;6.8;.529;.548;1.6;2.1;.754;0.5;3.0;3.5;1.1;0.9;0.5;1.8;2.6;12.9;
12-13;IND;SF;60;7;18.0;2.6;7.1;.366;1.0;3.1;.314;1.6;3.9;.407;.435;0.9;1.1;.800;0.5;1.8;2.4;0.8;0.3;0.4;0.9;1.1;7.0;
13-14;PHO;SG;82;48;28.4;5.5;12.3;.445;2.5;6.2;.400;3.0;6.0;.492;.547;2.4;2.8;.848;0.6;2.8;3.4;1.5;0.9;0.5;1.8;2.7;15.8;
14-15;PHO;SG;74;4;19.5;4.4;10.5;.416;1.9;5.2;.354;2.5;5.3;.478;.504;1.3;1.6;.825;0.4;2.1;2.5;1.2;0.6;0.2;1.4;2.0;11.9;
15-16;MIA;SG;69;14;22.6;3.3;8.5;.392;1.2;3.8;.323;2.1;4.7;.446;.463;1.0;1.3;.783;0.4;2.0;2.4;0.8;0.6;0.3;0.7;1.8;8.9;
16-17;BOS;SF;47;11.4;2.0;4.9;.409;0.8;2.4;.351;1.2;2.6;.463;.494;0.7;0.9;.805;0.3;1.4;1.8;0.7;0.2;0.1;0.5;1.0;5.6;
17-18;HOU;SG;41;2;22.7;4.1;10.1;.407;2.7;7.3;.369;1.4;2.8;.504;.540;1.2;1.5;.850;0.4;2.9;3.2;0.6;0.6;0.4;0.8;2.1;12.1;
18-19;HOU;SG;73;20.2;3.2;7.9;.400;2.1;6.0;.354;1.0;1.9;.547;.535;0.8;0.9;.838;0.4;2.1;2.5;0.5;0.5;0.4;0.8;1.7;9.2;
Career;;658;118;19.8;3.5;8.4;.417;1.5;4.1;.361;2.1;4.4;.469;.504;1.3;1.5;.818;0.5;2.0;2.5;0.9;0.5;0.3;1.1;1.9;9.7;
Playoffs Per Game
08-09;DAL;SG;6;4.3;0.7;2.3;.286;0.2;0.8;.200;0.5;1.5;.333;.321;0.3;0.7;.500;0.3;0.3;0.2;0.3;0.7;1.8;
12-13;IND;SF;9;11.7;2.3;5.6;.420;1.2;3.7;.333;1.1;1.9;.588;.530;0.2;0.2;1.000;0.2;1.1;1.3;0.3;0.1;0.7;1.1;6.1;
15-16;MIA;SG;12;9.2;1.3;4.1;.327;0.3;1.2;.286;1.0;2.9;.343;.367;0.3;0.4;.800;0.2;1.3;1.4;0.1;0.3;0.1;0.2;1.2;3.3;
16-17;BOS;SF;13;7;14.8;2.6;5.5;.472;1.6;3.5;.467;1.0;2.1;.481;.618;0.6;0.7;.889;0.2;1.4;1.5;0.7;0.2;0.1;0.5;1.6;7.5;
17-18;HOU;SG;17;16.0;2.2;5.5;.394;1.6;4.2;.375;0.6;1.3;.455;.537;0.4;0.4;.857;0.4;2.6;2.9;0.1;0.2;0.4;0.6;1.6;6.3;
18-19;HOU;SG;11;8.8;1.1;3.6;.300;0.9;2.6;.345;0.2;1.0;.182;.425;0.5;0.5;1.000;1.1;1.1;0.1;0.3;0.3;0.3;1.1;3.5;
Career;;68;7;11.8;1.8;4.7;.389;1.1;2.9;.374;0.7;1.8;.413;.505;0.4;0.5;.844;0.2;1.5;1.7;0.2;0.2;0.2;0.4;1.3;5.1;
Totals
05-06;BOS;SG;32;3;374;66;138;.478;6;20;.300;60;118;.508;.500;29;37;.784;10;31;41;18;13;4;22;41;167;
06-07;BOS;SF;81;26;1780;310;739;.419;95;258;.368;215;481;.447;.484;128;159;.805;68;140;208;83;41;24;120;198;843;
07-08;TOT;SF;30;362;52;151;.344;15;39;.385;37;112;.330;.394;34;41;.829;13;51;64;29;8;4;32;45;153;
07-08;MIN;SF;29;358;49;148;.331;15;39;.385;34;109;.312;.382;34;41;.829;11;51;62;29;8;4;32;43;147;
07-08;HOU;SF;1;4;3;3;1.000;3;3;1.000;1.000;2;2;2;6;
08-09;DAL;SG;38;12;376;79;180;.439;14;46;.304;65;134;.485;.478;27;32;.844;14;40;54;15;10;5;33;51;199;
11-12;NJN;SF;31;2;781;154;320;.481;43;110;.391;111;210;.529;.548;49;65;.754;15;93;108;34;28;17;55;80;400;
12-13;IND;SF;60;7;1080;155;424;.366;59;188;.314;96;236;.407;.435;52;65;.800;31;110;141;50;19;23;53;64;421;
13-14;PHO;SG;82;48;2330;448;1006;.445;204;510;.400;244;496;.492;.547;195;230;.848;48;227;275;122;70;42;145;220;1295;
14-15;PHO;SG;74;4;1446;324;778;.416;137;387;.354;187;391;.478;.504;99;120;.825;33;153;186;91;42;12;104;145;884;
15-16;MIA;SG;69;14;1557;230;587;.392;84;260;.323;146;327;.446;.463;72;92;.783;25;138;163;56;38;19;46;123;616;
16-17;BOS;SF;47;538;95;232;.409;39;111;.351;56;121;.463;.494;33;41;.805;16;68;84;33;9;7;25;48;262;
17-18;HOU;SG;41;2;929;168;413;.407;110;298;.369;58;115;.504;.540;51;60;.850;15;118;133;25;24;15;31;87;497;
18-19;HOU;SG;73;1473;231;578;.400;156;441;.354;75;137;.547;.535;57;68;.838;30;152;182;40;33;27;55;126;675;
Career;;658;118;13026;2312;5546;.417;962;2668;.361;1350;2878;.469;.504;826;1010;.818;318;1321;1639;596;335;199;721;1228;6412;
Playoffs Totals
08-09;DAL;SG;6;26;4;14;.286;1;5;.200;3;9;.333;.321;2;4;.500;2;2;1;2;4;11;
12-13;IND;SF;9;105;21;50;.420;11;33;.333;10;17;.588;.530;2;2;1.000;2;10;12;3;1;6;10;55;
15-16;MIA;SG;12;110;16;49;.327;4;14;.286;12;35;.343;.367;4;5;.800;2;15;17;1;4;1;2;14;40;
16-17;BOS;SF;13;7;192;34;72;.472;21;45;.467;13;27;.481;.618;8;9;.889;2;18;20;9;3;1;7;21;97;
17-18;HOU;SG;17;272;37;94;.394;27;72;.375;10;22;.455;.537;6;7;.857;6;44;50;1;4;7;10;27;107;
18-19;HOU;SG;11;97;12;40;.300;10;29;.345;2;11;.182;.425;5;5;1.000;12;12;1;3;3;3;12;39;
Career;;68;7;802;124;319;.389;74;198;.374;50;121;.413;.505;27;32;.844;12;101;113;15;15;13;30;88;349;
Advanced
05-06;BOS;SG;32;374;13.1;.541;.145;.268;3.3;9.9;6.7;8.5;1.8;0.8;12.5;21.7;0.2;0.3;0.5;.064;-2.3;-1.2;-3.5;-0.1;
06-07;BOS;SF;81;1780;12.0;.521;.349;.215;4.5;9.6;7.0;8.5;1.2;1.0;12.9;23.7;0.4;1.2;1.6;.042;-0.7;-1.7;-2.5;-0.2;
07-08;TOT;SF;30;362;8.7;.453;.258;.272;4.1;16.9;10.2;12.5;1.2;0.9;15.9;25.1;-0.5;0.2;-0.4;-0.048;-3.2;-1.2;-4.3;-0.2;
07-08;MIN;SF;29;358;7.9;.443;.264;.277;3.5;17.0;10.0;12.6;1.2;0.9;16.2;24.9;-0.6;0.2;-0.4;-0.058;-3.6;-1.3;-4.8;-0.3;
07-08;HOU;SF;1;4;76.3;1.000;57.3;28.2;34.3;0.1;0.1;.826;32.7;8.2;40.9;
08-09;DAL;SG;38;376;11.4;.513;.256;.178;4.3;12.1;8.2;6.9;1.4;1.0;14.5;27.7;-0.3;0.3;-0.002;-3.2;-1.6;-4.7;-0.3;
11-12;NJN;SF;31;781;15.8;.574;.344;.203;2.2;14.2;8.0;8.5;1.9;1.7;13.6;23.6;0.8;0.4;1.2;.072;0.7;-0.5;0.2;0.4;
12-13;IND;SF;60;1080;9.9;.465;.443;.153;3.3;11.1;7.3;7.9;0.9;1.6;10.5;21.3;-0.3;1.5;1.3;.056;-1.6;-0.3;-1.9;
13-14;PHO;SG;82;2330;16.5;.585;.507;.229;2.3;10.9;6.6;8.6;1.5;1.4;11.6;23.6;4.2;1.9;6.1;.126;2.0;-0.6;1.4;2.0;
14-15;PHO;SG;74;1446;15.4;.532;.497;.154;2.5;11.7;7.0;10.9;1.4;0.6;11.1;28.4;1.0;1.0;1.9;.065;1.2;-1.5;-0.3;0.6;
15-16;MIA;SG;69;1557;10.1;.491;.443;.157;1.9;9.7;5.9;5.6;1.3;0.9;6.8;19.8;0.3;1.4;1.7;.052;-2.1;-0.9;-3.1;-0.4;
16-17;BOS;SF;47;538;11.9;.524;.478;.177;3.3;13.9;8.7;9.8;0.8;1.1;9.1;22.7;0.1;0.4;0.6;.050;-1.0;-2.0;-3.0;-0.1;
17-18;HOU;SG;41;929;14.1;.566;.722;.145;1.8;14.2;8.1;4.3;1.3;1.4;6.6;22.4;1.0;1.0;2.1;.107;1.0;-0.8;0.3;0.5;
18-19;HOU;SG;73;1473;11.4;.555;.763;.118;2.2;11.7;6.8;4.1;1.1;1.6;8.3;19.5;0.9;1.0;1.9;.061;-0.2;-1.5;-1.7;0.1;
Career;;658;13026;13.0;.535;.481;.182;2.8;11.5;7.1;7.7;1.3;1.2;10.7;23.0;7.6;10.7;18.4;.068;-0.2;-1.1;-1.3;2.4;
Playoffs Advanced
08-09;DAL;SG;6;26;-2.0;.349;.357;.286;9.1;4.7;2.1;11.3;32.4;-0.1;-0.1;-0.267;-10.3;-4.9;-15.2;-0.1;
12-13;IND;SF;9;105;12.9;.540;.660;.040;2.3;10.7;6.7;6.1;0.8;10.5;25.3;0.1;0.1;0.2;.073;1.6;-0.9;0.7;0.1;
15-16;MIA;SG;12;110;6.7;.391;.286;.102;2.3;15.3;9.1;1.5;1.9;0.7;3.8;23.0;-0.2;0.2;-0.007;-5.3;-5.3;-0.1;
16-17;BOS;SF;13;192;13.3;.638;.625;.125;1.2;11.4;6.1;7.6;0.8;0.4;8.4;19.6;0.3;0.3;.076;1.3;-1.2;0.1;0.1;
17-18;HOU;SG;17;272;10.1;.551;.766;.074;2.4;18.2;10.2;0.6;0.7;2.3;9.3;17.6;0.3;0.3;.054;-0.3;-0.3;-0.6;0.1;
18-19;HOU;SG;11;97;7.2;.462;.725;.125;13.5;7.0;1.6;1.5;2.9;6.6;20.5;-0.1;0.1;.013;-2.7;-0.7;-3.3;
Career;;68;802;10.0;.524;.621;.100;1.7;14.3;8.0;3.2;1.0;1.4;8.3;20.7;0.7;0.6;.038;-1.0;-0.7;-1.7;0.1;
