Gerald Henderson;Shooting Guard;Right;1987-12-09;;6-5;215;The Episcopal Academy in Newtown Square,Pennsylvania;;;;-1;;
Per Game
09-10;CHA;SG;43;8.3;0.9;2.4;.356;0.1;0.4;.211;0.8;2.0;.388;.375;0.8;1.1;.745;0.3;0.9;1.3;0.3;0.2;0.2;0.3;0.6;2.6;
10-11;CHA;SG;68;30;24.4;3.8;8.4;.454;0.1;0.5;.194;3.7;7.9;.472;.461;1.9;2.4;.785;0.7;2.3;3.0;1.5;0.7;0.5;0.9;1.7;9.6;
11-12;CHA;SG;55;55;33.3;6.0;13.1;.459;0.2;0.9;.234;5.8;12.3;.475;.467;2.8;3.7;.760;1.2;2.9;4.1;2.3;0.9;0.4;1.8;2.3;15.1;
12-13;CHA;SG;68;58;31.4;5.6;12.6;.447;0.5;1.5;.330;5.1;11.1;.462;.466;3.8;4.6;.824;0.8;2.9;3.7;2.6;1.0;0.5;1.6;2.2;15.5;
13-14;CHA;SG;77;77;32.0;5.2;12.1;.433;0.5;1.5;.348;4.7;10.6;.445;.455;3.1;4.0;.761;0.4;3.6;4.0;2.6;0.7;0.4;1.5;2.1;14.0;
14-15;CHO;SG;80;72;28.9;4.6;10.6;.437;0.6;1.7;.331;4.1;8.9;.457;.463;2.3;2.7;.848;0.5;3.0;3.4;2.6;0.6;0.3;1.4;1.7;12.1;
15-16;POR;SG;72;19.9;3.2;7.3;.439;0.7;1.9;.353;2.6;5.5;.468;.484;1.6;2.0;.767;0.4;2.5;2.9;1.0;0.5;0.3;0.9;1.2;8.7;
16-17;PHI;SG;72;41;23.2;3.3;7.7;.423;0.8;2.4;.353;2.4;5.3;.455;.478;1.8;2.3;.806;0.5;2.1;2.6;1.6;0.6;0.2;0.9;1.8;9.2;
Career;;535;333;25.9;4.2;9.6;.440;0.5;1.4;.327;3.7;8.1;.460;.464;2.3;2.9;.793;0.6;2.6;3.2;1.9;0.7;0.3;1.2;1.7;11.2;
Playoffs Per Game
13-14;CHA;SG;4;4;29.8;3.5;9.3;.378;2.3;3.5;7.0;.500;.378;2.8;4.3;.647;0.3;3.8;4.0;2.3;1.0;0.3;1.5;3.0;9.8;
15-16;POR;SG;11;21.3;2.7;7.5;.366;0.6;1.7;.368;2.1;5.7;.365;.409;0.8;1.1;.750;0.5;2.6;3.2;1.5;0.5;0.3;0.5;1.9;6.9;
Career;;15;4;23.5;2.9;7.9;.370;0.5;1.9;.250;2.5;6.1;.407;.399;1.3;1.9;.690;0.5;2.9;3.4;1.7;0.7;0.3;0.7;2.2;7.7;
Totals
09-10;CHA;SG;43;355;37;104;.356;4;19;.211;33;85;.388;.375;35;47;.745;15;40;55;13;10;9;14;25;113;
10-11;CHA;SG;68;30;1661;259;570;.454;7;36;.194;252;534;.472;.461;128;163;.785;49;158;207;101;50;32;64;118;653;
11-12;CHA;SG;55;55;1831;332;723;.459;11;47;.234;321;676;.475;.467;155;204;.760;64;161;225;126;49;20;100;128;830;
12-13;CHA;SG;68;58;2133;382;855;.447;33;100;.330;349;755;.462;.466;258;313;.824;55;195;250;177;68;34;108;149;1055;
13-14;CHA;SG;77;77;2461;403;930;.433;40;115;.348;363;815;.445;.455;235;309;.761;31;279;310;199;51;32;113;159;1081;
14-15;CHO;SG;80;72;2315;370;847;.437;45;136;.331;325;711;.457;.463;184;217;.848;36;237;273;206;51;22;110;135;969;
15-16;POR;SG;72;1431;232;529;.439;48;136;.353;184;393;.468;.484;112;146;.767;30;181;211;75;39;19;68;87;624;
16-17;PHI;SG;72;41;1667;234;553;.423;61;173;.353;173;380;.455;.478;133;165;.806;34;151;185;112;40;15;62;129;662;
Career;;535;333;13854;2249;5111;.440;249;762;.327;2000;4349;.460;.464;1240;1564;.793;314;1402;1716;1009;358;183;639;930;5987;
Playoffs Totals
13-14;CHA;SG;4;4;119;14;37;.378;9;14;28;.500;.378;11;17;.647;1;15;16;9;4;1;6;12;39;
15-16;POR;SG;11;234;30;82;.366;7;19;.368;23;63;.365;.409;9;12;.750;6;29;35;17;6;3;5;21;76;
Career;;15;4;353;44;119;.370;7;28;.250;37;91;.407;.399;20;29;.690;7;44;51;26;10;4;11;33;115;
Advanced
09-10;CHA;SG;43;355;9.7;.453;.183;.452;5.2;13.3;9.3;6.0;1.5;2.1;10.1;18.2;-0.1;0.5;0.4;.056;-3.1;0.5;-2.5;
10-11;CHA;SG;68;1661;13.2;.509;.063;.286;3.5;11.6;7.5;10.7;1.6;1.6;9.1;19.9;0.9;1.4;2.4;.068;-1.6;-0.2;-1.8;0.1;
11-12;CHA;SG;55;1831;14.0;.511;.065;.282;3.9;10.5;7.0;13.5;1.4;0.8;11.0;23.0;0.8;0.2;1.0;.026;-1.0;-1.7;-2.7;-0.3;
12-13;CHA;SG;68;2133;16.4;.531;.117;.366;2.9;10.8;6.7;15.6;1.7;1.3;9.8;23.5;2.9;0.3;3.3;.073;0.3;-1.4;-1.1;0.5;
13-14;CHA;SG;77;2461;13.1;.507;.124;.332;1.4;12.9;7.1;13.9;1.1;1.0;9.6;22.1;0.8;2.8;3.6;.071;-1.6;0.1;-1.5;0.3;
14-15;CHO;SG;80;2315;13.2;.514;.161;.256;1.7;11.6;6.5;15.6;1.1;0.7;10.5;20.7;1.3;2.3;3.6;.074;-1.3;-1.4;0.4;
15-16;POR;SG;72;1431;12.9;.526;.257;.276;2.3;13.7;8.0;8.2;1.4;1.0;10.3;20.2;1.0;1.0;2.0;.068;-1.1;-0.7;-1.8;0.1;
16-17;PHI;SG;72;1667;10.8;.529;.313;.298;2.2;10.0;6.1;10.5;1.2;0.7;9.0;17.9;1.0;1.0;2.0;.059;-2.2;-0.9;-3.1;-0.5;
Career;;535;13854;13.4;.516;.149;.306;2.5;11.6;7.0;12.8;1.3;1.0;9.9;21.1;8.7;9.6;18.3;.063;-1.2;-0.6;-1.8;0.6;
Playoffs Advanced
13-14;CHA;SG;4;119;8.0;.438;.243;.459;1.0;16.5;8.4;12.9;1.8;0.7;11.9;20.2;-0.2;0.1;-0.1;-0.032;-5.0;0.5;-4.5;-0.1;
15-16;POR;SG;11;234;9.3;.435;.232;.146;2.6;13.1;7.7;11.4;1.3;1.0;5.4;16.8;0.1;0.1;.023;-2.1;-0.5;-2.6;
Career;;15;353;8.8;.436;.235;.244;2.0;14.2;7.9;11.9;1.4;0.9;7.7;18.0;-0.2;0.2;.004;-3.0;-0.2;-3.3;-0.1;
