Giannis Antetokounmpo;Power Forward, Small Forward, Point Guard, and Shooting Guard;Right;1994-12-06;;6-11;242;;;;;-1;;
Per Game
13-14;MIL;SF;77;23;24.6;2.2;5.4;.414;0.5;1.5;.347;1.7;3.9;.440;.463;1.8;2.6;.683;1.0;3.4;4.4;1.9;0.8;0.8;1.6;2.2;6.8;
14-15;MIL;SG;81;71;31.4;4.7;9.6;.491;0.1;0.5;.159;4.6;9.1;.511;.496;3.2;4.3;.741;1.2;5.5;6.7;2.6;0.9;1.0;2.1;3.1;12.7;
15-16;MIL;PG;80;79;35.3;6.4;12.7;.506;0.4;1.4;.257;6.1;11.3;.537;.520;3.7;5.1;.724;1.4;6.2;7.7;4.3;1.2;1.4;2.6;3.2;16.9;
16-17;MIL;SF;80;80;35.6;8.2;15.7;.521;0.6;2.3;.272;7.6;13.5;.563;.541;5.9;7.7;.770;1.8;7.0;8.8;5.4;1.6;1.9;2.9;3.1;22.9;
17-18;MIL;PF;75;75;36.7;9.9;18.7;.529;0.6;1.9;.307;9.3;16.8;.554;.545;6.5;8.5;.760;2.1;8.0;10.0;4.8;1.5;1.4;3.0;3.1;26.9;
18-19;MIL;PF;72;72;32.8;10.0;17.3;.578;0.7;2.8;.256;9.3;14.5;.641;.599;6.9;9.5;.729;2.2;10.3;12.5;5.9;1.3;1.5;3.7;3.2;27.7;
19-20;MIL;PF;63;63;30.4;10.9;19.7;.553;1.4;4.7;.304;9.5;15.0;.631;.589;6.3;10.0;.633;2.2;11.4;13.6;5.6;1.0;1.0;3.7;3.1;29.5;
20-21;MIL;PF;61;61;33.0;10.3;18.0;.569;1.1;3.6;.303;9.2;14.4;.636;.600;6.5;9.5;.685;1.6;9.4;11.0;5.9;1.2;1.2;3.4;2.8;28.1;
21-22;MIL;PF;67;67;32.9;10.3;18.6;.553;1.1;3.6;.293;9.2;15.0;.616;.582;8.3;11.4;.722;2.0;9.6;11.6;5.8;1.1;1.4;3.3;3.2;29.9;
Career;;656;591;32.6;7.9;14.8;.535;0.7;2.4;.288;7.2;12.4;.582;.558;5.3;7.4;.718;1.7;7.7;9.4;4.6;1.2;1.3;2.9;3.0;21.8;
Playoffs Per Game
14-15;MIL;SG;6;6;33.5;4.3;11.8;.366;0.2;4.3;11.7;.371;.366;2.8;3.8;.739;2.0;5.0;7.0;2.7;0.5;1.5;1.8;3.0;11.5;
16-17;MIL;SF;6;6;40.5;10.0;18.7;.536;0.7;1.7;.400;9.3;17.0;.549;.554;4.2;7.7;.543;1.7;7.8;9.5;4.0;2.2;1.7;3.3;3.5;24.8;
17-18;MIL;PF;7;7;40.0;9.9;17.3;.570;0.6;2.0;.286;9.3;15.3;.607;.587;5.4;7.9;.691;1.1;8.4;9.6;6.3;1.4;0.9;2.4;4.0;25.7;
18-19;MIL;PF;15;15;34.3;8.6;17.5;.492;1.2;3.7;.327;7.4;13.8;.536;.527;7.1;11.2;.637;2.5;9.8;12.3;4.9;1.1;2.0;3.3;3.2;25.5;
19-20;MIL;PF;9;9;30.8;10.0;17.9;.559;1.4;4.4;.325;8.6;13.4;.636;.599;5.2;9.0;.580;3.0;10.8;13.8;5.7;0.7;0.9;3.3;3.4;26.7;
20-21;MIL;PF;21;21;38.1;11.9;20.9;.569;0.6;3.3;.186;11.3;17.6;.642;.584;5.8;9.8;.587;2.8;10.0;<strong>12.8</strong>;5.1;1.0;1.2;3.0;2.9;30.2;
21-22;MIL;PF;5;5;33.6;10.0;17.6;.568;0.4;2.6;.154;9.6;15.0;.640;.580;8.2;12.0;.683;2.0;11.4;13.4;6.2;0.2;1.4;3.6;3.2;28.6;
Career;;69;69;36.0;9.8;18.2;.537;0.8;2.9;.266;9.0;15.2;.590;.559;5.7;9.3;.620;2.4;9.4;11.7;5.0;1.0;1.4;3.0;3.2;26.1;
Totals
13-14;MIL;SF;77;23;1897;173;418;.414;41;118;.347;132;300;.440;.463;138;202;.683;78;261;339;150;60;61;122;173;525;
14-15;MIL;SG;81;71;2541;383;780;.491;7;44;.159;376;736;.511;.496;257;347;.741;100;442;542;207;73;85;173;254;1030;
15-16;MIL;PG;80;79;2823;513;1013;.506;28;109;.257;485;904;.537;.520;296;409;.724;113;499;612;345;94;113;208;<strong>258</strong>;1350;
16-17;MIL;SF;80;80;2845;656;1259;.521;49;180;.272;607;1079;.563;.541;471;612;.770;142;558;700;434;131;151;234;246;1832;
17-18;MIL;PF;75;75;2756;742;1402;.529;43;140;.307;699;1262;.554;.545;487;641;.760;156;597;753;361;109;106;223;231;2014;
18-19;MIL;PF;72;72;2358;721;1247;.578;52;203;.256;669;1044;.641;.599;500;686;.729;159;739;898;424;92;110;268;232;1994;
19-20;MIL;PF;63;63;1917;<strong>685</strong>;1238;.553;89;293;.304;<strong>596</strong>;945;.631;.589;398;629;.633;140;<strong>716</strong>;856;354;61;66;230;195;1857;
20-21;MIL;PF;61;61;2013;626;1100;.569;67;221;.303;559;879;.636;.600;398;<strong>581</strong>;.685;97;574;671;357;72;73;207;168;1717;
21-22;MIL;PF;67;67;2204;689;1245;.553;71;242;.293;618;1003;.616;.582;553;766;.722;134;644;778;388;72;91;219;212;2002;
Career;;656;591;21354;5188;9702;.535;447;1550;.288;4741;8152;.582;.558;3498;4873;.718;1119;5030;6149;3020;764;856;1884;1969;14321;
Playoffs Totals
14-15;MIL;SG;6;6;201;26;71;.366;1;26;70;.371;.366;17;23;.739;12;30;42;16;3;9;11;18;69;
16-17;MIL;SF;6;6;243;60;112;.536;4;10;.400;56;102;.549;.554;25;46;.543;10;47;57;24;13;10;20;21;149;
17-18;MIL;PF;7;7;280;69;121;.570;4;14;.286;65;107;.607;.587;38;55;.691;8;59;67;44;10;6;17;28;180;
18-19;MIL;PF;15;15;514;129;262;.492;18;55;.327;111;207;.536;.527;107;168;.637;37;147;184;73;17;30;50;48;383;
19-20;MIL;PF;9;9;277;90;161;.559;13;40;.325;77;121;.636;.599;47;81;.580;27;97;124;51;6;8;30;31;240;
20-21;MIL;PF;21;21;800;<strong>250</strong>;439;.569;13;70;.186;<strong>237</strong>;<strong>369</strong>;.642;.584;121;<strong>206</strong>;.587;59;<strong>210</strong>;<strong>269</strong>;108;21;25;64;61;<strong>634</strong>;
21-22;MIL;PF;5;5;168;50;88;.568;2;13;.154;48;75;.640;.580;41;60;.683;10;57;67;31;1;7;18;16;143;
Career;;69;69;2483;674;1254;.537;54;203;.266;620;1051;.590;.559;396;639;.620;163;647;810;347;71;95;210;223;1798;
Advanced
13-14;MIL;SF;77;1897;10.8;.518;.282;.483;4.6;16.3;10.2;12.1;1.7;2.6;19.4;15.0;0.1;1.1;1.2;.031;-2.4;-0.1;-2.5;-0.2;
14-15;MIL;SG;81;2541;14.8;.552;.056;.445;4.5;19.7;12.2;13.1;1.5;2.8;15.6;19.6;2.2;4.0;6.2;.117;-1.2;1.2;1.2;
15-16;MIL;PG;80;2823;18.8;.566;.108;.404;4.6;20.0;12.4;20.0;1.7;3.4;14.8;22.3;4.2;2.9;7.1;.121;1.3;0.7;2.1;2.9;
16-17;MIL;SF;80;2845;26.1;.599;.143;.486;5.9;22.6;14.3;26.6;2.3;4.7;13.3;28.3;7.9;4.5;12.4;.210;4.9;2.4;7.3;6.7;
17-18;MIL;PF;75;2756;27.3;.598;.100;.457;6.7;25.3;16.0;23.7;2.0;3.3;11.7;31.2;8.3;3.6;11.9;.207;5.3;0.9;6.2;5.7;
18-19;MIL;PF;72;2358;<strong>30.9</strong>;.644;.163;.550;7.3;30.0;19.3;30.3;1.8;3.9;14.8;32.3;8.9;5.5;14.4;<strong>.292</strong>;6.3;<strong>4.1</strong>;10.4;7.4;
19-20;MIL;PF;63;1917;<strong>31.9</strong>;.613;.237;.508;7.7;34.8;22.1;34.2;1.5;3.0;13.2;<strong>37.5</strong>;6.1;<strong>5.0</strong>;11.1;<strong>.279</strong>;7.4;<strong>4.1</strong>;<strong>11.5</strong>;6.6;
20-21;MIL;PF;61;2013;29.2;.633;.201;.528;5.3;28.9;17.5;28.7;1.7;3.2;13.2;32.5;6.9;3.3;10.2;.244;6.2;2.8;9.0;5.6;
21-22;MIL;PF;67;2204;32.1;.633;.194;.615;6.6;30.4;18.7;31.7;1.6;4.0;12.2;34.9;9.2;3.7;12.9;.281;7.6;3.5;11.2;7.4;
Career;;656;21354;24.5;.604;.160;.502;5.9;25.0;15.7;24.3;1.8;3.5;13.7;28.0;53.8;33.7;87.5;.197;3.9;2.1;6.0;43.3;
Playoffs Advanced
14-15;MIL;SG;6;201;10.9;.425;.014;.324;5.8;17.3;11.1;14.3;0.8;4.0;11.9;20.6;-0.2;0.2;-0.003;-2.6;0.3;-2.3;
16-17;MIL;SF;6;243;21.9;.563;.089;.411;4.6;25.1;14.1;20.6;2.8;4.0;13.1;29.9;0.1;0.6;0.7;.138;3.8;2.8;6.6;0.5;
17-18;MIL;PF;7;280;26.6;.620;.116;.455;3.7;23.5;14.3;28.2;1.9;1.9;10.5;28.2;1.0;0.4;1.4;.239;5.6;1.4;7.1;0.6;
18-19;MIL;PF;15;514;26.5;.570;.210;.641;7.5;27.7;17.9;25.1;1.6;5.3;13.0;32.2;1.1;1.3;2.3;.219;5.0;3.3;8.4;1.4;
19-20;MIL;PF;9;277;31.3;.610;.248;.503;10.3;<strong>38.2</strong>;<strong>24.0</strong>;36.7;1.0;3.1;13.2;35.2;0.9;0.5;1.4;.238;7.8;3.4;<strong>11.2</strong>;0.9;
20-21;MIL;PF;21;800;27.6;.599;.159;.469;7.8;28.7;18.0;24.3;1.3;2.9;10.8;31.8;<strong>2.0</strong>;<strong>1.7</strong>;<strong>3.7</strong>;.224;6.7;3.2;9.9;<strong>2.4</strong>;
21-22;MIL;PF;5;168;30.0;.625;.148;.682;6.5;31.4;20.0;33.7;0.3;3.7;13.6;34.2;0.6;<strong>0.6</strong>;1.1;<strong>.327</strong>;6.2;<strong>5.0</strong>;<strong>11.2</strong>;0.6;
Career;;69;2483;25.9;.586;.162;.510;7.0;27.9;17.4;25.7;1.4;3.5;12.0;30.9;5.4;5.2;10.7;.206;5.3;2.9;8.2;6.4;
