Gigi Datome;Small Forward;Right;1987-11-27;;6-8;215;;;;;-1;;
Per Game
13-14;DET;SF;34;7.0;1.0;2.9;.351;0.2;1.1;.179;0.8;1.7;.466;.387;0.2;0.3;.800;0.4;0.9;1.4;0.3;0.2;0.3;0.6;2.4;
14-15;TOT;SF;21;1;10.0;2.0;4.2;.483;0.9;1.9;.450;1.2;2.3;.510;.584;1.000;0.1;1.2;1.4;0.4;0.1;0.3;0.4;0.7;5.0;
14-15;DET;SF;3;5.7;1.7;4.0;.417;0.3;1.3;.250;1.3;2.7;.500;.458;0.3;1.0;1.3;0.7;0.3;0.7;0.3;3.7;
14-15;BOS;SF;18;1;10.7;2.1;4.3;.494;0.9;2.0;.472;1.2;2.3;.512;.604;0.1;0.1;1.000;0.1;1.3;1.4;0.4;0.1;0.4;0.4;0.8;5.2;
Career;;55;1;8.1;1.4;3.4;.414;0.5;1.4;.316;0.9;1.9;.486;.481;0.2;0.2;.818;0.3;1.1;1.4;0.4;0.1;0.1;0.4;0.6;3.4;
Playoffs Per Game
14-15;BOS;SF;3;4.7;0.7;2.0;.333;0.7;0.7;1.3;.500;.333;0.3;0.3;0.3;1.3;1.3;
Career;;3;4.7;0.7;2.0;.333;0.7;0.7;1.3;.500;.333;0.3;0.3;0.3;1.3;1.3;
Totals
13-14;DET;SF;34;238;34;97;.351;7;39;.179;27;58;.466;.387;8;10;.800;14;32;46;11;6;1;11;20;83;
14-15;TOT;SF;21;1;209;43;89;.483;18;40;.450;25;49;.510;.584;1;1;1.000;3;26;29;9;2;7;9;15;105;
14-15;DET;SF;3;17;5;12;.417;1;4;.250;4;8;.500;.458;1;3;4;2;1;2;1;11;
14-15;BOS;SF;18;1;192;38;77;.494;17;36;.472;21;41;.512;.604;1;1;1.000;2;23;25;7;1;7;7;14;94;
Career;;55;1;447;77;186;.414;25;79;.316;52;107;.486;.481;9;11;.818;17;58;75;20;8;8;20;35;188;
Playoffs Totals
14-15;BOS;SF;3;14;2;6;.333;2;2;4;.500;.333;1;1;1;4;4;
Career;;3;14;2;6;.333;2;2;4;.500;.333;1;1;1;4;4;
Advanced
13-14;DET;SF;34;238;8.0;.409;.402;.103;6.1;15.5;10.6;7.0;1.3;0.3;9.8;20.2;-0.2;0.1;-0.1;-0.023;-3.7;-2.3;-6.0;-0.2;
14-15;TOT;SF;21;209;15.1;.587;.449;.011;1.5;13.9;7.6;7.6;0.5;2.6;9.1;20.7;0.2;0.2;0.4;.095;1.8;-0.6;1.2;0.2;
14-15;DET;SF;3;17;16.7;.458;.333;6.2;20.0;12.8;24.9;3.0;14.3;36.5;-0.033;0.3;0.3;
14-15;BOS;SF;18;192;14.9;.607;.468;.013;1.1;13.3;7.1;6.0;0.3;2.8;8.3;19.3;0.3;0.2;0.4;.106;1.9;-0.7;1.3;0.2;
Career;;55;447;11.3;.493;.425;.059;4.0;14.7;9.2;7.3;0.9;1.4;9.5;20.4;0.3;0.3;.032;-1.1;-1.5;-2.6;-0.1;
Playoffs Advanced
14-15;BOS;SF;3;14;-0.4;.333;.333;8.0;3.9;12.3;19.1;-0.124;-8.0;-1.2;-9.2;
Career;;3;14;-0.4;.333;.333;8.0;3.9;12.3;19.1;-0.124;-8.0;-1.2;-9.2;
