Glenn Robinson III;Small Forward and Shooting Guard;Right;1994-01-08;;6-6;222;Lake Central in St. John,Indiana;;;;-1;;
Per Game
14-15;TOT;SF,SG;35;1;7.5;0.7;1.9;.388;0.1;0.5;.263;0.6;1.4;.438;.425;0.5;0.7;.667;0.4;0.7;1.1;0.3;0.2;0.3;0.4;2.1;
14-15;MIN;SG;25;4.3;0.3;1.0;.333;0.2;.167;0.3;0.7;.389;.354;0.5;0.6;.750;0.2;0.4;0.6;0.1;0.1;0.1;0.2;1.2;
14-15;PHI;SF;10;1;15.3;1.8;4.3;.419;0.4;1.3;.308;1.4;3.0;.467;.465;0.4;0.8;.500;1.1;1.4;2.5;0.8;0.3;0.1;0.8;1.0;4.4;
15-16;IND;SF;45;4;11.3;1.4;3.4;.430;0.3;0.8;.378;1.1;2.5;.447;.477;0.6;0.9;.692;0.3;1.2;1.5;0.6;0.4;0.2;0.4;0.5;3.8;
16-17;IND;SF;69;27;20.7;2.3;4.9;.467;0.7;1.8;.392;1.6;3.1;.512;.540;0.8;1.1;.711;0.8;2.7;3.6;0.7;0.6;0.3;0.5;0.9;6.1;
17-18;IND;SF;23;1;14.7;1.6;3.7;.424;0.6;1.5;.412;1.0;2.2;.431;.506;0.4;0.5;.818;0.5;1.1;1.6;0.7;0.6;0.2;0.6;4.1;
18-19;DET;SF;47;18;13.0;1.6;3.7;.420;0.4;1.3;.290;1.2;2.4;.491;.472;0.7;0.9;.800;0.4;1.1;1.5;0.4;0.3;0.2;0.4;1.0;4.2;
19-20;TOT;SF;62;52;28.8;4.6;9.5;.486;1.2;3.2;.391;3.4;6.4;.534;.552;1.2;1.4;.860;1.3;3.0;4.4;1.5;0.9;0.3;0.9;1.6;11.7;
19-20;GSW;SF;48;48;31.6;5.1;10.6;.481;1.4;3.5;.400;3.7;7.0;.522;.548;1.3;1.5;.851;1.4;3.3;4.7;1.8;0.9;0.3;1.0;1.7;12.9;
19-20;PHI;SF;14;4;19.3;3.1;6.1;.518;0.6;1.9;.333;2.5;4.1;.603;.571;0.8;0.9;.917;1.1;2.1;3.1;0.8;0.6;0.1;0.4;1.3;7.7;
20-21;SAC;SF;23;2;16.0;1.8;4.3;.424;0.7;1.9;.364;1.1;2.4;.473;.505;0.9;1.0;.913;0.5;1.5;2.0;0.9;0.2;0.1;0.5;1.0;5.3;
Career;;304;105;17.4;2.3;5.0;.457;0.6;1.7;.373;1.6;3.3;.501;.521;0.8;1.0;.779;0.7;1.9;2.6;0.8;0.5;0.2;0.5;0.9;5.9;
Playoffs Per Game
15-16;IND;SF;4;2.5;0.8;1.0;.750;0.8;1.0;.750;.750;0.3;0.3;1.000;0.3;1.8;
16-17;IND;SF;3;10.3;2.0;2.0;1.000;0.7;0.7;1.000;1.3;1.3;1.000;1.167;0.3;0.7;.500;1.0;1.0;0.3;0.7;5.0;
17-18;IND;SF;2;3.0;0.5;0.5;1.000;0.5;0.5;1.000;1.000;0.5;0.5;1.0;
18-19;DET;SF;3;12.0;1.3;5.0;.267;0.3;2.7;.125;1.0;2.3;.429;.300;1.3;1.3;1.000;0.7;1.7;2.3;0.7;0.7;0.3;1.7;4.3;
Career;;12;6.9;1.2;2.2;.538;0.3;0.8;.300;0.9;1.3;.688;.596;0.5;0.6;.857;0.2;0.8;0.9;0.3;0.2;0.1;0.1;0.6;3.1;
Totals
14-15;TOT;SF,SG;35;1;261;26;67;.388;5;19;.263;21;48;.438;.425;16;24;.667;15;24;39;11;6;1;11;15;73;
14-15;MIN;SG;25;108;8;24;.333;1;6;.167;7;18;.389;.354;12;16;.750;4;10;14;3;3;3;5;29;
14-15;PHI;SF;10;1;153;18;43;.419;4;13;.308;14;30;.467;.465;4;8;.500;11;14;25;8;3;1;8;10;44;
15-16;IND;SF;45;4;508;65;151;.430;14;37;.378;51;114;.447;.477;27;39;.692;12;56;68;26;17;9;18;21;171;
16-17;IND;SF;69;27;1427;158;338;.467;49;125;.392;109;213;.512;.540;54;76;.711;57;189;246;47;41;20;37;63;419;
17-18;IND;SF;23;1;338;36;85;.424;14;34;.412;22;51;.431;.506;9;11;.818;11;26;37;17;13;1;5;14;95;
18-19;DET;SF;47;18;610;74;176;.420;18;62;.290;56;114;.491;.472;32;40;.800;17;54;71;21;14;8;18;45;198;
19-20;TOT;SF;62;52;1786;288;592;.486;77;197;.391;211;395;.534;.552;74;86;.860;81;189;270;96;54;16;55;100;727;
19-20;GSW;SF;48;48;1516;244;507;.481;68;170;.400;176;337;.522;.548;63;74;.851;66;160;226;85;45;14;50;82;619;
19-20;PHI;SF;14;4;270;44;85;.518;9;27;.333;35;58;.603;.571;11;12;.917;15;29;44;11;9;2;5;18;108;
20-21;SAC;SF;23;2;369;42;99;.424;16;44;.364;26;55;.473;.505;21;23;.913;11;34;45;20;4;3;11;23;121;
Career;;304;105;5299;689;1508;.457;193;518;.373;496;990;.501;.521;233;299;.779;204;572;776;238;149;58;155;281;1804;
Playoffs Totals
15-16;IND;SF;4;10;3;4;.750;3;4;.750;.750;1;1;1.000;1;7;
16-17;IND;SF;3;31;6;6;1.000;2;2;1.000;4;4;1.000;1.167;1;2;.500;3;3;1;2;15;
17-18;IND;SF;2;6;1;1;1.000;1;1;1.000;1.000;1;1;2;
18-19;DET;SF;3;36;4;15;.267;1;8;.125;3;7;.429;.300;4;4;1.000;2;5;7;2;2;1;5;13;
Career;;12;83;14;26;.538;3;10;.300;11;16;.688;.596;6;7;.857;2;9;11;3;2;1;1;7;37;
Advanced
14-15;TOT;SF,SG;35;261;8.5;.471;.284;.358;6.1;10.6;8.3;7.0;1.2;0.3;12.4;14.9;0.1;0.1;.012;-3.0;-2.3;-5.4;-0.2;
14-15;MIN;SG;25;108;8.2;.467;.250;.667;4.1;10.9;7.4;4.1;1.4;8.8;13.9;.009;-3.2;-2.2;-5.4;-0.1;
14-15;PHI;SF;10;153;8.6;.473;.302;.186;7.4;10.4;8.9;9.0;1.0;0.5;14.7;15.5;0.1;.013;-2.9;-2.4;-5.4;-0.1;
15-16;IND;SF;45;508;11.4;.508;.245;.258;2.6;12.0;7.3;7.7;1.7;1.4;9.7;16.1;0.2;0.6;0.8;.078;-1.6;0.5;-1.1;0.1;
16-17;IND;SF;69;1427;11.5;.564;.370;.225;4.5;14.7;9.7;4.7;1.4;1.2;9.1;12.8;1.3;1.2;2.5;.085;-0.5;0.2;-0.3;0.6;
17-18;IND;SF;23;338;10.8;.529;.400;.129;3.7;8.6;6.2;6.8;1.9;0.3;5.3;12.5;0.4;0.3;0.6;.088;-1.2;0.4;-0.7;0.1;
18-19;DET;SF;47;610;8.7;.511;.352;.227;2.9;10.0;6.4;5.1;1.1;1.1;8.5;15.0;0.1;0.6;0.7;.054;-2.8;-0.1;-3.0;-0.2;
19-20;TOT;SF;62;1786;13.3;.577;.333;.145;4.8;11.9;8.2;8.4;1.4;0.8;8.0;16.4;2.0;0.9;2.9;.078;-0.5;-1.2;-1.7;0.1;
19-20;GSW;SF;48;1516;13.1;.574;.335;.146;4.6;11.9;8.1;8.8;1.4;0.8;8.5;16.6;1.5;0.6;2.1;.067;-0.6;-1.1;-1.7;0.1;
19-20;PHI;SF;14;270;14.7;.598;.318;.141;6.1;11.9;9.0;5.9;1.6;0.6;5.2;15.2;0.5;0.3;0.8;.137;-1.3;-1.4;
20-21;SAC;SF;23;369;9.0;.554;.444;.232;3.3;10.4;6.8;7.0;0.5;0.7;9.2;14.0;0.3;0.3;.033;-1.9;-2.2;-4.0;-0.2;
Career;;304;5299;11.4;.550;.344;.198;4.2;12.1;8.1;6.7;1.4;0.9;8.6;14.8;4.2;3.7;7.9;.071;-1.1;-0.6;-1.7;0.4;
Playoffs Advanced
15-16;IND;SF;4;10;32.4;.788;.250;8.4;21.4;0.1;0.1;.284;10.2;4.1;14.2;
16-17;IND;SF;3;31;21.0;1.090;.333;.333;11.5;5.7;5.0;9.7;0.1;0.1;.199;5.3;1.7;7.0;0.1;
17-18;IND;SF;2;6;17.0;1.000;19.5;10.2;7.9;.204;1.2;2.4;3.6;
18-19;DET;SF;3;36;7.5;.388;.533;.267;4.9;16.2;9.8;8.3;2.6;5.6;20.7;-0.1;-0.1;-0.079;-4.7;-0.4;-5.1;
Career;;12;83;16.2;.636;.385;.269;2.1;12.7;7.1;5.4;1.1;1.0;3.3;15.7;0.2;0.2;.089;1.2;1.2;2.4;0.1;
