Goran Dragić;Point Guard and Shooting Guard;Left;1986-05-06;;6-3;190;;;;;-1;;
Per Game
08-09;PHO;PG;55;1;13.2;1.6;4.1;.393;0.4;1.0;.370;1.2;3.1;.400;.438;0.9;1.2;.769;0.6;1.3;1.9;2.0;0.5;0.1;1.3;1.6;4.5;
09-10;PHO;PG;80;2;18.0;2.8;6.1;.452;0.9;2.4;.394;1.9;3.8;.488;.527;1.5;2.0;.736;0.5;1.7;2.1;3.0;0.6;0.1;1.6;1.6;7.9;
10-11;TOT;PG;70;5;17.6;2.7;6.3;.435;0.8;2.2;.361;1.9;4.1;.476;.499;1.2;1.9;.624;0.5;1.5;2.0;2.9;0.7;0.1;1.7;1.8;7.5;
10-11;PHO;PG;48;2;17.8;2.8;6.6;.421;0.6;2.1;.277;2.2;4.5;.488;.465;1.2;2.0;.608;0.5;1.3;1.8;3.1;0.8;0.1;2.0;1.9;7.4;
10-11;HOU;PG;22;3;17.2;2.7;5.7;.472;1.3;2.5;.519;1.4;3.2;.437;.584;1.1;1.6;.667;0.5;2.0;2.5;2.5;0.6;0.2;1.0;1.6;7.7;
11-12;HOU;PG;<strong>66</strong>;28;26.5;4.2;9.1;.462;1.0;3.1;.337;3.2;6.0;.525;.518;2.3;2.9;.805;0.8;1.7;2.5;5.3;1.3;0.2;2.4;2.5;11.7;
12-13;PHO;PG;77;77;33.5;5.2;11.8;.443;1.1;3.6;.319;4.1;8.2;.497;.491;3.2;4.2;.748;0.8;2.3;3.1;7.4;1.6;0.3;2.8;2.8;14.7;
13-14;PHO;SG;76;75;35.1;7.3;14.4;.505;1.6;3.9;.408;5.7;10.4;.542;.561;4.2;5.5;.760;0.9;2.3;3.2;5.9;1.4;0.3;2.8;2.7;20.3;
14-15;TOT;PG,SG;78;78;33.8;6.4;12.8;.501;1.2;3.3;.347;5.3;9.5;.555;.546;2.3;3.0;.774;1.0;2.5;3.5;4.5;1.0;0.2;2.2;2.5;16.3;
14-15;PHO;SG;52;52;33.4;6.5;13.1;.501;1.3;3.6;.355;5.3;9.5;.556;.549;1.9;2.5;.746;1.0;2.6;3.6;4.1;1.0;0.2;2.2;2.3;16.2;
14-15;MIA;PG;26;26;34.8;6.2;12.4;.502;0.9;2.8;.329;5.3;9.6;.552;.539;3.2;4.0;.808;1.2;2.3;3.4;5.3;1.1;0.2;2.3;2.9;16.6;
15-16;MIA;PG;72;72;32.8;5.8;12.2;.477;0.9;2.8;.312;4.9;9.3;.527;.513;1.7;2.3;.727;0.8;3.1;3.8;5.8;1.0;0.2;2.6;2.6;14.1;
16-17;MIA;PG;73;73;33.7;7.3;15.4;.475;1.6;4.0;.405;5.7;11.4;.499;.527;4.1;5.2;.790;0.8;3.0;3.8;5.8;1.2;0.2;2.9;2.7;20.3;
17-18;MIA;PG;75;75;31.7;6.5;14.3;.450;1.5;4.0;.370;5.0;10.3;.481;.502;2.9;3.6;.801;0.7;3.4;4.1;4.8;0.8;0.2;2.2;2.4;17.3;
18-19;MIA;PG;36;22;27.5;5.0;12.0;.413;1.6;4.6;.348;3.4;7.5;.454;.479;2.2;2.8;.782;0.6;2.5;3.1;4.8;0.8;0.1;2.0;2.3;13.7;
19-20;MIA;PG;59;3;28.2;5.4;12.3;.441;2.1;5.7;.367;3.3;6.5;.505;.526;3.2;4.2;.776;0.5;2.7;3.2;5.1;0.7;0.2;2.4;2.1;16.2;
20-21;MIA;PG;50;11;26.7;4.8;11.1;.432;1.8;4.9;.373;3.0;6.2;.479;.514;2.0;2.4;.828;0.5;2.9;3.4;4.4;0.7;0.2;2.4;2.3;13.4;
21-22;TOT;PG;21;8;23.7;2.7;7.2;.377;0.8;3.0;.254;2.0;4.2;.466;.430;1.3;1.6;.818;0.6;2.5;3.1;4.1;0.9;0.2;1.6;2.1;7.5;
21-22;TOR;PG;5;2;18.0;2.6;6.8;.382;0.8;2.8;.286;1.8;4.0;.450;.441;2.0;2.0;1.000;0.4;2.4;2.8;1.8;1.0;0.2;0.2;1.6;8.0;
21-22;BRK;PG;16;6;25.5;2.8;7.3;.376;0.8;3.1;.245;2.0;4.3;.471;.427;1.1;1.4;.739;0.7;2.5;3.2;4.8;0.9;0.2;2.1;2.3;7.3;
Career;;888;530;27.9;5.0;10.9;.460;1.2;3.4;.362;3.8;7.5;.506;.517;2.5;3.2;.767;0.7;2.4;3.1;4.8;1.0;0.2;2.3;2.3;13.7;
Playoffs Per Game
09-10;PHO;PG;16;14.8;2.7;6.3;.430;0.8;2.5;.325;1.9;3.8;.500;.495;1.4;1.9;.742;0.6;1.2;1.8;2.3;0.3;0.1;1.0;1.1;7.6;
15-16;MIA;PG;14;14;33.7;6.5;14.7;.442;1.1;3.3;.348;5.4;11.4;.469;.481;2.4;3.1;.767;0.8;4.1;4.9;3.9;0.4;0.2;2.2;3.3;16.5;
17-18;MIA;PG;5;5;31.2;7.0;15.0;.467;1.6;4.2;.381;5.4;10.8;.500;.520;3.0;4.4;.682;0.6;2.0;2.6;4.6;1.0;3.0;3.0;18.6;
19-20;MIA;PG;17;16;32.5;7.0;15.8;.444;2.2;6.3;.346;4.8;9.5;.509;.513;2.9;3.6;.803;0.8;3.3;4.1;4.4;1.0;0.1;2.3;2.9;19.1;
20-21;MIA;PG;4;2;29.3;5.8;13.5;.426;2.3;6.5;.346;3.5;7.0;.500;.509;2.3;3.0;.750;0.3;1.5;1.8;2.8;1.0;0.5;1.5;2.8;16.0;
21-22;BRK;PG;4;19.8;4.5;8.0;.563;1.0;3.0;.333;3.5;5.0;.700;.625;0.5;0.5;1.000;1.5;3.0;4.5;1.5;0.8;1.3;2.8;10.5;
Career;;60;37;26.9;5.5;12.3;.448;1.5;4.2;.345;4.0;8.1;.501;.507;2.2;2.9;.766;0.7;2.7;3.4;3.4;0.7;0.1;1.9;2.5;14.6;
Totals
08-09;PHO;PG;55;1;728;88;224;.393;20;54;.370;68;170;.400;.438;50;65;.769;33;70;103;111;29;3;73;87;246;
09-10;PHO;PG;80;2;1442;222;491;.452;74;188;.394;148;303;.488;.527;117;159;.736;38;133;171;241;48;8;126;131;635;
10-11;TOT;PG;70;5;1234;192;441;.435;56;155;.361;136;286;.476;.499;83;133;.624;36;106;142;204;50;10;117;125;523;
10-11;PHO;PG;48;2;856;133;316;.421;28;101;.277;105;215;.488;.465;59;97;.608;24;62;86;149;36;6;96;90;353;
10-11;HOU;PG;22;3;378;59;125;.472;28;54;.519;31;71;.437;.584;24;36;.667;12;44;56;55;14;4;21;35;170;
11-12;HOU;PG;<strong>66</strong>;28;1752;277;600;.462;68;202;.337;209;398;.525;.518;153;190;.805;53;115;168;351;85;10;157;166;775;
12-13;PHO;PG;77;77;2581;401;906;.443;88;276;.319;313;630;.497;.491;244;326;.748;60;178;238;569;124;26;212;214;1134;
13-14;PHO;SG;76;75;2668;552;1093;.505;122;299;.408;430;794;.542;.561;316;416;.760;69;176;245;447;104;22;213;206;1542;
14-15;TOT;PG,SG;78;78;2640;502;1002;.501;90;259;.347;412;743;.555;.546;181;234;.774;81;193;274;350;78;15;173;195;1275;
14-15;PHO;SG;52;52;1735;340;679;.501;66;186;.355;274;493;.556;.549;97;130;.746;51;134;185;211;50;9;114;120;843;
14-15;MIA;PG;26;26;905;162;323;.502;24;73;.329;138;250;.552;.539;84;104;.808;30;59;89;139;28;6;59;75;432;
15-16;MIA;PG;72;72;2363;417;875;.477;64;205;.312;353;670;.527;.513;120;165;.727;54;223;277;419;71;17;185;188;1018;
16-17;MIA;PG;73;73;2459;534;1124;.475;117;289;.405;417;835;.499;.527;298;377;.790;62;217;279;423;89;13;212;199;1483;
17-18;MIA;PG;75;75;2378;484;1075;.450;111;300;.370;373;775;.481;.502;217;271;.801;54;252;306;359;63;12;166;180;1296;
18-19;MIA;PG;36;22;991;179;433;.413;57;164;.348;122;269;.454;.479;79;101;.782;20;91;111;174;30;5;71;81;494;
19-20;MIA;PG;59;3;1663;319;724;.441;124;338;.367;195;386;.505;.526;191;246;.776;29;158;187;301;40;10;144;124;953;
20-21;MIA;PG;50;11;1337;240;555;.432;91;244;.373;149;311;.479;.514;101;122;.828;25;144;169;219;33;8;118;113;672;
21-22;TOT;PG;21;8;498;57;151;.377;16;63;.254;41;88;.466;.430;27;33;.818;13;52;65;86;19;4;34;45;157;
21-22;TOR;PG;5;2;90;13;34;.382;4;14;.286;9;20;.450;.441;10;10;1.000;2;12;14;9;5;1;1;8;40;
21-22;BRK;PG;16;6;408;44;117;.376;12;49;.245;32;68;.471;.427;17;23;.739;11;40;51;77;14;3;33;37;117;
Career;;888;530;24734;4464;9694;.460;1098;3036;.362;3366;6658;.506;.517;2177;2838;.767;627;2108;2735;4254;863;163;2001;2054;12203;
Playoffs Totals
09-10;PHO;PG;16;237;43;100;.430;13;40;.325;30;60;.500;.495;23;31;.742;10;19;29;36;4;1;16;18;122;
15-16;MIA;PG;14;14;472;91;206;.442;16;46;.348;75;160;.469;.481;33;43;.767;11;58;69;54;6;3;31;46;231;
17-18;MIA;PG;5;5;156;35;75;.467;8;21;.381;27;54;.500;.520;15;22;.682;3;10;13;23;5;15;15;93;
19-20;MIA;PG;17;16;553;119;268;.444;37;107;.346;82;161;.509;.513;49;61;.803;13;56;69;75;17;2;39;50;324;
20-21;MIA;PG;4;2;117;23;54;.426;9;26;.346;14;28;.500;.509;9;12;.750;1;6;7;11;4;2;6;11;64;
21-22;BRK;PG;4;79;18;32;.563;4;12;.333;14;20;.700;.625;2;2;1.000;6;12;18;6;3;5;11;42;
Career;;60;37;1614;329;735;.448;87;252;.345;242;483;.501;.507;131;171;.766;44;161;205;205;39;8;112;151;876;
Advanced
08-09;PHO;PG;55;728;9.8;.487;.241;.290;5.5;10.8;8.3;20.8;2.0;0.3;22.4;19.7;-0.3;0.4;0.1;.005;-3.0;-1.2;-4.3;-0.4;
09-10;PHO;PG;80;1442;14.8;.566;.383;.324;3.2;9.8;6.7;24.1;1.7;0.4;18.3;21.1;2.0;0.8;2.8;.094;0.8;-0.7;0.1;0.8;
10-11;TOT;PG;70;1234;13.2;.524;.351;.302;3.3;9.9;6.6;25.6;2.1;0.6;19.0;22.4;0.2;0.8;1.0;.040;-0.9;-0.5;-1.3;0.2;
10-11;PHO;PG;48;856;11.2;.492;.320;.307;3.2;8.4;5.8;26.8;2.1;0.5;21.1;24.0;-0.7;0.5;-0.2;-0.012;-2.3;-1.2;-3.5;-0.3;
10-11;HOU;PG;22;378;17.7;.604;.432;.288;3.6;13.2;8.4;22.7;1.9;0.7;13.0;18.9;0.9;0.3;1.2;.157;2.5;1.2;3.7;0.5;
11-12;HOU;PG;<strong>66</strong>;1752;18.0;.567;.337;.317;3.5;7.7;5.6;32.5;2.5;0.4;18.7;21.8;3.6;1.5;5.1;.139;1.9;1.9;1.7;
12-13;PHO;PG;77;2581;17.5;.540;.305;.360;2.6;8.0;5.2;35.7;2.5;0.8;16.8;21.7;4.1;1.6;5.7;.106;1.7;-0.3;1.4;2.2;
13-14;PHO;SG;76;2668;21.4;.604;.274;.381;2.9;7.4;5.2;28.1;2.0;0.6;14.3;24.5;8.4;2.0;10.3;.186;4.1;-0.2;3.9;4.0;
14-15;TOT;PG,SG;78;2640;17.4;.577;.258;.234;3.5;8.2;5.9;22.8;1.5;0.5;13.5;21.8;5.4;1.4;6.8;.123;1.6;-0.8;0.8;1.8;
14-15;PHO;SG;52;1735;16.7;.573;.274;.191;3.2;8.5;5.8;20.2;1.4;0.4;13.4;21.5;3.1;0.9;4.0;.111;1.1;-1.0;0.1;0.9;
14-15;MIA;PG;26;905;18.8;.586;.226;.322;4.1;7.7;5.9;27.8;1.6;0.6;13.8;22.2;2.3;0.5;2.8;.146;2.5;-0.4;2.1;0.9;
15-16;MIA;PG;72;2363;15.5;.537;.234;.189;2.7;10.4;6.6;28.7;1.5;0.6;16.3;21.9;2.4;2.3;4.7;.096;0.1;-0.5;-0.4;1.0;
16-17;MIA;PG;73;2459;19.8;.575;.257;.335;2.8;9.9;6.3;29.0;1.8;0.4;14.1;27.1;5.0;2.6;7.5;.147;2.7;-0.1;2.6;2.9;
17-18;MIA;PG;75;2378;16.6;.543;.279;.252;2.5;11.9;7.2;25.4;1.3;0.4;12.2;25.7;2.9;2.3;5.3;.106;0.9;-0.6;0.3;1.4;
18-19;MIA;PG;36;991;13.9;.517;.379;.233;2.1;9.8;6.0;27.3;1.5;0.5;12.9;23.7;0.6;1.0;1.6;.079;-0.5;-0.6;-1.1;0.2;
19-20;MIA;PG;59;1663;16.3;.573;.467;.340;2.0;10.2;6.3;29.2;1.2;0.6;14.8;25.9;2.2;1.3;3.5;.102;1.4;-1.6;-0.1;0.8;
20-21;MIA;PG;50;1337;13.0;.552;.440;.220;2.2;12.1;7.2;25.9;1.2;0.6;16.2;24.5;0.2;1.2;1.3;.048;-1.1;-1.3;-2.3;-0.1;
21-22;TOT;PG;21;498;10.0;.474;.417;.219;2.9;11.3;7.1;22.9;1.9;0.7;17.0;17.2;-0.1;0.4;0.4;.034;-2.8;-0.4;-3.3;-0.2;
21-22;TOR;PG;5;90;16.2;.521;.412;.294;2.3;15.3;8.4;14.4;2.8;1.1;2.5;18.7;0.2;0.1;0.3;.162;-0.6;2.6;1.9;0.1;
21-22;BRK;PG;16;408;8.6;.460;.419;.197;3.0;10.4;6.8;24.7;1.7;0.7;20.6;16.9;-0.2;0.3;0.1;.006;-3.3;-1.1;-4.4;-0.3;
Career;;888;24734;16.7;.558;.313;.293;2.9;9.5;6.2;27.8;1.8;0.5;15.5;23.3;36.7;19.5;56.3;.109;1.2;-0.6;0.6;16.3;
Playoffs Advanced
09-10;PHO;PG;16;237;17.2;.537;.400;.310;5.2;9.5;7.4;24.9;0.9;0.3;12.3;25.1;0.5;0.5;.099;2.8;-1.9;0.9;0.2;
15-16;MIA;PG;14;472;15.1;.514;.223;.209;2.9;13.8;8.6;20.5;0.7;0.5;12.1;25.8;0.4;0.6;1.0;.099;-0.8;-0.7;0.1;
17-18;MIA;PG;5;156;14.3;.549;.280;.293;2.0;6.9;4.4;27.4;1.5;15.0;27.5;.010;0.9;-1.8;-0.9;
19-20;MIA;PG;17;553;15.9;.549;.399;.228;2.8;11.3;7.2;24.1;1.5;0.4;11.7;27.4;0.4;0.4;0.8;.070;1.1;-0.8;0.3;0.3;
20-21;MIA;PG;4;117;12.7;.540;.481;.222;0.8;5.2;2.9;18.1;1.7;1.6;9.2;24.5;0.1;.005;1.0;0.6;1.6;0.1;
21-22;BRK;PG;4;79;19.0;.639;.375;.063;9.9;20.0;14.9;12.9;1.9;13.2;22.0;0.2;0.2;.105;1.1;-0.1;1.1;0.1;
Career;;60;1614;15.6;.541;.343;.233;3.3;11.3;7.4;22.5;1.2;0.4;12.1;26.1;1.3;1.1;2.5;.074;1.0;-0.9;0.1;0.8;
