Gordon Hayward;Small Forward and Power Forward;Right;1990-03-23;;6-7;225;Brownsburg in Brownsburg,Indiana;;;;-1;;
Per Game
10-11;UTA;SF;72;17;16.9;2.0;4.1;.485;0.5;1.0;.473;1.5;3.0;.489;.544;1.0;1.3;.711;0.6;1.4;1.9;1.1;0.4;0.3;1.0;1.5;5.4;
11-12;UTA;SF;<strong>66</strong>;58;30.5;4.0;8.9;.456;0.8;2.4;.346;3.2;6.5;.496;.503;2.9;3.5;.832;0.9;2.6;3.5;3.1;0.8;0.6;1.7;1.6;11.8;
12-13;UTA;SF;72;27;29.2;4.7;10.7;.435;1.4;3.4;.415;3.3;7.3;.444;.501;3.4;4.1;.827;0.7;2.4;3.1;3.0;0.8;0.5;1.7;1.7;14.1;
13-14;UTA;SF;77;77;36.4;5.5;13.4;.413;1.1;3.6;.304;4.4;9.8;.453;.454;4.0;4.9;.816;0.8;4.3;5.1;5.2;1.4;0.5;2.8;2.0;16.2;
14-15;UTA;SF;76;76;34.4;6.4;14.3;.445;1.6;4.3;.364;4.8;10.0;.481;.500;4.9;6.1;.812;0.7;4.2;4.9;4.1;1.4;0.4;2.7;1.7;19.3;
15-16;UTA;SF;80;80;36.2;6.5;15.0;.433;1.8;5.1;.349;4.7;9.9;.477;.493;4.9;6.0;.824;0.8;4.2;5.0;3.7;1.2;0.3;2.5;2.3;19.7;
16-17;UTA;SF;73;73;34.5;7.5;15.8;.471;2.0;5.1;.398;5.4;10.7;.506;.536;5.0;5.9;.844;0.7;4.7;5.4;3.5;1.0;0.3;1.9;1.6;21.9;
17-18;BOS;SF;1;1;5.0;1.0;2.0;.500;1.0;1.0;1.0;1.000;.500;1.0;1.0;1.0;2.0;
18-19;BOS;PF;72;18;25.9;4.1;8.8;.466;1.1;3.2;.333;3.0;5.6;.542;.527;2.2;2.6;.834;0.7;3.8;4.5;3.4;0.9;0.3;1.5;1.4;11.5;
19-20;BOS;SF;52;52;33.5;6.7;13.5;.500;1.6;4.3;.383;5.1;9.2;.554;.561;2.4;2.8;.855;1.1;5.6;6.7;4.1;0.7;0.4;1.8;1.8;17.5;
20-21;CHO;SF;44;44;34.0;7.1;15.0;.473;1.9;4.7;.415;5.1;10.3;.499;.537;3.5;4.2;.843;0.8;5.0;5.9;4.1;1.2;0.3;2.1;1.7;19.6;
21-22;CHO;SF;49;48;31.9;5.8;12.6;.459;1.8;4.5;.391;4.0;8.1;.496;.528;2.6;3.0;.846;0.8;3.8;4.6;3.6;1.0;0.4;1.7;1.7;15.9;
Career;;734;571;31.1;5.4;11.9;.453;1.4;3.7;.371;4.0;8.2;.491;.512;3.4;4.1;.826;0.8;3.7;4.5;3.5;1.0;0.4;2.0;1.7;15.6;
Playoffs Per Game
11-12;UTA;SF;4;4;30.8;1.5;8.3;.182;0.3;3.0;.083;1.3;5.3;.238;.197;4.0;4.0;<strong>1.000</strong>;0.5;2.3;2.8;3.0;0.8;0.8;1.0;7.3;
16-17;UTA;SF;11;11;37.4;7.5;17.1;.441;2.5;6.2;.412;5.0;10.9;.458;.516;6.5;6.9;.934;0.6;5.5;6.1;3.4;0.9;0.3;2.2;2.1;24.1;
18-19;BOS;PF;9;29.7;3.2;7.8;.414;1.0;2.7;.375;2.2;5.1;.435;.479;2.1;2.1;<strong>1.000</strong>;0.3;3.7;4.0;2.4;0.7;0.3;1.7;1.8;9.6;
19-20;BOS;SF;5;1;31.4;4.0;10.0;.400;1.4;4.8;.292;2.6;5.2;.500;.470;1.4;1.6;.875;0.6;3.4;4.0;2.8;1.4;0.4;1.4;2.0;10.8;
Career;;29;16;33.0;4.8;11.8;.405;1.6;4.4;.352;3.2;7.3;.437;.471;3.9;4.1;.950;0.5;4.1;4.6;2.9;0.9;0.3;1.7;1.8;15.0;
Totals
10-11;UTA;SF;72;17;1218;142;293;.485;35;74;.473;107;219;.489;.544;69;97;.711;41;98;139;81;30;19;70;106;388;
11-12;UTA;SF;<strong>66</strong>;58;2015;267;586;.456;55;159;.346;212;427;.496;.503;193;232;.832;59;171;230;207;53;41;109;106;782;
12-13;UTA;SF;72;27;2104;336;773;.435;102;246;.415;234;527;.444;.501;243;294;.827;51;174;225;213;58;38;120;125;1017;
13-14;UTA;SF;77;77;2800;426;1032;.413;85;280;.304;341;752;.453;.454;311;381;.816;62;329;391;400;110;40;212;155;1248;
14-15;UTA;SF;76;76;2618;484;1087;.445;120;330;.364;364;757;.481;.500;375;462;.812;54;319;373;313;108;30;206;131;1463;
15-16;UTA;SF;80;80;2893;521;1202;.433;143;410;.349;378;792;.477;.493;393;477;.824;61;336;397;296;95;27;202;183;1578;
16-17;UTA;SF;73;73;2516;545;1156;.471;149;374;.398;396;782;.506;.536;362;429;.844;49;345;394;252;73;20;140;117;1601;
17-18;BOS;SF;1;1;5;1;2;.500;1;1;1;1.000;.500;1;1;1;2;
18-19;BOS;PF;72;18;1863;296;635;.466;77;231;.333;219;404;.542;.527;156;187;.834;51;271;322;244;62;23;105;104;825;
19-20;BOS;SF;52;52;1740;350;700;.500;85;222;.383;265;478;.554;.561;124;145;.855;55;293;348;212;38;22;96;96;909;
20-21;CHO;SF;44;44;1496;311;658;.473;85;205;.415;226;453;.499;.537;156;185;.843;37;221;258;181;52;14;91;74;863;
21-22;CHO;SF;49;48;1564;283;617;.459;86;220;.391;197;397;.496;.528;126;149;.846;38;186;224;177;47;22;81;85;778;
Career;;734;571;22832;3962;8741;.453;1022;2752;.371;2940;5989;.491;.512;2508;3038;.826;558;2744;3302;2576;726;296;1432;1283;11454;
Playoffs Totals
11-12;UTA;SF;4;4;123;6;33;.182;1;12;.083;5;21;.238;.197;16;16;<strong>1.000</strong>;2;9;11;12;3;3;4;29;
16-17;UTA;SF;11;11;411;83;188;.441;28;68;.412;55;120;.458;.516;71;76;.934;7;60;67;37;10;3;24;23;265;
18-19;BOS;PF;9;267;29;70;.414;9;24;.375;20;46;.435;.479;19;19;<strong>1.000</strong>;3;33;36;22;6;3;15;16;86;
19-20;BOS;SF;5;1;157;20;50;.400;7;24;.292;13;26;.500;.470;7;8;.875;3;17;20;14;7;2;7;10;54;
Career;;29;16;958;138;341;.405;45;128;.352;93;213;.437;.471;113;119;.950;15;119;134;85;26;8;49;53;434;
Advanced
10-11;UTA;SF;72;1218;10.7;.578;.253;.331;4.0;9.8;6.9;10.2;1.3;1.3;17.3;15.3;0.8;0.4;1.2;.048;-1.2;-1.1;-2.2;-0.1;
11-12;UTA;SF;<strong>66</strong>;2015;15.5;.568;.271;.396;3.3;9.9;6.6;15.9;1.4;1.6;13.7;17.8;3.8;1.0;4.9;.116;1.7;-0.1;1.5;1.8;
12-13;UTA;SF;72;2104;16.8;.564;.318;.380;2.8;9.8;6.3;16.7;1.5;1.4;11.7;22.1;4.2;1.2;5.4;.123;2.5;-0.5;2.0;2.1;
13-14;UTA;SF;77;2800;16.2;.520;.271;.369;2.5;14.0;8.0;24.1;2.1;1.1;15.0;23.1;2.2;1.5;3.6;.062;1.0;-0.2;0.8;2.0;
14-15;UTA;SF;76;2618;20.2;.567;.304;.425;2.4;14.0;8.2;21.7;2.2;0.9;13.8;26.2;5.8;2.9;8.7;.159;3.5;0.5;4.0;4.0;
15-16;UTA;SF;80;2893;18.3;.559;.341;.397;2.5;13.5;8.0;18.2;1.7;0.8;12.5;25.7;5.5;3.4;8.9;.147;2.4;0.2;2.6;3.3;
16-17;UTA;SF;73;2516;22.2;.595;.324;.371;2.3;15.4;9.0;18.2;1.5;0.6;9.4;27.6;7.1;3.3;10.4;.199;4.6;0.5;5.0;4.5;
17-18;BOS;SF;1;5;7.3;.500;.500;21.6;10.9;17.9;.056;-6.6;-0.8;-7.4;
18-19;BOS;PF;72;1863;15.6;.575;.364;.294;2.9;15.5;9.2;18.4;1.6;1.1;12.8;19.0;2.6;2.3;4.9;.126;0.4;0.4;0.8;1.3;
19-20;BOS;SF;52;1740;18.1;.595;.317;.207;3.4;17.8;10.7;18.7;1.1;1.2;11.2;21.1;3.5;2.2;5.7;.158;2.6;0.1;2.7;2.0;
20-21;CHO;SF;44;1496;17.6;.584;.312;.281;2.6;16.3;9.3;19.5;1.7;0.9;11.0;23.9;2.2;1.4;3.5;.114;1.6;-0.1;1.6;1.4;
21-22;CHO;SF;49;1564;15.1;.570;.357;.241;2.5;12.8;7.6;16.1;1.4;1.3;10.6;20.7;1.9;1.0;2.8;.087;0.1;-0.8;-0.7;0.5;
Career;;734;22832;17.4;.568;.315;.348;2.8;13.6;8.2;18.5;1.6;1.1;12.4;22.7;39.5;20.5;60.1;.126;2.0;2.0;22.8;
Playoffs Advanced
11-12;UTA;SF;4;123;7.1;.362;.364;.485;1.6;8.7;4.8;15.4;1.3;7.0;15.2;-0.1;-0.036;-2.3;-1.1;-3.4;
16-17;UTA;SF;11;411;20.7;.598;.362;.404;2.0;17.6;9.8;16.7;1.3;0.6;9.8;28.5;0.8;0.4;1.2;.142;5.2;0.4;5.6;0.8;
18-19;BOS;PF;9;267;9.7;.549;.343;.271;1.2;12.1;6.9;13.0;1.1;1.0;16.1;15.3;0.4;0.4;.074;-1.4;0.6;-0.8;0.1;
19-20;BOS;SF;5;157;11.0;.504;.480;.160;2.2;11.7;7.2;13.5;2.2;1.3;11.6;17.2;0.3;0.2;.076;-0.5;0.3;-0.1;0.1;
Career;;29;958;14.3;.552;.375;.349;1.8;13.9;7.9;15.0;1.4;0.8;11.1;21.2;0.8;1.0;1.8;.089;1.5;0.3;1.7;0.9;
