Gorgui Dieng;Center and Power Forward;Right;1990-01-18;;6-10;252;Huntington Prep in Huntington,West Virginia;;;;-1;;
Per Game
13-14;MIN;C;60;15;13.6;1.9;3.8;.498;1.000;1.9;3.8;.496;.500;1.0;1.6;.634;1.7;3.3;5.0;0.7;0.5;0.8;0.9;1.8;4.8;
14-15;MIN;C;73;49;30.0;3.5;7.0;.506;0.1;.167;3.5;6.9;.510;.507;2.6;3.3;.783;3.1;5.3;8.3;2.0;1.0;1.7;1.7;2.6;9.7;
15-16;MIN;C;<strong>82</strong>;39;27.1;3.8;7.1;.532;0.1;0.2;.300;3.7;6.8;.540;.537;2.5;3.0;.827;1.9;5.2;7.1;1.7;1.1;1.2;1.7;2.7;10.1;
16-17;MIN;PF;<strong>82</strong>;82;32.4;4.0;8.1;.502;0.2;0.5;.372;3.9;7.5;.511;.514;1.7;2.0;.814;2.3;5.6;7.9;1.9;1.1;1.2;1.3;3.1;10.0;
17-18;MIN;C;79;16.9;2.4;4.9;.479;0.2;0.8;.311;2.1;4.1;.511;.504;1.0;1.3;.775;1.3;3.2;4.6;0.9;0.6;0.5;0.7;1.9;5.9;
18-19;MIN;C;76;2;13.6;2.5;5.0;.501;0.3;0.7;.339;2.2;4.2;.530;.527;1.2;1.4;.830;1.1;3.0;4.1;0.9;0.6;0.5;0.8;1.8;6.4;
19-20;TOT;C;63;17;17.4;2.6;5.8;.456;0.9;2.4;.355;1.8;3.4;.528;.530;1.2;1.6;.772;1.4;4.2;5.6;1.2;0.8;0.9;1.0;2.0;7.4;
19-20;MIN;C;46;17;16.9;2.7;6.0;.448;1.0;2.6;.383;1.7;3.4;.497;.531;1.0;1.3;.797;1.6;4.0;5.6;1.3;0.8;0.9;1.0;1.9;7.4;
19-20;MEM;C;17;18.7;2.5;5.1;.483;0.5;1.9;.250;2.0;3.2;.618;.529;1.8;2.5;.738;1.1;4.7;5.8;0.9;0.8;1.0;0.9;2.1;7.2;
20-21;TOT;C;38;1;14.5;2.2;4.3;.521;0.8;1.8;.429;1.4;2.4;.591;.613;1.5;1.8;.866;1.1;2.6;3.7;1.3;0.7;0.4;0.8;1.5;6.8;
20-21;MEM;C;22;1;16.9;2.5;4.9;.519;1.0;2.2;.479;1.5;2.7;.550;.625;1.7;2.0;.884;1.3;3.2;4.5;1.3;0.8;0.6;1.0;1.7;7.9;
20-21;SAS;C;16;11.3;1.8;3.4;.527;0.4;1.4;.318;1.4;2.1;.667;.591;1.3;1.5;.833;0.8;1.9;2.6;1.2;0.6;0.1;0.6;1.1;5.3;
21-22;ATL;C;44;3;8.4;1.2;2.5;.473;0.7;1.5;.426;0.5;1.0;.545;.603;0.4;0.6;.731;0.7;2.0;2.8;0.8;0.3;0.3;0.5;1.2;3.5;
Career;;597;208;20.5;2.8;5.7;.500;0.3;0.8;.367;2.5;4.9;.522;.526;1.5;1.9;.791;1.7;4.0;5.7;1.3;0.8;0.9;1.1;2.1;7.5;
Playoffs Per Game
17-18;MIN;C;5;14.0;1.2;3.6;.333;0.4;1.0;.400;0.8;2.6;.308;.389;0.6;0.8;.750;0.6;3.0;3.6;0.8;0.4;0.8;0.2;1.2;3.4;
21-22;ATL;C;2;5.0;0.5;1.0;.500;0.5;0.5;0.5;1.000;.500;0.5;0.5;1.000;0.5;1.0;1.5;1.5;
Career;;7;11.4;1.0;2.9;.350;0.3;0.9;.333;0.7;2.0;.357;.400;0.6;0.7;.800;0.6;2.4;3.0;0.6;0.3;0.6;0.1;0.9;2.9;
Totals
13-14;MIN;C;60;15;818;113;227;.498;1;1;1.000;112;226;.496;.500;59;93;.634;103;197;300;39;30;50;54;108;286;
14-15;MIN;C;73;49;2193;259;512;.506;1;6;.167;258;506;.510;.507;191;244;.783;223;386;609;146;71;126;126;188;710;
15-16;MIN;C;<strong>82</strong>;39;2220;308;579;.532;6;20;.300;302;559;.540;.537;205;248;.827;157;428;585;143;94;96;140;219;827;
16-17;MIN;PF;<strong>82</strong>;82;2653;332;661;.502;16;43;.372;316;618;.511;.514;136;167;.814;188;459;647;158;88;95;107;254;816;
17-18;MIN;C;79;1333;186;388;.479;19;61;.311;167;327;.511;.504;79;102;.775;106;254;360;71;45;39;59;147;470;
18-19;MIN;C;76;2;1031;189;377;.501;19;56;.339;170;321;.530;.527;88;106;.830;81;230;311;72;48;41;57;134;485;
19-20;TOT;C;63;17;1096;166;364;.456;54;152;.355;112;212;.528;.530;78;101;.772;91;263;354;73;51;59;60;124;464;
19-20;MIN;C;46;17;778;124;277;.448;46;120;.383;78;157;.497;.531;47;59;.797;73;183;256;58;37;42;44;89;341;
19-20;MEM;C;17;318;42;87;.483;8;32;.250;34;55;.618;.529;31;42;.738;18;80;98;15;14;17;16;35;123;
20-21;TOT;C;38;1;552;85;163;.521;30;70;.429;55;93;.591;.613;58;67;.866;40;100;140;48;26;16;32;56;258;
20-21;MEM;C;22;1;371;56;108;.519;23;48;.479;33;60;.550;.625;38;43;.884;28;70;98;29;17;14;22;38;173;
20-21;SAS;C;16;181;29;55;.527;7;22;.318;22;33;.667;.591;20;24;.833;12;30;42;19;9;2;10;18;85;
21-22;ATL;C;44;3;371;53;112;.473;29;68;.426;24;44;.545;.603;19;26;.731;32;89;121;34;11;13;20;52;154;
Career;;597;208;12267;1691;3383;.500;175;477;.367;1516;2906;.522;.526;913;1154;.791;1021;2406;3427;784;464;535;655;1282;4470;
Playoffs Totals
17-18;MIN;C;5;70;6;18;.333;2;5;.400;4;13;.308;.389;3;4;.750;3;15;18;4;2;4;1;6;17;
21-22;ATL;C;2;10;1;2;.500;1;1;1;1.000;.500;1;1;1.000;1;2;3;3;
Career;;7;80;7;20;.350;2;6;.333;5;14;.357;.400;4;5;.800;4;17;21;4;2;4;1;6;20;
Advanced
13-14;MIN;C;60;818;16.5;.534;.004;.410;13.4;26.9;20.0;7.2;1.8;4.6;16.8;16.8;0.7;1.5;2.2;.129;-2.0;0.9;-1.1;0.2;
14-15;MIN;C;73;2193;17.2;.573;.012;.477;11.3;20.8;15.9;10.5;1.6;4.5;16.9;15.0;3.4;1.5;4.9;.108;-0.1;0.3;0.2;1.2;
15-16;MIN;C;<strong>82</strong>;2220;17.1;.601;.035;.428;8.3;22.1;15.3;10.1;2.1;3.5;16.9;16.7;3.4;2.5;5.9;.127;-0.1;0.8;0.8;1.5;
16-17;MIN;PF;<strong>82</strong>;2653;14.2;.555;.065;.253;8.1;20.5;14.2;8.6;1.7;3.1;12.7;14.0;3.2;2.5;5.7;.103;-0.8;0.6;-0.1;1.3;
17-18;MIN;C;79;1333;14.7;.543;.157;.263;9.1;22.2;15.6;7.5;1.7;2.6;12.0;16.3;1.6;1.4;2.9;.105;-0.9;-0.1;-1.0;0.3;
18-19;MIN;C;76;1031;18.1;.572;.149;.281;8.3;24.1;16.1;10.3;2.2;3.4;11.9;19.6;1.5;1.3;2.8;.132;-0.3;0.9;0.6;0.7;
19-20;TOT;C;63;1096;17.1;.568;.418;.277;8.5;25.8;17.0;9.7;2.2;4.5;12.8;17.6;1.3;1.7;2.9;.129;-0.2;1.8;1.5;1.0;
19-20;MIN;C;46;778;17.8;.563;.433;.213;9.5;25.8;17.4;11.1;2.2;4.5;12.7;18.4;0.9;1.1;2.1;.129;0.3;1.5;1.8;0.7;
19-20;MEM;C;17;318;15.5;.583;.368;.483;6.1;26.0;16.2;6.3;2.1;4.7;13.2;15.9;0.3;0.6;0.9;.130;-1.5;2.5;1.0;0.2;
20-21;TOT;C;38;552;19.2;.670;.429;.411;7.6;19.5;13.5;12.0;2.3;2.6;14.3;17.4;1.3;0.8;2.1;.185;1.8;1.5;3.4;0.7;
20-21;MEM;C;22;371;19.2;.682;.444;.398;7.9;20.2;14.0;10.6;2.2;3.4;14.8;17.0;0.9;0.6;1.5;.190;1.8;1.6;3.3;0.5;
20-21;SAS;C;16;181;19.0;.648;.400;.436;6.9;18.0;12.3;15.0;2.4;0.9;13.2;18.2;0.4;0.2;0.7;.175;2.0;1.5;3.5;0.2;
21-22;ATL;C;44;371;17.3;.624;.607;.232;9.5;26.1;17.8;12.7;1.5;3.1;13.9;16.9;0.8;0.4;1.2;.155;1.4;0.8;2.1;0.4;
Career;;597;12267;16.4;.574;.141;.341;9.3;22.4;15.7;9.5;1.9;3.6;14.4;16.1;17.2;13.5;30.7;.120;-0.3;0.7;0.4;7.3;
Playoffs Advanced
17-18;MIN;C;5;70;11.2;.430;.278;.222;4.8;22.6;14.0;8.1;1.4;6.1;4.8;13.5;0.1;0.1;.037;-0.6;1.8;1.1;0.1;
21-22;ATL;C;2;10;15.1;.615;.500;.500;11.9;24.6;18.1;11.2;.151;1.9;-3.2;-1.3;
Career;;7;80;11.7;.450;.300;.250;5.7;22.8;14.5;7.1;1.3;5.4;4.3;13.2;0.1;0.1;.051;-0.3;1.2;0.8;0.1;
