Greg Monroe;Center and Power Forward;Left;1990-06-04;;6-11;265;Helen Cox in Harvey,Louisiana;;;;-1;;
Per Game
10-11;DET;C;80;48;27.8;3.8;6.9;.551;3.8;6.9;.552;.551;1.8;2.9;.622;3.1;4.4;7.5;1.3;1.2;0.6;1.0;2.5;9.4;
11-12;DET;C;<strong>66</strong>;66;31.5;6.2;11.8;.521;6.2;11.8;.522;.521;3.0;4.1;.739;3.6;6.0;9.7;2.3;1.3;0.7;2.4;2.7;15.4;
12-13;DET;C;81;81;33.2;6.3;13.1;.486;6.3;13.0;.488;.486;3.3;4.8;.689;2.9;6.7;9.6;3.5;1.3;0.7;2.9;2.3;16.0;
13-14;DET;PF;82;82;32.8;6.1;12.4;.497;6.1;12.4;.497;.497;2.9;4.5;.657;3.1;6.1;9.3;2.1;1.1;0.6;2.0;2.5;15.2;
14-15;DET;PF;69;57;31.0;6.1;12.4;.496;6.1;12.4;.496;.496;3.7;4.9;.750;3.3;6.9;10.2;2.1;1.1;0.5;2.2;2.1;15.9;
15-16;MIL;C;79;67;29.3;6.2;11.9;.522;6.2;11.9;.522;.522;2.9;3.9;.740;2.8;6.1;8.8;2.3;0.9;0.8;1.6;2.1;15.3;
16-17;MIL;C;81;22.5;4.8;9.0;.533;4.8;8.9;.536;.533;2.2;3.0;.741;2.1;4.5;6.6;2.3;1.1;0.5;1.7;2.1;11.7;
17-18;TOT;C;51;14;20.4;4.3;7.6;.565;4.3;7.6;.565;.565;1.7;2.3;.739;2.1;4.7;6.9;2.2;0.9;0.5;1.8;1.9;10.3;
17-18;MIL;C;5;15.8;3.2;6.6;.485;3.2;6.6;.485;.485;0.4;0.8;.500;1.2;3.8;5.0;1.0;1.2;1.4;6.8;
17-18;PHO;C;20;14;23.3;4.9;7.8;.626;4.9;7.8;.626;.626;1.6;2.3;.674;2.5;5.5;8.0;2.5;0.8;0.3;2.0;2.0;11.3;
17-18;BOS;C;26;19.1;4.0;7.6;.530;4.0;7.6;.530;.530;2.1;2.7;.797;2.0;4.3;6.3;2.3;1.1;0.7;1.8;1.8;10.2;
18-19;TOT;C;43;2;11.2;2.1;4.4;.487;0.1;.200;2.1;4.3;.495;.489;1.0;1.7;.625;1.6;2.4;4.0;0.6;0.3;0.2;0.7;1.5;5.3;
18-19;TOR;C;38;2;11.1;1.9;4.2;.460;0.1;1.9;4.1;.471;.460;0.9;1.6;.574;1.6;2.5;4.1;0.4;0.3;0.2;0.8;1.6;4.8;
18-19;BOS;C;2;2.5;1.5;2.5;.600;1.5;2.5;.600;.600;1.5;1.5;0.5;3.0;
18-19;PHI;C;3;17.3;5.0;7.7;.652;0.3;0.3;1.000;4.7;7.3;.636;.674;3.3;3.7;.909;1.3;3.0;4.3;2.3;0.3;0.3;1.7;13.7;
21-22;TOT;C;14;13.9;2.3;4.1;.561;2.3;4.1;.561;.561;0.9;1.6;.522;2.1;2.4;4.6;1.6;0.6;0.7;0.9;1.7;5.4;
21-22;MIN;C;4;20.3;3.3;5.5;.591;3.3;5.5;.591;.591;0.8;1.8;.429;1.5;4.5;6.0;4.0;1.0;1.5;1.8;2.3;7.3;
21-22;WAS;C;2;9.0;2.0;4.0;.500;2.0;4.0;.500;.500;3.5;1.5;5.0;0.5;0.5;0.5;1.0;1.0;4.0;
21-22;MIL;C;5;14.0;2.2;4.4;.500;2.2;4.4;.500;.500;1.0;1.8;.556;2.2;2.0;4.2;0.4;0.6;0.4;0.6;1.4;5.4;
21-22;UTA;C;3;8.7;1.3;1.7;.800;1.3;1.7;.800;.800;1.3;2.3;.571;2.0;1.0;3.0;1.0;0.3;2.0;4.0;
Career;;646;417;27.4;5.2;10.1;.514;.059;5.2;10.1;.515;.514;2.6;3.7;.703;2.8;5.4;8.2;2.1;1.1;0.6;1.9;2.2;13.0;
Playoffs Per Game
16-17;MIL;C;6;23.5;4.5;8.5;.529;4.5;8.5;.529;.529;4.2;5.0;.833;2.8;4.5;7.3;1.7;1.3;0.5;1.8;2.7;13.2;
17-18;BOS;C;11;9.5;1.7;3.5;.500;1.7;3.5;.500;.500;1.4;2.0;.682;1.3;1.9;3.2;0.5;0.2;0.2;1.3;0.8;4.8;
18-19;PHI;C;10;1;9.0;1.6;4.0;.400;0.1;0.4;.250;1.5;3.6;.417;.413;0.7;0.9;.778;1.4;1.7;3.1;0.4;0.5;0.4;0.4;1.1;4.0;
21-22;MIN;C;2;3.5;1.0;2.5;.400;1.0;2.5;.400;.400;0.5;0.5;1.0;0.5;1.0;0.5;0.5;2.0;
Career;;29;1;11.8;2.2;4.6;.478;0.1;.250;2.2;4.5;.485;.481;1.6;2.1;.770;1.6;2.3;3.9;0.7;0.6;0.3;1.0;1.3;6.1;
Totals
10-11;DET;C;80;48;2222;303;550;.551;1;303;549;.552;.551;145;233;.622;248;353;601;105;93;45;81;196;751;
11-12;DET;C;<strong>66</strong>;66;2082;407;781;.521;1;407;780;.522;.521;201;272;.739;239;398;637;152;83;46;161;180;1015;
12-13;DET;C;81;81;2687;514;1058;.486;4;514;1054;.488;.486;270;392;.689;236;541;777;281;105;55;234;190;1298;
13-14;DET;PF;82;82;2690;504;1015;.497;1;504;1014;.497;.497;241;367;.657;256;504;760;171;91;47;166;205;1249;
14-15;DET;PF;69;57;2137;423;853;.496;423;853;.496;.496;252;336;.750;229;475;704;142;78;34;149;148;1098;
15-16;MIL;C;79;67;2314;491;941;.522;1;491;940;.522;.522;228;308;.740;218;478;696;178;72;67;129;163;1210;
16-17;MIL;C;81;1823;387;726;.533;4;387;722;.536;.533;177;239;.741;167;365;532;187;92;38;140;168;951;
17-18;TOT;C;51;14;1040;218;386;.565;218;386;.565;.565;88;119;.739;109;241;350;114;44;23;94;95;524;
17-18;MIL;C;5;79;16;33;.485;16;33;.485;.485;2;4;.500;6;19;25;5;6;7;34;
17-18;PHO;C;20;14;465;97;155;.626;97;155;.626;.626;31;46;.674;50;110;160;50;16;6;40;40;225;
17-18;BOS;C;26;496;105;198;.530;105;198;.530;.530;55;69;.797;53;112;165;59;28;17;48;48;265;
18-19;TOT;C;43;2;480;92;189;.487;1;5;.200;91;184;.495;.489;45;72;.625;67;105;172;24;14;8;32;66;230;
18-19;TOR;C;38;2;423;74;161;.460;4;74;157;.471;.460;35;61;.574;60;96;156;16;13;8;31;61;183;
18-19;BOS;C;2;5;3;5;.600;3;5;.600;.600;3;3;1;6;
18-19;PHI;C;3;52;15;23;.652;1;1;1.000;14;22;.636;.674;10;11;.909;4;9;13;7;1;1;5;41;
21-22;TOT;C;14;195;32;57;.561;32;57;.561;.561;12;23;.522;30;34;64;22;8;10;12;24;76;
21-22;MIN;C;4;81;13;22;.591;13;22;.591;.591;3;7;.429;6;18;24;16;4;6;7;9;29;
21-22;WAS;C;2;18;4;8;.500;4;8;.500;.500;7;3;10;1;1;1;2;2;8;
21-22;MIL;C;5;70;11;22;.500;11;22;.500;.500;5;9;.556;11;10;21;2;3;2;3;7;27;
21-22;UTA;C;3;26;4;5;.800;4;5;.800;.800;4;7;.571;6;3;9;3;1;6;12;
Career;;646;417;17670;3371;6556;.514;1;17;.059;3370;6539;.515;.514;1659;2361;.703;1799;3494;5293;1376;680;373;1198;1435;8402;
Playoffs Totals
16-17;MIL;C;6;141;27;51;.529;27;51;.529;.529;25;30;.833;17;27;44;10;8;3;11;16;79;
17-18;BOS;C;11;105;19;38;.500;19;38;.500;.500;15;22;.682;14;21;35;5;2;2;14;9;53;
18-19;PHI;C;10;1;90;16;40;.400;1;4;.250;15;36;.417;.413;7;9;.778;14;17;31;4;5;4;4;11;40;
21-22;MIN;C;2;7;2;5;.400;2;5;.400;.400;1;1;2;1;2;1;1;4;
Career;;29;1;343;64;134;.478;1;4;.250;63;130;.485;.481;47;61;.770;46;66;112;20;17;9;30;37;176;
Advanced
10-11;DET;C;80;2222;18.0;.575;.002;.424;13.0;20.4;16.5;7.5;2.3;1.6;11.0;15.4;4.7;1.9;6.6;.143;0.9;-0.5;0.4;1.4;
11-12;DET;C;<strong>66</strong>;2082;22.0;.563;.001;.348;13.3;23.6;18.3;14.0;2.1;1.7;15.2;23.6;4.3;2.7;7.0;.161;2.8;0.1;2.9;2.6;
12-13;DET;C;81;2687;19.5;.527;.004;.371;9.9;23.6;16.7;18.6;2.1;1.6;16.0;24.8;2.7;3.2;5.9;.105;1.5;0.4;1.8;2.6;
13-14;DET;PF;82;2690;18.1;.531;.001;.362;9.9;21.6;15.4;10.3;1.7;1.4;12.4;21.4;3.7;2.3;5.9;.106;0.6;-0.6;0.1;1.4;
14-15;DET;PF;69;2137;21.2;.549;.394;11.2;25.1;17.9;11.7;1.9;1.3;13.0;23.9;4.0;2.8;6.8;.153;2.0;2.0;2.1;
15-16;MIL;C;79;2314;21.8;.562;.001;.327;10.9;23.4;17.2;13.2;1.6;2.5;10.7;23.5;5.0;2.4;7.5;.155;2.7;-0.6;2.1;2.4;
16-17;MIL;C;81;1823;21.1;.572;.006;.329;10.8;23.1;17.0;17.3;2.6;1.8;14.4;24.3;3.0;2.6;5.6;.147;1.3;0.5;1.8;1.7;
17-18;TOT;C;51;1040;21.2;.598;.308;11.4;25.2;18.3;18.7;2.1;1.8;17.7;22.4;1.8;1.6;3.4;.155;1.3;1.0;2.2;1.1;
17-18;MIL;C;5;79;11.1;.489;.121;8.9;28.1;18.5;10.2;14.7;23.3;-0.1;-0.013;-3.2;-2.4;-5.6;-0.1;
17-18;PHO;C;20;465;21.0;.642;.297;11.3;25.7;18.4;18.2;1.6;1.0;18.6;19.6;1.0;0.4;1.4;.142;2.1;2.1;0.5;
17-18;BOS;C;26;496;23.0;.580;.348;11.9;24.4;18.2;20.5;2.8;2.9;17.4;24.9;0.8;1.1;2.0;.193;1.2;2.4;3.6;0.7;
18-19;TOT;C;43;480;16.0;.521;.026;.381;15.4;22.9;19.3;8.1;1.4;1.4;12.7;22.6;0.4;0.7;1.1;.108;-2.0;-1.3;-3.2;-0.1;
18-19;TOR;C;38;423;13.5;.487;.025;.379;15.7;23.8;19.9;5.4;1.5;1.6;14.2;22.2;-0.1;0.7;0.6;.071;-3.5;-1.4;-5.0;-0.3;
18-19;BOS;C;2;5;60.2;.600;63.9;32.0;73.4;43.1;0.1;0.1;.534;28.0;-2.8;25.2;
18-19;PHI;C;3;52;31.7;.736;.043;.478;8.4;17.8;13.2;23.5;0.9;3.5;23.2;0.4;0.4;.370;7.8;0.4;8.2;0.1;
21-22;TOT;C;14;195;19.5;.566;.404;16.9;18.8;17.7;16.2;2.0;4.8;15.2;17.3;0.4;0.3;0.7;.169;-0.3;0.7;0.4;0.1;
21-22;MIN;C;4;81;18.9;.578;.318;7.8;24.4;15.9;28.1;2.3;7.1;21.8;16.6;0.1;0.1;0.3;.149;-0.3;4.8;4.5;0.1;
21-22;WAS;C;2;18;25.1;.500;43.8;18.2;30.8;9.0;2.7;4.7;20.0;24.7;0.1;.135;-0.1;-4.3;-4.4;
21-22;MIL;C;5;70;16.0;.520;.409;17.0;14.8;15.9;4.0;2.1;2.8;10.4;17.7;0.1;0.1;0.2;.119;-2.2;-2.3;-4.5;
21-22;UTA;C;3;26;27.0;.743;1.400;26.1;12.2;19.0;16.7;3.4;13.5;0.2;0.2;.390;4.6;-0.3;4.4;
Career;;646;17670;20.1;.553;.003;.360;11.4;23.0;17.1;13.4;2.0;1.7;13.6;22.3;29.9;20.5;50.4;.137;1.5;-0.1;1.4;15.3;
Playoffs Advanced
16-17;MIL;C;6;141;24.3;.615;.588;13.5;24.8;18.8;13.3;3.0;2.0;14.6;25.4;0.3;0.3;0.7;.229;3.1;2.3;5.4;0.3;
17-18;BOS;C;11;105;15.9;.556;.579;14.9;23.5;19.1;8.4;1.0;1.7;22.7;27.1;0.1;0.1;.047;-1.9;-1.8;-3.7;
18-19;PHI;C;10;90;17.4;.455;.100;.225;17.8;19.4;18.6;6.9;2.7;4.0;8.3;22.5;0.2;0.2;.118;0.4;-0.8;-0.4;
21-22;MIN;C;2;7;21.2;.400;16.8;15.0;15.9;30.3;13.4;16.7;36.7;-0.038;-2.5;5.8;3.3;
Career;;29;343;19.9;.547;.030;.455;15.1;22.8;18.8;10.4;2.5;2.4;15.7;25.4;0.3;0.7;1.0;.139;0.7;0.3;1.0;0.3;
