Greg Smith;Center and Power Forward;Right;1991-01-08;;6-10;250;;;;;-1;;
Per Game
11-12;HOU;C;8;8.6;0.9;1.4;.636;0.9;1.4;.636;.636;0.6;1.9;2.5;0.1;0.3;0.6;0.1;2.1;1.8;
12-13;HOU;C;70;10;15.9;2.4;3.9;.620;2.4;3.9;.623;.620;1.2;1.9;.623;1.6;3.0;4.6;0.4;0.3;0.6;0.6;2.5;6.0;
13-14;HOU;C;11;9.1;1.6;2.5;.643;1.6;2.5;.643;.643;0.2;0.5;.400;1.0;1.5;2.5;0.1;0.2;0.5;1.5;3.5;
14-15;DAL;PF;42;2;8.6;0.7;1.2;.612;0.7;1.2;.612;.612;0.5;0.9;.513;0.6;1.3;1.9;0.2;0.2;0.3;0.3;1.3;1.9;
15-16;MIN;PF;18;10.7;1.0;1.8;.563;1.0;1.8;.563;.563;0.4;0.9;.412;0.7;1.7;2.3;0.3;0.2;0.1;0.4;1.6;2.4;
Career;;149;12;12.3;1.6;2.6;.617;1.6;2.6;.618;.617;0.7;1.3;.576;1.1;2.2;3.3;0.3;0.2;0.4;0.4;1.9;4.0;
Playoffs Per Game
12-13;HOU;C;5;1;11.8;1.2;1.8;.667;1.2;1.8;.667;.667;1.2;2.4;.500;1.4;1.2;2.6;0.4;0.4;0.8;1.8;3.6;
14-15;DAL;PF;1;1.0;
Career;;6;1;10.0;1.0;1.5;.667;1.0;1.5;.667;.667;1.0;2.0;.500;1.2;1.0;2.2;0.3;0.3;0.7;1.5;3.0;
Totals
11-12;HOU;C;8;69;7;11;.636;7;11;.636;.636;5;15;20;1;2;5;1;17;14;
12-13;HOU;C;70;10;1110;170;274;.620;1;170;273;.623;.620;81;130;.623;111;210;321;25;18;40;41;175;421;
13-14;HOU;C;11;100;18;28;.643;18;28;.643;.643;2;5;.400;11;16;27;1;2;5;17;38;
14-15;DAL;PF;42;2;363;30;49;.612;30;49;.612;.612;20;39;.513;26;53;79;9;7;11;11;53;80;
15-16;MIN;PF;18;192;18;32;.563;18;32;.563;.563;7;17;.412;12;30;42;6;4;1;7;28;43;
Career;;149;12;1834;243;394;.617;1;243;393;.618;.617;110;191;.576;165;324;489;41;32;59;65;290;596;
Playoffs Totals
12-13;HOU;C;5;1;59;6;9;.667;6;9;.667;.667;6;12;.500;7;6;13;2;2;4;9;18;
14-15;DAL;PF;1;1;
Career;;6;1;60;6;9;.667;6;9;.667;.667;6;12;.500;7;6;13;2;2;4;9;18;
Advanced
11-12;HOU;C;8;69;12.3;.636;8.3;25.5;16.8;2.2;1.5;5.4;8.3;7.9;0.1;0.1;0.2;.165;-4.2;3.4;-0.8;
12-13;HOU;C;70;1110;16.1;.636;.004;.474;11.5;21.2;16.4;3.5;0.8;2.7;11.0;14.7;2.8;1.2;4.0;.172;-0.6;-0.6;0.4;
13-14;HOU;C;11;100;13.7;.629;.179;13.0;16.8;15.0;0.5;1.5;14.2;15.4;0.2;0.1;0.2;.119;-1.2;-1.2;-2.5;
14-15;DAL;PF;42;363;10.2;.605;.796;7.8;16.1;11.9;3.4;1.0;2.5;14.3;9.5;0.5;0.3;0.8;.108;-3.1;0.5;-2.6;-0.1;
15-16;MIN;PF;18;192;7.9;.545;.531;7.4;17.9;12.7;4.6;1.1;0.4;15.1;10.8;0.1;0.1;0.2;.045;-4.1;-1.4;-5.5;-0.2;
Career;;149;1834;13.8;.623;.003;.485;10.3;19.8;15.1;3.4;0.9;2.5;12.0;13.0;3.6;1.8;5.5;.143;-1.7;-1.6;0.2;
Playoffs Advanced
12-13;HOU;C;5;59;13.0;.630;1.333;13.0;11.5;12.3;1.7;3.0;21.9;13.6;0.1;0.1;.072;-1.4;0.3;-1.1;
14-15;DAL;PF;1;1;-0.039;-3.0;-1.0;-4.0;
Career;;6;60;12.8;.630;1.333;12.8;11.3;12.1;1.7;2.9;21.9;13.4;0.1;0.1;.070;-1.4;0.3;-1.2;
