Greg Stiemsma;Center;Right;1985-09-26;;6-11;260;Randolph in Randolph,Wisconsin;;;;-1;;
Per Game
11-12;BOS;C;55;3;13.9;1.2;2.2;.545;1.2;2.2;.545;.545;0.5;0.7;.707;0.9;2.3;3.2;0.5;0.7;1.5;0.6;2.6;2.9;
12-13;MIN;C;76;19;15.9;1.7;3.7;.457;1.7;3.7;.457;.457;0.7;0.9;.768;0.8;2.6;3.4;0.4;0.6;1.2;0.8;2.4;4.0;
13-14;NOP;C;55;20;18.3;1.3;2.2;.574;1.3;2.2;.579;.574;0.3;0.6;.594;1.3;2.8;4.1;0.7;0.6;1.0;0.8;3.1;2.9;
14-15;TOR;C;17;3.9;0.4;0.5;.750;0.4;0.5;.750;.750;0.1;0.2;.500;0.5;0.4;0.9;0.2;0.1;0.4;0.9;0.8;
Career;;203;42;15.0;1.3;2.6;.509;1.3;2.6;.509;.509;0.5;0.7;.705;0.9;2.4;3.3;0.5;0.6;1.1;0.7;2.5;3.2;
Playoffs Per Game
11-12;BOS;C;19;7.5;0.6;0.9;.667;0.6;0.9;.667;.667;0.2;0.3;.667;0.5;1.7;2.2;0.3;0.2;0.6;0.2;1.4;1.5;
14-15;TOR;C;1;2.0;2.0;2.0;1.000;2.0;2.0;1.000;1.000;1.0;2.0;.500;5.0;
Career;;20;7.3;0.7;1.0;.700;0.7;1.0;.700;.700;0.3;0.4;.625;0.5;1.6;2.1;0.3;0.2;0.6;0.2;1.3;1.7;
Totals
11-12;BOS;C;55;3;766;66;121;.545;66;121;.545;.545;29;41;.707;48;129;177;28;37;85;33;144;161;
12-13;MIN;C;76;19;1209;127;278;.457;127;278;.457;.457;53;69;.768;61;200;261;30;44;90;59;184;307;
13-14;NOP;C;55;20;1007;70;122;.574;1;70;121;.579;.574;19;32;.594;72;154;226;36;35;57;44;169;159;
14-15;TOR;C;17;66;6;8;.750;6;8;.750;.750;2;4;.500;9;6;15;3;2;7;15;14;
Career;;203;42;3048;269;529;.509;1;269;528;.509;.509;103;146;.705;190;489;679;97;118;232;143;512;641;
Playoffs Totals
11-12;BOS;C;19;143;12;18;.667;12;18;.667;.667;4;6;.667;9;32;41;5;4;11;4;26;28;
14-15;TOR;C;1;2;2;2;1.000;2;2;1.000;1.000;1;2;.500;5;
Career;;20;145;14;20;.700;14;20;.700;.700;5;8;.625;9;32;41;5;4;11;4;26;33;
Advanced
11-12;BOS;C;55;766;13.6;.579;.339;7.7;19.0;13.6;5.6;2.6;8.5;19.2;10.8;0.6;2.2;2.7;.170;-4.0;5.5;1.4;0.7;
12-13;MIN;C;76;1209;10.5;.498;.248;5.6;19.5;12.3;3.9;1.9;5.8;16.1;13.6;-0.3;2.0;1.7;.069;-5.1;2.3;-2.8;-0.3;
13-14;NOP;C;55;1007;9.7;.584;.008;.262;8.2;18.0;13.0;5.0;1.8;4.7;24.4;8.1;0.5;1.0;1.5;.072;-3.6;1.9;-1.7;0.1;
14-15;TOR;C;17;66;7.8;.717;.500;15.7;10.5;13.1;6.6;1.6;41.8;11.5;0.1;.050;-5.0;-0.9;-6.0;-0.1;
Career;;203;3048;11.0;.540;.002;.276;7.2;18.7;12.9;4.8;2.0;6.0;19.4;11.0;0.8;5.2;6.0;.095;-4.3;2.9;-1.5;0.4;
Playoffs Advanced
11-12;BOS;C;19;143;14.3;.678;.333;7.7;25.7;17.0;5.7;1.5;6.2;16.2;8.4;0.3;0.3;0.6;.197;-2.0;4.6;2.6;0.2;
14-15;TOR;C;1;2;101.6;.868;1.000;64.7;0.1;0.1;1.540;42.0;6.1;48.2;
Career;;20;145;15.5;.702;.400;7.6;25.3;16.8;5.7;1.5;6.1;14.5;9.2;0.3;0.3;0.7;.215;-1.4;4.6;3.2;0.2;
