Greivis Vásquez;Point Guard;Right;1987-01-16;;6-6;217;Montrose Christian School in Rockville,Maryland;;;;-1;;
Per Game
10-11;MEM;PG;70;1;12.3;1.4;3.3;.408;0.4;1.2;.291;1.0;2.1;.476;.461;0.5;0.6;.773;0.2;0.9;1.0;2.2;0.3;0.1;1.0;1.2;3.6;
11-12;NOH;PG;<strong>66</strong>;26;25.8;3.4;7.9;.430;0.7;2.0;.319;2.8;5.9;.469;.471;1.5;1.8;.821;0.3;2.3;2.6;5.4;0.9;0.1;2.2;1.9;8.9;
12-13;NOH;PG;78;78;34.4;5.6;13.0;.433;1.1;3.1;.342;4.6;9.9;.462;.474;1.6;2.0;.805;0.6;3.8;4.3;9.0;0.8;0.1;3.2;2.4;13.9;
13-14;TOT;PG;79;23;22.5;3.5;8.3;.421;1.4;3.7;.377;2.1;4.7;.455;.504;1.2;1.4;.880;0.3;1.9;2.2;4.1;0.4;0.1;1.6;1.8;9.6;
13-14;SAC;PG;18;18;25.8;3.6;8.3;.433;0.9;2.8;.320;2.7;5.6;.490;.487;1.7;1.8;.938;0.3;1.6;1.9;5.3;0.3;0.1;1.5;2.1;9.8;
13-14;TOR;PG;61;5;21.5;3.5;8.3;.417;1.5;3.9;.389;2.0;4.4;.442;.509;1.1;1.2;.855;0.2;2.0;2.3;3.7;0.4;0.1;1.7;1.7;9.5;
14-15;TOR;PG;82;29;24.3;3.6;8.8;.408;1.6;4.3;.379;2.0;4.6;.436;.500;0.6;0.8;.758;0.3;2.4;2.6;3.7;0.6;0.1;1.5;2.2;9.5;
15-16;MIL;PG;23;20.0;2.0;6.0;.326;0.8;3.2;.247;1.2;2.8;.415;.391;1.0;1.1;.846;0.2;1.8;2.0;4.0;0.4;1.7;1.8;5.7;
16-17;BRK;PG;3;13.0;0.7;2.7;.250;0.3;1.0;.333;0.3;1.7;.200;.313;0.7;1.0;.667;0.7;0.7;1.7;0.3;0.3;0.3;2.0;2.3;
Career;;401;157;23.7;3.4;8.2;.418;1.0;2.9;.349;2.4;5.3;.456;.480;1.1;1.3;.817;0.3;2.2;2.5;4.8;0.6;0.1;1.9;1.9;9.0;
Playoffs Per Game
10-11;MEM;PG;13;10.9;1.6;3.2;.512;0.3;0.8;.364;1.3;2.3;.567;.561;0.8;1.0;.769;0.2;1.2;1.5;1.9;0.4;0.2;0.7;0.8;4.3;
13-14;TOR;PG;7;27.1;3.9;9.1;.422;1.4;3.9;.370;2.4;5.3;.459;.500;1.0;1.3;.778;0.4;3.3;3.7;5.1;0.6;0.1;1.4;3.1;10.1;
14-15;TOR;PG;4;25.3;2.8;7.3;.379;1.3;3.5;.357;1.5;3.8;.400;.466;0.8;0.8;1.000;1.8;1.8;3.0;0.5;1.0;3.8;7.5;
Career;;24;18.0;2.5;5.6;.440;0.8;2.2;.365;1.7;3.4;.488;.511;0.8;1.0;.800;0.3;1.9;2.2;3.0;0.5;0.1;1.0;2.0;6.5;
Totals
10-11;MEM;PG;70;1;860;95;233;.408;25;86;.291;70;147;.476;.461;34;44;.773;12;61;73;151;22;4;70;83;249;
11-12;NOH;PG;<strong>66</strong>;26;1706;225;523;.430;43;135;.319;182;388;.469;.471;96;117;.821;23;150;173;359;60;8;148;126;589;
12-13;NOH;PG;78;78;2685;438;1012;.433;83;243;.342;355;769;.462;.474;124;154;.805;43;294;337;<strong>704</strong>;66;6;247;190;1083;
13-14;TOT;PG;79;23;1779;277;658;.421;109;289;.377;168;369;.455;.504;95;108;.880;20;153;173;323;31;5;128;143;758;
13-14;SAC;PG;18;18;465;65;150;.433;16;50;.320;49;100;.490;.487;30;32;.938;5;29;34;95;6;1;27;38;176;
13-14;TOR;PG;61;5;1314;212;508;.417;93;239;.389;119;269;.442;.509;65;76;.855;15;124;139;228;25;4;101;105;582;
14-15;TOR;PG;82;29;1991;296;725;.408;133;351;.379;163;374;.436;.500;50;66;.758;22;194;216;302;46;10;119;177;775;
15-16;MIL;PG;23;460;45;138;.326;18;73;.247;27;65;.415;.391;22;26;.846;5;42;47;91;10;40;42;130;
16-17;BRK;PG;3;39;2;8;.250;1;3;.333;1;5;.200;.313;2;3;.667;2;2;5;1;1;1;6;7;
Career;;401;157;9520;1378;3297;.418;412;1180;.349;966;2117;.456;.480;423;518;.817;125;896;1021;1935;236;34;753;767;3591;
Playoffs Totals
10-11;MEM;PG;13;142;21;41;.512;4;11;.364;17;30;.567;.561;10;13;.769;3;16;19;25;5;2;9;11;56;
13-14;TOR;PG;7;190;27;64;.422;10;27;.370;17;37;.459;.500;7;9;.778;3;23;26;36;4;1;10;22;71;
14-15;TOR;PG;4;101;11;29;.379;5;14;.357;6;15;.400;.466;3;3;1.000;7;7;12;2;4;15;30;
Career;;24;433;59;134;.440;19;52;.365;40;82;.488;.511;20;25;.800;6;46;52;73;11;3;23;48;157;
Advanced
10-11;MEM;PG;70;860;9.4;.493;.369;.189;1.7;8.6;5.1;25.3;1.3;0.4;21.7;16.9;-0.1;0.7;0.5;.030;-2.4;-0.9;-3.3;-0.3;
11-12;NOH;PG;<strong>66</strong>;1706;14.2;.513;.258;.224;1.6;10.3;6.0;35.7;1.9;0.4;20.5;20.0;1.0;1.3;2.3;.064;-0.2;-0.9;-1.1;0.4;
12-13;NOH;PG;78;2685;16.3;.502;.240;.152;1.9;13.3;7.5;44.9;1.3;0.2;18.6;23.0;3.0;0.7;3.8;.067;1.6;-1.9;-0.4;1.1;
13-14;TOT;PG;79;1779;14.1;.537;.439;.164;1.3;10.0;5.6;30.4;0.9;0.2;15.4;21.1;2.4;1.2;3.6;.097;1.1;-1.5;-0.4;0.7;
13-14;SAC;PG;18;465;14.1;.536;.333;.213;1.2;7.1;4.1;32.8;0.7;0.2;14.1;18.1;0.9;0.1;0.9;.097;0.3;-2.1;-1.8;
13-14;TOR;PG;61;1314;14.2;.537;.470;.150;1.3;11.1;6.2;29.5;1.0;0.2;15.7;22.2;1.6;1.1;2.6;.096;1.4;-1.3;0.1;0.7;
14-15;TOR;PG;82;1991;12.6;.514;.484;.091;1.3;11.2;6.3;23.9;1.2;0.4;13.6;19.8;1.9;0.9;2.8;.066;0.4;-1.4;-1.0;0.5;
15-16;MIL;PG;23;460;7.4;.435;.529;.188;1.3;10.3;5.8;28.5;1.1;21.1;18.5;-0.4;0.1;-0.3;-0.033;-3.4;-2.9;-6.2;-0.5;
16-17;BRK;PG;3;39;4.1;.376;.375;.375;5.4;2.7;17.5;1.2;1.9;9.7;11.3;-0.006;-6.4;0.9;-5.5;
Career;;401;9520;13.7;.509;.358;.157;1.5;11.1;6.3;33.5;1.3;0.3;17.6;20.6;7.8;4.8;12.6;.064;0.3;-1.5;-1.2;1.8;
Playoffs Advanced
10-11;MEM;PG;13;142;18.8;.599;.268;.317;2.4;13.3;7.7;30.0;1.9;1.2;16.2;17.9;0.3;0.1;0.5;.154;2.7;2.5;5.2;0.2;
13-14;TOR;PG;7;190;14.5;.522;.422;.141;2.0;14.2;8.3;35.1;1.1;0.5;12.8;19.3;0.3;0.1;0.4;.105;1.9;0.3;2.2;0.2;
14-15;TOR;PG;4;101;7.9;.495;.483;.103;8.4;3.9;18.6;1.0;11.7;15.3;-0.009;-2.1;-1.8;-3.9;-0.1;
Career;;24;433;14.4;.541;.388;.187;1.7;12.5;7.1;29.6;1.3;0.6;13.7;17.9;0.6;0.2;0.9;.094;1.2;0.5;1.8;0.4;
