Harrison Barnes;Power Forward and Small Forward;Right;1992-05-30;;6-8;225;Ames in Ames,Iowa;;;;-1;;
Per Game
12-13;GSW;SF;81;81;25.4;3.4;7.8;.439;0.6;1.8;.359;2.8;6.0;.464;.481;1.8;2.3;.758;0.7;3.5;4.1;1.2;0.6;0.2;1.2;1.7;9.2;
13-14;GSW;SF;78;24;28.3;3.5;8.7;.399;0.8;2.4;.347;2.6;6.3;.419;.448;1.7;2.3;.718;0.8;3.1;4.0;1.5;0.8;0.3;1.1;2.0;9.5;
14-15;GSW;SF;82;82;28.3;3.9;8.0;.482;1.1;2.6;.405;2.8;5.4;.519;.548;1.3;1.8;.720;1.4;4.1;5.5;1.4;0.7;0.2;0.9;1.8;10.1;
15-16;GSW;SF;66;59;30.9;4.5;9.6;.466;1.2;3.2;.383;3.2;6.3;.508;.531;1.5;2.0;.761;1.2;3.8;4.9;1.8;0.6;0.2;0.9;2.1;11.7;
16-17;DAL;PF;79;79;35.5;7.6;16.2;.468;1.0;2.8;.351;6.6;13.4;.492;.498;3.1;3.6;.861;1.2;3.8;5.0;1.5;0.8;0.2;1.3;1.6;19.2;
17-18;DAL;PF;77;77;34.2;7.0;15.7;.445;1.5;4.3;.357;5.4;11.4;.478;.494;3.4;4.1;.827;1.0;5.1;6.1;2.0;0.6;0.2;1.5;1.2;18.9;
18-19;TOT;PF,SF;77;77;32.9;5.6;13.3;.420;2.3;5.7;.395;3.3;7.6;.439;.504;3.0;3.6;.824;0.7;3.9;4.7;1.5;0.6;0.2;1.3;1.6;16.4;
18-19;DAL;PF;49;49;32.3;5.9;14.6;.404;2.5;6.3;.389;3.4;8.3;.416;.489;3.4;4.0;.833;0.7;3.5;4.2;1.3;0.7;0.2;1.4;1.6;17.7;
18-19;SAC;SF;28;28;33.9;5.0;11.1;.455;1.9;4.6;.408;3.1;6.4;.489;.540;2.3;2.9;.800;0.8;4.8;5.5;1.9;0.6;0.1;1.1;1.5;14.3;
19-20;SAC;PF;72;72;34.5;5.1;11.0;.460;1.4;3.7;.381;3.7;7.3;.501;.525;3.0;3.7;.801;1.1;3.9;4.9;2.2;0.6;0.2;1.2;1.3;14.5;
20-21;SAC;PF;58;58;36.2;5.5;11.1;.497;1.7;4.4;.391;3.8;6.7;.567;.575;3.4;4.1;.830;1.1;5.5;6.6;3.5;0.7;0.2;1.6;1.3;16.1;
21-22;SAC;PF;77;77;33.6;5.1;10.8;.469;1.8;4.7;.394;3.2;6.2;.525;.554;4.4;5.4;.826;1.1;4.5;5.6;2.4;0.7;0.2;1.5;1.2;16.4;
Career;;747;686;31.8;5.1;11.2;.453;1.3;3.5;.379;3.7;7.7;.488;.513;2.6;3.3;.804;1.0;4.1;5.1;1.8;0.7;0.2;1.2;1.6;14.1;
Playoffs Per Game
12-13;GSW;SF;12;12;38.4;6.0;13.5;.444;1.6;4.3;.365;4.4;9.2;.482;.503;2.5;2.9;.857;1.5;4.9;6.4;1.3;0.6;0.4;1.3;2.8;16.1;
13-14;GSW;SF;7;22.3;2.7;6.9;.396;1.1;3.0;.381;1.6;3.9;.407;.479;1.3;2.3;.563;1.0;3.0;4.0;1.1;0.1;0.4;0.7;1.9;7.9;
14-15;GSW;SF;<strong>21</strong>;21;32.4;4.2;9.5;.440;1.0;3.0;.355;3.1;6.6;.478;.495;1.2;1.6;.735;2.1;3.1;5.2;1.5;0.8;0.5;1.0;2.1;10.6;
15-16;GSW;SF;<strong>24</strong>;23;31.0;3.4;8.9;.385;1.1;3.2;.342;2.3;5.7;.409;.446;1.1;1.4;.765;1.1;3.5;4.7;1.3;0.7;0.2;0.8;1.9;9.0;
Career;;64;56;31.9;4.1;9.7;.419;1.2;3.3;.355;2.9;6.4;.451;.479;1.4;1.9;.756;1.5;3.6;5.1;1.3;0.7;0.4;1.0;2.1;10.7;
Totals
12-13;GSW;SF;81;81;2058;276;628;.439;52;145;.359;224;483;.464;.481;144;190;.758;53;280;333;98;52;14;101;140;748;
13-14;GSW;SF;78;24;2204;271;679;.399;66;190;.347;205;489;.419;.448;130;181;.718;66;245;311;116;65;20;84;158;738;
14-15;GSW;SF;82;82;2318;316;656;.482;87;215;.405;229;441;.519;.548;108;150;.720;117;336;453;116;61;19;71;146;827;
15-16;GSW;SF;66;59;2042;295;633;.466;82;214;.383;213;419;.508;.531;102;134;.761;77;248;325;117;41;10;57;136;774;
16-17;DAL;PF;79;79;2803;599;1280;.468;78;222;.351;521;1058;.492;.498;242;281;.861;93;301;394;116;65;15;102;128;1518;
17-18;DAL;PF;77;77;2634;537;1208;.445;119;333;.357;418;875;.478;.494;259;313;.827;77;391;468;152;49;14;118;94;1452;
18-19;TOT;PF,SF;77;77;2533;431;1027;.420;174;441;.395;257;586;.439;.504;229;278;.824;57;304;361;115;50;13;98;122;1265;
18-19;DAL;PF;49;49;1584;290;717;.404;121;311;.389;169;406;.416;.489;165;198;.833;36;171;207;62;33;11;68;79;866;
18-19;SAC;SF;28;28;949;141;310;.455;53;130;.408;88;180;.489;.540;64;80;.800;21;133;154;53;17;2;30;43;399;
19-20;SAC;PF;72;72;2482;365;793;.460;102;268;.381;263;525;.501;.525;214;267;.801;77;278;355;159;43;12;88;93;1046;
20-21;SAC;PF;58;58;2102;319;642;.497;100;256;.391;219;386;.567;.575;195;235;.830;64;321;385;201;43;11;93;75;933;
21-22;SAC;PF;77;77;2587;391;834;.469;142;360;.394;249;474;.525;.554;341;413;.826;82;350;432;186;53;14;118;94;1265;
Career;;747;686;23763;3800;8380;.453;1002;2644;.379;2798;5736;.488;.513;1964;2442;.804;763;3054;3817;1376;522;142;930;1186;10566;
Playoffs Totals
12-13;GSW;SF;12;12;461;72;162;.444;19;52;.365;53;110;.482;.503;30;35;.857;18;59;77;15;7;5;16;33;193;
13-14;GSW;SF;7;156;19;48;.396;8;21;.381;11;27;.407;.479;9;16;.563;7;21;28;8;1;3;5;13;55;
14-15;GSW;SF;<strong>21</strong>;21;681;88;200;.440;22;62;.355;66;138;.478;.495;25;34;.735;45;65;110;32;17;11;22;45;223;
15-16;GSW;SF;<strong>24</strong>;23;743;82;213;.385;26;76;.342;56;137;.409;.446;26;34;.765;27;85;112;30;17;4;18;46;216;
Career;;64;56;2041;261;623;.419;75;211;.355;186;412;.451;.479;90;119;.756;97;230;327;85;42;23;61;137;687;
Advanced
12-13;GSW;SF;81;2058;11.0;.526;.231;.303;2.9;14.5;8.9;7.3;1.3;0.5;12.4;17.7;0.9;1.9;2.8;.065;-1.6;-0.1;-1.7;0.1;
13-14;GSW;SF;78;2204;9.8;.486;.280;.267;3.3;11.9;7.7;7.6;1.5;0.7;10.0;16.8;0.4;2.8;3.2;.070;-2.2;0.5;-1.6;0.2;
14-15;GSW;SF;82;2318;13.4;.573;.328;.229;5.6;15.1;10.5;6.9;1.3;0.6;9.0;14.9;3.7;3.0;6.7;.139;0.2;-0.1;0.1;1.2;
15-16;GSW;SF;66;2042;12.3;.559;.338;.212;4.3;12.4;8.6;7.8;1.0;0.4;7.6;15.9;3.1;1.9;4.9;.116;-0.2;-1.1;-1.3;0.3;
16-17;DAL;PF;79;2803;16.3;.541;.173;.220;3.7;13.1;8.2;7.7;1.2;0.5;6.8;25.3;2.5;2.1;4.6;.078;0.4;-1.2;-0.8;0.8;
17-18;DAL;PF;77;2634;15.8;.539;.276;.259;3.1;17.1;9.9;9.9;0.9;0.5;8.1;25.2;2.0;1.9;3.8;.070;0.8;-1.3;-0.5;1.0;
18-19;TOT;PF,SF;77;2533;12.8;.550;.429;.271;2.4;12.7;7.5;6.7;0.9;0.4;7.9;20.9;2.0;1.6;3.6;.068;-0.2;-1.2;-1.4;0.4;
18-19;DAL;PF;49;1584;13.1;.538;.434;.276;2.4;11.5;7.0;6.3;1.0;0.6;7.8;23.7;0.8;1.1;1.9;.059;-1.2;-1.2;0.3;
18-19;SAC;SF;28;949;12.3;.578;.419;.258;2.2;14.8;8.4;7.5;0.8;0.2;8.0;16.3;1.1;0.5;1.7;.084;-0.5;-1.2;-1.7;0.1;
19-20;SAC;PF;72;2482;13.3;.574;.338;.337;3.4;12.9;8.1;9.2;0.8;0.5;8.8;17.4;3.4;1.1;4.6;.088;-1.3;-1.3;0.5;
20-21;SAC;PF;58;2102;15.4;.626;.399;.366;3.3;17.2;10.2;13.0;1.0;0.4;11.1;17.2;4.0;0.5;4.5;.103;1.5;-1.3;0.2;1.1;
21-22;SAC;PF;77;2587;15.7;.623;.432;.495;3.4;14.9;9.1;10.5;1.0;0.5;10.4;18.8;5.0;1.0;6.0;.112;1.5;-1.3;0.2;1.4;
Career;;747;23763;13.7;.559;.316;.291;3.5;14.2;8.8;8.6;1.1;0.5;9.0;19.3;27.0;17.9;44.8;.091;0.1;-0.9;-0.8;7.1;
Playoffs Advanced
12-13;GSW;SF;12;461;13.8;.544;.321;.216;4.6;13.7;9.4;5.1;0.8;0.8;8.3;18.7;0.7;0.3;1.0;.103;0.5;-0.1;0.4;0.3;
13-14;GSW;SF;7;156;9.9;.500;.438;.333;5.0;15.8;10.3;7.6;0.3;1.6;8.3;16.4;0.1;0.1;.033;0.1;-0.1;0.1;
14-15;GSW;SF;<strong>21</strong>;681;12.2;.519;.310;.170;7.3;10.3;8.8;7.2;1.3;1.3;9.3;15.6;0.8;0.8;1.6;.115;0.4;0.3;0.7;0.5;
15-16;GSW;SF;<strong>24</strong>;743;8.6;.474;.357;.160;4.0;12.2;8.2;5.8;1.1;0.4;7.3;14.5;0.2;0.6;0.7;.047;-1.8;-0.7;-2.4;-0.1;
Career;;64;2041;11.1;.509;.339;.191;5.3;12.2;8.8;6.2;1.0;0.9;8.3;16.0;1.8;1.7;3.5;.082;-0.4;-0.2;-0.6;0.7;
