Hedo Türkoğlu;Small Forward and Power Forward;Right;1979-03-19;;6-10;220;;;;;-1;;
Per Game
00-01;SAC;SF;74;7;16.8;1.9;4.5;.412;0.4;1.2;.326;1.5;3.4;.442;.454;1.2;1.5;.777;0.7;2.2;2.8;0.9;0.7;0.3;0.7;1.9;5.3;
01-02;SAC;SF;80;10;24.6;3.6;8.6;.422;0.8;2.1;.368;2.8;6.5;.440;.468;2.1;2.9;.726;0.8;3.8;4.5;2.0;0.7;0.4;1.0;2.3;10.1;
02-03;SAC;SF;67;11;17.5;2.5;5.8;.422;0.4;1.2;.372;2.0;4.7;.435;.459;1.3;1.6;.800;0.5;2.3;2.8;1.3;0.4;0.2;0.7;1.9;6.7;
03-04;SAS;SF;80;44;25.9;3.3;8.1;.406;1.3;3.0;.419;2.0;5.1;.399;.484;1.4;2.0;.708;0.7;3.8;4.5;1.9;1.0;0.4;1.2;2.1;9.2;
04-05;ORL;SF;67;11;26.2;4.9;11.7;.419;1.4;3.7;.380;3.5;8.0;.438;.479;2.8;3.4;.836;0.9;2.6;3.5;2.3;0.6;0.3;1.8;2.1;14.0;
05-06;ORL;SF;78;59;33.5;5.1;11.2;.454;1.5;3.6;.403;3.6;7.6;.478;.519;3.3;3.8;.861;0.9;3.4;4.3;2.8;0.9;0.3;1.7;3.0;14.9;
06-07;ORL;SF;73;73;31.1;4.7;11.3;.419;1.5;3.8;.388;3.2;7.4;.435;.485;2.3;3.0;.781;0.8;3.2;4.0;3.2;1.0;0.2;2.0;3.0;13.3;
07-08;ORL;SF;<strong>82</strong>;82;36.9;6.8;14.9;.456;2.0;5.1;.400;4.8;9.8;.485;.524;4.0;4.8;.829;1.0;4.7;5.7;5.0;0.9;0.3;3.0;3.0;19.5;
08-09;ORL;SF;77;77;36.6;5.5;13.3;.413;1.7;4.9;.356;3.8;8.4;.445;.478;4.1;5.1;.807;0.6;4.7;5.3;4.9;0.8;0.2;2.6;2.8;16.8;
09-10;TOR;SF;74;69;30.7;3.7;9.1;.409;1.5;3.9;.374;2.3;5.2;.436;.490;2.4;3.1;.774;0.6;4.1;4.6;4.1;0.7;0.4;1.7;3.0;11.3;
10-11;TOT;PF,SF;81;72;31.4;4.0;8.9;.446;1.6;3.8;.410;2.4;5.1;.473;.534;1.3;1.9;.679;0.6;3.8;4.4;4.2;0.9;0.4;1.6;3.0;10.8;
10-11;PHO;PF;25;16;25.2;3.4;7.7;.440;1.6;3.9;.423;1.8;3.8;.458;.547;1.0;1.4;.722;0.8;3.2;4.0;2.3;0.7;0.6;1.2;3.1;9.5;
10-11;ORL;SF;56;56;34.1;4.2;9.4;.448;1.5;3.8;.404;2.7;5.6;.478;.529;1.4;2.1;.667;0.4;4.1;4.6;5.1;1.0;0.4;1.8;3.0;11.4;
11-12;ORL;SF;53;53;31.2;3.9;9.5;.415;1.7;4.9;.353;2.2;4.6;.480;.505;1.3;1.8;.705;0.5;3.3;3.8;4.4;0.8;0.3;2.7;2.6;10.9;
12-13;ORL;SF;11;1;17.2;1.3;4.8;.264;0.1;2.2;.042;1.2;2.6;.448;.274;0.3;0.5;.500;0.4;2.0;2.4;2.1;0.6;0.1;1.1;1.0;2.9;
13-14;LAC;SF;38;10.3;1.1;2.9;.385;0.6;1.3;.440;0.5;1.6;.339;.486;0.2;0.5;.500;0.3;2.1;2.3;0.9;0.5;0.3;0.4;1.3;3.0;
14-15;LAC;SF;62;2;11.4;1.3;3.0;.441;1.0;2.2;.432;0.4;0.8;.469;.601;0.1;0.2;.545;0.1;1.5;1.6;0.6;0.3;0.1;0.5;1.1;3.7;
Career;;997;571;26.8;3.9;9.1;.426;1.2;3.3;.384;2.6;5.8;.450;.495;2.1;2.7;.784;0.6;3.3;4.0;2.8;0.8;0.3;1.6;2.4;11.1;
Playoffs Per Game
00-01;SAC;SF;8;17.6;2.5;5.8;.435;1.0;1.8;<strong>.571</strong>;1.5;4.0;.375;.522;1.5;1.5;<strong>1.000</strong>;0.9;2.6;3.5;1.4;0.4;0.1;0.8;2.3;7.5;
01-02;SAC;SF;16;8;27.7;3.4;8.6;.401;0.8;2.1;.353;2.7;6.4;.417;.445;1.0;1.9;.516;1.1;4.1;5.2;1.4;0.4;0.6;1.4;3.1;8.6;
02-03;SAC;SF;10;5;17.4;1.8;5.0;.360;0.4;1.4;.286;1.4;3.6;.389;.400;1.3;1.8;.722;0.5;2.4;2.9;1.4;1.2;0.5;0.5;1.9;5.3;
03-04;SAS;SF;10;10;27.1;2.6;8.1;.321;1.4;4.2;.333;1.2;3.9;.308;.407;1.1;1.8;.611;0.5;4.0;4.5;1.5;0.9;0.1;1.6;2.0;7.7;
06-07;ORL;SF;4;4;39.0;6.3;12.5;.500;0.8;2.3;.333;5.5;10.3;.537;.530;0.5;1.0;.500;0.5;2.8;3.3;3.5;1.3;1.0;2.5;3.5;13.8;
07-08;ORL;SF;10;10;39.9;6.3;14.1;.447;1.0;3.5;.286;5.3;10.6;.500;.482;3.9;4.6;.848;1.4;5.0;6.4;5.5;0.8;0.2;3.8;3.5;17.5;
08-09;ORL;SF;<strong>24</strong>;24;38.9;5.3;12.3;.427;1.3;3.5;.386;3.9;8.8;.443;.481;3.9;4.8;.817;0.4;4.2;4.5;4.8;0.8;0.2;2.7;3.3;15.8;
10-11;ORL;SF;6;6;34.8;3.3;11.3;.294;1.2;5.0;.233;2.2;6.3;.342;.346;1.3;2.3;.571;0.2;3.0;3.2;3.7;1.3;0.2;1.2;3.0;9.2;
11-12;ORL;SF;5;5;32.4;3.0;8.2;.366;1.0;2.4;.417;2.0;5.8;.345;.427;1.4;2.2;.636;0.8;2.0;2.8;2.4;1.0;0.8;1.8;3.6;8.4;
13-14;LAC;SF;5;8.2;1.2;2.6;.462;0.8;2.0;.400;0.4;0.6;.667;.615;1.0;1.0;0.2;0.6;0.6;3.2;
14-15;LAC;SF;11;5.0;0.4;1.5;.235;0.2;1.2;.154;0.2;0.4;.500;.294;0.1;0.5;0.6;0.4;0.4;0.1;0.2;0.9;0.9;
Career;;109;72;27.4;3.5;8.6;.403;0.9;2.7;.341;2.5;5.9;.431;.456;1.9;2.5;.751;0.6;3.2;3.8;2.6;0.7;0.3;1.7;2.6;9.7;
Totals
00-01;SAC;SF;74;7;1245;138;335;.412;28;86;.326;110;249;.442;.454;87;112;.777;49;161;210;69;52;24;55;139;391;
01-02;SAC;SF;80;10;1970;290;687;.422;63;171;.368;227;516;.440;.468;167;230;.726;63;300;363;163;57;31;81;184;810;
02-03;SAC;SF;67;11;1175;165;391;.422;29;78;.372;136;313;.435;.459;88;110;.800;35;153;188;87;25;12;50;125;447;
03-04;SAS;SF;80;44;2073;262;645;.406;101;241;.419;161;404;.399;.484;114;161;.708;52;306;358;154;80;32;94;165;739;
04-05;ORL;SF;67;11;1757;328;782;.419;93;245;.380;235;537;.438;.479;188;225;.836;62;171;233;153;41;18;119;140;937;
05-06;ORL;SF;78;59;2615;398;877;.454;114;283;.403;284;594;.478;.519;255;296;.861;70;263;333;216;70;21;130;234;1165;
06-07;ORL;SF;73;73;2268;345;823;.419;109;281;.388;236;542;.435;.485;171;219;.781;57;236;293;233;70;16;143;221;970;
07-08;ORL;SF;<strong>82</strong>;82;3026;556;1219;.456;166;415;.400;390;804;.485;.524;324;391;.829;83;388;471;409;74;25;246;244;1602;
08-09;ORL;SF;77;77;2815;423;1025;.413;134;376;.356;289;649;.445;.478;314;389;.807;45;365;410;375;64;19;204;218;1294;
09-10;TOR;SF;74;69;2272;276;674;.409;108;289;.374;168;385;.436;.490;175;226;.774;42;301;343;304;55;32;125;220;835;
10-11;TOT;PF,SF;81;72;2540;322;722;.446;127;310;.410;195;412;.473;.534;106;156;.679;45;311;356;343;72;34;132;247;877;
10-11;PHO;PF;25;16;630;85;193;.440;41;97;.423;44;96;.458;.547;26;36;.722;20;80;100;58;18;14;31;77;237;
10-11;ORL;SF;56;56;1910;237;529;.448;86;213;.404;151;316;.478;.529;80;120;.667;25;231;256;285;54;20;101;170;640;
11-12;ORL;SF;53;53;1653;209;504;.415;91;258;.353;118;246;.480;.505;67;95;.705;24;175;199;233;45;17;142;139;576;
12-13;ORL;SF;11;1;189;14;53;.264;1;24;.042;13;29;.448;.274;3;6;.500;4;22;26;23;7;1;12;11;32;
13-14;LAC;SF;38;392;42;109;.385;22;50;.440;20;59;.339;.486;9;18;.500;11;78;89;33;19;10;16;50;115;
14-15;LAC;SF;62;2;705;83;188;.441;60;139;.432;23;49;.469;.601;6;11;.545;5;94;99;37;19;7;29;66;232;
Career;;997;571;26695;3851;9034;.426;1246;3246;.384;2605;5788;.450;.495;2074;2645;.784;647;3324;3971;2832;750;299;1578;2403;11022;
Playoffs Totals
00-01;SAC;SF;8;141;20;46;.435;8;14;<strong>.571</strong>;12;32;.375;.522;12;12;<strong>1.000</strong>;7;21;28;11;3;1;6;18;60;
01-02;SAC;SF;16;8;443;55;137;.401;12;34;.353;43;103;.417;.445;16;31;.516;17;66;83;23;6;9;23;49;138;
02-03;SAC;SF;10;5;174;18;50;.360;4;14;.286;14;36;.389;.400;13;18;.722;5;24;29;14;12;5;5;19;53;
03-04;SAS;SF;10;10;271;26;81;.321;14;42;.333;12;39;.308;.407;11;18;.611;5;40;45;15;9;1;16;20;77;
06-07;ORL;SF;4;4;156;25;50;.500;3;9;.333;22;41;.537;.530;2;4;.500;2;11;13;14;5;4;10;14;55;
07-08;ORL;SF;10;10;399;63;141;.447;10;35;.286;53;106;.500;.482;39;46;.848;14;50;64;55;8;2;38;35;175;
08-09;ORL;SF;<strong>24</strong>;24;934;126;295;.427;32;83;.386;94;212;.443;.481;94;115;.817;9;100;109;116;18;4;64;80;378;
10-11;ORL;SF;6;6;209;20;68;.294;7;30;.233;13;38;.342;.346;8;14;.571;1;18;19;22;8;1;7;18;55;
11-12;ORL;SF;5;5;162;15;41;.366;5;12;.417;10;29;.345;.427;7;11;.636;4;10;14;12;5;4;9;18;42;
13-14;LAC;SF;5;41;6;13;.462;4;10;.400;2;3;.667;.615;5;5;1;3;3;16;
14-15;LAC;SF;11;55;4;17;.235;2;13;.154;2;4;.500;.294;1;6;7;4;4;1;2;10;10;
Career;;109;72;2985;378;939;.403;101;296;.341;277;643;.431;.456;202;269;.751;65;351;416;287;81;32;180;284;1059;
Advanced
00-01;SAC;SF;74;1245;11.7;.509;.257;.334;4.4;13.6;9.1;8.3;2.1;1.3;12.5;15.6;1.0;1.8;2.8;.106;-2.0;1.1;-0.9;0.4;
01-02;SAC;SF;80;1970;14.2;.514;.249;.335;3.5;16.0;9.8;12.2;1.5;1.0;9.3;19.2;2.5;2.7;5.2;.127;0.1;0.7;0.8;1.4;
02-03;SAC;SF;67;1175;12.0;.509;.199;.281;3.4;13.3;8.6;10.9;1.1;0.7;10.2;18.4;1.1;1.5;2.6;.105;-1.6;-0.1;-1.6;0.1;
03-04;SAS;SF;80;2073;14.1;.516;.374;.250;2.8;16.3;9.7;12.5;2.1;1.1;11.6;18.1;2.2;4.5;6.7;.155;0.1;2.4;2.5;2.3;
04-05;ORL;SF;67;1757;16.0;.532;.313;.288;4.0;10.7;7.4;14.9;1.2;0.7;11.9;24.8;2.4;1.0;3.4;.092;1.9;-1.2;0.7;1.2;
05-06;ORL;SF;78;2615;16.7;.578;.323;.338;3.4;12.1;7.9;14.3;1.5;0.6;11.4;20.6;5.8;1.9;7.6;.140;2.1;-0.2;2.0;2.5;
06-07;ORL;SF;73;2268;14.2;.528;.341;.266;3.2;12.5;8.0;17.9;1.6;0.6;13.5;21.7;2.3;2.6;4.9;.105;0.4;0.4;1.3;
07-08;ORL;SF;<strong>82</strong>;3026;17.8;.576;.340;.321;3.3;14.2;9.0;22.9;1.3;0.6;15.0;24.8;5.6;3.5;9.0;.143;2.6;0.1;2.7;3.6;
08-09;ORL;SF;77;2815;14.8;.541;.367;.380;1.8;14.2;8.2;22.5;1.2;0.5;14.6;23.0;3.0;4.4;7.3;.125;0.5;0.7;1.3;2.4;
09-10;TOR;SF;74;2272;13.3;.540;.429;.335;2.2;15.2;8.9;19.5;1.2;1.1;13.9;18.1;2.6;0.8;3.4;.071;0.7;-0.4;0.4;1.4;
10-11;TOT;PF,SF;81;2540;13.4;.555;.429;.216;2.1;14.0;8.2;21.5;1.5;1.0;14.3;16.7;3.4;3.4;6.8;.129;0.3;1.4;1.7;2.3;
10-11;PHO;PF;25;630;13.1;.567;.503;.187;3.7;14.7;9.2;13.7;1.5;1.6;12.9;17.2;0.8;0.4;1.2;.092;0.5;0.3;0.8;0.4;
10-11;ORL;SF;56;1910;13.6;.550;.403;.227;1.6;13.8;7.8;24.0;1.5;0.8;14.8;16.6;2.7;3.0;5.6;.142;0.2;1.8;2.0;1.9;
11-12;ORL;SF;53;1653;11.7;.528;.512;.188;1.7;12.4;7.0;24.1;1.5;0.8;20.6;19.5;0.6;1.5;2.1;.060;-1.0;0.1;-0.9;0.5;
12-13;ORL;SF;11;189;3.4;.288;.453;.113;2.4;13.2;7.8;17.2;1.9;0.4;17.7;16.3;-0.6;0.1;-0.5;-0.116;-7.5;-0.7;-8.2;-0.3;
13-14;LAC;SF;38;392;11.3;.492;.459;.165;3.2;21.4;12.6;11.9;2.4;2.0;12.0;15.0;0.1;0.7;0.8;.095;-1.6;1.8;0.2;0.2;
14-15;LAC;SF;62;705;10.5;.602;.739;.059;0.8;14.7;7.9;7.5;1.4;0.8;13.1;14.2;0.6;0.6;1.2;.081;-0.1;-0.1;-0.2;0.3;
Career;;997;26695;14.3;.540;.359;.293;2.8;13.9;8.5;17.3;1.5;0.8;13.4;20.1;32.4;30.9;63.3;.114;0.5;0.4;0.9;19.6;
Playoffs Advanced
00-01;SAC;SF;8;141;15.8;.585;.304;.261;5.0;15.4;10.2;13.5;1.1;0.5;10.5;16.9;0.4;0.2;0.6;.189;2.8;1.9;4.7;0.2;
01-02;SAC;SF;16;443;8.7;.458;.248;.226;4.2;15.5;10.0;8.2;0.7;1.5;13.2;17.3;-0.1;0.4;0.2;.024;-2.2;0.2;-2.0;
02-03;SAC;SF;10;174;13.4;.458;.280;.360;3.2;15.1;9.2;11.5;3.5;2.0;7.9;15.8;0.1;0.2;0.3;.083;-0.9;3.2;2.3;0.2;
03-04;SAS;SF;10;271;8.5;.433;.519;.222;2.1;18.4;9.9;9.2;1.8;0.3;15.2;18.2;-0.2;0.3;0.1;.022;-2.2;0.9;-1.3;
06-07;ORL;SF;4;156;13.1;.531;.180;.080;1.5;8.3;5.0;16.1;1.8;2.1;16.2;19.1;.013;0.1;1.1;1.2;0.1;
07-08;ORL;SF;10;399;15.3;.543;.248;.326;4.2;14.5;9.4;23.8;1.1;0.4;19.1;23.8;0.4;0.3;0.7;.082;0.9;0.1;1.0;0.3;
08-09;ORL;SF;<strong>24</strong>;934;13.2;.547;.281;.390;1.2;13.4;7.3;21.6;1.0;0.3;15.6;21.2;0.8;0.9;1.7;.088;0.1;0.7;0.8;0.6;
10-11;ORL;SF;6;209;6.9;.371;.441;.206;0.6;10.4;5.4;19.1;2.1;0.4;8.6;18.5;-0.2;0.3;0.1;.022;-2.4;0.9;-1.5;
11-12;ORL;SF;5;162;7.7;.458;.293;.268;2.8;7.2;5.0;13.7;1.7;1.9;16.4;16.6;-0.1;0.1;-0.010;-3.3;0.1;-3.2;-0.1;
13-14;LAC;SF;5;41;15.1;.615;.769;14.5;7.0;3.6;3.7;13.8;0.1;0.1;.137;3.2;1.3;4.4;0.1;
14-15;LAC;SF;11;55;2.9;.294;.765;1.9;11.3;6.7;9.8;3.5;1.6;10.5;15.0;-0.1;0.1;-0.1;-0.068;-5.9;0.9;-5.0;
Career;;109;2985;11.6;.501;.315;.286;2.5;13.7;8.1;16.4;1.4;0.8;14.5;19.4;1.1;2.7;3.7;.060;-0.7;0.8;0.1;1.6;
