Henry Sims;Center;Right;1990-03-27;;6-10;248;Mount St. Joseph in Baltimore,Maryland;;;;-1;;
Per Game
12-13;NOH;C;2;2.5;1.0;1.5;.667;1.0;1.5;.667;.667;1.0;1.0;0.5;0.5;2.0;
13-14;TOT;C;46;25;19.0;2.8;6.0;.474;2.8;5.9;.476;.474;2.0;2.6;.744;2.3;2.9;5.2;1.1;0.6;0.4;0.9;2.5;7.6;
13-14;CLE;C;20;8.4;0.9;2.3;.400;0.9;2.3;.400;.400;0.4;0.7;.571;1.1;1.7;2.8;0.3;0.3;0.4;0.4;1.6;2.2;
13-14;PHI;C;26;25;27.2;4.3;8.8;.489;4.3;8.8;.491;.489;3.2;4.1;.766;3.2;3.8;7.0;1.8;0.9;0.5;1.3;3.2;11.8;
14-15;PHI;C;73;32;19.2;3.3;6.9;.474;0.1;0.3;.182;3.2;6.6;.488;.478;1.5;1.9;.774;1.7;3.3;4.9;1.1;0.5;0.4;1.4;1.8;8.0;
15-16;BRK;C;14;4;18.8;2.4;5.5;.429;2.4;5.5;.429;.429;1.8;2.1;.833;1.5;3.6;5.1;0.6;0.6;1.0;0.9;2.6;6.5;
Career;;135;61;18.8;3.0;6.3;.471;0.2;.174;3.0;6.2;.479;.473;1.6;2.1;.767;1.8;3.1;5.0;1.0;0.6;0.5;1.1;2.1;7.6;
Totals
12-13;NOH;C;2;5;2;3;.667;2;3;.667;.667;2;2;1;1;4;
13-14;TOT;C;46;25;875;130;274;.474;1;130;273;.476;.474;90;121;.744;104;133;237;52;28;20;41;116;350;
13-14;CLE;C;20;168;18;45;.400;18;45;.400;.400;8;14;.571;22;34;56;5;5;7;8;32;44;
13-14;PHI;C;26;25;707;112;229;.489;1;112;228;.491;.489;82;107;.766;82;99;181;47;23;13;33;84;306;
14-15;PHI;C;73;32;1399;238;502;.474;4;22;.182;234;480;.488;.478;106;137;.774;121;238;359;79;39;30;99;135;586;
15-16;BRK;C;14;4;263;33;77;.429;33;77;.429;.429;25;30;.833;21;51;72;9;9;14;12;37;91;
Career;;135;61;2542;403;856;.471;4;23;.174;399;833;.479;.473;221;288;.767;248;422;670;140;76;64;153;289;1031;
Advanced
12-13;NOH;C;2;5;29.2;.667;46.8;23.8;25.0;37.2;.061;5.2;-6.4;-1.2;
13-14;TOT;C;46;875;16.1;.535;.004;.442;12.5;17.2;14.8;9.5;1.6;1.9;11.1;18.0;1.4;0.7;2.1;.115;-0.8;-1.4;-2.2;
13-14;CLE;C;20;168;10.7;.430;.311;14.4;23.2;18.7;4.5;1.5;3.5;13.5;15.7;0.2;0.2;.059;-5.4;-0.6;-6.0;-0.2;
13-14;PHI;C;26;707;17.4;.554;.004;.467;12.1;15.7;13.8;10.6;1.6;1.5;10.7;18.5;1.5;0.4;1.9;.128;0.3;-1.6;-1.3;0.1;
14-15;PHI;C;73;1399;14.5;.521;.044;.273;8.9;19.4;13.9;10.7;1.4;1.7;15.0;20.6;0.5;1.5;2.1;.072;-2.1;-0.7;-2.8;-0.3;
15-16;BRK;C;14;263;13.9;.504;.390;8.8;22.2;15.4;5.1;1.7;4.3;11.7;17.3;0.2;0.3;0.4;.079;-3.5;-0.8;-4.3;-0.2;
Career;;135;2542;15.0;.525;.027;.336;10.2;18.9;14.4;9.7;1.5;2.0;13.5;19.4;2.1;2.5;4.6;.087;-1.8;-1.0;-2.8;-0.5;
