Hollis Thompson;Shooting Guard and Small Forward;Right;1991-04-03;;6-8;206;Loyola in Los Angeles,California;;;;-1;;
Per Game
13-14;PHI;SF;77;41;22.6;2.2;4.8;.460;0.9;2.2;.401;1.4;2.7;.507;.550;0.7;0.9;.712;0.9;2.3;3.2;0.9;0.7;0.2;0.8;1.9;6.0;
14-15;PHI;SG;71;23;25.0;3.2;7.6;.413;1.6;4.0;.401;1.5;3.6;.426;.518;0.9;1.3;.708;0.7;2.0;2.8;1.2;0.8;0.4;0.9;2.0;8.8;
15-16;PHI;SG;77;17;28.0;3.5;8.8;.397;1.9;5.1;.380;1.6;3.7;.420;.507;0.9;1.2;.719;0.7;2.8;3.5;1.3;0.5;0.3;1.0;2.4;9.8;
16-17;TOT;SG;40;9;18.8;1.9;5.0;.385;0.8;2.4;.337;1.1;2.6;.429;.465;0.5;0.7;.655;0.5;2.3;2.8;0.9;0.5;0.2;0.3;1.7;5.1;
16-17;PHI;SG;31;1;18.1;2.1;5.1;.415;0.8;2.3;.366;1.3;2.8;.455;.497;0.4;0.6;.650;0.5;2.2;2.7;0.8;0.5;0.2;0.3;1.8;5.5;
16-17;NOP;SG;9;8;21.2;1.2;4.6;.268;0.7;2.7;.250;0.6;1.9;.294;.341;0.7;1.0;.667;0.4;2.7;3.1;1.0;0.7;0.2;1.6;3.8;
Career;;265;90;24.2;2.8;6.8;.413;1.4;3.6;.386;1.4;3.2;.444;.514;0.8;1.1;.707;0.8;2.4;3.1;1.1;0.6;0.3;0.8;2.0;7.7;
Totals
13-14;PHI;SF;77;41;1742;171;372;.460;67;167;.401;104;205;.507;.550;52;73;.712;73;174;247;73;53;12;60;144;461;
14-15;PHI;SG;71;23;1776;224;543;.413;115;287;.401;109;256;.426;.518;63;89;.708;53;145;198;85;57;26;66;141;626;
15-16;PHI;SG;77;17;2154;270;680;.397;149;392;.380;121;288;.420;.507;69;96;.719;54;218;272;99;36;24;76;187;758;
16-17;TOT;SG;40;9;752;77;200;.385;32;95;.337;45;105;.429;.465;19;29;.655;19;93;112;35;20;6;11;69;205;
16-17;PHI;SG;31;1;561;66;159;.415;26;71;.366;40;88;.455;.497;13;20;.650;15;69;84;26;14;6;9;55;171;
16-17;NOP;SG;9;8;191;11;41;.268;6;24;.250;5;17;.294;.341;6;9;.667;4;24;28;9;6;2;14;34;
Career;;265;90;6424;742;1795;.413;363;941;.386;379;854;.444;.514;203;287;.707;199;630;829;292;166;68;213;541;2050;
Advanced
13-14;PHI;SF;77;1742;9.5;.570;.449;.196;4.4;11.2;7.7;6.1;1.5;0.5;12.9;11.3;1.4;0.6;2.0;.055;-2.1;-1.0;-3.2;-0.5;
14-15;PHI;SG;71;1776;10.9;.538;.529;.164;3.1;9.3;6.0;8.4;1.6;1.2;10.2;15.9;1.3;1.3;2.6;.070;-1.6;-0.3;-1.8;0.1;
15-16;PHI;SG;77;2154;9.2;.525;.576;.141;2.6;11.4;6.9;7.4;0.8;0.8;9.5;16.2;0.7;0.5;1.2;.026;-1.6;-1.7;-3.4;-0.7;
16-17;TOT;SG;40;752;7.9;.482;.475;.145;2.8;13.5;8.1;6.8;1.3;0.6;4.9;13.0;0.1;0.6;0.7;.047;-2.9;0.3;-2.6;-0.1;
16-17;PHI;SG;31;561;9.0;.510;.447;.126;2.9;13.6;8.2;7.0;1.2;0.8;5.1;13.7;0.3;0.4;0.7;.060;-2.3;-0.1;-2.4;-0.1;
16-17;NOP;SG;9;191;4.7;.378;.585;.220;2.2;13.3;7.7;6.3;1.5;4.3;10.9;-0.2;0.2;.007;-4.7;1.6;-3.1;-0.1;
Career;;265;6424;9.6;.533;.524;.160;3.2;11.0;7.0;7.2;1.3;0.8;10.0;14.4;3.5;3.0;6.5;.048;-1.9;-0.9;-2.8;-1.3;
