Ian Mahinmi;Center;Right;1986-11-05;;6-11;262;;;;;-1;;
Per Game
07-08;SAS;C;6;3.8;1.0;2.0;.500;1.0;2.0;.500;.500;1.5;1.5;1.000;0.8;0.8;0.2;0.7;0.3;0.7;3.5;
09-10;SAS;C;26;6.3;1.3;2.1;.636;1.3;2.1;.636;.636;1.2;1.8;.660;0.5;1.5;2.0;0.1;0.1;0.3;0.6;1.2;3.9;
10-11;DAL;C;56;8.7;1.0;1.8;.561;1.0;1.7;.573;.561;1.1;1.5;.768;0.8;1.4;2.1;0.1;0.3;0.3;0.4;1.9;3.1;
11-12;DAL;C;61;12;18.7;2.1;3.9;.546;2.1;3.9;.549;.546;1.5;2.4;.639;1.8;3.0;4.7;0.2;0.6;0.5;0.8;2.9;5.8;
12-13;IND;C;80;2;16.5;1.9;4.1;.453;1.9;4.1;.456;.453;1.3;2.1;.608;1.4;2.5;3.9;0.3;0.5;0.8;1.2;2.5;5.0;
13-14;IND;C;77;1;16.2;1.2;2.5;.481;1.2;2.4;.484;.481;1.2;1.9;.621;1.4;1.9;3.3;0.3;0.5;0.9;0.8;2.7;3.5;
14-15;IND;C;61;6;18.8;1.9;3.5;.552;1.9;3.5;.552;.552;0.5;1.7;.304;1.7;4.1;5.8;0.5;0.5;0.8;1.0;2.8;4.3;
15-16;IND;C;71;71;25.6;3.7;6.3;.589;3.7;6.3;.589;.589;1.9;3.2;.587;1.9;5.2;7.1;1.5;0.9;1.1;1.4;3.1;9.3;
16-17;WAS;C;31;17.9;2.1;3.6;.586;2.1;3.6;.586;.586;1.4;2.4;.573;1.5;3.3;4.8;0.6;1.1;0.8;1.1;2.9;5.6;
17-18;WAS;C;77;14.9;1.8;3.2;.556;1.8;3.2;.561;.556;1.2;1.7;.703;1.8;2.3;4.1;0.7;0.5;0.5;1.3;3.0;4.8;
18-19;WAS;C;34;6;14.6;1.4;3.1;.452;0.1;0.5;.188;1.3;2.6;.500;.466;1.2;1.8;.689;1.4;2.4;3.8;0.7;0.7;0.5;0.6;2.5;4.1;
19-20;WAS;C;38;35;21.3;2.7;5.5;.495;0.1;0.7;.192;2.6;4.8;.538;.507;1.8;3.0;.619;2.1;3.7;5.7;1.3;0.8;1.2;1.2;3.0;7.4;
Career;;618;133;16.8;1.9;3.6;.533;0.1;.160;1.9;3.6;.541;.535;1.3;2.1;.612;1.5;2.9;4.4;0.6;0.6;0.7;1.0;2.6;5.2;
Playoffs Per Game
09-10;SAS;C;2;9.5;1.5;3.0;.500;1.5;3.0;.500;.500;1.5;2.0;.750;1.0;1.0;0.5;1.0;1.5;4.5;
10-11;DAL;C;6;5.5;0.5;0.8;.600;0.5;0.8;.600;.600;0.8;1.5;.556;0.5;0.5;1.0;0.2;2.7;1.8;
11-12;DAL;C;4;17.5;2.3;3.5;.643;2.3;3.5;.643;.643;2.8;3.3;.846;2.3;2.3;4.5;0.8;0.8;0.3;3.3;7.3;
12-13;IND;C;18;8.3;0.7;1.6;.448;0.7;1.6;.448;.448;0.2;0.6;.300;1.1;1.2;2.3;0.1;0.7;0.7;1.6;1.6;
13-14;IND;C;19;12.7;0.7;1.4;.481;0.7;1.4;.481;.481;0.6;0.9;.611;1.2;1.2;2.4;0.2;0.3;0.8;0.5;2.0;1.9;
15-16;IND;C;7;7;24.6;3.0;6.0;.500;3.0;6.0;.500;.500;2.1;3.6;.600;1.7;3.4;5.1;1.1;0.7;0.9;2.0;3.6;8.1;
16-17;WAS;C;5;12.6;1.0;1.8;.556;1.0;1.8;.556;.556;0.8;2.2;.364;0.6;1.6;2.2;1.2;0.2;1.2;0.6;3.4;2.8;
17-18;WAS;C;6;8.7;1.7;2.3;.714;1.7;2.3;.714;.714;1.7;1.8;.909;0.7;1.2;1.8;0.2;0.7;0.8;0.2;1.7;5.0;
Career;;67;7;11.9;1.1;2.2;.527;1.1;2.2;.527;.527;0.9;1.5;.614;1.1;1.5;2.6;0.3;0.3;0.7;0.6;2.2;3.2;
Totals
07-08;SAS;C;6;23;6;12;.500;6;12;.500;.500;9;9;1.000;5;5;1;4;2;4;21;
09-10;SAS;C;26;165;35;55;.636;35;55;.636;.636;31;47;.660;13;39;52;2;3;8;15;32;101;
10-11;DAL;C;56;488;55;98;.561;2;55;96;.573;.561;63;82;.768;43;77;120;8;14;15;25;105;173;
11-12;DAL;C;61;12;1139;130;238;.546;1;130;237;.549;.546;94;147;.639;108;181;289;12;38;31;50;176;354;
12-13;IND;C;80;2;1322;149;329;.453;2;149;327;.456;.453;104;171;.608;115;196;311;27;39;66;92;201;402;
13-14;IND;C;77;1;1248;91;189;.481;1;91;188;.484;.481;90;145;.621;107;150;257;24;41;72;58;207;272;
14-15;IND;C;61;6;1146;117;212;.552;117;212;.552;.552;31;102;.304;105;251;356;33;30;46;59;172;265;
15-16;IND;C;71;71;1816;264;448;.589;264;448;.589;.589;132;225;.587;138;369;507;104;65;75;100;220;660;
16-17;WAS;C;31;555;65;111;.586;65;111;.586;.586;43;75;.573;47;103;150;19;33;24;34;90;173;
17-18;WAS;C;77;1145;138;248;.556;2;138;246;.561;.556;90;128;.703;135;177;312;53;38;42;100;230;366;
18-19;WAS;C;34;6;498;47;104;.452;3;16;.188;44;88;.500;.466;42;61;.689;48;80;128;25;25;16;21;84;139;
19-20;WAS;C;38;35;808;104;210;.495;5;26;.192;99;184;.538;.507;70;113;.619;78;140;218;49;31;44;45;114;283;
Career;;618;133;10353;1201;2254;.533;8;50;.160;1193;2204;.541;.535;799;1305;.612;937;1768;2705;357;357;443;601;1635;3209;
Playoffs Totals
09-10;SAS;C;2;19;3;6;.500;3;6;.500;.500;3;4;.750;2;2;1;2;3;9;
10-11;DAL;C;6;33;3;5;.600;3;5;.600;.600;5;9;.556;3;3;6;1;16;11;
11-12;DAL;C;4;70;9;14;.643;9;14;.643;.643;11;13;.846;9;9;18;3;3;1;13;29;
12-13;IND;C;18;150;13;29;.448;13;29;.448;.448;3;10;.300;20;22;42;1;13;12;28;29;
13-14;IND;C;19;241;13;27;.481;13;27;.481;.481;11;18;.611;22;23;45;3;5;16;10;38;37;
15-16;IND;C;7;7;172;21;42;.500;21;42;.500;.500;15;25;.600;12;24;36;8;5;6;14;25;57;
16-17;WAS;C;5;63;5;9;.556;5;9;.556;.556;4;11;.364;3;8;11;6;1;6;3;17;14;
17-18;WAS;C;6;52;10;14;.714;10;14;.714;.714;10;11;.909;4;7;11;1;4;5;1;10;30;
Career;;67;7;800;77;146;.527;77;146;.527;.527;62;101;.614;73;98;171;19;19;50;43;150;216;
Advanced
07-08;SAS;C;6;23;35.3;.658;.750;25.3;12.8;9.0;13.2;11.1;37.4;0.1;0.1;0.2;.372;0.8;5.8;6.6;
09-10;SAS;C;26;165;21.6;.667;.855;9.4;27.2;18.5;2.1;1.0;3.5;16.5;25.2;0.4;0.3;0.7;.206;-1.5;0.7;-0.8;0.1;
10-11;DAL;C;56;488;13.7;.645;.020;.837;10.7;17.8;14.4;2.5;1.5;2.3;15.7;15.3;1.0;0.8;1.8;.177;-3.3;1.1;-2.1;
11-12;DAL;C;61;1139;13.5;.585;.004;.618;10.7;17.7;14.3;1.7;1.8;2.2;14.2;14.4;1.7;1.7;3.4;.144;-2.8;0.4;-2.3;-0.1;
12-13;IND;C;80;1322;10.6;.497;.006;.520;9.9;16.2;13.1;3.3;1.6;3.7;18.5;17.1;-0.4;2.6;2.3;.083;-4.7;1.4;-3.4;-0.5;
13-14;IND;C;77;1248;10.2;.538;.005;.767;10.1;12.9;11.6;2.9;1.7;4.4;18.7;11.4;0.7;2.7;3.3;.129;-4.1;2.7;-1.3;0.2;
14-15;IND;C;61;1146;10.8;.516;.481;10.2;24.0;17.2;4.4;1.3;3.1;18.7;12.5;0.1;2.0;2.1;.090;-3.6;1.2;-2.5;-0.1;
15-16;IND;C;71;1816;16.6;.603;.502;8.3;22.1;15.3;8.9;1.8;3.3;15.5;15.7;2.9;3.3;6.2;.163;-0.9;1.9;0.9;1.4;
16-17;WAS;C;31;555;14.1;.601;.676;9.6;20.8;15.2;4.7;2.9;3.6;19.1;14.0;0.5;0.9;1.4;.123;-3.0;1.6;-1.4;0.1;
17-18;WAS;C;77;1145;12.2;.601;.008;.516;13.4;17.4;15.4;6.6;1.6;3.2;24.7;15.6;0.8;1.4;2.2;.093;-4.6;0.2;-4.4;-0.7;
18-19;WAS;C;34;498;12.0;.531;.154;.587;10.3;17.7;13.9;6.5;2.4;2.7;13.8;12.9;0.5;0.5;1.0;.092;-3.5;0.6;-3.0;-0.1;
19-20;WAS;C;38;808;14.2;.545;.124;.538;10.1;19.7;14.7;8.3;1.8;4.8;14.8;15.7;0.7;0.7;1.4;.083;-2.8;-2.7;-0.2;
Career;;618;10353;13.0;.567;.022;.579;10.2;18.9;14.6;5.1;1.7;3.4;17.5;14.8;9.0;17.1;26.1;.121;-3.2;1.2;-2.0;0.1;
Playoffs Advanced
09-10;SAS;C;2;19;9.1;.580;.667;12.0;6.0;4.2;20.5;24.0;-0.015;-3.5;1.1;-2.4;
10-11;DAL;C;6;33;7.5;.614;1.800;11.4;11.0;11.2;1.7;13.2;0.1;0.1;.209;-8.8;0.4;-8.4;-0.1;
11-12;DAL;C;4;70;23.5;.735;.929;14.5;16.6;15.5;2.3;3.7;4.8;13.6;0.4;0.4;.288;2.8;2.3;5.1;0.1;
12-13;IND;C;18;150;7.6;.434;.345;16.4;16.5;16.4;1.1;7.1;26.4;14.1;-0.2;0.2;.005;-5.2;1.5;-3.7;-0.1;
13-14;IND;C;19;241;8.6;.530;.667;11.3;11.3;11.3;1.9;1.1;6.1;22.3;9.1;0.1;0.4;0.5;.092;-4.0;2.1;-1.9;
15-16;IND;C;7;172;11.6;.538;.595;8.6;14.9;12.0;8.2;1.6;2.9;20.9;18.7;0.3;0.2;.066;-3.5;1.1;-2.4;
16-17;WAS;C;5;63;8.6;.506;1.222;5.5;14.7;10.1;12.7;0.8;8.7;17.8;11.5;0.1;0.1;.066;-5.6;4.4;-1.2;
17-18;WAS;C;6;52;30.3;.796;.786;9.2;16.0;12.6;3.0;3.8;8.2;5.0;16.8;0.3;0.1;0.4;.358;3.4;5.4;8.8;0.1;
Career;;67;800;11.7;.567;.692;11.1;14.1;12.6;3.8;1.3;5.5;18.4;13.7;0.6;1.1;1.7;.105;-3.4;2.1;-1.3;0.1;
