Ian Clark;Shooting Guard;Right;1991-03-07;;6-3;175;Germantown in Germantown,Tennessee;;;;-1;;
Per Game
13-14;UTA;SG;23;7.5;1.1;2.9;.388;0.5;1.3;.355;0.7;1.6;.417;.470;0.2;0.3;.714;0.1;0.7;0.8;0.7;0.3;0.1;0.6;1.0;3.0;
14-15;TOT;SG;30;6.4;0.6;1.8;.345;0.3;1.0;.333;0.3;0.8;.360;.436;0.3;0.3;1.000;0.1;0.4;0.5;0.4;0.3;0.1;0.3;0.7;1.9;
14-15;UTA;SG;23;7.0;0.7;1.9;.341;0.4;1.1;.360;0.3;0.8;.316;.443;0.2;0.2;1.000;0.2;0.4;0.6;0.4;0.3;0.1;0.3;0.5;1.9;
14-15;DEN;SG;7;4.4;0.6;1.6;.364;0.1;0.7;.200;0.4;0.9;.500;.409;0.6;0.6;1.000;0.4;0.4;0.3;0.4;0.1;0.3;1.1;1.9;
15-16;GSW;SG;66;1;8.8;1.3;3.1;.441;0.5;1.3;.357;0.9;1.8;.500;.515;0.4;0.5;.824;0.2;0.8;1.0;1.0;0.3;0.2;0.7;0.9;3.6;
16-17;GSW;SG;77;14.8;2.7;5.6;.487;0.8;2.1;.374;1.9;3.5;.556;.558;0.6;0.8;.759;0.3;1.3;1.6;1.2;0.5;0.1;0.7;1.0;6.8;
17-18;NOP;SG;74;2;19.7;3.0;6.7;.448;0.8;2.6;.318;2.2;4.1;.533;.511;0.6;0.8;.763;0.1;1.6;1.7;1.5;0.4;0.1;0.8;1.6;7.4;
18-19;NOP;SG;60;6;16.2;2.5;6.4;.394;1.1;3.4;.327;1.4;3.0;.470;.480;0.6;0.6;.892;0.2;1.3;1.5;1.6;0.4;0.1;1.0;1.6;6.7;
Career;;330;9;13.7;2.2;5.0;.439;0.7;2.1;.340;1.4;2.8;.514;.513;0.5;0.6;.804;0.2;1.1;1.3;1.2;0.4;0.1;0.7;1.2;5.6;
Playoffs Per Game
15-16;GSW;SG;16;9.6;1.6;3.3;.491;0.4;1.1;.333;1.3;2.2;.571;.547;0.5;0.6;.800;0.1;0.9;1.1;1.0;0.5;0.6;1.1;4.1;
16-17;GSW;SG;16;13.7;2.5;4.9;.506;0.8;2.3;.361;1.7;2.7;.628;.589;1.0;1.1;.941;0.3;1.4;1.6;0.7;0.4;0.7;1.1;6.8;
17-18;NOP;SG;9;21.1;3.1;7.3;.424;1.1;3.1;.357;2.0;4.2;.474;.500;0.4;0.4;1.000;0.2;0.9;1.1;1.2;0.9;0.2;1.0;2.2;7.8;
Career;;41;13.7;2.3;4.8;.475;0.7;2.0;.354;1.6;2.8;.560;.548;0.7;0.8;.903;0.2;1.1;1.3;0.9;0.5;0.7;1.3;6.0;
Totals
13-14;UTA;SG;23;172;26;67;.388;11;31;.355;15;36;.417;.470;5;7;.714;3;16;19;15;8;2;14;24;68;
14-15;TOT;SG;30;192;19;55;.345;10;30;.333;9;25;.360;.436;9;9;1.000;4;12;16;12;9;3;9;20;57;
14-15;UTA;SG;23;161;15;44;.341;9;25;.360;6;19;.316;.443;5;5;1.000;4;9;13;10;6;2;7;12;44;
14-15;DEN;SG;7;31;4;11;.364;1;5;.200;3;6;.500;.409;4;4;1.000;3;3;2;3;1;2;8;13;
15-16;GSW;SG;66;1;578;89;202;.441;30;84;.357;59;118;.500;.515;28;34;.824;13;55;68;64;17;13;43;58;236;
16-17;GSW;SG;77;1137;211;433;.487;61;163;.374;150;270;.556;.558;44;58;.759;22;99;121;90;39;8;55;77;527;
17-18;NOP;SG;74;2;1455;222;495;.448;62;195;.318;160;300;.533;.511;45;59;.763;10;117;127;110;33;10;57;120;551;
18-19;NOP;SG;60;6;973;151;383;.394;66;202;.327;85;181;.470;.480;33;37;.892;13;76;89;94;22;8;58;95;401;
Career;;330;9;4507;718;1635;.439;240;705;.340;478;930;.514;.513;164;204;.804;65;375;440;385;128;44;236;394;1840;
Playoffs Totals
15-16;GSW;SG;16;154;26;53;.491;6;18;.333;20;35;.571;.547;8;10;.800;2;15;17;16;8;9;18;66;
16-17;GSW;SG;16;219;40;79;.506;13;36;.361;27;43;.628;.589;16;17;.941;4;22;26;11;6;11;17;109;
17-18;NOP;SG;9;190;28;66;.424;10;28;.357;18;38;.474;.500;4;4;1.000;2;8;10;11;8;2;9;20;70;
Career;;41;563;94;198;.475;29;82;.354;65;116;.560;.548;28;31;.903;8;45;53;38;22;2;29;55;245;
Advanced
13-14;UTA;SG;23;172;9.2;.485;.463;.104;1.9;11.1;6.4;14.7;2.4;0.9;16.7;22.4;-0.2;0.1;-0.1;-0.025;-2.9;-0.3;-3.2;-0.1;
14-15;TOT;SG;30;192;8.8;.483;.545;.164;2.4;7.1;4.8;9.7;2.4;1.2;13.2;16.0;0.2;0.2;.050;-3.0;-3.0;
14-15;UTA;SG;23;161;8.3;.476;.568;.114;2.9;6.4;4.7;9.7;2.0;1.0;13.2;15.1;0.1;0.1;.044;-2.3;-0.3;-2.6;
14-15;DEN;SG;7;31;11.6;.509;.455;.364;10.8;5.2;9.9;4.8;2.5;13.6;20.6;0.1;.083;-6.7;1.7;-5.0;
15-16;GSW;SG;66;578;11.5;.544;.416;.168;2.6;9.7;6.3;15.3;1.4;1.7;16.5;19.5;0.3;0.6;0.9;.075;-1.5;-0.4;-1.9;
16-17;GSW;SG;77;1137;13.1;.575;.376;.134;2.3;9.0;5.8;11.2;1.7;0.6;10.7;19.5;1.0;1.3;2.3;.099;-1.0;-0.5;-1.5;0.1;
17-18;NOP;SG;74;1455;9.4;.529;.394;.119;0.8;8.4;4.7;10.4;1.1;0.5;9.9;17.2;0.3;0.8;1.1;.037;-2.7;-0.8;-3.5;-0.6;
18-19;NOP;SG;60;973;8.3;.502;.527;.097;1.4;8.0;4.7;12.9;1.1;0.7;12.7;19.3;-0.4;0.3;-0.1;-0.003;-3.3;-1.8;-5.1;-0.8;
Career;;330;4507;10.3;.533;.431;.125;1.6;8.7;5.3;11.9;1.4;0.8;12.0;18.7;1.0;3.4;4.4;.047;-2.3;-0.8;-3.1;-1.3;
Playoffs Advanced
15-16;GSW;SG;16;154;13.9;.575;.340;.189;1.4;10.4;6.0;16.3;2.6;13.6;18.9;0.2;0.2;0.4;.109;-1.4;1.4;0.1;
16-17;GSW;SG;16;219;13.6;.630;.456;.215;2.1;10.1;6.4;7.1;1.3;11.3;19.1;0.3;0.3;0.6;.122;-0.6;-0.3;-0.9;0.1;
17-18;NOP;SG;9;190;8.1;.517;.424;.061;1.1;4.2;2.7;7.8;2.0;0.8;11.7;17.3;-0.1;0.2;0.1;.015;-2.9;0.6;-2.3;
Career;;41;563;11.8;.579;.414;.157;1.6;8.2;5.0;9.8;1.9;0.3;12.1;18.4;0.4;0.6;1.0;.082;-1.6;0.4;-1.2;0.1;
