Iman Shumpert;Shooting Guard, Small Forward, and Point Guard;Right;1990-06-26;;6-5;215;Oak Park and River Forest in Oak Park,Illinois;;;;-1;;
Per Game
11-12;NYK;PG;59;35;28.9;3.6;9.1;.401;0.8;2.7;.306;2.8;6.4;.440;.446;1.5;1.8;.798;0.7;2.4;3.2;2.8;1.7;0.1;1.9;2.9;9.5;
12-13;NYK;SG;45;45;22.1;2.4;6.1;.396;1.1;2.8;.402;1.3;3.3;.392;.489;0.8;1.0;.766;0.7;2.3;3.0;1.7;1.0;0.2;0.8;2.2;6.8;
13-14;NYK;SG;74;58;26.5;2.5;6.5;.378;1.0;3.1;.333;1.4;3.5;.418;.457;0.7;1.0;.746;1.1;3.1;4.2;1.7;1.2;0.2;1.1;2.8;6.7;
14-15;TOT;SG;62;25;24.9;3.1;7.6;.410;1.1;3.2;.342;2.0;4.4;.458;.481;0.7;1.0;.672;0.9;2.7;3.6;2.2;1.3;0.3;1.5;2.2;8.0;
14-15;NYK;SG;24;24;26.0;3.7;9.0;.409;1.0;2.8;.348;2.7;6.2;.436;.463;1.0;1.5;.676;0.9;2.5;3.4;3.3;1.3;0.1;1.8;2.8;9.3;
14-15;CLE;SG;38;1;24.2;2.8;6.7;.410;1.2;3.4;.338;1.6;3.3;.484;.496;0.5;0.7;.667;0.9;2.9;3.8;1.5;1.3;0.3;1.3;1.9;7.2;
15-16;CLE;SG;54;5;24.4;2.1;5.6;.374;0.8;2.7;.295;1.3;2.9;.447;.444;0.7;0.9;.784;0.6;3.2;3.8;1.7;1.0;0.4;1.1;2.2;5.8;
16-17;CLE;SG;76;31;25.5;2.6;6.4;.411;1.2;3.4;.360;1.4;3.0;.469;.507;0.9;1.2;.789;0.5;2.4;2.9;1.4;0.8;0.4;1.0;2.0;7.5;
17-18;CLE;SG;14;6;19.7;1.6;4.1;.379;0.5;1.9;.269;1.1;2.3;.469;.440;0.8;1.1;.733;0.5;2.4;2.9;1.2;0.6;0.3;1.1;1.6;4.4;
18-19;TOT;SG;62;41;23.9;2.7;7.2;.374;1.5;4.4;.348;1.2;2.8;.416;.481;0.6;0.7;.800;0.4;2.5;3.0;1.8;1.0;0.4;0.8;2.0;7.5;
18-19;SAC;SG;42;40;26.2;3.2;8.3;.382;1.8;4.8;.366;1.4;3.5;.404;.489;0.8;1.0;.829;0.5;2.6;3.1;2.2;1.1;0.5;0.9;2.2;8.9;
18-19;HOU;SG;20;1;19.1;1.7;4.9;.347;1.1;3.6;.296;0.7;1.4;.481;.454;0.1;0.2;.500;0.4;2.3;2.7;1.1;0.6;0.2;0.6;1.8;4.6;
19-20;BRK;SF;13;18.5;1.6;4.9;.328;0.6;2.5;.242;1.0;2.4;.419;.391;0.3;0.5;.571;0.7;1.9;2.6;0.9;0.9;0.2;0.8;1.6;4.2;
20-21;BRK;SG;2;5.5;0.5;2.0;.250;1.5;0.5;0.5;1.000;.250;0.5;0.5;0.5;0.5;1.0;
Career;;461;246;24.9;2.7;6.8;.391;1.1;3.1;.337;1.6;3.6;.438;.469;0.8;1.1;.764;0.7;2.6;3.3;1.8;1.1;0.3;1.1;2.3;7.2;
Playoffs Per Game
11-12;NYK;PG;1;1;19.0;2.0;1.0;1.0;1.0;1.0;1.0;1.0;2.0;
12-13;NYK;SG;12;12;28.1;3.4;8.3;.410;1.5;3.5;.429;1.9;4.8;.397;.500;1.0;1.2;.857;1.5;4.5;6.0;1.3;1.1;0.3;1.2;3.0;9.3;
14-15;CLE;SG;20;16;34.8;3.0;8.2;.360;1.7;4.7;.355;1.3;3.6;.366;.460;1.5;2.0;.750;1.2;3.8;4.9;1.2;1.3;0.8;0.7;2.5;9.1;
15-16;CLE;SG;21;17.5;1.2;2.9;.417;0.6;1.6;.382;0.6;1.2;.462;.525;0.3;0.5;.636;0.5;1.8;2.2;0.8;0.5;0.1;0.6;1.7;3.3;
16-17;CLE;SG;17;16.2;1.5;3.5;.417;0.6;1.5;.385;0.9;2.0;.441;.500;0.8;1.0;.824;0.4;2.4;2.8;0.9;0.6;0.2;0.4;1.9;4.4;
18-19;HOU;SG;8;13.6;1.3;3.3;.385;1.0;2.8;.364;0.3;0.5;.500;.538;0.1;0.5;.250;0.1;1.4;1.5;0.3;0.1;0.4;1.3;3.6;
Career;;79;29;22.8;2.0;5.2;.388;1.0;2.8;.376;1.0;2.5;.402;.488;0.8;1.1;.744;0.7;2.8;3.5;0.9;0.8;0.3;0.6;2.1;5.9;
Totals
11-12;NYK;PG;59;35;1705;214;534;.401;48;157;.306;166;377;.440;.446;87;109;.798;42;144;186;164;101;8;111;173;563;
12-13;NYK;SG;45;45;996;109;275;.396;51;127;.402;58;148;.392;.489;36;47;.766;31;105;136;75;43;7;37;99;305;
13-14;NYK;SG;74;58;1962;183;484;.378;76;228;.333;107;256;.418;.457;53;71;.746;81;227;308;129;92;13;79;209;495;
14-15;TOT;SG;62;25;1545;193;471;.410;67;196;.342;126;275;.458;.481;43;64;.672;55;169;224;135;81;16;91;138;496;
14-15;NYK;SG;24;24;625;88;215;.409;23;66;.348;65;149;.436;.463;25;37;.676;22;59;81;78;30;3;42;67;224;
14-15;CLE;SG;38;1;920;105;256;.410;44;130;.338;61;126;.484;.496;18;27;.667;33;110;143;57;51;13;49;71;272;
15-16;CLE;SG;54;5;1316;114;305;.374;43;146;.295;71;159;.447;.444;40;51;.784;32;171;203;92;54;19;57;119;311;
16-17;CLE;SG;76;31;1937;201;489;.411;94;261;.360;107;228;.469;.507;71;90;.789;39;179;218;109;62;27;78;150;567;
17-18;CLE;SG;14;6;276;22;58;.379;7;26;.269;15;32;.469;.440;11;15;.733;7;34;41;17;9;4;16;22;62;
18-19;TOT;SG;62;41;1481;167;446;.374;95;273;.348;72;173;.416;.481;36;45;.800;27;156;183;112;59;24;50;127;465;
18-19;SAC;SG;42;40;1099;133;348;.382;74;202;.366;59;146;.404;.489;34;41;.829;19;110;129;91;47;20;38;92;374;
18-19;HOU;SG;20;1;382;34;98;.347;21;71;.296;13;27;.481;.454;2;4;.500;8;46;54;21;12;4;12;35;91;
19-20;BRK;SF;13;241;21;64;.328;8;33;.242;13;31;.419;.391;4;7;.571;9;25;34;12;12;2;10;21;54;
20-21;BRK;SG;2;11;1;4;.250;3;1;1;1.000;.250;1;1;1;1;2;
Career;;461;246;11470;1225;3130;.391;489;1450;.337;736;1680;.438;.469;381;499;.764;324;1210;1534;845;514;120;530;1058;3320;
Playoffs Totals
11-12;NYK;PG;1;1;19;2;1;1;1;1;1;1;2;
12-13;NYK;SG;12;12;337;41;100;.410;18;42;.429;23;58;.397;.500;12;14;.857;18;54;72;16;13;3;14;36;112;
14-15;CLE;SG;20;16;695;59;164;.360;33;93;.355;26;71;.366;.460;30;40;.750;23;75;98;23;25;16;13;50;181;
15-16;CLE;SG;21;367;25;60;.417;13;34;.382;12;26;.462;.525;7;11;.636;10;37;47;17;10;3;13;36;70;
16-17;CLE;SG;17;275;25;60;.417;10;26;.385;15;34;.441;.500;14;17;.824;6;41;47;16;10;3;6;32;74;
18-19;HOU;SG;8;109;10;26;.385;8;22;.364;2;4;.500;.538;1;4;.250;1;11;12;2;1;3;10;29;
Career;;79;29;1802;160;412;.388;82;218;.376;78;194;.402;.488;64;86;.744;58;219;277;74;60;25;50;166;466;
Advanced
11-12;NYK;PG;59;1705;10.8;.484;.294;.204;2.8;9.9;6.3;15.6;3.1;0.4;16.0;18.2;-0.1;2.5;2.4;.068;-3.0;1.6;-1.4;0.2;
12-13;NYK;SG;45;996;11.7;.516;.462;.171;3.5;12.8;8.0;11.6;2.3;0.6;11.1;15.6;1.0;1.0;1.9;.094;-0.8;0.7;-0.1;0.5;
13-14;NYK;SG;74;1962;9.6;.480;.471;.147;4.7;14.0;9.2;9.8;2.5;0.6;13.3;14.1;0.4;1.6;2.0;.048;-2.4;0.4;-2.0;
14-15;TOT;SG;62;1545;11.4;.497;.416;.136;4.1;12.6;8.3;14.2;2.7;0.8;15.4;17.4;0.1;1.4;1.5;.047;-1.5;0.7;-0.9;0.4;
14-15;NYK;SG;24;625;11.9;.484;.307;.172;4.0;11.2;7.5;21.3;2.5;0.4;15.4;20.1;-0.1;0.3;0.3;.020;-1.7;-0.3;-2.0;
14-15;CLE;SG;38;920;11.1;.508;.508;.105;4.2;13.5;8.9;9.3;2.9;1.1;15.5;15.6;0.1;1.1;1.2;.065;-1.5;1.4;-0.1;0.4;
15-16;CLE;SG;54;1316;8.4;.475;.479;.167;2.8;14.6;8.7;9.8;2.1;1.2;14.8;13.2;-0.1;1.8;1.7;.063;-3.0;1.4;-1.5;0.1;
16-17;CLE;SG;76;1937;9.0;.536;.534;.184;2.3;9.9;6.2;7.8;1.6;1.1;12.9;14.0;0.7;1.4;2.0;.050;-2.3;0.1;-2.3;-0.1;
17-18;CLE;SG;14;276;6.4;.480;.448;.259;2.9;13.6;8.3;8.1;1.6;1.2;19.9;12.9;-0.2;0.2;-0.006;-3.4;-3.3;-0.1;
18-19;TOT;SG;62;1481;9.1;.499;.612;.101;1.9;11.4;6.5;9.9;1.9;1.4;9.7;14.5;0.1;1.2;1.4;.045;-2.4;0.5;-1.9;
18-19;SAC;SG;42;1099;10.1;.511;.580;.118;1.7;10.6;6.0;10.7;2.0;1.6;9.4;15.2;0.3;0.9;1.2;.054;-1.9;0.6;-1.3;0.2;
18-19;HOU;SG;20;382;6.3;.456;.724;.041;2.3;13.6;7.8;7.6;1.5;0.9;10.7;12.7;-0.2;0.3;0.2;.019;-4.0;0.2;-3.7;-0.2;
19-20;BRK;SF;13;241;5.3;.403;.516;.109;3.9;10.5;7.3;6.7;2.4;0.7;13.0;13.4;-0.3;0.3;-0.005;-6.2;0.7;-5.5;-0.2;
20-21;BRK;SG;2;11;-0.4;.250;.750;10.6;5.0;4.4;20.0;19.8;-0.1;-0.212;-10.4;-2.2;-12.6;
Career;;461;11470;9.7;.496;.463;.159;3.2;12.0;7.6;11.0;2.3;0.9;13.7;15.2;1.5;11.4;12.9;.054;-2.4;0.7;-1.7;0.9;
Playoffs Advanced
11-12;NYK;PG;1;19;-5.9;.500;6.7;3.2;2.9;33.3;7.5;-0.1;-0.1;-0.189;-9.8;-0.3;-10.2;
12-13;NYK;SG;12;337;14.2;.528;.420;.140;5.9;20.6;12.7;8.4;2.1;0.9;11.7;17.2;0.3;0.7;1.0;.143;0.6;1.7;2.3;0.4;
14-15;CLE;SG;20;695;10.6;.498;.567;.244;3.7;11.7;7.8;5.3;1.9;1.9;6.7;12.7;0.6;0.9;1.5;.104;-0.5;1.6;1.0;0.5;
15-16;CLE;SG;21;367;7.1;.540;.567;.183;3.3;11.7;7.6;6.3;1.4;0.8;16.7;9.8;0.2;0.3;0.5;.062;-2.7;0.9;-1.9;
16-17;CLE;SG;17;275;9.9;.548;.433;.283;2.7;16.5;10.0;7.6;1.8;0.9;8.2;11.9;0.3;0.3;0.6;.098;-2.2;1.3;-0.9;0.1;
18-19;HOU;SG;8;109;5.0;.522;.846;.154;1.1;11.0;6.2;2.7;0.5;9.8;12.4;0.1;0.1;.025;-2.5;-0.7;-3.2;
Career;;79;1802;9.9;.518;.529;.209;3.7;14.0;8.8;6.2;1.8;1.2;10.0;12.8;1.4;2.2;3.5;.094;-1.2;1.2;0.9;
