Isaiah Canaan;Point Guard and Shooting Guard;Right;1991-05-21;;6-0;201;Biloxi in Biloxi,Mississippi;;;;-1;;
Per Game
13-14;HOU;PG;22;11.5;1.4;4.0;.356;0.8;2.5;.327;0.6;1.5;.406;.460;1.0;1.3;.724;0.3;0.8;1.1;1.0;0.4;0.2;1.0;1.1;4.6;
14-15;TOT;PG;47;21;20.0;3.1;8.0;.386;1.9;5.2;.370;1.2;2.8;.417;.507;1.0;1.3;.817;0.4;1.5;1.9;2.1;0.6;0.1;1.3;1.8;9.2;
14-15;HOU;PG;25;9;14.8;2.1;5.2;.405;1.3;3.4;.381;0.8;1.9;.447;.527;0.6;0.8;.762;0.4;0.9;1.3;1.2;0.6;0.9;1.1;6.2;
14-15;PHI;PG;22;12;25.9;4.2;11.2;.377;2.7;7.4;.364;1.5;3.9;.400;.496;1.5;1.8;.846;0.3;2.1;2.5;3.1;0.7;0.1;1.8;2.5;12.6;
15-16;PHI;SG;77;39;25.5;3.4;9.4;.360;2.3;6.3;.363;1.1;3.1;.354;.482;1.9;2.3;.833;0.3;2.0;2.3;1.8;0.7;0.2;1.2;1.7;11.0;
16-17;CHI;SG;39;15.2;1.6;4.4;.364;0.6;2.4;.266;1.0;2.0;.481;.436;0.8;0.8;.909;0.2;1.1;1.3;0.9;0.6;0.5;0.9;4.6;
17-18;TOT;PG,SG;20;1;21.1;2.6;6.9;.380;1.1;3.3;.333;1.5;3.6;.423;.460;2.3;2.6;.902;0.3;2.0;2.3;3.8;0.8;0.1;1.5;1.8;8.6;
17-18;HOU;SG;1;4.0;1.0;1.0;1.0;1.0;
17-18;PHO;PG;19;1;22.0;2.7;7.2;.382;1.2;3.5;.333;1.6;3.7;.429;.463;2.4;2.7;.902;0.3;2.0;2.3;4.0;0.8;0.1;1.5;1.9;9.1;
18-19;TOT;PG;30;16;21.0;2.1;5.5;.390;1.1;3.2;.354;1.0;2.3;.441;.494;0.6;0.8;.792;0.2;1.7;1.9;2.8;0.5;0.1;1.2;1.7;6.0;
18-19;PHO;PG;19;15;26.5;2.7;6.8;.395;1.3;3.8;.347;1.4;3.0;.456;.492;0.8;1.1;.750;0.3;2.3;2.6;3.3;0.6;1.5;2.4;7.5;
18-19;MIN;PG;7;1;13.6;1.6;4.1;.379;1.0;2.7;.368;0.6;1.4;.400;.500;0.6;0.6;1.000;0.7;0.7;2.7;0.3;0.1;0.6;0.6;4.7;
18-19;MIL;PG;4;7.8;0.5;1.5;.333;0.5;1.3;.400;0.3;.500;0.3;0.8;1.0;0.8;0.3;0.5;0.5;1.5;
Career;;235;77;20.4;2.6;7.1;.371;1.6;4.4;.351;1.1;2.6;.404;.481;1.3;1.6;.836;0.3;1.6;1.9;1.9;0.6;0.1;1.1;1.5;8.1;
Playoffs Per Game
16-17;CHI;SG;3;2;31.7;4.3;8.7;.500;1.7;4.7;.357;2.7;4.0;.667;.596;1.3;2.0;.667;1.3;1.3;1.3;1.0;1.7;2.0;11.7;
Career;;3;2;31.7;4.3;8.7;.500;1.7;4.7;.357;2.7;4.0;.667;.596;1.3;2.0;.667;1.3;1.3;1.3;1.0;1.7;2.0;11.7;
Totals
13-14;HOU;PG;22;252;31;87;.356;18;55;.327;13;32;.406;.460;21;29;.724;7;17;24;22;8;4;21;25;101;
14-15;TOT;PG;47;21;938;146;378;.386;91;246;.370;55;132;.417;.507;49;60;.817;18;69;87;98;29;3;62;83;432;
14-15;HOU;PG;25;9;369;53;131;.405;32;84;.381;21;47;.447;.527;16;21;.762;11;22;33;29;14;23;28;154;
14-15;PHI;PG;22;12;569;93;247;.377;59;162;.364;34;85;.400;.496;33;39;.846;7;47;54;69;15;3;39;55;278;
15-16;PHI;SG;77;39;1966;260;722;.360;176;485;.363;84;237;.354;.482;150;180;.833;20;154;174;137;56;12;91;133;846;
16-17;CHI;SG;39;592;63;173;.364;25;94;.266;38;79;.481;.436;30;33;.909;6;44;50;37;22;1;21;35;181;
17-18;TOT;PG,SG;20;1;422;52;137;.380;22;66;.333;30;71;.423;.460;46;51;.902;6;39;45;76;16;1;29;36;172;
17-18;HOU;SG;1;4;1;1;1;1;
17-18;PHO;PG;19;1;418;52;136;.382;22;66;.333;30;70;.429;.463;46;51;.902;6;38;44;76;16;1;29;36;172;
18-19;TOT;PG;30;16;629;64;164;.390;34;96;.354;30;68;.441;.494;19;24;.792;6;52;58;84;14;2;35;52;181;
18-19;PHO;PG;19;15;503;51;129;.395;25;72;.347;26;57;.456;.492;15;20;.750;5;44;49;62;12;29;46;142;
18-19;MIN;PG;7;1;95;11;29;.379;7;19;.368;4;10;.400;.500;4;4;1.000;5;5;19;2;1;4;4;33;
18-19;MIL;PG;4;31;2;6;.333;2;5;.400;1;.500;1;3;4;3;1;2;2;6;
Career;;235;77;4799;616;1661;.371;366;1042;.351;250;619;.404;.481;315;377;.836;63;375;438;454;145;23;259;364;1913;
Playoffs Totals
16-17;CHI;SG;3;2;95;13;26;.500;5;14;.357;8;12;.667;.596;4;6;.667;4;4;4;3;5;6;35;
Career;;3;2;95;13;26;.500;5;14;.357;8;12;.667;.596;4;6;.667;4;4;4;3;5;6;35;
Advanced
13-14;HOU;PG;22;252;9.5;.506;.632;.333;3.3;7.1;5.3;13.2;1.6;1.2;17.4;21.0;0.2;0.2;.031;-2.5;-1.5;-4.0;-0.1;
14-15;TOT;PG;47;938;12.4;.534;.651;.159;2.1;8.3;5.1;18.7;1.5;0.3;13.3;21.6;0.8;0.7;1.4;.072;0.1;-0.9;-0.8;0.3;
14-15;HOU;PG;25;369;11.8;.549;.641;.160;3.3;6.6;4.9;12.6;1.9;14.1;19.2;0.3;0.3;0.6;.084;0.2;-0.6;-0.4;0.2;
14-15;PHI;PG;22;569;12.8;.526;.656;.158;1.3;9.4;5.1;22.7;1.3;0.4;12.9;23.2;0.4;0.3;0.8;.065;-1.1;-1.1;0.1;
15-16;PHI;SG;77;1966;11.1;.528;.672;.249;1.1;8.8;4.8;11.3;1.4;0.5;10.2;19.9;0.9;0.5;1.4;.035;-0.8;-1.6;-2.4;-0.2;
16-17;CHI;SG;39;592;8.1;.483;.543;.191;1.1;8.1;4.6;9.0;1.9;0.1;10.1;15.4;0.6;0.5;.042;-3.6;0.4;-3.3;-0.2;
17-18;TOT;PG,SG;20;422;13.5;.539;.482;.372;1.5;10.0;5.7;26.7;1.8;0.2;15.4;18.9;0.5;0.1;0.6;.072;-0.5;-0.7;-1.3;0.1;
17-18;HOU;SG;1;4;-7.3;27.9;14.1;11.0;-0.224;-12.4;-4.5;-16.9;
17-18;PHO;PG;19;418;13.7;.543;.485;.375;1.5;9.9;5.6;26.9;1.8;0.2;15.5;19.0;0.5;0.1;0.7;.075;-0.4;-0.7;-1.1;0.1;
18-19;TOT;PG;30;629;8.0;.518;.585;.146;1.0;9.2;5.1;18.2;1.1;0.3;16.7;14.2;0.1;0.1;.008;-2.7;-1.4;-4.1;-0.3;
18-19;PHO;PG;19;503;7.3;.515;.558;.155;1.1;9.8;5.4;17.0;1.1;17.4;14.2;-0.1;-0.1;-0.007;-3.3;-1.4;-4.6;-0.3;
18-19;MIN;PG;7;95;12.3;.536;.655;.138;5.7;2.8;26.9;1.0;0.9;11.5;15.4;0.1;0.2;.079;0.7;-2.0;-1.3;
18-19;MIL;PG;4;31;5.2;.500;.833;3.5;9.3;6.6;11.6;2.7;25.0;10.8;.030;-3.3;-0.7;-4.0;
Career;;235;4799;10.7;.524;.627;.227;1.4;8.7;5.0;14.8;1.5;0.4;12.4;18.9;2.2;2.1;4.3;.043;-1.3;-1.1;-2.4;-0.5;
Playoffs Advanced
16-17;CHI;SG;3;95;9.7;.611;.538;.231;4.6;2.4;6.8;1.6;14.9;16.0;0.1;0.1;.047;-1.7;-1.7;
Career;;3;95;9.7;.611;.538;.231;4.6;2.4;6.8;1.6;14.9;16.0;0.1;0.1;.047;-1.7;-1.7;
