Isaiah Thomas;Point Guard and Shooting Guard;Left;1989-02-07;;5-9;185;South Kent School in South Kent,Connecticut;;;;-1;;
Per Game
11-12;SAC;PG;65;37;25.5;3.9;8.8;.448;1.3;3.4;.379;2.7;5.4;.491;.521;2.4;2.8;.832;0.7;1.8;2.6;4.1;0.8;0.1;1.6;1.9;11.5;
12-13;SAC;PG;79;62;26.9;4.6;10.5;.440;1.5;4.1;.358;3.2;6.5;.491;.509;3.2;3.6;.882;0.4;1.7;2.0;4.0;0.8;1.8;2.1;13.9;
13-14;SAC;PG;72;54;34.7;6.9;15.2;.453;1.8;5.1;.349;5.1;10.2;.504;.510;4.8;5.7;.850;0.7;2.3;2.9;6.3;1.3;0.1;3.0;2.6;20.3;
14-15;TOT;PG;67;1;25.8;5.0;11.9;.420;1.9;5.2;.373;3.1;6.7;.457;.501;4.5;5.2;.868;0.5;1.8;2.3;4.2;0.9;0.1;2.1;2.2;16.4;
14-15;PHO;PG;46;1;25.7;4.7;11.1;.426;1.8;4.5;.391;3.0;6.6;.449;.505;4.0;4.6;.872;0.6;1.8;2.4;3.7;1.0;0.1;1.9;2.3;15.2;
14-15;BOS;PG;21;26.0;5.6;13.6;.411;2.3;6.6;.345;3.3;7.0;.473;.495;5.6;6.5;.861;0.3;1.8;2.1;5.4;0.6;2.6;2.1;19.0;
15-16;BOS;PG;<strong>82</strong>;79;32.2;7.2;16.9;.428;2.0;5.7;.359;5.2;11.2;.462;.488;5.8;6.6;.871;0.6;2.4;3.0;6.2;1.1;0.1;2.7;2.0;22.2;
16-17;BOS;PG;76;76;33.8;9.0;19.4;.463;3.2;8.5;.379;5.8;10.9;.528;.546;7.8;8.5;.909;0.6;2.1;2.7;5.9;0.9;0.2;2.8;2.2;28.9;
17-18;TOT;PG;32;15;26.9;4.9;13.2;.373;1.7;5.9;.293;3.2;7.3;.438;.438;3.7;4.1;.893;0.5;1.6;2.1;4.8;0.5;0.1;3.0;1.8;15.2;
17-18;CLE;PG;15;14;27.1;4.7;12.9;.361;1.5;5.8;.253;3.2;7.1;.449;.418;3.9;4.5;.868;0.5;1.6;2.1;4.5;0.6;0.1;2.7;1.7;14.7;
17-18;LAL;PG;17;1;26.8;5.1;13.4;.383;1.9;5.9;.327;3.2;7.4;.429;.456;3.4;3.7;.921;0.6;1.5;2.1;5.0;0.4;0.1;3.2;1.9;15.6;
18-19;DEN;SG;12;15.1;2.8;8.3;.343;1.0;3.6;.279;1.8;4.7;.393;.404;1.4;2.3;.630;0.4;0.7;1.1;1.9;0.4;0.1;1.5;1.4;8.1;
19-20;WAS;PG;40;37;23.1;4.4;10.7;.408;2.0;4.7;.413;2.4;5.9;.405;.500;1.6;1.9;.816;0.3;1.4;1.7;3.7;0.3;0.2;1.9;1.9;12.2;
20-21;NOP;PG;3;16.0;3.0;9.0;.333;1.0;4.0;.250;2.0;5.0;.400;.389;0.7;0.7;1.000;0.3;1.0;1.3;1.7;0.3;2.0;1.0;7.7;
21-22;TOT;PG;22;1;15.1;3.0;7.6;.401;1.3;3.8;.337;1.8;3.8;.464;.485;1.0;1.2;.846;0.2;1.1;1.3;1.5;0.3;0.2;0.7;1.5;8.4;
21-22;LAL;PG;4;1;25.3;3.0;9.8;.308;1.3;5.5;.227;1.8;4.3;.412;.372;2.0;2.8;.727;0.3;1.8;2.0;1.5;0.5;1.3;3.0;9.3;
21-22;DAL;PG;1;13.0;3.0;8.0;.375;3.0;3.0;5.0;.600;.375;4.0;6.0;
21-22;CHO;PG;17;12.9;3.1;7.1;.433;1.4;3.4;.397;1.7;3.6;.468;.529;0.8;0.9;.933;0.2;1.1;1.2;1.4;0.4;0.2;0.6;1.3;8.3;
Career;;550;362;28.3;5.8;13.3;.434;1.9;5.2;.362;3.9;8.0;.481;.506;4.3;4.9;.872;0.5;1.9;2.4;4.8;0.9;0.1;2.3;2.1;17.7;
Playoffs Per Game
14-15;BOS;PG;4;29.8;4.5;13.5;.333;0.8;4.5;.167;3.8;9.0;.417;.361;7.8;8.0;.969;0.3;2.8;3.0;7.0;0.8;3.5;2.5;17.5;
15-16;BOS;PG;6;6;36.7;7.8;19.8;.395;2.2;7.7;.283;5.7;12.2;.466;.450;6.3;7.8;.809;0.3;2.7;3.0;5.0;0.7;0.8;2.3;3.0;24.2;
16-17;BOS;PG;15;15;34.7;7.4;17.4;.425;2.4;7.2;.333;5.0;10.2;.490;.494;6.1;7.4;.820;0.3;2.8;3.1;6.7;0.9;0.1;3.3;2.3;23.3;
Career;;25;21;34.4;7.0;17.4;.406;2.1;6.9;.302;5.0;10.5;.473;.465;6.4;7.6;.842;0.3;2.8;3.1;6.3;0.8;0.3;3.1;2.5;22.6;
Totals
11-12;SAC;PG;65;37;1656;256;571;.448;83;219;.379;173;352;.491;.521;154;185;.832;48;120;168;266;53;8;105;121;749;
12-13;SAC;PG;79;62;2122;366;832;.440;115;321;.358;251;511;.491;.509;253;287;.882;29;132;161;316;67;3;140;167;1100;
13-14;SAC;PG;72;54;2497;496;1096;.453;127;364;.349;369;732;.504;.510;346;407;.850;47;163;210;454;93;8;213;185;1465;
14-15;TOT;PG;67;1;1726;335;797;.420;129;346;.373;206;451;.457;.501;302;348;.868;33;120;153;284;57;5;143;150;1101;
14-15;PHO;PG;46;1;1181;218;512;.426;81;207;.391;137;305;.449;.505;184;211;.872;26;83;109;171;45;5;89;105;701;
14-15;BOS;PG;21;545;117;285;.411;48;139;.345;69;146;.473;.495;118;137;.861;7;37;44;113;12;54;45;400;
15-16;BOS;PG;<strong>82</strong>;79;2644;591;1382;.428;167;465;.359;424;917;.462;.488;474;544;.871;46;197;243;509;91;9;220;167;1823;
16-17;BOS;PG;76;76;2569;682;1473;.463;245;646;.379;437;827;.528;.546;590;649;.909;43;162;205;448;70;13;210;167;2199;
17-18;TOT;PG;32;15;862;157;421;.373;55;188;.293;102;233;.438;.438;117;131;.893;17;50;67;153;15;3;95;58;486;
17-18;CLE;PG;15;14;406;70;194;.361;22;87;.253;48;107;.449;.418;59;68;.868;7;24;31;68;9;2;41;25;221;
17-18;LAL;PG;17;1;456;87;227;.383;33;101;.327;54;126;.429;.456;58;63;.921;10;26;36;85;6;1;54;33;265;
18-19;DEN;SG;12;181;34;99;.343;12;43;.279;22;56;.393;.404;17;27;.630;5;8;13;23;5;1;18;17;97;
19-20;WAS;PG;40;37;925;174;426;.408;78;189;.413;96;237;.405;.500;62;76;.816;11;57;68;146;13;6;77;77;488;
20-21;NOP;PG;3;48;9;27;.333;3;12;.250;6;15;.400;.389;2;2;1.000;1;3;4;5;1;6;3;23;
21-22;TOT;PG;22;1;333;67;167;.401;28;83;.337;39;84;.464;.485;22;26;.846;4;25;29;34;7;5;15;34;184;
21-22;LAL;PG;4;1;101;12;39;.308;5;22;.227;7;17;.412;.372;8;11;.727;1;7;8;6;2;5;12;37;
21-22;DAL;PG;1;13;3;8;.375;3;3;5;.600;.375;4;6;
21-22;CHO;PG;17;219;52;120;.433;23;58;.397;29;62;.468;.529;14;15;.933;3;18;21;24;7;3;10;22;141;
Career;;550;362;15563;3167;7291;.434;1042;2876;.362;2125;4415;.481;.506;2339;2682;.872;284;1037;1321;2638;472;61;1242;1146;9715;
Playoffs Totals
14-15;BOS;PG;4;119;18;54;.333;3;18;.167;15;36;.417;.361;31;32;.969;1;11;12;28;3;14;10;70;
15-16;BOS;PG;6;6;220;47;119;.395;13;46;.283;34;73;.466;.450;38;47;.809;2;16;18;30;4;5;14;18;145;
16-17;BOS;PG;15;15;521;111;261;.425;36;108;.333;75;153;.490;.494;91;111;.820;5;42;47;100;13;2;50;35;349;
Career;;25;21;860;176;434;.406;52;172;.302;124;262;.473;.465;160;190;.842;8;69;77;158;20;7;78;63;564;
Advanced
11-12;SAC;PG;65;1656;17.6;.574;.384;.324;3.0;8.4;5.6;25.6;1.6;0.4;13.9;19.8;4.2;4.3;.124;2.4;-1.6;0.8;1.2;
12-13;SAC;PG;79;2122;17.5;.574;.386;.345;1.5;7.3;4.4;24.6;1.6;0.1;12.7;23.0;5.2;-0.1;5.0;.114;2.5;-2.0;0.5;1.3;
13-14;SAC;PG;72;2497;20.5;.574;.332;.371;2.1;7.5;4.7;32.2;1.9;0.3;14.3;26.3;6.4;1.3;7.7;.149;3.9;-0.7;3.2;3.2;
14-15;TOT;PG;67;1726;20.6;.579;.434;.437;2.1;7.7;4.9;27.2;1.6;0.2;13.1;27.8;5.0;1.1;6.1;.169;4.1;-0.9;3.2;2.3;
14-15;PHO;PG;46;1181;19.7;.579;.404;.412;2.4;7.8;5.1;23.6;1.9;0.3;12.8;25.8;3.2;0.7;4.0;.162;3.2;-0.8;2.5;1.4;
14-15;BOS;PG;21;545;22.3;.579;.488;.481;1.4;7.5;4.4;35.2;1.1;13.5;32.1;1.8;0.3;2.1;.185;6.0;-1.3;4.6;0.9;
15-16;BOS;PG;<strong>82</strong>;2644;21.5;.562;.336;.394;1.8;8.0;4.9;32.7;1.7;0.3;11.9;29.6;7.2;2.5;9.7;.177;4.9;-0.6;4.3;4.2;
16-17;BOS;PG;76;2569;26.5;.625;.439;.441;1.9;7.0;4.4;32.5;1.4;0.4;10.7;34.0;10.9;1.6;12.5;.234;7.8;-1.1;6.7;5.6;
17-18;TOT;PG;32;862;12.6;.508;.447;.311;2.2;6.3;4.2;27.1;0.8;0.3;16.6;28.8;-0.1;0.3;0.2;.009;-0.9;-3.9;-4.9;-0.6;
17-18;CLE;PG;15;406;12.3;.493;.448;.351;2.0;6.5;4.3;25.1;1.1;0.4;15.5;28.9;-0.1;0.1;-0.1;-0.008;-1.2;-3.6;-4.8;-0.3;
17-18;LAL;PG;17;456;12.8;.520;.445;.278;2.4;6.0;4.2;28.8;0.6;0.2;17.5;28.7;0.2;0.2;.024;-0.7;-4.2;-4.9;-0.3;
18-19;DEN;SG;12;181;7.0;.437;.434;.273;3.0;4.8;3.9;18.6;1.4;0.5;14.0;30.4;-0.4;0.1;-0.3;-0.077;-4.0;-2.5;-6.5;-0.2;
19-20;WAS;PG;40;925;11.6;.531;.444;.178;1.2;7.0;4.0;23.4;0.7;0.6;14.4;24.1;0.1;-0.1;.002;-0.5;-3.9;-4.4;-0.5;
20-21;NOP;PG;3;48;2.4;.412;.444;.074;2.3;6.8;4.5;15.1;1.0;17.7;29.7;-0.2;-0.2;-0.179;-7.8;-5.2;-13.1;-0.1;
21-22;TOT;PG;22;333;12.0;.516;.497;.156;1.3;8.1;4.6;15.7;1.0;1.4;7.8;24.8;0.1;0.2;.026;-1.9;-2.6;-4.5;-0.2;
21-22;LAL;PG;4;101;3.2;.422;.564;.282;1.1;7.4;4.3;8.1;1.8;10.2;20.8;-0.2;-0.2;-0.084;-6.0;-2.5;-8.5;-0.2;
21-22;DAL;PG;1;13;12.6;.375;.375;52.6;27.7;.006;-0.6;-3.7;-4.2;
21-22;CHO;PG;17;219;16.0;.557;.483;.125;1.4;8.8;5.1;17.0;1.5;1.3;7.3;26.5;0.2;0.1;0.4;.078;-0.1;-2.6;-2.7;
Career;;550;15563;19.6;.573;.394;.368;2.0;7.5;4.7;28.7;1.5;0.3;12.8;27.2;38.4;7.0;45.3;.140;3.6;-1.5;2.1;16.1;
Playoffs Advanced
14-15;BOS;PG;4;119;17.9;.514;.333;.593;0.9;10.4;5.5;41.1;1.3;17.1;30.8;0.1;0.1;.044;3.3;-0.5;2.8;0.1;
15-16;BOS;PG;6;220;17.4;.519;.387;.395;0.9;8.1;4.3;27.9;0.9;2.0;9.1;30.1;0.2;0.3;0.5;.118;3.9;-0.2;3.7;0.3;
16-17;BOS;PG;15;521;18.1;.563;.414;.425;1.1;9.8;5.3;33.0;1.3;0.3;13.9;31.3;0.7;0.1;0.8;.077;2.9;-2.3;0.6;0.3;
Career;;25;860;17.9;.545;.396;.438;1.0;9.4;5.1;32.8;1.2;0.7;13.1;30.9;1.0;0.4;1.5;.083;3.2;-1.5;1.7;0.8;
