Jabari Parker;Power Forward;Right;1995-03-15;;6-8;245;Simeon in Chicago,Illinois;;;;-1;;
Per Game
14-15;MIL;PF;25;25;29.5;5.2;10.5;.490;0.2;0.6;.250;5.0;9.9;.506;.498;1.8;2.6;.697;2.0;3.5;5.5;1.7;1.2;0.2;1.9;1.7;12.3;
15-16;MIL;PF;76;72;31.7;5.8;11.8;.493;0.1;0.5;.257;5.7;11.4;.502;.498;2.3;3.0;.768;1.6;3.6;5.2;1.7;0.9;0.4;1.5;2.0;14.1;
16-17;MIL;PF;51;50;33.9;7.8;16.0;.490;1.3;3.5;.365;6.5;12.5;.525;.530;3.2;4.3;.743;1.5;4.6;6.2;2.8;1.0;0.4;1.8;2.2;20.1;
17-18;MIL;PF;31;3;24.0;5.2;10.7;.482;1.0;2.6;.383;4.2;8.1;.514;.529;1.3;1.7;.741;1.4;3.5;4.9;1.9;0.8;0.3;1.5;1.6;12.6;
18-19;TOT;PF;64;17;26.9;5.8;11.7;.493;1.0;3.0;.313;4.8;8.7;.556;.533;2.0;2.9;.712;1.2;5.3;6.6;2.4;0.7;0.5;2.4;2.3;14.5;
18-19;CHI;PF;39;17;26.7;5.6;11.9;.474;0.9;2.9;.325;4.7;9.0;.523;.514;2.0;2.8;.731;1.1;5.1;6.2;2.2;0.6;0.4;2.2;2.2;14.3;
18-19;WAS;PF;25;27.3;6.0;11.4;.523;1.0;3.2;.296;5.0;8.2;.613;.565;2.1;3.0;.684;1.5;5.7;7.2;2.7;0.9;0.6;2.7;2.3;15.0;
19-20;TOT;PF;38;23;24.1;5.8;11.3;.510;0.8;3.1;.269;4.9;8.2;.603;.548;1.6;2.1;.753;1.6;4.0;5.6;1.8;1.2;0.4;1.7;2.6;14.0;
19-20;ATL;PF;32;23;26.2;6.2;12.3;.504;1.0;3.6;.270;5.2;8.7;.601;.543;1.7;2.3;.736;1.7;4.3;6.0;1.8;1.3;0.5;1.9;2.9;15.0;
19-20;SAC;PF;6;13.3;3.5;6.0;.583;0.2;0.7;.250;3.3;5.3;.625;.597;1.3;1.5;.889;1.2;2.7;3.8;1.7;0.5;0.2;0.7;1.0;8.5;
20-21;TOT;PF;13;12.7;2.3;4.2;.545;0.2;0.8;.182;2.2;3.4;.636;.564;0.8;1.0;.769;0.8;2.5;3.2;0.8;0.1;0.4;0.8;1.0;5.5;
20-21;SAC;PF;3;9.0;1.3;2.3;.571;0.3;1.3;2.0;.667;.571;0.3;1.7;2.0;0.3;0.3;1.0;1.3;2.7;
20-21;BOS;PF;10;13.8;2.6;4.8;.542;0.2;1.0;.200;2.4;3.8;.632;.563;1.0;1.3;.769;0.9;2.7;3.6;1.0;0.1;0.4;0.7;0.9;6.4;
21-22;BOS;PF;12;9.3;1.5;3.2;.474;0.7;1.3;.500;0.8;1.8;.455;.579;0.8;0.8;1.000;0.4;1.9;2.3;0.5;0.3;0.1;0.7;1.1;4.4;
Career;;310;190;27.5;5.7;11.5;.494;0.7;2.1;.326;5.0;9.4;.531;.523;2.0;2.8;.743;1.4;4.0;5.5;2.0;0.9;0.4;1.7;2.0;14.1;
Playoffs Per Game
17-18;MIL;PF;7;23.9;4.0;8.9;.452;0.9;2.7;.316;3.1;6.1;.512;.500;1.1;1.9;.615;1.1;5.0;6.1;1.4;1.0;0.6;0.9;2.1;10.0;
20-21;BOS;PF;4;14.8;3.3;5.3;.619;0.5;1.3;.400;2.8;4.0;.688;.667;1.5;2.0;.750;0.5;3.3;3.8;0.5;0.8;1.5;1.8;8.5;
Career;;11;20.5;3.7;7.5;.494;0.7;2.2;.333;3.0;5.4;.559;.542;1.3;1.9;.667;0.9;4.4;5.3;1.1;0.6;0.6;1.1;2.0;9.5;
Totals
14-15;MIL;PF;25;25;738;129;263;.490;4;16;.250;125;247;.506;.498;46;66;.697;50;88;138;42;31;5;47;42;308;
15-16;MIL;PF;76;72;2408;443;899;.493;9;35;.257;434;864;.502;.498;175;228;.768;123;272;395;130;69;29;116;154;1070;
16-17;MIL;PF;51;50;1728;399;814;.490;65;178;.365;334;636;.525;.530;162;218;.743;79;235;314;142;50;22;93;111;1025;
17-18;MIL;PF;31;3;743;160;332;.482;31;81;.383;129;251;.514;.529;40;54;.741;42;109;151;59;25;10;45;50;391;
18-19;TOT;PF;64;17;1724;369;749;.493;61;195;.313;308;554;.556;.533;131;184;.712;79;342;421;152;46;30;151;145;930;
18-19;CHI;PF;39;17;1042;220;464;.474;37;114;.325;183;350;.523;.514;79;108;.731;41;200;241;84;23;14;84;87;556;
18-19;WAS;PF;25;682;149;285;.523;24;81;.296;125;204;.613;.565;52;76;.684;38;142;180;68;23;16;67;58;374;
19-20;TOT;PF;38;23;917;219;429;.510;32;119;.269;187;310;.603;.548;61;81;.753;61;153;214;68;45;16;64;99;531;
19-20;ATL;PF;32;23;837;198;393;.504;31;115;.270;167;278;.601;.543;53;72;.736;54;137;191;58;42;15;60;93;480;
19-20;SAC;PF;6;80;21;36;.583;1;4;.250;20;32;.625;.597;8;9;.889;7;16;23;10;3;1;4;6;51;
20-21;TOT;PF;13;165;30;55;.545;2;11;.182;28;44;.636;.564;10;13;.769;10;32;42;11;1;5;10;13;72;
20-21;SAC;PF;3;27;4;7;.571;1;4;6;.667;.571;1;5;6;1;1;3;4;8;
20-21;BOS;PF;10;138;26;48;.542;2;10;.200;24;38;.632;.563;10;13;.769;9;27;36;10;1;4;7;9;64;
21-22;BOS;PF;12;112;18;38;.474;8;16;.500;10;22;.455;.579;9;9;1.000;5;23;28;6;4;1;8;13;53;
Career;;310;190;8535;1767;3579;.494;212;651;.326;1555;2928;.531;.523;634;853;.743;449;1254;1703;610;271;118;534;627;4380;
Playoffs Totals
17-18;MIL;PF;7;167;28;62;.452;6;19;.316;22;43;.512;.500;8;13;.615;8;35;43;10;7;4;6;15;70;
20-21;BOS;PF;4;59;13;21;.619;2;5;.400;11;16;.688;.667;6;8;.750;2;13;15;2;3;6;7;34;
Career;;11;226;41;83;.494;8;24;.333;33;59;.559;.542;14;21;.667;10;48;58;12;7;7;12;22;104;
Advanced
14-15;MIL;PF;25;738;14.5;.527;.061;.251;7.8;13.5;10.7;9.5;2.1;0.6;13.9;20.7;0.4;1.0;1.3;.088;-0.1;-0.4;-0.5;0.3;
15-16;MIL;PF;76;2408;14.8;.535;.039;.254;5.9;12.8;9.4;8.9;1.5;1.0;10.4;20.9;2.4;1.2;3.6;.072;-0.4;-1.6;-2.0;
16-17;MIL;PF;51;1728;19.1;.563;.219;.268;5.4;15.7;10.6;14.3;1.5;1.1;9.3;26.5;2.6;1.5;4.0;.112;2.1;-1.4;0.7;1.2;
17-18;MIL;PF;31;743;17.1;.550;.244;.163;6.6;17.1;11.9;13.1;1.7;1.2;11.2;24.4;0.6;0.6;1.2;.080;0.9;-1.7;-0.8;0.2;
18-19;TOT;PF;64;1724;15.5;.560;.260;.246;4.9;21.8;13.3;14.1;1.3;1.5;15.4;24.6;0.1;1.3;1.4;.039;-0.7;-0.9;-1.5;0.2;
18-19;CHI;PF;39;1042;14.6;.543;.246;.233;4.2;21.1;12.6;13.2;1.1;1.2;14.1;25.0;-0.2;0.7;0.5;.024;-1.1;-1.1;-2.1;
18-19;WAS;PF;25;682;17.0;.587;.284;.267;5.9;23.0;14.3;15.4;1.6;2.0;17.4;24.0;0.3;0.6;0.9;.063;-0.6;-0.6;0.2;
19-20;TOT;PF;38;917;18.0;.571;.277;.189;7.1;18.3;12.6;12.4;2.3;1.5;12.1;24.0;0.8;0.8;1.6;.083;0.6;-0.3;0.3;0.5;
19-20;ATL;PF;32;837;17.2;.565;.293;.183;6.9;17.9;12.3;11.6;2.3;1.5;12.4;24.0;0.5;0.7;1.2;.068;0.3;-0.3;0.4;
19-20;SAC;PF;6;80;26.5;.638;.111;.250;9.6;23.1;16.2;21.5;1.8;1.2;9.1;23.8;0.3;0.1;0.4;.234;3.5;-0.9;2.6;0.1;
20-21;TOT;PF;13;165;14.7;.593;.200;.236;6.7;21.8;14.2;9.9;0.3;2.8;14.1;18.5;0.2;0.1;0.3;.089;-0.9;-0.9;
20-21;SAC;PF;3;27;5.0;.571;.143;4.1;20.8;12.3;5.0;3.1;30.0;15.9;-0.1;-0.073;-7.7;-1.4;-9.1;
20-21;BOS;PF;10;138;16.6;.596;.208;.271;7.2;22.0;14.5;10.8;0.4;2.7;11.5;18.9;0.2;0.1;0.3;.121;0.4;0.2;0.7;0.1;
21-22;BOS;PF;12;112;14.8;.632;.421;.237;5.0;21.7;13.5;7.9;1.8;0.8;16.0;19.6;0.1;0.2;0.3;.141;-0.4;1.1;0.7;0.1;
Career;;310;8535;16.3;.554;.182;.238;6.0;16.5;11.2;11.8;1.6;1.2;11.9;23.3;7.2;6.7;13.8;.078;0.3;-1.1;-0.8;2.5;
Playoffs Advanced
17-18;MIL;PF;7;167;15.9;.517;.306;.210;6.1;23.4;15.4;9.4;2.2;2.1;8.1;21.5;0.1;0.2;0.3;.091;0.3;-0.6;-0.2;0.1;
20-21;BOS;PF;4;59;17.0;.693;.238;.381;3.7;27.0;14.7;5.8;4.8;19.7;21.9;0.1;.020;-0.8;0.5;-0.4;
Career;;11;226;16.2;.564;.289;.253;5.5;24.3;15.2;8.5;1.6;2.8;11.5;21.6;0.1;0.2;0.3;.073;-0.3;-0.3;0.1;
