Jae Crowder;Small Forward and Power Forward;Right;1990-07-06;;6-6;235;Villa Rica in Villa Rica,Georgia;;;;-1;;
Per Game
12-13;DAL;SF;78;16;17.3;1.8;4.7;.384;0.8;2.5;.328;1.0;2.2;.446;.470;0.6;0.9;.644;0.4;1.9;2.4;1.2;0.8;0.2;0.6;1.6;5.0;
13-14;DAL;SF;78;8;16.1;1.7;3.8;.439;0.6;1.9;.331;1.0;1.9;.552;.524;0.6;0.8;.754;0.6;1.9;2.5;0.8;0.8;0.3;0.5;1.3;4.6;
14-15;TOT;SF;82;17;20.1;2.8;6.6;.420;0.7;2.5;.293;2.0;4.1;.499;.476;1.3;1.7;.773;0.9;2.7;3.6;1.1;0.9;0.3;0.6;1.7;7.7;
14-15;DAL;SF;25;10.6;1.3;3.0;.434;0.5;1.5;.342;0.8;1.5;.526;.520;0.4;0.4;.909;0.5;0.7;1.2;0.5;0.6;0.2;0.4;1.0;3.6;
14-15;BOS;SF;57;17;24.2;3.4;8.2;.418;0.8;3.0;.282;2.6;5.2;.495;.469;1.7;2.3;.762;1.1;3.6;4.6;1.4;1.0;0.4;0.7;1.9;9.5;
15-16;BOS;SF;73;73;31.6;4.9;11.1;.443;1.7;5.0;.336;3.3;6.2;.529;.518;2.7;3.3;.820;1.0;4.2;5.1;1.8;1.7;0.5;1.1;2.7;14.2;
16-17;BOS;SF;72;72;32.4;4.6;10.0;.463;2.2;5.5;.398;2.4;4.5;.540;.572;2.4;3.0;.811;0.7;5.1;5.8;2.2;1.0;0.3;1.1;2.2;13.9;
17-18;TOT;SF;80;47;26.1;3.4;8.4;.404;1.4;4.3;.323;2.0;4.1;.488;.486;1.5;1.9;.818;0.7;2.7;3.4;1.2;0.8;0.3;0.9;2.3;9.7;
17-18;CLE;SF;53;47;25.4;3.0;7.1;.418;1.2;3.6;.328;1.8;3.5;.508;.500;1.5;1.7;.848;0.8;2.5;3.3;1.1;0.8;0.2;0.8;2.3;8.6;
17-18;UTA;SF;27;27.6;4.2;10.9;.386;1.8;5.6;.316;2.4;5.3;.462;.468;1.6;2.1;.768;0.7;3.1;3.8;1.5;0.9;0.3;1.2;2.3;11.8;
18-19;UTA;SF;80;11;27.1;4.0;10.0;.399;2.2;6.5;.331;1.8;3.4;.527;.508;1.8;2.5;.721;0.8;4.1;4.8;1.7;0.8;0.4;1.1;2.1;11.9;
19-20;TOT;PF,SF;65;53;28.8;3.5;8.7;.401;2.1;6.1;.343;1.4;2.6;.538;.521;1.5;1.9;.776;0.8;5.1;5.9;2.5;1.1;0.4;1.1;2.2;10.5;
19-20;MEM;SF;45;45;29.4;3.3;8.9;.368;1.7;5.9;.293;1.5;3.0;.519;.466;1.7;2.1;.789;0.9;5.3;6.2;2.8;1.0;0.3;1.2;1.9;9.9;
19-20;MIA;PF;20;8;27.7;4.0;8.2;.482;2.9;6.4;.445;1.1;1.8;.611;.655;1.1;1.5;.733;0.6;4.8;5.4;1.8;1.3;0.5;0.8;2.9;11.9;
20-21;PHO;PF;60;42;27.5;3.3;8.2;.404;2.5;6.3;.389;0.9;1.9;.455;.555;1.0;1.3;.760;0.5;4.2;4.7;2.1;0.8;0.5;0.9;2.1;10.1;
21-22;PHO;PF;67;67;28.1;3.2;8.1;.399;1.9;5.4;.348;1.3;2.7;.503;.516;1.1;1.3;.789;0.4;4.8;5.3;1.9;1.4;0.4;0.8;2.6;9.4;
Career;;735;406;25.3;3.3;7.9;.417;1.6;4.5;.346;1.7;3.4;.512;.516;1.4;1.9;.777;0.7;3.6;4.3;1.6;1.0;0.3;0.9;2.1;9.6;
Playoffs Per Game
13-14;DAL;SF;7;11.6;1.1;2.6;.444;0.4;1.0;.429;0.7;1.6;.455;.528;0.6;1.1;1.7;0.3;0.3;0.1;0.4;1.9;2.7;
14-15;BOS;SF;4;1;25.0;3.8;7.3;.517;0.8;2.5;.300;3.0;4.8;.632;.569;2.5;3.3;.769;2.0;3.0;5.0;2.0;1.0;0.8;1.3;3.5;10.8;
15-16;BOS;SF;6;6;32.8;3.3;12.0;.278;1.7;6.8;.244;1.7;5.2;.323;.347;1.2;1.8;.636;0.8;5.7;6.5;2.2;1.5;0.5;1.2;2.8;9.5;
16-17;BOS;SF;<strong>18</strong>;18;33.1;4.8;11.1;.435;1.7;4.9;.352;3.1;6.2;.500;.513;2.2;2.7;.833;1.1;5.3;6.4;2.7;1.1;0.3;0.7;2.9;13.6;
17-18;UTA;SF;11;2;29.4;3.2;9.8;.324;2.0;6.0;.333;1.2;3.8;.310;.426;1.6;2.5;.643;0.4;4.7;5.1;1.7;1.4;0.2;1.3;2.3;10.0;
18-19;UTA;SF;5;3;26.0;3.4;9.2;.370;1.8;6.0;.300;1.6;3.2;.500;.467;2.8;3.8;.737;0.8;5.0;5.8;0.8;1.0;0.2;1.4;11.4;
19-20;MIA;PF;<strong>21</strong>;21;31.4;3.9;9.6;.403;2.6;7.7;.342;1.2;1.9;.650;.540;1.7;2.2;.761;0.5;5.0;5.6;1.9;0.7;0.6;0.7;2.6;12.0;
20-21;PHO;PF;22;22;33.1;3.5;8.4;.413;2.5;6.5;.380;1.0;1.9;.524;.560;1.4;1.6;.886;0.5;5.6;6.1;1.9;0.9;0.8;0.9;3.0;10.8;
21-22;PHO;PF;<strong>6</strong>;6;28.7;2.7;8.0;.333;0.5;4.3;.115;2.2;3.7;.591;.365;1.7;2.5;.667;0.5;3.2;3.7;2.5;1.3;0.7;1.0;4.2;7.5;
Career;;100;79;29.9;3.6;9.1;.392;1.9;5.7;.333;1.7;3.4;.493;.497;1.7;2.2;.767;0.7;4.8;5.4;1.9;1.0;0.5;0.8;2.8;10.7;
Totals
12-13;DAL;SF;78;16;1353;141;367;.384;63;192;.328;78;175;.446;.470;47;73;.644;35;152;187;94;63;17;49;128;392;
13-14;DAL;SF;78;8;1254;130;296;.439;50;151;.331;80;145;.552;.524;46;61;.754;46;148;194;60;59;21;41;100;356;
14-15;TOT;SF;82;17;1647;229;545;.420;61;208;.293;168;337;.499;.476;109;141;.773;72;221;293;94;72;25;49;137;628;
14-15;DAL;SF;25;265;33;76;.434;13;38;.342;20;38;.526;.520;10;11;.909;12;17;29;12;15;5;10;26;89;
14-15;BOS;SF;57;17;1382;196;469;.418;48;170;.282;148;299;.495;.469;99;130;.762;60;204;264;82;57;20;39;111;539;
15-16;BOS;SF;73;73;2308;360;813;.443;122;363;.336;238;450;.529;.518;196;239;.820;70;303;373;135;126;35;83;198;1038;
16-17;BOS;SF;72;72;2335;333;720;.463;157;394;.398;176;326;.540;.572;176;217;.811;48;367;415;155;73;23;80;161;999;
17-18;TOT;SF;80;47;2090;271;671;.404;110;341;.323;161;330;.488;.486;121;148;.818;59;216;275;99;64;21;74;187;773;
17-18;CLE;SF;53;47;1346;157;376;.418;62;189;.328;95;187;.508;.500;78;92;.848;41;132;173;58;41;12;42;124;454;
17-18;UTA;SF;27;744;114;295;.386;48;152;.316;66;143;.462;.468;43;56;.768;18;84;102;41;23;9;32;63;319;
18-19;UTA;SF;80;11;2166;318;797;.399;173;522;.331;145;275;.527;.508;142;197;.721;60;324;384;133;64;31;85;170;951;
19-20;TOT;PF,SF;65;53;1875;226;563;.401;135;394;.343;91;169;.538;.521;97;125;.776;52;332;384;161;72;24;69;143;684;
19-20;MEM;SF;45;45;1322;147;399;.368;78;266;.293;69;133;.519;.466;75;95;.789;40;237;277;125;47;14;54;85;447;
19-20;MIA;PF;20;8;553;79;164;.482;57;128;.445;22;36;.611;.655;22;30;.733;12;95;107;36;25;10;15;58;237;
20-21;PHO;PF;60;42;1648;199;492;.404;148;380;.389;51;112;.455;.555;57;75;.760;32;250;282;127;48;27;55;125;603;
21-22;PHO;PF;67;67;1886;217;544;.399;127;365;.348;90;179;.503;.516;71;90;.789;30;324;354;124;95;30;55;173;632;
Career;;735;406;18562;2424;5808;.417;1146;3310;.346;1278;2498;.512;.516;1062;1366;.777;504;2637;3141;1182;736;254;640;1522;7056;
Playoffs Totals
13-14;DAL;SF;7;81;8;18;.444;3;7;.429;5;11;.455;.528;4;8;12;2;2;1;3;13;19;
14-15;BOS;SF;4;1;100;15;29;.517;3;10;.300;12;19;.632;.569;10;13;.769;8;12;20;8;4;3;5;14;43;
15-16;BOS;SF;6;6;197;20;72;.278;10;41;.244;10;31;.323;.347;7;11;.636;5;34;39;13;9;3;7;17;57;
16-17;BOS;SF;<strong>18</strong>;18;596;87;200;.435;31;88;.352;56;112;.500;.513;40;48;.833;20;95;115;48;19;6;12;52;245;
17-18;UTA;SF;11;2;323;35;108;.324;22;66;.333;13;42;.310;.426;18;28;.643;4;52;56;19;15;2;14;25;110;
18-19;UTA;SF;5;3;130;17;46;.370;9;30;.300;8;16;.500;.467;14;19;.737;4;25;29;4;5;1;7;57;
19-20;MIA;PF;<strong>21</strong>;21;660;81;201;.403;55;<strong>161</strong>;.342;26;40;.650;.540;35;46;.761;11;106;117;39;14;12;15;55;252;
20-21;PHO;PF;22;22;729;76;184;.413;54;142;.380;22;42;.524;.560;31;35;.886;10;124;134;41;19;18;19;67;237;
21-22;PHO;PF;<strong>6</strong>;6;172;16;48;.333;3;26;.115;13;22;.591;.365;10;15;.667;3;19;22;15;8;4;6;25;45;
Career;;100;79;2988;355;906;.392;190;571;.333;165;335;.493;.497;165;215;.767;69;475;544;189;95;49;82;275;1065;
Advanced
12-13;DAL;SF;78;1353;10.2;.491;.523;.199;2.9;12.3;7.7;10.0;2.4;1.0;10.9;15.1;0.2;1.3;1.5;.055;-1.9;0.9;-1.0;0.3;
13-14;DAL;SF;78;1254;11.9;.551;.510;.206;4.3;13.5;8.9;6.7;2.4;1.4;11.3;13.2;1.2;1.1;2.3;.089;-0.7;0.8;0.2;0.7;
14-15;TOT;SF;82;1647;13.9;.517;.382;.259;4.7;14.9;9.7;8.6;2.2;1.2;7.5;17.5;1.9;2.0;3.9;.113;-0.2;0.7;0.5;1.0;
14-15;DAL;SF;25;265;12.7;.550;.500;.145;5.0;7.1;6.0;6.5;2.9;1.5;11.0;15.3;0.3;0.3;0.5;.098;-0.6;0.5;-0.1;0.1;
14-15;BOS;SF;57;1382;14.1;.512;.362;.277;4.7;16.4;10.5;9.0;2.1;1.1;6.9;17.9;1.6;1.8;3.3;.116;-0.2;0.8;0.6;0.9;
15-16;BOS;SF;73;2308;15.8;.565;.446;.294;3.2;14.2;8.6;8.9;2.7;1.2;8.3;18.5;3.8;3.5;7.3;.152;0.8;1.4;2.2;2.5;
16-17;BOS;SF;72;2335;14.9;.613;.547;.301;2.3;17.3;9.9;10.1;1.6;0.8;8.9;17.0;4.1;2.5;6.7;.137;1.0;-0.1;0.9;1.7;
17-18;TOT;SF;80;2090;10.4;.525;.508;.221;3.2;11.5;7.4;6.9;1.5;0.9;9.1;17.3;1.0;1.6;2.6;.060;-1.9;-0.6;-2.5;-0.3;
17-18;CLE;SF;53;1346;10.2;.545;.503;.245;3.5;10.8;7.2;6.0;1.5;0.8;9.2;15.1;1.1;0.6;1.7;.059;-1.9;-1.0;-3.0;-0.3;
17-18;UTA;SF;27;744;10.8;.499;.515;.190;2.8;12.7;7.8;8.6;1.6;1.0;9.1;21.3;-0.1;1.0;0.9;.060;-1.9;0.2;-1.7;0.1;
18-19;UTA;SF;80;2166;12.1;.538;.655;.247;3.1;15.9;9.6;8.9;1.4;1.1;8.8;19.1;1.3;3.1;4.4;.097;-0.3;0.6;0.3;1.2;
19-20;TOT;PF,SF;65;1875;12.5;.553;.700;.222;3.0;18.5;11.0;11.5;1.8;1.2;10.0;15.5;1.6;2.2;3.8;.098;-0.5;0.4;-0.1;0.9;
19-20;MEM;SF;45;1322;11.0;.507;.667;.238;3.2;18.5;11.0;12.2;1.7;0.9;10.9;15.6;0.5;1.4;1.9;.069;-1.4;0.2;-1.2;0.3;
19-20;MIA;PF;20;553;16.3;.669;.780;.183;2.5;18.5;10.8;9.7;2.2;1.8;7.8;15.3;1.2;0.8;1.9;.169;1.8;0.8;2.5;0.6;
20-21;PHO;PF;60;1648;11.8;.574;.772;.152;2.2;16.9;9.7;10.0;1.4;1.5;9.5;15.7;1.4;1.9;3.3;.097;0.3;0.8;1.1;1.3;
21-22;PHO;PF;67;1886;11.3;.541;.671;.165;1.8;18.0;10.1;8.3;2.4;1.4;8.6;14.6;0.9;3.4;4.3;.110;-1.3;2.4;1.1;1.5;
Career;;735;18562;12.7;.550;.570;.235;3.0;15.4;9.3;9.0;1.9;1.1;9.1;16.6;17.4;22.8;40.2;.104;-0.4;0.7;0.3;10.9;
Playoffs Advanced
13-14;DAL;SF;7;81;6.9;.528;.389;5.3;12.5;8.6;3.4;1.3;1.0;14.3;11.7;0.1;.034;-3.0;0.5;-2.5;
14-15;BOS;SF;4;100;19.2;.619;.345;.448;8.5;13.5;10.9;13.9;2.1;2.9;12.6;17.7;0.3;0.1;0.3;.154;2.7;3.2;5.9;0.2;
15-16;BOS;SF;6;197;6.7;.371;.569;.153;2.5;19.2;10.3;11.0;2.2;1.3;8.3;18.3;-0.4;0.4;-0.001;-3.3;0.7;-2.6;
16-17;BOS;SF;<strong>18</strong>;596;14.5;.554;.440;.240;3.8;19.3;11.3;12.4;1.6;0.9;5.1;17.7;0.9;0.4;1.3;.108;0.4;-0.1;0.3;0.3;
17-18;UTA;SF;11;323;8.4;.457;.611;.259;1.3;17.5;9.3;8.7;2.3;0.5;10.4;18.3;-0.3;0.4;0.1;.020;-2.3;1.5;-0.7;0.1;
18-19;UTA;SF;5;130;14.0;.524;.652;.413;3.1;21.0;11.7;5.2;1.9;1.8;18.1;0.2;0.1;0.3;.112;1.1;2.0;3.1;0.2;
19-20;MIA;PF;<strong>21</strong>;660;12.2;.570;.801;.229;2.0;17.9;10.2;9.0;1.1;1.8;6.3;16.2;0.6;0.7;1.3;.095;1.0;0.9;0.5;
20-21;PHO;PF;22;729;11.4;.594;.772;.190;1.6;17.9;10.2;7.5;1.3;2.3;8.7;13.7;0.6;1.2;1.8;.119;0.2;1.7;1.9;0.7;
21-22;PHO;PF;<strong>6</strong>;172;6.9;.412;.542;.313;2.2;12.2;7.5;10.8;2.4;1.9;9.9;16.5;-0.2;0.1;-0.1;-0.028;-5.2;0.8;-4.3;-0.1;
Career;;100;2988;11.6;.532;.630;.237;2.6;17.7;10.2;9.4;1.6;1.5;7.6;16.3;1.7;3.5;5.2;.083;-0.4;0.9;0.5;1.9;
