JaKarr Sampson;Small Forward and Power Forward;Right;1993-03-20;;6-7;214;Brewster Academy in Wolfeboro,New Hampshire;;;;-1;;
Per Game
14-15;PHI;SF;74;32;15.3;2.0;4.7;.422;0.4;1.7;.244;1.6;3.0;.525;.467;0.9;1.3;.670;0.5;1.7;2.2;1.0;0.5;0.4;1.0;1.8;5.2;
15-16;TOT;SF;73;40;15.9;1.9;4.3;.442;0.2;0.9;.222;1.7;3.5;.496;.464;1.1;1.7;.656;0.6;2.0;2.6;0.6;0.3;0.5;1.0;1.9;5.1;
15-16;PHI;SF;47;18;14.7;1.8;4.3;.426;0.1;0.7;.176;1.7;3.6;.476;.441;1.3;2.1;.639;0.6;2.1;2.7;0.6;0.2;0.3;1.1;1.9;5.1;
15-16;DEN;SF;26;22;18.0;2.1;4.4;.470;0.3;1.1;.276;1.8;3.3;.535;.504;0.7;1.0;.720;0.6;1.7;2.3;0.6;0.5;0.7;0.7;2.0;5.2;
17-18;SAC;SF;22;6;15.6;2.0;3.7;.543;0.2;0.5;.500;1.8;3.2;.549;.574;0.5;0.7;.625;1.0;2.6;3.5;0.4;0.4;1.0;0.4;2.2;4.7;
18-19;CHI;SF;4;31.8;7.3;13.5;.537;1.3;3.5;.357;6.0;10.0;.600;.583;4.3;5.3;.810;1.3;6.8;8.0;1.0;1.0;0.8;1.0;2.0;20.0;
19-20;IND;PF;34;12;13.9;2.0;3.4;.591;0.1;0.4;.154;1.9;3.0;.647;.600;0.5;0.8;.667;0.6;2.0;2.6;0.6;0.5;0.4;0.4;1.9;4.6;
20-21;IND;PF;29;4;10.9;1.9;3.9;.496;0.1;0.5;.200;1.8;3.4;.541;.509;0.7;1.0;.655;0.9;1.7;2.7;0.1;0.1;0.5;0.5;1.8;4.6;
Career;;236;94;15.0;2.0;4.3;.471;0.3;1.0;.248;1.8;3.3;.540;.500;0.9;1.3;.670;0.7;2.0;2.7;0.7;0.4;0.5;0.8;1.9;5.2;
Playoffs Per Game
19-20;IND;PF;4;12.5;2.5;4.0;.625;2.5;4.0;.625;.625;0.3;3.0;3.3;1.0;0.5;0.5;2.5;5.0;
Career;;4;12.5;2.5;4.0;.625;2.5;4.0;.625;.625;0.3;3.0;3.3;1.0;0.5;0.5;2.5;5.0;
Totals
14-15;PHI;SF;74;32;1131;146;346;.422;31;127;.244;115;219;.525;.467;63;94;.670;35;128;163;77;38;26;76;135;386;
15-16;TOT;SF;73;40;1160;140;317;.442;14;63;.222;126;254;.496;.464;80;122;.656;46;144;190;46;23;33;70;142;374;
15-16;PHI;SF;47;18;691;86;202;.426;6;34;.176;80;168;.476;.441;62;97;.639;30;99;129;30;11;16;51;91;240;
15-16;DEN;SF;26;22;469;54;115;.470;8;29;.276;46;86;.535;.504;18;25;.720;16;45;61;16;12;17;19;51;134;
17-18;SAC;SF;22;6;344;44;81;.543;5;10;.500;39;71;.549;.574;10;16;.625;21;57;78;9;8;22;8;48;103;
18-19;CHI;SF;4;127;29;54;.537;5;14;.357;24;40;.600;.583;17;21;.810;5;27;32;4;4;3;4;8;80;
19-20;IND;PF;34;12;471;68;115;.591;2;13;.154;66;102;.647;.600;18;27;.667;20;68;88;21;16;12;15;64;156;
20-21;IND;PF;29;4;316;56;113;.496;3;15;.200;53;98;.541;.509;19;29;.655;27;50;77;4;2;14;15;52;134;
Career;;236;94;3549;483;1026;.471;60;242;.248;423;784;.540;.500;207;309;.670;154;474;628;161;91;110;188;449;1233;
Playoffs Totals
19-20;IND;PF;4;50;10;16;.625;10;16;.625;.625;1;12;13;4;2;2;10;20;
Career;;4;50;10;16;.625;10;16;.625;.625;1;12;13;4;2;2;10;20;
Advanced
14-15;PHI;SF;74;1131;9.4;.498;.367;.272;3.2;12.9;7.8;12.0;1.7;1.9;16.4;17.9;-0.5;1.1;0.6;.025;-4.2;-4.2;-0.6;
15-16;TOT;SF;73;1160;8.3;.504;.199;.385;4.2;14.0;9.0;6.2;1.0;2.2;15.9;16.6;-0.5;0.6;0.1;.006;-4.5;-1.0;-5.4;-1.0;
15-16;PHI;SF;47;691;7.7;.490;.168;.480;4.6;16.1;10.2;6.9;0.8;1.8;17.2;18.7;-0.6;0.3;-0.3;-0.021;-5.4;-1.3;-6.7;-0.8;
15-16;DEN;SF;26;469;9.3;.532;.252;.217;3.7;10.8;7.2;5.1;1.3;3.0;13.1;13.5;0.1;0.3;0.4;.045;-3.2;-0.4;-3.6;-0.2;
17-18;SAC;SF;22;344;13.9;.585;.123;.198;6.7;19.7;12.9;3.9;1.2;6.1;8.3;12.5;0.4;0.4;0.8;.114;-2.3;1.1;-1.2;0.1;
18-19;CHI;SF;4;127;22.5;.633;.259;.389;4.2;23.4;13.7;5.3;1.5;2.0;5.9;23.1;0.3;0.1;0.5;.173;3.6;0.2;3.7;0.2;
19-20;IND;PF;34;471;12.6;.615;.113;.235;4.7;15.7;10.2;6.1;1.6;2.2;10.6;13.2;0.6;0.7;1.2;.124;-2.8;1.4;-1.4;0.1;
20-21;IND;PF;29;316;10.9;.533;.133;.257;9.3;17.1;13.2;1.8;0.3;3.6;10.7;19.0;0.3;0.3;.044;-5.2;-2.3;-7.5;-0.4;
Career;;236;3549;10.5;.531;.236;.301;4.7;15.0;9.7;7.4;1.3;2.6;13.9;16.6;0.4;3.1;3.5;.048;-3.7;-0.2;-4.0;-1.8;
Playoffs Advanced
19-20;IND;PF;4;50;14.2;.625;2.3;28.8;15.2;14.3;2.0;11.1;16.6;0.1;0.1;.089;-2.7;1.9;-0.8;
Career;;4;50;14.2;.625;2.3;28.8;15.2;14.3;2.0;11.1;16.6;0.1;0.1;.089;-2.7;1.9;-0.8;
