Jamal Crawford;Shooting Guard and Point Guard;Right;1980-03-20;;6-5;185;Rainier Beach in Seattle,Washington;;;;-1;;
Per Game
00-01;CHI;PG;61;8;17.2;1.8;5.0;.352;0.7;1.9;.350;1.1;3.1;.353;.419;0.4;0.6;.794;0.1;1.3;1.5;2.3;0.7;0.2;1.4;1.1;4.6;
01-02;CHI;PG;23;6;20.9;3.9;8.1;.476;1.1;2.5;.448;2.7;5.6;.488;.545;0.4;0.6;.769;0.2;1.3;1.5;2.4;0.8;0.2;1.4;0.8;9.3;
02-03;CHI;PG;80;31;24.9;4.2;10.1;.413;1.1;3.0;.355;3.1;7.1;.438;.467;1.3;1.6;.806;0.3;2.1;2.3;4.2;1.0;0.3;1.7;1.6;10.7;
03-04;CHI;SG;80;73;35.1;6.4;16.5;.386;2.1;6.5;.317;4.3;10.0;.432;.449;2.5;3.0;.833;0.6;3.0;3.5;5.1;1.4;0.4;2.4;2.0;17.3;
04-05;NYK;SG;70;67;38.4;6.2;15.7;.398;2.6;7.3;.361;3.6;8.4;.431;.483;2.6;3.1;.843;0.5;2.4;2.9;4.3;1.3;0.3;2.1;1.9;17.7;
05-06;NYK;SG;79;27;32.3;4.6;11.1;.416;1.3;3.7;.345;3.4;7.4;.452;.474;3.7;4.5;.826;0.5;2.7;3.1;3.8;1.1;0.2;2.2;1.9;14.3;
06-07;NYK;SG;59;36;37.3;6.0;15.0;.400;1.7;5.5;.320;4.3;9.6;.445;.458;3.9;4.6;.838;0.7;2.5;3.2;4.4;1.0;0.1;2.7;1.9;17.6;
07-08;NYK;SG;80;80;39.9;7.1;17.4;.410;2.2;6.2;.356;4.9;11.2;.439;.473;4.1;4.8;.864;0.5;2.1;2.6;5.0;1.0;0.2;2.4;1.8;20.6;
08-09;TOT;PG,SG;65;65;38.1;6.4;15.7;.410;2.2;6.1;.360;4.3;9.7;.441;.479;4.6;5.3;.872;0.4;2.6;3.0;4.4;0.9;0.2;2.3;1.4;19.7;
08-09;NYK;SG;11;11;35.6;6.6;15.4;.432;3.2;7.0;.455;3.5;8.4;.413;.536;3.2;4.2;.761;0.2;1.4;1.5;4.4;0.8;2.4;1.2;19.6;
08-09;GSW;PG;54;54;38.6;6.4;15.8;.406;2.0;5.9;.338;4.4;9.9;.446;.468;4.9;5.5;.889;0.4;2.9;3.3;4.4;0.9;0.2;2.3;1.5;19.7;
09-10;ATL;SG;79;31.1;6.3;14.0;.449;2.1;5.4;.382;4.2;8.6;.491;.523;3.4;4.0;.857;0.4;2.1;2.5;3.0;0.8;0.2;1.7;1.7;18.0;
10-11;ATL;SG;76;30.2;4.8;11.5;.421;1.6;4.6;.341;3.3;6.9;.474;.489;2.9;3.4;.854;0.3;1.4;1.7;3.2;0.8;0.2;1.9;1.3;14.2;
11-12;POR;PG;60;6;26.9;4.7;12.3;.384;1.3;4.3;.308;3.4;8.0;.426;.438;3.2;3.4;<strong>.927</strong>;0.3;1.7;2.0;3.2;0.9;0.2;1.9;1.2;14.0;
12-13;LAC;SG;76;29.3;5.9;13.4;.438;2.0;5.2;.376;3.9;8.2;.477;.511;2.8;3.3;.871;0.3;1.4;1.7;2.5;1.0;0.2;1.9;0.9;16.5;
13-14;LAC;SG;69;24;30.3;6.1;14.7;.416;2.3;6.5;.361;3.8;8.2;.460;.496;4.0;4.7;.866;0.5;1.8;2.3;3.2;0.9;0.2;2.0;1.7;18.6;
14-15;LAC;SG;64;4;26.6;5.2;13.1;.396;1.9;5.7;.327;3.3;7.4;.448;.467;3.5;3.9;.901;0.3;1.7;1.9;2.5;0.9;0.2;1.4;1.7;15.8;
15-16;LAC;SG;79;5;26.9;4.8;11.9;.404;1.5;4.4;.340;3.3;7.5;.440;.466;3.1;3.4;.904;0.3;1.6;1.8;2.3;0.7;0.2;1.4;1.5;14.2;
16-17;LAC;SG;<strong>82</strong>;1;26.3;4.4;10.6;.413;1.4;3.9;.360;3.0;6.7;.443;.479;2.1;2.5;.857;0.2;1.4;1.6;2.6;0.7;0.2;1.6;1.4;12.3;
17-18;MIN;SG;80;20.7;3.9;9.3;.415;1.3;3.9;.331;2.6;5.4;.477;.485;1.3;1.4;.903;0.3;1.0;1.2;2.3;0.5;0.1;1.2;1.1;10.3;
18-19;PHO;SG;64;18.9;2.7;6.8;.397;1.0;3.2;.332;1.7;3.7;.453;.474;1.5;1.7;.845;0.1;1.2;1.3;3.6;0.5;0.2;1.5;1.2;7.9;
19-20;BRK;SG;1;6.0;2.0;4.0;.500;1.0;2.0;.500;1.0;2.0;.500;.625;3.0;1.0;5.0;
Career;;1327;433;29.4;5.1;12.4;.410;1.7;4.8;.348;3.4;7.6;.449;.477;2.8;3.2;.862;0.4;1.9;2.2;3.4;0.9;0.2;1.9;1.5;14.6;
Playoffs Per Game
09-10;ATL;SG;11;31.9;5.1;14.0;.364;1.6;4.5;.360;3.5;9.5;.365;.422;4.5;5.3;.845;0.1;2.6;2.7;2.7;0.8;0.1;1.8;2.4;16.3;
10-11;ATL;SG;12;29.8;5.1;12.9;.394;1.8;5.0;.350;3.3;7.9;.421;.461;3.5;4.3;.824;0.1;1.3;1.3;2.5;0.8;0.3;1.3;1.4;15.4;
12-13;LAC;SG;6;26.8;4.0;10.3;.387;1.0;3.7;.273;3.0;6.7;.450;.435;1.8;1.8;<strong>1.000</strong>;0.3;1.7;2.0;1.7;0.5;0.2;0.7;1.5;10.8;
13-14;LAC;SG;13;24.1;5.2;13.2;.398;2.1;6.1;.342;3.2;7.1;.446;.477;3.0;3.4;.886;0.4;1.1;1.5;2.0;0.9;0.2;1.2;1.8;15.5;
14-15;LAC;SG;14;27.1;4.8;13.3;.360;1.3;5.3;.243;3.5;8.0;.438;.409;1.9;2.1;.867;0.4;1.7;2.1;1.9;0.9;0.2;1.2;2.4;12.7;
15-16;LAC;SG;6;1;33.2;6.5;17.2;.379;0.7;3.5;.190;5.8;13.7;.427;.398;3.7;4.2;.880;0.3;1.8;2.2;2.2;1.7;1.5;1.5;17.3;
16-17;LAC;SG;7;28.0;5.0;11.9;.422;0.9;3.6;.240;4.1;8.3;.500;.458;1.7;1.7;<strong>1.000</strong>;0.3;1.0;1.3;1.9;0.6;0.1;1.3;1.7;12.6;
17-18;MIN;SG;5;24.6;4.2;9.4;.447;1.4;3.4;.412;2.8;6.0;.467;.521;2.0;2.6;.769;0.2;2.4;2.6;2.4;1.0;1.0;1.2;11.8;
Career;;74;1;28.1;5.0;13.0;.386;1.4;4.7;.307;3.6;8.3;.431;.442;2.9;3.3;.865;0.3;1.6;1.9;2.2;0.9;0.2;1.3;1.9;14.3;
Totals
00-01;CHI;PG;61;8;1050;107;304;.352;41;117;.350;66;187;.353;.419;27;34;.794;9;80;89;141;43;14;85;68;282;
01-02;CHI;PG;23;6;481;89;187;.476;26;58;.448;63;129;.488;.545;10;13;.769;5;29;34;55;18;5;32;18;214;
02-03;CHI;PG;80;31;1992;334;808;.413;86;242;.355;248;566;.438;.467;104;129;.806;21;164;185;334;77;25;134;126;858;
03-04;CHI;SG;80;73;2811;509;1318;.386;165;521;.317;344;797;.432;.449;200;240;.833;46;237;283;405;111;29;193;161;1383;
04-05;NYK;SG;70;67;2688;437;1097;.398;185;512;.361;252;585;.431;.483;182;216;.843;33;170;203;302;92;19;148;135;1241;
05-06;NYK;SG;79;27;2555;366;879;.416;101;293;.345;265;586;.452;.474;295;357;.826;36;212;248;301;87;15;175;150;1128;
06-07;NYK;SG;59;36;2198;354;886;.400;103;322;.320;251;564;.445;.458;228;272;.838;44;145;189;259;57;8;162;114;1039;
07-08;NYK;SG;80;80;3190;570;1391;.410;176;494;.356;394;897;.439;.473;329;381;.864;37;170;207;398;81;17;192;144;1645;
08-09;TOT;PG,SG;65;65;2479;419;1022;.410;142;394;.360;277;628;.441;.479;300;344;.872;23;170;193;288;57;13;148;92;1280;
08-09;NYK;SG;11;11;392;73;169;.432;35;77;.455;38;92;.413;.536;35;46;.761;2;15;17;48;9;26;13;216;
08-09;GSW;PG;54;54;2087;346;853;.406;107;317;.338;239;536;.446;.468;265;298;.889;21;155;176;240;48;13;122;79;1064;
09-10;ATL;SG;79;2460;496;1105;.449;163;427;.382;333;678;.491;.523;270;315;.857;34;167;201;238;61;12;137;132;1425;
10-11;ATL;SG;76;2297;368;874;.421;119;349;.341;249;525;.474;.489;222;260;.854;22;108;130;241;57;14;145;97;1077;
11-12;POR;PG;60;6;1613;283;737;.384;80;260;.308;203;477;.426;.438;191;206;<strong>.927</strong>;16;102;118;191;55;14;111;74;837;
12-13;LAC;SG;76;2230;445;1016;.438;149;396;.376;296;620;.477;.511;216;248;.871;22;106;128;193;79;13;146;71;1255;
13-14;LAC;SG;69;24;2094;421;1011;.416;161;446;.361;260;565;.460;.496;279;322;.866;34;124;158;223;59;12;135;120;1282;
14-15;LAC;SG;64;4;1703;332;839;.396;119;364;.327;213;475;.448;.467;227;252;.901;18;106;124;158;59;14;92;108;1010;
15-16;LAC;SG;79;5;2126;379;939;.404;117;344;.340;262;595;.440;.466;245;271;.904;20;125;145;183;52;12;113;122;1120;
16-17;LAC;SG;<strong>82</strong>;1;2157;359;870;.413;116;322;.360;243;548;.443;.479;174;203;.857;17;112;129;214;61;14;134;115;1008;
17-18;MIN;SG;80;1653;308;742;.415;104;314;.331;204;428;.477;.485;102;113;.903;21;78;99;185;40;9;95;85;822;
18-19;PHO;SG;64;1211;174;438;.397;67;202;.332;107;236;.453;.474;93;110;.845;8;77;85;229;33;12;99;75;508;
19-20;BRK;SG;1;6;2;4;.500;1;2;.500;1;2;.500;.625;3;1;5;
Career;;1327;433;38994;6752;16467;.410;2221;6379;.348;4531;10088;.449;.477;3694;4286;.862;466;2482;2948;4541;1179;271;2476;2008;19419;
Playoffs Totals
09-10;ATL;SG;11;351;56;154;.364;18;50;.360;38;104;.365;.422;49;58;.845;1;29;30;30;9;1;20;26;179;
10-11;ATL;SG;12;358;61;155;.394;21;60;.350;40;95;.421;.461;42;51;.824;1;15;16;30;9;4;16;17;185;
12-13;LAC;SG;6;161;24;62;.387;6;22;.273;18;40;.450;.435;11;11;<strong>1.000</strong>;2;10;12;10;3;1;4;9;65;
13-14;LAC;SG;13;313;68;171;.398;27;79;.342;41;92;.446;.477;39;44;.886;5;14;19;26;12;2;15;24;202;
14-15;LAC;SG;14;379;67;186;.360;18;74;.243;49;112;.438;.409;26;30;.867;6;24;30;27;13;3;17;34;178;
15-16;LAC;SG;6;1;199;39;103;.379;4;21;.190;35;82;.427;.398;22;25;.880;2;11;13;13;10;9;9;104;
16-17;LAC;SG;7;196;35;83;.422;6;25;.240;29;58;.500;.458;12;12;<strong>1.000</strong>;2;7;9;13;4;1;9;12;88;
17-18;MIN;SG;5;123;21;47;.447;7;17;.412;14;30;.467;.521;10;13;.769;1;12;13;12;5;5;6;59;
Career;;74;1;2080;371;961;.386;107;348;.307;264;613;.431;.442;211;244;.865;20;122;142;161;65;12;95;137;1060;
Advanced
00-01;CHI;PG;61;1050;8.5;.442;.385;.112;1.0;9.4;5.0;23.0;2.2;1.0;21.0;17.9;-1.3;0.4;-0.9;-0.043;-2.9;-1.5;-4.4;-0.6;
01-02;CHI;PG;23;481;15.3;.555;.310;.070;1.2;7.2;4.1;21.8;2.0;0.8;14.2;21.5;0.4;0.2;0.6;.055;1.7;-1.9;-0.2;0.2;
02-03;CHI;PG;80;1992;15.4;.496;.300;.160;1.2;9.0;5.1;28.8;2.0;0.9;13.4;22.2;1.6;1.1;2.8;.067;1.2;-0.8;0.4;1.2;
03-04;CHI;SG;80;2811;15.9;.486;.395;.182;1.7;9.5;5.5;27.5;2.1;0.8;11.9;25.7;1.9;2.1;4.1;.069;1.9;-0.5;1.4;2.4;
04-05;NYK;SG;70;2688;15.2;.521;.467;.197;1.4;7.5;4.4;19.2;1.8;0.5;11.0;22.8;3.1;1.1;4.2;.075;2.1;-1.0;1.0;2.1;
05-06;NYK;SG;79;2555;15.5;.544;.333;.406;1.7;10.2;5.9;20.9;1.8;0.5;14.4;21.5;3.7;0.8;4.5;.084;1.6;-1.1;0.5;1.6;
06-07;NYK;SG;59;2198;14.5;.517;.363;.307;2.4;7.8;5.1;20.9;1.4;0.3;13.9;24.1;2.3;0.9;3.1;.069;1.2;-1.7;-0.5;0.8;
07-08;NYK;SG;80;3190;16.0;.528;.355;.274;1.3;6.3;3.7;22.0;1.3;0.4;11.0;24.6;4.6;0.4;5.0;.076;2.1;-1.8;0.3;1.9;
08-09;TOT;PG,SG;65;2479;15.1;.545;.386;.337;1.0;7.5;4.2;18.1;1.1;0.4;11.2;22.8;3.3;3.3;.065;1.3;-2.6;-1.3;0.5;
08-09;NYK;SG;11;392;15.7;.571;.456;.272;0.5;4.3;2.4;20.0;1.1;12.1;23.9;0.6;0.1;0.7;.083;2.3;-2.0;0.3;0.2;
08-09;GSW;PG;54;2087;15.0;.541;.372;.349;1.1;8.1;4.6;17.8;1.1;0.4;11.0;22.6;2.7;-0.1;2.7;.061;1.1;-2.7;-1.6;0.2;
09-10;ATL;SG;79;2460;18.4;.573;.386;.285;1.6;8.0;4.8;16.1;1.3;0.4;9.9;25.8;5.6;1.7;7.3;.143;3.5;-1.1;2.4;2.7;
10-11;ATL;SG;76;2297;14.2;.545;.399;.297;1.2;5.6;3.4;17.7;1.3;0.5;12.8;23.4;1.9;1.4;3.4;.071;0.6;-1.6;-1.0;0.6;
11-12;POR;PG;60;1613;15.7;.506;.353;.280;1.1;7.5;4.3;20.5;1.8;0.7;11.8;26.6;1.6;0.7;2.3;.069;1.0;-1.2;-0.2;0.7;
12-13;LAC;SG;76;2230;16.8;.558;.390;.244;1.2;5.6;3.4;14.4;1.9;0.5;11.5;26.0;3.7;1.7;5.4;.116;2.3;-1.3;1.0;1.7;
13-14;LAC;SG;69;2094;17.3;.556;.441;.318;1.9;6.4;4.2;17.4;1.4;0.4;10.5;27.2;3.8;1.5;5.3;.122;3.0;-1.4;1.6;1.9;
14-15;LAC;SG;64;1703;16.6;.532;.434;.300;1.2;6.9;4.1;14.9;1.8;0.7;8.8;27.6;2.5;1.2;3.6;.102;1.9;-1.2;0.7;1.2;
15-16;LAC;SG;79;2126;14.0;.529;.366;.289;1.0;6.3;3.7;14.0;1.2;0.4;9.6;24.9;1.8;1.5;3.3;.076;0.1;-1.5;-1.4;0.3;
16-17;LAC;SG;<strong>82</strong>;2157;12.0;.525;.370;.233;0.9;5.7;3.3;15.2;1.4;0.5;12.3;22.7;0.5;1.4;1.9;.043;-0.8;-1.3;-2.1;
17-18;MIN;SG;80;1653;13.0;.519;.423;.152;1.4;5.5;3.5;16.9;1.2;0.5;10.7;23.7;0.9;0.3;1.3;.037;0.1;-2.5;-2.3;-0.1;
18-19;PHO;SG;64;1211;11.7;.522;.461;.251;0.7;7.2;3.9;27.7;1.3;0.8;16.9;20.8;0.1;0.2;.006;-1.1;-2.8;-3.9;-0.6;
19-20;BRK;SG;1;6;33.2;.625;.500;100.0;27.9;0.1;0.1;.492;12.4;2.6;15.0;
Career;;1327;38994;15.1;.529;.387;.260;1.4;7.3;4.3;19.7;1.6;0.5;11.9;24.1;42.1;18.6;60.7;.075;1.3;-1.5;-0.1;18.4;
Playoffs Advanced
09-10;ATL;SG;11;351;14.0;.499;.325;.377;0.3;10.7;5.1;15.7;1.4;0.3;10.0;27.0;0.2;0.1;0.3;.040;1.7;-1.6;0.1;0.2;
10-11;ATL;SG;12;358;16.1;.521;.387;.329;0.3;5.0;2.7;16.3;1.4;0.9;8.3;26.5;0.4;0.2;0.6;.079;2.4;-0.6;1.8;0.3;
12-13;LAC;SG;6;161;12.5;.486;.355;.177;1.6;7.7;4.8;10.6;1.0;0.5;5.6;21.3;0.2;-0.1;0.1;.021;1.3;-2.6;-1.3;
13-14;LAC;SG;13;313;16.7;.531;.462;.257;1.8;5.3;3.5;13.8;1.9;0.5;7.3;28.5;0.4;0.1;0.5;.079;3.7;-1.1;2.6;0.4;
14-15;LAC;SG;14;379;10.0;.447;.398;.161;1.7;6.6;4.2;11.1;1.7;0.7;7.9;24.8;-0.3;0.1;-0.2;-0.020;-1.4;-2.2;-3.6;-0.2;
15-16;LAC;SG;6;199;13.3;.456;.204;.243;1.0;5.4;3.2;11.3;2.6;7.3;27.6;-0.1;0.2;0.1;.015;-1.1;-0.2;-1.3;
16-17;LAC;SG;7;196;10.6;.498;.301;.145;1.3;4.7;2.9;11.4;1.1;0.5;9.3;23.9;-0.1;0.2;0.1;.012;-0.8;-1.2;-2.0;
17-18;MIN;SG;5;123;15.6;.560;.362;.277;0.9;10.3;5.7;15.7;2.1;8.7;21.4;0.2;0.2;.065;1.6;0.9;2.5;0.1;
Career;;74;2080;13.6;.496;.362;.254;1.1;6.8;3.9;13.5;1.6;0.5;8.2;25.7;0.8;0.8;1.6;.037;1.0;-1.2;-0.2;1.0;
