James Jones;Small Forward and Shooting Guard;Right;1980-10-04;;6-8;218;American in Miami,Florida;;;;-1;;
Per Game
03-04;IND;SF;6;4.3;0.3;1.5;.222;0.2;0.7;.250;0.2;0.8;.200;.278;0.3;0.3;1.000;0.3;0.3;0.2;0.2;1.2;
04-05;IND;SF;75;24;17.7;1.7;4.2;.396;0.9;2.2;.398;0.8;2.0;.395;.500;0.7;0.8;.855;0.5;1.8;2.3;0.8;0.4;0.4;0.6;1.6;4.9;
05-06;PHO;SF;75;24;23.6;3.2;7.7;.418;1.5;3.8;.386;1.8;3.9;.449;.513;1.4;1.6;.851;0.6;2.8;3.4;0.8;0.5;0.7;0.5;1.9;9.3;
06-07;PHO;SF;76;7;18.1;2.1;5.8;.368;1.2;3.1;.378;0.9;2.7;.356;.470;0.9;1.1;.877;0.4;1.9;2.3;0.6;0.4;0.6;0.4;1.5;6.4;
07-08;POR;SF;58;3;22.0;2.5;5.6;.437;1.6;3.5;.444;0.9;2.1;.426;.576;1.5;1.7;.878;0.7;2.0;2.8;0.6;0.4;0.3;0.5;1.7;8.0;
08-09;MIA;SF;40;1;15.8;1.4;3.7;.369;0.8;2.4;.344;0.6;1.3;.415;.480;0.7;0.8;.839;0.3;1.3;1.6;0.5;0.3;0.4;0.3;1.5;4.2;
09-10;MIA;SF;36;6;14.0;1.2;3.3;.361;1.0;2.5;.411;0.2;0.8;.207;.517;0.6;0.8;.821;0.1;1.1;1.3;0.5;0.3;0.1;0.3;1.3;4.1;
10-11;MIA;SF;81;8;19.1;1.8;4.3;.422;1.5;3.5;.429;0.3;0.7;.390;.600;0.7;0.9;.833;0.3;1.7;2.0;0.5;0.4;0.2;0.3;1.6;5.9;
11-12;MIA;SG;51;10;13.1;1.1;2.9;.380;0.9;2.2;.404;0.2;0.7;.306;.533;0.5;0.6;.833;0.1;0.8;1.0;0.4;0.3;0.2;0.2;0.9;3.6;
12-13;MIA;SF;38;5.8;0.6;1.6;.344;0.4;1.4;.302;0.1;0.2;.625;.475;0.1;0.1;.500;0.6;0.6;0.3;0.1;0.2;0.1;0.4;1.6;
13-14;MIA;SF;20;6;11.8;1.6;3.4;.456;1.4;2.7;.519;0.2;0.7;.214;.662;0.4;0.6;.636;0.1;1.1;1.2;0.5;0.2;0.2;0.2;0.3;4.9;
14-15;CLE;SF;57;2;11.7;1.3;3.5;.368;1.1;3.1;.360;0.2;0.5;.423;.525;0.7;0.8;.848;0.2;0.9;1.1;0.4;0.2;0.1;0.2;1.2;4.4;
15-16;CLE;SF;48;9.6;1.2;3.0;.408;0.9;2.2;.394;0.4;0.8;.447;.553;0.4;0.5;.808;0.2;0.9;1.0;0.3;0.2;0.2;0.3;1.0;3.7;
16-17;CLE;SF;48;2;7.9;0.9;1.9;.478;0.6;1.4;.470;0.3;0.5;.500;.647;0.3;0.4;.650;0.1;0.7;0.8;0.3;0.1;0.2;0.2;0.8;2.8;
Career;;709;93;15.7;1.7;4.2;.401;1.1;2.7;.401;0.6;1.5;.402;.530;0.7;0.9;.840;0.3;1.5;1.8;0.5;0.3;0.3;0.3;1.3;5.2;
Playoffs Per Game
04-05;IND;SF;13;16.5;1.5;3.5;.413;0.8;1.9;.400;0.7;1.6;.429;.522;0.3;0.7;.444;0.4;1.7;2.1;0.8;0.5;0.5;0.3;1.4;4.0;
05-06;PHO;SF;20;6;17.7;1.4;4.1;.341;0.4;1.3;.308;1.0;2.8;.357;.390;1.1;1.3;.846;0.8;2.8;3.6;0.3;0.3;0.9;0.5;1.3;4.3;
06-07;PHO;SF;11;6;15.5;1.7;3.3;.528;0.7;1.6;.444;1.0;1.6;.611;.639;0.8;1.0;.818;0.3;1.1;1.4;0.3;0.2;0.2;0.4;1.0;5.0;
08-09;MIA;SF;7;7;33.6;2.4;4.6;.531;1.6;3.1;.500;0.9;1.4;.600;.703;3.1;3.4;.917;0.3;2.0;2.3;0.7;0.4;0.1;0.6;2.7;9.6;
09-10;MIA;SF;1;9.0;1.0;1.0;2.0;2.0;1.000;1.0;1.0;2.0;
10-11;MIA;SF;12;22.7;2.0;4.3;.471;1.4;3.1;.459;0.6;1.2;.500;.637;1.1;1.1;<strong>1.000</strong>;0.3;2.3;2.5;0.2;0.5;0.2;0.3;2.0;6.5;
11-12;MIA;SG;20;8.7;0.8;2.2;.372;0.5;1.5;.300;0.4;0.7;.538;.477;0.5;0.5;<strong>1.000</strong>;0.3;0.8;1.0;0.1;0.2;0.1;0.2;0.6;2.6;
12-13;MIA;SF;9;3.7;0.3;0.8;.429;0.3;0.4;.750;0.3;.643;0.3;0.3;0.1;0.2;0.3;1.0;
13-14;MIA;SF;15;8.4;1.2;2.7;.450;1.0;2.1;.469;0.2;0.5;.375;.638;0.1;0.2;.667;0.2;0.5;0.7;0.3;0.2;0.1;1.1;3.5;
14-15;CLE;SF;20;15.6;1.3;3.8;.347;1.1;3.2;.344;0.2;0.6;.364;.493;0.7;0.7;.929;0.1;1.4;1.5;0.5;0.4;0.2;0.3;2.1;4.4;
15-16;CLE;SF;12;4.6;0.2;0.8;.200;0.1;0.6;.143;0.1;0.3;.333;.250;0.1;0.3;.250;0.1;0.3;0.3;0.3;0.1;0.3;0.5;
16-17;CLE;SF;8;3.8;0.1;0.6;.200;0.4;0.1;0.3;.500;.200;0.1;0.4;0.5;0.3;0.4;0.3;
Career;;148;19;13.4;1.2;2.9;.404;0.7;1.8;.387;0.5;1.1;.434;.526;0.7;0.8;.845;0.3;1.3;1.6;0.3;0.3;0.3;0.3;1.2;3.7;
Totals
03-04;IND;SF;6;26;2;9;.222;1;4;.250;1;5;.200;.278;2;2;1.000;2;2;1;1;7;
04-05;IND;SF;75;24;1330;126;318;.396;66;166;.398;60;152;.395;.500;53;62;.855;39;135;174;57;31;28;43;123;371;
05-06;PHO;SF;75;24;1772;243;581;.418;110;285;.386;133;296;.449;.513;103;121;.851;44;209;253;57;38;49;35;142;699;
06-07;PHO;SF;76;7;1376;162;440;.368;90;238;.378;72;202;.356;.470;71;81;.877;33;143;176;45;28;42;28;115;485;
07-08;POR;SF;58;3;1276;143;327;.437;91;205;.444;52;122;.426;.576;86;98;.878;43;118;161;34;24;15;28;96;463;
08-09;MIA;SF;40;1;630;55;149;.369;33;96;.344;22;53;.415;.480;26;31;.839;12;50;62;20;12;14;12;58;169;
09-10;MIA;SF;36;6;503;43;119;.361;37;90;.411;6;29;.207;.517;23;28;.821;4;41;45;17;11;4;11;45;146;
10-11;MIA;SF;81;8;1549;146;346;.422;123;287;.429;23;59;.390;.600;60;72;.833;23;137;160;43;29;19;21;129;475;
11-12;MIA;SG;51;10;666;57;150;.380;46;114;.404;11;36;.306;.533;25;30;.833;6;43;49;19;17;9;10;45;185;
12-13;MIA;SF;38;221;21;61;.344;16;53;.302;5;8;.625;.475;2;4;.500;22;22;13;2;6;3;16;60;
13-14;MIA;SF;20;6;236;31;68;.456;28;54;.519;3;14;.214;.662;7;11;.636;2;21;23;9;3;4;4;6;97;
14-15;CLE;SF;57;2;669;74;201;.368;63;175;.360;11;26;.423;.525;39;46;.848;9;53;62;24;13;8;13;67;250;
15-16;CLE;SF;48;463;58;142;.408;41;104;.394;17;38;.447;.553;21;26;.808;8;42;50;14;11;10;13;50;178;
16-17;CLE;SF;48;2;381;44;92;.478;31;66;.470;13;26;.500;.647;13;20;.650;3;34;37;14;6;10;10;37;132;
Career;;709;93;11098;1205;3003;.401;776;1937;.401;429;1066;.402;.530;531;632;.840;226;1050;1276;366;226;218;231;930;3717;
Playoffs Totals
04-05;IND;SF;13;214;19;46;.413;10;25;.400;9;21;.429;.522;4;9;.444;5;22;27;10;7;7;4;18;52;
05-06;PHO;SF;20;6;353;28;82;.341;8;26;.308;20;56;.357;.390;22;26;.846;16;56;72;5;5;18;9;25;86;
06-07;PHO;SF;11;6;171;19;36;.528;8;18;.444;11;18;.611;.639;9;11;.818;3;12;15;3;2;2;4;11;55;
08-09;MIA;SF;7;7;235;17;32;.531;11;22;.500;6;10;.600;.703;22;24;.917;2;14;16;5;3;1;4;19;67;
09-10;MIA;SF;1;9;1;1;2;2;1.000;1;1;2;
10-11;MIA;SF;12;272;24;51;.471;17;37;.459;7;14;.500;.637;13;13;<strong>1.000</strong>;3;27;30;2;6;2;4;24;78;
11-12;MIA;SG;20;173;16;43;.372;9;30;.300;7;13;.538;.477;10;10;<strong>1.000</strong>;5;15;20;2;3;1;4;12;51;
12-13;MIA;SF;9;33;3;7;.429;3;4;.750;3;.643;3;3;1;2;3;9;
13-14;MIA;SF;15;126;18;40;.450;15;32;.469;3;8;.375;.638;2;3;.667;3;8;11;5;3;2;17;53;
14-15;CLE;SF;20;311;26;75;.347;22;64;.344;4;11;.364;.493;13;14;.929;1;28;29;9;8;3;5;42;87;
15-16;CLE;SF;12;55;2;10;.200;1;7;.143;1;3;.333;.250;1;4;.250;1;3;4;3;1;3;6;
16-17;CLE;SF;8;30;1;5;.200;3;1;2;.500;.200;1;3;4;2;3;2;
Career;;148;19;1982;173;428;.404;104;269;.387;69;159;.434;.526;98;116;.845;40;191;231;44;37;37;40;178;548;
Advanced
03-04;IND;SF;6;26;4.9;.354;.444;.222;9.2;4.5;2.1;17.9;.010;-3.4;-0.5;-3.9;
04-05;IND;SF;75;1330;10.5;.537;.522;.195;3.6;11.9;7.8;7.4;1.3;1.6;11.1;14.0;1.1;1.4;2.5;.090;-0.6;0.5;-0.1;0.6;
05-06;PHO;SF;75;1772;13.2;.551;.491;.208;2.8;12.8;7.9;4.5;1.1;1.9;<strong>5.2</strong>;16.9;2.3;1.7;4.0;.110;0.1;-0.2;-0.1;0.9;
06-07;PHO;SF;76;1376;10.8;.510;.541;.184;2.9;11.5;7.5;4.5;1.0;2.1;5.6;16.5;1.0;1.2;2.2;.077;-0.5;-0.2;-0.6;0.5;
07-08;POR;SF;58;1276;13.6;.625;.627;.300;4.0;10.8;7.4;4.3;1.0;0.9;7.0;14.8;2.9;0.8;3.7;.139;1.4;-0.2;1.3;1.1;
08-09;MIA;SF;40;630;8.4;.520;.644;.208;2.3;9.6;5.9;4.7;1.0;1.8;6.9;13.0;0.4;0.5;0.9;.065;-2.1;-0.7;-2.7;-0.1;
09-10;MIA;SF;36;503;8.8;.556;.756;.235;0.9;9.5;5.3;5.1;1.2;0.6;7.7;13.3;0.5;0.5;1.0;.099;-1.4;0.2;-1.2;0.1;
10-11;MIA;SF;81;1549;11.1;.629;.829;.208;1.9;9.9;6.1;4.1;1.0;1.0;<strong>5.3</strong>;12.0;3.0;1.7;4.7;.145;0.7;0.3;1.0;1.2;
11-12;MIA;SG;51;666;9.7;.567;.760;.200;1.1;7.4;4.4;4.2;1.3;1.1;5.8;12.1;0.9;0.7;1.7;.120;-0.4;0.4;0.3;
12-13;MIA;SF;38;221;8.1;.478;.869;.066;11.6;6.1;8.4;0.5;2.2;4.6;14.2;0.1;0.2;0.2;.054;-2.0;-1.0;-3.0;-0.1;
13-14;MIA;SF;20;236;15.4;.666;.794;.162;1.1;10.8;6.1;5.8;0.7;1.5;5.2;15.6;0.6;0.1;0.7;.147;4.1;-0.9;3.2;0.3;
14-15;CLE;SF;57;669;11.1;.565;.871;.229;1.6;9.0;5.3;5.4;1.0;0.9;5.5;15.8;1.2;0.4;1.5;.110;0.2;-0.9;-0.7;0.2;
15-16;CLE;SF;48;463;11.6;.580;.732;.183;2.0;10.2;6.1;4.5;1.2;1.8;7.8;16.2;0.7;0.5;1.2;.120;-0.2;-0.1;-0.3;0.2;
16-17;CLE;SF;48;381;11.1;.655;.717;.217;0.9;9.5;5.4;5.2;0.8;2.1;9.0;13.0;0.6;0.2;0.8;.102;-0.1;-0.3;-0.3;0.2;
Career;;709;11098;11.3;.566;.645;.210;2.4;10.7;6.7;5.0;1.1;1.5;6.6;14.6;15.2;10.0;25.2;.109;-0.1;-0.1;5.4;
Playoffs Advanced
04-05;IND;SF;13;214;10.8;.520;.543;.196;2.7;12.2;7.4;9.2;1.8;2.6;7.4;12.2;0.1;0.4;0.5;.111;0.6;2.2;2.8;0.2;
05-06;PHO;SF;20;353;9.5;.460;.317;.317;5.5;18.7;12.2;1.9;0.7;3.6;8.8;13.7;-0.1;0.3;0.2;.026;-1.7;0.1;-1.5;
06-07;PHO;SF;11;171;11.6;.673;.500;.306;2.1;7.7;5.1;2.5;0.6;0.9;8.9;11.8;0.3;0.1;0.4;.115;0.9;0.9;1.8;0.2;
08-09;MIA;SF;7;235;12.5;.787;.688;.750;1.2;7.0;4.3;3.7;0.7;0.4;8.6;10.2;0.7;0.2;0.9;.176;1.3;0.6;1.9;0.2;
09-10;MIA;SF;1;9;-2.0;.532;1.000;2.000;34.7;14.9;-0.084;-9.1;-4.0;-13.1;
10-11;MIA;SF;12;272;11.5;.688;.725;.255;1.4;11.7;6.7;1.3;1.2;0.6;6.6;10.9;0.6;0.3;0.9;.151;0.6;0.9;1.5;0.2;
11-12;MIA;SG;20;173;9.8;.538;.698;.233;3.6;10.3;7.0;1.8;0.9;0.5;7.8;14.2;0.2;0.1;0.4;.100;-0.2;0.2;-0.1;0.1;
12-13;MIA;SF;9;33;6.0;.643;.571;11.0;5.6;2.6;22.2;13.2;.019;-0.7;-1.2;-1.9;
13-14;MIA;SF;15;126;16.2;.641;.800;.075;3.3;8.2;5.8;6.7;1.3;1.5;16.7;0.4;0.1;0.4;.167;4.4;-0.5;3.9;0.2;
14-15;CLE;SF;20;311;7.9;.536;.853;.187;0.4;9.8;5.1;4.6;1.4;0.8;5.8;12.6;0.4;0.3;0.6;.100;-1.9;0.8;-1.1;0.1;
15-16;CLE;SF;12;55;-0.7;.255;.700;.400;2.2;6.3;4.3;7.2;7.8;10.7;-0.1;-0.1;-0.079;-5.5;-3.1;-8.6;-0.1;
16-17;CLE;SF;8;30;-5.3;.200;.600;4.1;11.1;7.8;28.6;10.4;-0.1;-0.1;-0.163;-9.8;-4.6;-14.4;-0.1;
Career;;148;1982;10.0;.572;.629;.271;2.5;11.2;7.0;3.7;1.0;1.4;7.7;12.5;2.4;1.7;4.1;.098;-0.3;0.4;0.1;1.0;
