James Ennis III;Small Forward and Shooting Guard;Right;1990-07-01;;6-6;215;Ventura in Ventura,California;;;;-1;;
Per Game
14-15;MIA;SF;62;3;17.0;1.6;4.0;.409;0.5;1.5;.326;1.1;2.5;.461;.472;1.3;1.5;.840;0.8;2.0;2.8;0.8;0.4;0.3;0.6;1.4;5.0;
15-16;TOT;SF;22;5;15.0;2.5;5.1;.478;1.2;2.6;.448;1.3;2.5;.509;.593;1.1;1.5;.735;1.0;1.0;1.9;1.0;0.7;0.2;0.9;1.3;7.2;
15-16;MIA;SF;3;2.3;0.3;0.3;
15-16;MEM;SF;10;4.0;0.4;1.3;.308;0.2;0.8;.250;0.2;0.5;.400;.385;0.6;1.0;.600;0.4;0.3;0.7;0.2;0.4;0.2;0.2;0.1;1.6;
15-16;NOP;SF;9;5;31.3;5.6;11.1;.500;2.7;5.6;.480;2.9;5.6;.520;.620;2.1;2.7;.792;1.9;2.0;3.9;2.0;1.3;0.3;1.9;2.9;15.9;
16-17;MEM;SF;64;28;23.5;2.3;5.0;.455;0.8;2.1;.372;1.5;2.9;.516;.534;1.3;1.7;.782;1.1;3.0;4.0;1.0;0.7;0.3;0.9;2.6;6.7;
17-18;TOT;SF;72;22;22.3;2.5;5.3;.474;0.7;2.1;.333;1.8;3.2;.567;.540;1.3;1.6;.836;1.0;2.1;3.1;1.0;0.7;0.3;0.8;1.9;7.1;
17-18;MEM;SF;45;14;23.4;2.4;4.9;.486;0.7;1.9;.357;1.7;3.1;.565;.554;1.4;1.6;.877;1.2;2.3;3.5;1.1;0.7;0.3;0.8;1.8;6.9;
17-18;DET;SF;27;8;20.4;2.7;6.0;.457;0.8;2.6;.304;2.0;3.4;.570;.522;1.2;1.6;.767;0.7;1.7;2.5;0.8;0.6;0.2;0.7;2.0;7.5;
18-19;TOT;SF;58;27;21.2;2.4;5.1;.469;0.9;2.7;.353;1.4;2.4;.601;.563;1.0;1.4;.716;1.0;2.1;3.1;0.7;0.7;0.4;0.6;2.6;6.7;
18-19;HOU;SF;40;25;23.7;2.6;5.3;.493;1.1;3.0;.367;1.5;2.3;.659;.597;1.1;1.5;.724;0.9;2.0;2.9;0.7;1.0;0.4;0.6;2.8;7.4;
18-19;PHI;SF;18;2;15.6;1.9;4.6;.410;0.6;2.0;.306;1.3;2.6;.489;.476;0.9;1.3;.696;1.3;2.3;3.6;0.8;0.2;0.4;0.6;2.2;5.3;
19-20;TOT;SF,SG;69;18;18.3;2.3;5.2;.446;0.8;2.4;.325;1.5;2.8;.553;.522;1.1;1.4;.806;1.0;2.5;3.6;0.9;0.5;0.3;0.8;2.0;6.6;
19-20;PHI;SF;49;15.8;2.0;4.6;.442;0.8;2.2;.349;1.3;2.4;.525;.524;1.0;1.2;.787;1.0;2.1;3.1;0.8;0.5;0.3;0.6;1.7;5.8;
19-20;ORL;SG;20;18;24.5;3.0;6.7;.451;0.9;3.2;.286;2.1;3.5;.600;.519;1.6;1.9;.838;1.2;3.6;4.8;1.1;0.6;0.4;1.4;2.6;8.5;
20-21;ORL;SF;41;37;24.0;2.8;5.9;.473;1.1;2.5;.433;1.7;3.4;.504;.566;1.7;2.1;.805;1.0;3.0;4.0;1.5;0.8;0.2;0.9;2.0;8.4;
21-22;TOT;SF;7;8.0;1.6;3.4;.458;0.4;1.1;.375;1.1;2.3;.500;.521;0.6;0.7;.800;0.7;1.0;1.7;0.4;0.3;0.3;0.3;0.7;4.1;
21-22;BRK;SF;2;7.0;1.0;3.5;.286;0.5;1.0;.500;0.5;2.5;.200;.357;1.0;1.5;2.5;0.5;0.5;2.5;
21-22;LAC;SF;2;14.0;3.5;5.5;.636;1.0;2.0;.500;2.5;3.5;.714;.727;2.0;2.0;1.000;1.0;1.5;2.5;0.5;0.5;0.5;2.0;10.0;
21-22;DEN;SF;3;4.7;0.7;2.0;.333;0.7;0.7;1.3;.500;.333;0.3;0.3;0.3;0.7;1.0;0.3;0.3;1.3;
Career;;395;140;20.3;2.3;5.0;.457;0.8;2.2;.360;1.5;2.8;.534;.537;1.3;1.6;.797;1.0;2.3;3.3;0.9;0.6;0.3;0.8;2.0;6.7;
Playoffs Per Game
16-17;MEM;SF;6;4;26.5;2.7;6.3;.421;1.0;3.2;.316;1.7;3.2;.526;.500;2.0;2.3;.857;1.3;2.8;4.2;1.2;0.8;0.3;1.2;3.3;8.3;
18-19;PHI;SF;11;21.1;2.8;5.8;.484;0.8;2.9;.281;2.0;2.9;.688;.555;1.1;1.7;.632;1.5;2.4;3.8;1.1;0.4;0.3;0.9;2.8;7.5;
19-20;ORL;SG;5;5;23.8;2.4;7.0;.343;0.8;3.2;.250;1.6;3.8;.421;.400;1.4;1.8;.778;1.2;4.6;5.8;1.2;1.0;0.4;1.2;3.8;7.0;
Career;;22;9;23.2;2.7;6.2;.431;0.9;3.0;.284;1.8;3.2;.571;.500;1.4;1.9;.738;1.4;3.0;4.4;1.1;0.6;0.3;1.0;3.2;7.6;
Totals
14-15;MIA;SF;62;3;1051;101;247;.409;31;95;.326;70;152;.461;.472;79;94;.840;51;125;176;48;25;17;39;89;312;
15-16;TOT;SF;22;5;329;54;113;.478;26;58;.448;28;55;.509;.593;25;34;.735;21;21;42;21;16;5;19;28;159;
15-16;MIA;SF;3;7;1;1;
15-16;MEM;SF;10;40;4;13;.308;2;8;.250;2;5;.400;.385;6;10;.600;4;3;7;2;4;2;2;1;16;
15-16;NOP;SF;9;5;282;50;100;.500;24;50;.480;26;50;.520;.620;19;24;.792;17;18;35;18;12;3;17;26;143;
16-17;MEM;SF;64;28;1501;146;321;.455;51;137;.372;95;184;.516;.534;86;110;.782;69;190;259;64;46;19;59;165;429;
17-18;TOT;SF;72;22;1604;182;384;.474;51;153;.333;131;231;.567;.540;97;116;.836;73;151;224;71;47;18;56;134;512;
17-18;MEM;SF;45;14;1053;108;222;.486;30;84;.357;78;138;.565;.554;64;73;.877;53;104;157;49;32;12;38;81;310;
17-18;DET;SF;27;8;551;74;162;.457;21;69;.304;53;93;.570;.522;33;43;.767;20;47;67;22;15;6;18;53;202;
18-19;TOT;SF;58;27;1230;138;294;.469;55;156;.353;83;138;.601;.563;58;81;.716;60;122;182;41;41;23;34;150;389;
18-19;HOU;SF;40;25;949;104;211;.493;44;120;.367;60;91;.659;.597;42;58;.724;37;80;117;27;38;16;23;111;294;
18-19;PHI;SF;18;2;281;34;83;.410;11;36;.306;23;47;.489;.476;16;23;.696;23;42;65;14;3;7;11;39;95;
19-20;TOT;SF,SG;69;18;1265;160;359;.446;55;169;.325;105;190;.553;.522;79;98;.806;71;174;245;63;35;22;58;137;454;
19-20;PHI;SF;49;776;100;226;.442;37;106;.349;63;120;.525;.524;48;61;.787;48;102;150;41;23;14;31;85;285;
19-20;ORL;SG;20;18;489;60;133;.451;18;63;.286;42;70;.600;.519;31;37;.838;23;72;95;22;12;8;27;52;169;
20-21;ORL;SF;41;37;986;115;243;.473;45;104;.433;70;139;.504;.566;70;87;.805;43;123;166;62;32;7;36;84;345;
21-22;TOT;SF;7;56;11;24;.458;3;8;.375;8;16;.500;.521;4;5;.800;5;7;12;3;2;2;2;5;29;
21-22;BRK;SF;2;14;2;7;.286;1;2;.500;1;5;.200;.357;2;3;5;1;1;5;
21-22;LAC;SF;2;28;7;11;.636;2;4;.500;5;7;.714;.727;4;4;1.000;2;3;5;1;1;1;4;20;
21-22;DEN;SF;3;14;2;6;.333;2;2;4;.500;.333;1;1;1;2;3;1;1;4;
Career;;395;140;8022;907;1985;.457;317;880;.360;590;1105;.534;.537;498;625;.797;393;913;1306;373;244;113;303;792;2629;
Playoffs Totals
16-17;MEM;SF;6;4;159;16;38;.421;6;19;.316;10;19;.526;.500;12;14;.857;8;17;25;7;5;2;7;20;50;
18-19;PHI;SF;11;232;31;64;.484;9;32;.281;22;32;.688;.555;12;19;.632;16;26;42;12;4;3;10;31;83;
19-20;ORL;SG;5;5;119;12;35;.343;4;16;.250;8;19;.421;.400;7;9;.778;6;23;29;6;5;2;6;19;35;
Career;;22;9;510;59;137;.431;19;67;.284;40;70;.571;.500;31;42;.738;30;66;96;25;14;7;23;70;168;
Advanced
14-15;MIA;SF;62;1051;11.5;.541;.385;.381;6.0;14.0;10.1;7.2;1.3;1.4;11.9;14.6;1.2;0.8;1.9;.088;-1.0;-0.5;-1.5;0.1;
15-16;TOT;SF;22;329;17.8;.621;.513;.301;6.9;7.4;7.1;10.1;2.4;1.3;12.9;19.8;0.7;0.2;0.9;.133;2.5;-1.0;1.5;0.3;
15-16;MIA;SF;3;7;2.4;18.0;.070;-4.0;2.2;-1.8;
15-16;MEM;SF;10;40;18.3;.460;.615;.769;10.9;8.9;10.0;7.6;5.1;4.6;10.3;21.8;0.1;0.1;.100;2.4;2.0;4.4;0.1;
15-16;NOP;SF;9;282;18.1;.647;.500;.240;6.5;7.3;6.9;10.3;2.1;0.9;13.3;20.0;0.7;0.1;0.8;.139;2.7;-1.5;1.2;0.2;
16-17;MEM;SF;64;1501;10.6;.581;.427;.343;5.1;14.9;9.9;6.5;1.6;1.2;13.8;13.0;1.4;1.7;3.1;.101;-1.9;0.7;-1.2;0.3;
17-18;TOT;SF;72;1604;11.6;.588;.398;.302;5.1;11.0;8.0;6.6;1.5;1.0;11.4;13.7;2.0;1.1;3.1;.092;-1.1;-0.1;-1.2;0.3;
17-18;MEM;SF;45;1053;11.9;.610;.378;.329;5.7;11.7;8.6;7.0;1.5;1.1;13.0;12.5;1.5;0.6;2.0;.093;-0.5;-0.1;-0.6;0.4;
17-18;DET;SF;27;551;11.2;.558;.426;.265;3.9;9.6;6.7;5.9;1.4;1.0;9.0;16.0;0.5;0.5;1.0;.090;-2.2;-0.2;-2.3;-0.1;
18-19;TOT;SF;58;1230;11.0;.590;.531;.276;5.3;10.9;8.1;4.7;1.6;1.6;9.3;12.7;1.6;1.0;2.6;.103;-1.4;-0.2;-1.5;0.1;
18-19;HOU;SF;40;949;11.3;.622;.569;.275;4.2;9.5;6.8;4.1;2.0;1.4;8.9;11.9;1.4;0.8;2.2;.112;-1.0;0.1;-0.9;0.3;
18-19;PHI;SF;18;281;9.9;.510;.434;.277;8.9;15.4;12.2;6.7;0.5;2.0;10.6;15.5;0.2;0.2;0.4;.071;-2.6;-1.1;-3.7;-0.1;
19-20;TOT;SF,SG;69;1265;11.5;.565;.471;.273;6.1;15.3;10.6;7.0;1.3;1.5;12.6;15.7;1.0;1.4;2.4;.090;-2.2;-0.4;-2.6;-0.2;
19-20;PHI;SF;49;776;12.3;.564;.469;.270;6.8;14.5;10.7;7.3;1.4;1.5;10.9;15.7;0.9;0.9;1.7;.106;-1.5;-1.5;0.1;
19-20;ORL;SG;20;489;10.3;.566;.474;.278;4.9;16.4;10.5;6.5;1.2;1.5;15.3;15.6;0.2;0.5;0.7;.064;-3.3;-1.1;-4.4;-0.3;
20-21;ORL;SF;41;986;12.5;.613;.428;.358;4.4;13.4;8.7;9.3;1.6;0.6;11.3;13.9;1.3;0.7;2.0;.097;-1.9;-0.3;-2.2;-0.1;
21-22;TOT;SF;7;56;17.7;.553;.333;.208;9.9;13.1;11.6;7.4;1.7;3.1;7.1;22.0;0.1;0.1;0.1;.114;-0.1;-1.0;-1.1;
21-22;BRK;SF;2;14;14.7;.357;.286;16.0;22.7;19.4;3.5;6.4;21.5;.034;-0.5;-0.6;-1.1;
21-22;LAC;SF;2;28;26.3;.784;.364;.364;7.8;11.0;9.5;1.7;3.0;7.3;21.6;0.1;0.2;.277;3.7;0.3;4.0;
21-22;DEN;SF;3;14;3.7;.311;.333;.167;8.2;7.7;8.0;29.8;13.4;23.3;-0.134;-7.2;-4.0;-11.1;
Career;;395;8022;11.7;.582;.443;.315;5.4;12.9;9.1;6.9;1.5;1.2;11.8;14.2;9.3;6.9;16.2;.097;-1.4;-0.1;-1.5;0.9;
Playoffs Advanced
16-17;MEM;SF;6;159;11.3;.566;.500;.368;6.5;13.9;10.2;7.2;1.8;1.2;13.7;16.1;0.1;0.2;.046;-0.8;0.2;-0.6;0.1;
18-19;PHI;SF;11;232;11.3;.574;.500;.297;7.9;11.5;9.8;7.5;0.8;1.2;12.1;15.0;0.3;0.2;0.5;.105;-0.7;0.5;-0.2;0.1;
19-20;ORL;SG;5;119;6.9;.449;.457;.257;4.9;20.9;12.5;7.5;1.9;1.7;13.3;16.1;-0.1;0.2;.005;-4.4;0.9;-3.5;
Career;;22;510;10.3;.540;.489;.307;6.8;14.4;10.6;7.4;1.4;1.3;12.9;15.6;0.3;0.4;0.7;.063;-1.6;0.5;-1.1;0.1;
