Jameer Nelson;Point Guard;Right;1982-02-09;;6-0;190;Chester in Chester,Pennsylvania;;;;-1;;
Per Game
04-05;ORL;PG;79;21;20.4;3.6;7.9;.455;0.6;1.8;.312;3.1;6.2;.497;.490;0.9;1.4;.682;0.7;1.8;2.4;3.0;1.0;1.5;2.5;8.7;
05-06;ORL;PG;62;33;28.8;5.6;11.6;.483;1.1;2.7;.424;4.5;8.9;.500;.531;2.3;2.9;.779;0.6;2.3;2.9;4.9;1.1;0.1;2.4;2.8;14.6;
06-07;ORL;PG;77;77;30.3;4.9;11.4;.430;0.8;2.5;.335;4.0;8.8;.457;.467;2.4;2.9;.828;0.6;2.4;3.1;4.3;0.9;0.1;2.4;2.9;13.0;
07-08;ORL;PG;69;62;28.4;4.1;8.7;.469;0.9;2.2;.416;3.2;6.5;.488;.522;1.8;2.2;.828;0.4;3.1;3.5;5.6;0.9;0.1;2.0;2.4;10.9;
08-09;ORL;PG;42;42;31.2;6.4;12.6;.503;2.0;4.3;.453;4.4;8.3;.529;.580;2.0;2.3;.887;0.5;3.0;3.5;5.4;1.2;0.1;2.0;2.9;16.7;
09-10;ORL;PG;65;64;28.6;4.9;10.9;.449;1.3;3.5;.381;3.6;7.4;.481;.510;1.5;1.8;.845;0.4;2.6;3.0;5.4;0.7;2.1;2.3;12.6;
10-11;ORL;PG;76;76;30.5;4.9;11.0;.446;1.6;3.9;.401;3.4;7.1;.471;.517;1.7;2.1;.802;0.5;2.5;3.0;6.0;1.0;2.6;2.8;13.1;
11-12;ORL;PG;57;57;29.9;4.5;10.6;.427;1.5;4.1;.377;3.0;6.6;.459;.499;1.2;1.5;.807;0.5;2.7;3.2;5.7;0.7;0.1;2.4;2.3;11.9;
12-13;ORL;PG;56;56;35.3;5.5;13.9;.392;2.2;6.3;.341;3.3;7.6;.435;.470;1.6;1.8;.873;0.4;3.3;3.7;7.4;1.3;0.1;2.8;2.9;14.7;
13-14;ORL;PG;68;68;32.0;4.3;11.0;.394;2.0;5.8;.348;2.3;5.2;.444;.485;1.4;1.6;.857;0.4;3.0;3.4;7.0;0.8;0.1;2.4;2.1;12.1;
14-15;TOT;PG;63;29;22.3;3.3;8.0;.407;1.4;4.1;.345;1.8;3.9;.472;.495;0.4;0.6;.667;0.5;1.8;2.3;4.0;0.7;0.1;1.7;2.2;8.3;
14-15;DAL;PG;23;23;25.4;2.7;7.1;.374;1.7;4.5;.369;1.0;2.6;.383;.491;0.3;0.3;.875;0.6;2.1;2.7;4.1;0.7;0.1;1.7;2.3;7.3;
14-15;BOS;PG;6;1;20.2;1.5;6.8;.220;0.8;4.2;.200;0.7;2.7;.250;.280;1.0;1.5;.667;0.5;2.3;2.8;5.5;1.2;1.5;2.2;4.8;
14-15;DEN;PG;34;5;20.6;4.0;8.8;.450;1.4;3.8;.354;2.6;5.0;.524;.527;0.3;0.6;.579;0.5;1.5;1.9;3.7;0.7;0.1;1.8;2.1;9.6;
15-16;DEN;PG;39;15;26.6;2.9;7.9;.368;1.1;3.7;.299;1.8;4.2;.429;.438;0.8;0.9;.857;0.5;2.5;2.9;4.9;0.6;0.1;1.7;2.6;7.7;
16-17;DEN;PG;75;39;27.3;3.6;8.1;.444;1.4;3.6;.388;2.2;4.4;.489;.531;0.6;0.8;.714;0.4;2.2;2.6;5.1;0.7;0.1;1.7;2.6;9.2;
17-18;TOT;PG;50;20.3;1.9;4.9;.389;0.8;2.5;.331;1.1;2.4;.450;.473;0.3;0.4;.800;0.3;1.8;2.1;3.6;0.5;0.1;1.3;1.6;4.9;
17-18;NOP;PG;43;20.9;2.0;4.8;.410;0.9;2.6;.364;1.0;2.2;.463;.507;0.3;0.4;.765;0.3;2.0;2.2;3.6;0.5;0.1;1.3;1.6;5.1;
17-18;DET;PG;7;16.6;1.6;5.6;.282;0.1;2.0;.071;1.4;3.6;.400;.295;0.4;0.4;1.000;0.3;0.9;1.1;3.3;0.6;0.1;1.6;2.0;3.7;
Career;;878;639;27.9;4.3;9.9;.436;1.3;3.6;.368;3.0;6.3;.474;.502;1.4;1.7;.810;0.5;2.5;3.0;5.1;0.9;0.1;2.1;2.5;11.3;
Playoffs Per Game
06-07;ORL;PG;4;4;32.3;5.3;12.5;.420;1.3;3.5;.357;4.0;9.0;.444;.470;2.5;2.8;.909;1.0;2.0;3.0;3.3;0.8;2.3;4.8;14.3;
07-08;ORL;PG;10;10;33.3;5.7;11.3;.504;2.0;4.1;.488;3.7;7.2;.514;.593;2.8;3.7;.757;0.4;3.7;4.1;4.7;0.3;0.2;2.1;4.3;16.2;
08-09;ORL;PG;5;18.0;1.6;4.6;.348;0.2;1.2;.167;1.4;3.4;.412;.370;0.4;0.8;.500;0.2;1.2;1.4;2.8;0.2;1.4;0.6;3.8;
09-10;ORL;PG;14;14;34.2;6.5;13.6;.479;2.4;6.0;.393;4.1;7.6;.547;.566;3.6;4.4;.823;0.6;2.9;3.6;4.8;1.0;2.5;2.7;19.0;
10-11;ORL;PG;6;6;36.0;5.2;13.7;.378;1.0;4.3;.231;4.2;9.3;.446;.415;1.8;2.3;.786;1.2;3.0;4.2;5.0;2.0;1.3;2.3;13.2;
11-12;ORL;PG;5;5;36.4;5.8;14.8;.392;1.6;5.0;.320;4.2;9.8;.429;.446;2.4;3.2;.750;0.2;3.6;3.8;6.6;0.8;0.2;2.0;2.6;15.6;
Career;;44;39;32.5;5.4;12.1;.445;1.7;4.5;.372;3.7;7.6;.488;.514;2.6;3.3;.792;0.6;2.9;3.5;4.6;0.8;0.1;2.0;3.0;15.0;
Totals
04-05;ORL;PG;79;21;1612;286;628;.455;44;141;.312;242;487;.497;.490;73;107;.682;52;141;193;237;78;3;117;199;689;
05-06;ORL;PG;62;33;1784;347;719;.483;70;165;.424;277;554;.500;.531;141;181;.779;39;141;180;302;70;9;148;174;905;
06-07;ORL;PG;77;77;2331;376;875;.430;65;194;.335;311;681;.457;.467;183;221;.828;50;186;236;330;73;5;184;225;1000;
07-08;ORL;PG;69;62;1961;283;603;.469;64;154;.416;219;449;.488;.522;125;151;.828;28;215;243;383;63;4;141;167;755;
08-09;ORL;PG;42;42;1309;267;531;.503;82;181;.453;185;350;.529;.580;86;97;.887;20;125;145;226;51;3;83;123;702;
09-10;ORL;PG;65;64;1860;317;706;.449;86;226;.381;231;480;.481;.510;98;116;.845;26;168;194;353;48;2;139;147;818;
10-11;ORL;PG;76;76;2319;374;838;.446;119;297;.401;255;541;.471;.517;130;162;.802;37;189;226;456;75;3;194;209;997;
11-12;ORL;PG;57;57;1706;259;606;.427;87;231;.377;172;375;.459;.499;71;88;.807;29;152;181;325;38;5;135;130;676;
12-13;ORL;PG;56;56;1977;306;780;.392;121;355;.341;185;425;.435;.470;89;102;.873;23;186;209;413;71;6;154;161;822;
13-14;ORL;PG;68;68;2179;294;747;.394;136;391;.348;158;356;.444;.485;96;112;.857;29;202;231;476;52;5;166;146;820;
14-15;TOT;PG;63;29;1407;205;504;.407;89;258;.345;116;246;.472;.495;24;36;.667;33;113;146;253;47;6;109;136;523;
14-15;DAL;PG;23;23;584;61;163;.374;38;103;.369;23;60;.383;.491;7;8;.875;14;49;63;95;15;2;39;53;167;
14-15;BOS;PG;6;1;121;9;41;.220;5;25;.200;4;16;.250;.280;6;9;.667;3;14;17;33;7;9;13;29;
14-15;DEN;PG;34;5;702;135;300;.450;46;130;.354;89;170;.524;.527;11;19;.579;16;50;66;125;25;4;61;70;327;
15-16;DEN;PG;39;15;1036;113;307;.368;43;144;.299;70;163;.429;.438;30;35;.857;19;96;115;190;25;5;66;100;299;
16-17;DEN;PG;75;39;2045;268;604;.444;106;273;.388;162;331;.489;.531;45;63;.714;28;164;192;385;54;8;128;197;687;
17-18;TOT;PG;50;1013;95;244;.389;41;124;.331;54;120;.450;.473;16;20;.800;13;91;104;179;27;4;67;81;247;
17-18;NOP;PG;43;897;84;205;.410;40;110;.364;44;95;.463;.507;13;17;.765;11;85;96;156;23;3;56;67;221;
17-18;DET;PG;7;116;11;39;.282;1;14;.071;10;25;.400;.295;3;3;1.000;2;6;8;23;4;1;11;14;26;
Career;;878;639;24539;3790;8692;.436;1153;3134;.368;2637;5558;.474;.502;1207;1491;.810;426;2169;2595;4508;772;68;1831;2195;9940;
Playoffs Totals
06-07;ORL;PG;4;4;129;21;50;.420;5;14;.357;16;36;.444;.470;10;11;.909;4;8;12;13;3;9;19;57;
07-08;ORL;PG;10;10;333;57;113;.504;20;41;.488;37;72;.514;.593;28;37;.757;4;37;41;47;3;2;21;43;162;
08-09;ORL;PG;5;90;8;23;.348;1;6;.167;7;17;.412;.370;2;4;.500;1;6;7;14;1;7;3;19;
09-10;ORL;PG;14;14;479;91;190;.479;33;84;.393;58;106;.547;.566;51;62;.823;9;41;50;67;14;35;38;266;
10-11;ORL;PG;6;6;216;31;82;.378;6;26;.231;25;56;.446;.415;11;14;.786;7;18;25;30;12;8;14;79;
11-12;ORL;PG;5;5;182;29;74;.392;8;25;.320;21;49;.429;.446;12;16;.750;1;18;19;33;4;1;10;13;78;
Career;;44;39;1429;237;532;.445;73;196;.372;164;336;.488;.514;114;144;.792;26;128;154;204;37;3;90;130;661;
Advanced
04-05;ORL;PG;79;1612;14.5;.510;.225;.170;3.7;9.7;6.7;24.8;2.5;0.1;14.8;21.4;1.2;1.3;2.5;.074;-0.7;-0.1;-0.7;0.5;
05-06;ORL;PG;62;1784;19.5;.567;.229;.252;2.8;9.5;6.2;31.5;2.1;0.4;15.6;25.1;3.5;1.4;4.9;.132;2.6;-0.6;2.0;1.8;
06-07;ORL;PG;77;2331;13.9;.514;.222;.253;2.7;9.6;6.2;25.0;1.7;0.2;15.9;23.0;1.6;2.4;4.0;.082;-0.1;-0.6;-0.7;0.8;
07-08;ORL;PG;69;1961;15.5;.564;.255;.250;1.7;12.1;7.1;31.1;1.7;0.1;17.4;19.0;3.4;2.2;5.6;.136;0.7;0.5;1.2;1.6;
08-09;ORL;PG;42;1309;20.6;.612;.341;.183;1.8;10.5;6.2;32.1;2.0;0.2;12.6;23.2;3.9;2.1;6.0;.220;3.4;1.7;5.1;2.3;
09-10;ORL;PG;65;1860;15.5;.540;.320;.164;1.7;10.1;6.0;32.1;1.3;0.1;15.5;22.3;2.8;2.2;5.0;.130;1.0;-0.3;0.7;1.3;
10-11;ORL;PG;76;2319;15.4;.548;.354;.193;1.9;9.3;5.7;33.7;1.7;0.1;17.6;22.0;3.4;3.2;6.6;.136;1.0;0.1;1.1;1.8;
11-12;ORL;PG;57;1706;14.6;.524;.381;.145;1.9;10.4;6.1;34.0;1.2;0.2;17.3;21.4;2.3;1.2;3.5;.099;0.8;-0.9;-0.1;0.8;
12-13;ORL;PG;56;1977;14.4;.498;.455;.131;1.3;10.6;6.0;33.3;1.9;0.2;15.7;22.5;1.1;1.0;2.1;.050;0.1;-1.3;-1.2;0.4;
13-14;ORL;PG;68;2179;13.9;.515;.523;.150;1.5;10.5;6.0;35.1;1.2;0.2;17.3;20.1;1.6;1.2;2.8;.062;0.6;-1.7;-1.1;0.5;
14-15;TOT;PG;63;1407;12.1;.503;.512;.071;2.5;8.9;5.7;27.8;1.7;0.3;17.3;19.5;0.6;0.8;1.4;.047;-0.1;-0.9;-1.0;0.4;
14-15;DAL;PG;23;584;9.9;.501;.632;.049;2.6;9.2;5.9;22.8;1.3;0.3;19.0;15.7;0.3;0.3;0.6;.047;-0.5;-0.9;-1.4;0.1;
14-15;BOS;PG;6;121;8.7;.323;.610;.220;2.7;12.9;7.7;37.4;2.9;16.7;19.5;-0.2;0.2;-0.015;-4.2;0.3;-3.9;-0.1;
14-15;DEN;PG;34;702;14.5;.530;.433;.063;2.4;8.0;5.1;30.3;1.8;0.4;16.5;22.7;0.5;0.3;0.8;.058;1.0;-1.0;0.3;
15-16;DEN;PG;39;1036;9.5;.464;.469;.114;2.0;10.4;6.2;27.3;1.2;0.4;17.0;16.4;0.1;0.4;0.5;.024;-2.2;-0.8;-3.0;-0.3;
16-17;DEN;PG;75;2045;11.5;.544;.452;.104;1.5;8.8;5.2;26.0;1.3;0.3;16.8;15.8;2.3;0.5;2.8;.066;-0.8;-1.2;-2.0;
17-18;TOT;PG;50;1013;8.1;.489;.508;.082;1.4;9.5;5.6;22.8;1.3;0.3;21.0;13.7;-0.1;0.7;0.6;.028;-2.9;-0.4;-3.3;-0.3;
17-18;NOP;PG;43;897;8.9;.520;.537;.083;1.4;9.9;5.8;22.2;1.2;0.3;20.9;13.0;0.3;0.6;0.8;.045;-2.3;-0.3;-2.6;-0.1;
17-18;DET;PG;7;116;2.6;.322;.359;.077;1.9;5.8;3.8;27.7;1.7;0.8;21.4;19.6;-0.4;0.1;-0.3;-0.107;-7.4;-1.0;-8.4;-0.2;
Career;;878;24539;14.4;.532;.361;.172;2.0;10.0;6.1;30.1;1.6;0.2;16.4;20.7;27.7;20.6;48.3;.094;0.4;-0.5;-0.1;11.6;
Playoffs Advanced
06-07;ORL;PG;4;129;13.2;.520;.280;.220;3.7;7.3;5.5;18.1;1.3;14.1;23.9;0.1;0.1;.028;-0.2;-0.6;-0.8;
07-08;ORL;PG;10;333;18.2;.627;.363;.327;1.4;12.8;7.2;24.9;0.5;0.4;14.0;21.5;1.1;0.1;1.2;.173;2.2;0.3;2.6;0.4;
08-09;ORL;PG;5;90;4.9;.384;.261;.174;1.4;8.3;4.9;25.1;0.6;22.0;17.1;-0.2;0.1;-0.1;-0.061;-2.6;-2.2;-4.8;-0.1;
09-10;ORL;PG;14;479;20.9;.612;.442;.326;2.4;10.3;6.5;28.7;1.6;13.9;26.1;1.4;0.8;2.2;.223;4.6;0.6;5.2;0.9;
10-11;ORL;PG;6;216;15.4;.448;.317;.171;3.8;10.0;6.9;27.6;3.1;8.3;21.2;0.2;0.4;0.6;.126;1.1;2.1;3.2;0.3;
11-12;ORL;PG;5;182;15.7;.481;.338;.216;0.6;11.6;6.0;38.3;1.2;0.4;11.0;24.5;0.2;0.1;0.3;.070;1.7;-0.1;1.5;0.2;
Career;;44;1429;17.1;.555;.368;.271;2.2;10.6;6.5;27.7;1.4;0.2;13.1;23.3;2.8;1.4;4.2;.142;2.3;0.4;2.7;1.7;
