James Young;Shooting Guard;Left;1995-08-16;;6-6;215;Rochester in Rochester Hills,Michigan;;;;-1;;
Per Game
14-15;BOS;SG;31;10.7;1.2;3.3;.353;0.5;2.1;.258;0.6;1.2;.528;.436;0.5;0.9;.552;0.3;1.1;1.4;0.4;0.3;0.1;0.2;0.7;3.4;
15-16;BOS;SG;29;6.9;0.4;1.2;.306;0.2;0.9;.231;0.2;0.3;.500;.389;0.1;.250;0.1;0.8;0.9;0.3;0.2;0.2;0.6;1.0;
16-17;BOS;SG;29;7.6;0.9;2.0;.431;0.4;1.2;.343;0.4;0.8;.565;.534;0.2;0.3;.667;0.2;0.7;0.9;0.1;0.3;0.1;0.1;0.5;2.3;
17-18;PHI;SG;6;10.2;0.8;2.3;.357;0.5;1.7;.300;0.3;0.7;.500;.464;0.7;1.0;.667;0.3;0.3;0.3;0.2;0.7;2.8;
Career;;95;8.5;0.8;2.2;.367;0.4;1.4;.277;0.4;0.8;.534;.457;0.3;0.5;.563;0.2;0.8;1.0;0.3;0.3;0.1;0.2;0.6;2.3;
Playoffs Per Game
15-16;BOS;SG;3;3.3;0.3;1.0;.333;0.3;0.3;0.7;.500;.333;0.3;0.3;0.7;
16-17;BOS;SG;10;3.9;0.5;1.5;.333;0.5;1.4;.357;0.1;.500;0.1;0.6;0.7;0.3;0.1;0.2;1.5;
Career;;13;3.8;0.5;1.4;.333;0.4;1.2;.333;0.1;0.2;.333;.472;0.1;0.5;0.5;0.2;0.2;0.2;1.3;
Totals
14-15;BOS;SG;31;332;36;102;.353;17;66;.258;19;36;.528;.436;16;29;.552;9;33;42;13;8;2;5;22;105;
15-16;BOS;SG;29;199;11;36;.306;6;26;.231;5;10;.500;.389;1;4;.250;4;22;26;9;6;1;5;17;29;
16-17;BOS;SG;29;220;25;58;.431;12;35;.343;13;23;.565;.534;6;9;.667;6;20;26;4;10;2;4;15;68;
17-18;PHI;SG;6;61;5;14;.357;3;10;.300;2;4;.500;.464;4;6;.667;2;2;2;1;4;17;
Career;;95;812;77;210;.367;38;137;.277;39;73;.534;.457;27;48;.563;19;77;96;28;24;5;15;58;219;
Playoffs Totals
15-16;BOS;SG;3;10;1;3;.333;1;1;2;.500;.333;1;1;2;
16-17;BOS;SG;10;39;5;15;.333;5;14;.357;1;.500;1;6;7;3;1;2;15;
Career;;13;49;6;18;.333;5;15;.333;1;3;.333;.472;1;6;7;3;2;3;17;
Advanced
14-15;BOS;SG;31;332;8.5;.457;.647;.284;2.9;11.0;6.9;5.6;1.2;0.5;4.2;15.8;0.1;0.3;0.3;.047;-2.5;-0.9;-3.4;-0.1;
15-16;BOS;SG;29;199;3.6;.384;.722;.111;2.1;11.9;6.9;6.0;1.5;0.4;11.7;9.1;-0.2;0.2;0.1;.013;-5.3;0.8;-4.5;-0.1;
16-17;BOS;SG;29;220;10.0;.549;.603;.155;3.1;10.0;6.6;2.6;2.3;0.7;6.1;13.3;0.1;0.2;0.3;.076;-1.7;0.4;-1.3;
17-18;PHI;SG;6;61;4.6;.511;.714;.429;3.4;1.8;4.3;5.7;12.3;0.1;.041;-4.5;-2.4;-6.9;-0.1;
Career;;95;812;7.4;.474;.652;.229;2.5;10.4;6.4;4.8;1.5;0.5;6.1;13.2;0.1;0.7;0.8;.046;-3.1;-0.3;-3.4;-0.3;
Playoffs Advanced
15-16;BOS;SG;3;10;-6.5;.333;.333;25.0;17.2;-0.201;-11.1;-4.0;-15.1;
16-17;BOS;SG;10;39;9.1;.500;.933;2.9;18.6;10.5;11.5;6.3;18.6;.014;0.2;-2.4;-2.2;
Career;;13;49;6.0;.472;.833;2.3;14.8;8.4;9.2;10.0;18.3;-0.030;-2.1;-2.7;-4.8;
