James Johnson;Power Forward, Small Forward, and Center;Right;1987-02-20;;6-7;240;Cheyenne East in Cheyenne,Wyoming;;;;-1;;
Per Game
09-10;CHI;PF;65;11;11.6;1.5;3.2;.452;0.2;0.7;.326;1.2;2.5;.488;.488;0.8;1.1;.729;0.5;1.4;2.0;0.7;0.3;0.7;1.0;1.9;3.9;
10-11;TOT;SF;38;25;21.6;2.8;6.2;.456;0.2;0.9;.235;2.6;5.3;.493;.473;1.2;1.9;.662;1.0;2.8;3.7;2.3;0.9;1.0;1.7;2.5;7.1;
10-11;CHI;SF;13;9.5;1.3;3.2;.415;0.2;0.7;.222;1.2;2.5;.469;.439;0.5;1.0;.462;0.5;1.4;1.8;1.1;0.6;0.7;1.4;1.9;3.2;
10-11;TOR;SF;25;25;28.0;3.6;7.8;.464;0.2;1.0;.240;3.4;6.8;.497;.480;1.6;2.3;.707;1.2;3.5;4.7;3.0;1.0;1.1;1.8;2.8;9.2;
11-12;TOR;SF;62;40;25.2;3.8;8.4;.450;0.3;1.0;.317;3.5;7.4;.467;.468;1.3;1.9;.704;1.2;3.5;4.7;2.0;1.1;1.4;1.6;2.9;9.1;
12-13;SAC;SF;54;11;16.3;2.2;5.2;.413;0.4;.095;2.1;4.9;.439;.417;0.7;1.2;.597;0.9;1.8;2.7;1.1;0.8;0.9;1.3;1.8;5.1;
13-14;MEM;SF;52;4;18.4;2.8;5.9;.464;0.4;1.7;.253;2.3;4.3;.548;.500;1.5;1.7;.844;1.2;2.0;3.2;2.1;0.8;1.1;1.3;2.0;7.4;
14-15;TOR;PF;70;17;19.6;3.4;5.8;.589;0.2;0.7;.216;3.2;5.0;.643;.603;1.0;1.5;.657;0.9;2.8;3.7;1.4;0.8;1.0;1.1;2.2;7.9;
15-16;TOR;PF;57;32;16.2;2.0;4.2;.475;0.4;1.2;.303;1.6;3.1;.540;.517;0.7;1.2;.574;0.5;1.7;2.2;1.2;0.5;0.6;0.9;1.5;5.0;
16-17;MIA;PF;76;5;27.4;4.8;10.1;.479;1.1;3.4;.340;3.7;6.8;.548;.535;2.0;2.8;.707;0.9;4.1;4.9;3.6;1.0;1.1;2.3;2.6;12.8;
17-18;MIA;PF;73;41;26.6;4.2;8.4;.503;0.8;2.5;.308;3.5;5.9;.587;.550;1.5;2.2;.698;0.8;4.1;4.9;3.8;1.0;0.7;1.9;2.6;10.8;
18-19;MIA;PF;55;33;21.2;3.0;6.9;.433;0.9;2.7;.336;2.1;4.2;.496;.499;0.9;1.3;.714;0.4;2.8;3.2;2.5;0.6;0.5;1.3;2.1;7.8;
19-20;TOT;C,PF;32;1;19.3;3.2;6.7;.479;1.0;2.8;.363;2.2;3.9;.565;.556;1.0;1.5;.646;0.8;2.9;3.7;2.3;0.8;1.0;1.5;2.5;8.4;
19-20;MIA;PF;18;15.6;2.2;4.8;.448;0.9;2.5;.356;1.3;2.3;.548;.540;0.4;0.8;.571;0.4;2.4;2.9;1.2;0.3;0.7;0.8;1.9;5.7;
19-20;MIN;C;14;1;24.1;4.6;9.1;.500;1.2;3.3;.370;3.4;5.9;.573;.566;1.6;2.4;.676;1.2;3.5;4.7;3.8;1.4;1.4;2.4;3.3;12.0;
20-21;TOT;PF;51;12;20.5;2.9;6.4;.446;0.6;2.4;.258;2.3;4.1;.556;.494;0.9;1.5;.592;0.6;2.8;3.5;1.9;0.8;0.8;1.1;2.4;7.2;
20-21;DAL;PF;29;1;17.4;2.3;5.0;.462;0.5;2.1;.250;1.8;2.9;.612;.514;0.6;1.0;.586;0.5;2.5;3.0;1.7;0.8;0.8;0.9;2.0;5.7;
20-21;NOP;PF;22;11;24.5;3.6;8.3;.434;0.7;2.7;.267;2.9;5.5;.516;.478;1.3;2.1;.596;0.8;3.3;4.1;2.2;0.8;0.9;1.3;2.8;9.2;
21-22;BRK;PF;62;10;19.2;2.3;5.0;.469;0.4;1.4;.271;2.0;3.6;.545;.507;0.5;0.9;.527;0.8;2.6;3.5;2.1;0.5;0.5;0.8;2.6;5.5;
Career;;747;242;20.5;3.1;6.4;.474;0.5;1.7;.302;2.5;4.8;.535;.514;1.1;1.6;.679;0.8;2.8;3.6;2.1;0.8;0.9;1.4;2.3;7.7;
Playoffs Per Game
09-10;CHI;PF;4;5.0;0.5;0.3;0.3;0.3;0.3;0.3;0.5;2.8;
13-14;MEM;SF;3;9.3;1.7;5.0;.333;0.7;1.7;.400;1.0;3.3;.300;.400;2.3;3.3;.700;1.3;0.7;2.0;0.3;1.0;6.3;
14-15;TOR;PF;2;6.0;1.0;3.0;.333;1.0;3.0;.333;.333;3.0;1.0;1.0;0.5;2.0;
15-16;TOR;PF;10;9.8;1.2;2.5;.480;0.4;0.9;.444;0.8;1.6;.500;.560;0.2;0.3;.667;0.3;1.2;1.5;0.6;0.3;0.7;1.3;3.0;
17-18;MIA;PF;5;5;32.2;4.6;8.4;.548;1.4;2.6;.538;3.2;5.8;.552;.631;1.8;2.8;.643;0.6;5.4;6.0;4.8;1.2;1.2;2.0;3.4;12.4;
Career;;24;5;13.3;1.8;3.8;.467;0.5;1.2;.464;1.2;2.6;.468;.539;0.8;1.4;.545;0.5;1.8;2.3;1.3;0.4;0.3;0.8;1.8;4.8;
Totals
09-10;CHI;PF;65;11;757;95;210;.452;15;46;.326;80;164;.488;.488;51;70;.729;34;94;128;48;21;43;62;126;256;
10-11;TOT;SF;38;25;822;108;237;.456;8;34;.235;100;203;.493;.473;47;71;.662;37;105;142;89;33;37;64;95;271;
10-11;CHI;SF;13;123;17;41;.415;2;9;.222;15;32;.469;.439;6;13;.462;6;18;24;14;8;9;18;25;42;
10-11;TOR;SF;25;25;699;91;196;.464;6;25;.240;85;171;.497;.480;41;58;.707;31;87;118;75;25;28;46;70;229;
11-12;TOR;SF;62;40;1561;233;518;.450;19;60;.317;214;458;.467;.468;81;115;.704;74;218;292;122;71;84;101;177;566;
12-13;SAC;SF;54;11;878;117;283;.413;2;21;.095;115;262;.439;.417;40;67;.597;49;96;145;58;41;50;68;99;276;
13-14;MEM;SF;52;4;956;143;308;.464;22;87;.253;121;221;.548;.500;76;90;.844;60;106;166;111;42;57;66;102;384;
14-15;TOR;PF;70;17;1370;238;404;.589;11;51;.216;227;353;.643;.603;67;102;.657;61;196;257;95;54;70;79;155;554;
15-16;TOR;PF;57;32;926;114;240;.475;20;66;.303;94;174;.540;.517;39;68;.574;28;98;126;67;29;33;54;84;287;
16-17;MIA;PF;76;5;2085;368;769;.479;87;256;.340;281;513;.548;.535;152;215;.707;66;310;376;276;76;86;171;197;975;
17-18;MIA;PF;73;41;1943;309;614;.503;57;185;.308;252;429;.587;.550;113;162;.698;61;297;358;280;70;51;141;192;788;
18-19;MIA;PF;55;33;1164;164;379;.433;50;149;.336;114;230;.496;.499;50;70;.714;22;154;176;135;35;27;74;114;428;
19-20;TOT;C,PF;32;1;619;103;215;.479;33;91;.363;70;124;.565;.556;31;48;.646;25;93;118;74;25;32;48;80;270;
19-20;MIA;PF;18;281;39;87;.448;16;45;.356;23;42;.548;.540;8;14;.571;8;44;52;21;6;13;15;34;102;
19-20;MIN;C;14;1;338;64;128;.500;17;46;.370;47;82;.573;.566;23;34;.676;17;49;66;53;19;19;33;46;168;
20-21;TOT;PF;51;12;1043;146;327;.446;31;120;.258;115;207;.556;.494;45;76;.592;32;145;177;98;42;42;55;120;368;
20-21;DAL;PF;29;1;504;67;145;.462;15;60;.250;52;85;.612;.514;17;29;.586;14;72;86;50;24;23;27;59;166;
20-21;NOP;PF;22;11;539;79;182;.434;16;60;.267;63;122;.516;.478;28;47;.596;18;73;91;48;18;19;28;61;202;
21-22;BRK;PF;62;10;1191;144;307;.469;23;85;.271;121;222;.545;.507;29;55;.527;51;164;215;130;30;34;48;162;340;
Career;;747;242;15315;2282;4811;.474;378;1251;.302;1904;3560;.535;.514;821;1209;.679;600;2076;2676;1583;569;646;1031;1703;5763;
Playoffs Totals
09-10;CHI;PF;4;20;2;1;1;1;1;1;2;11;
13-14;MEM;SF;3;28;5;15;.333;2;5;.400;3;10;.300;.400;7;10;.700;4;2;6;1;3;19;
14-15;TOR;PF;2;12;2;6;.333;2;6;.333;.333;6;2;2;1;4;
15-16;TOR;PF;10;98;12;25;.480;4;9;.444;8;16;.500;.560;2;3;.667;3;12;15;6;3;7;13;30;
17-18;MIA;PF;5;5;161;23;42;.548;7;13;.538;16;29;.552;.631;9;14;.643;3;27;30;24;6;6;10;17;62;
Career;;24;5;319;42;90;.467;13;28;.464;29;62;.468;.539;18;33;.545;11;43;54;32;10;6;19;44;115;
Advanced
09-10;CHI;PF;65;757;10.4;.532;.219;.333;5.1;13.6;9.4;9.8;1.4;4.3;20.5;18.0;-0.3;1.1;0.8;.054;-4.0;1.5;-2.4;-0.1;
10-11;TOT;SF;38;822;12.6;.505;.143;.300;5.2;15.4;10.2;16.4;2.1;3.4;19.3;18.2;-0.1;0.8;0.6;.036;-1.6;0.9;-0.6;0.3;
10-11;CHI;SF;13;123;8.8;.449;.220;.317;5.9;16.7;11.4;18.1;3.5;5.6;27.8;24.2;-0.4;0.3;-0.014;-6.8;3.4;-3.4;-0.1;
10-11;TOR;SF;25;699;13.2;.517;.128;.296;5.1;15.1;10.0;16.1;1.8;3.0;17.2;17.1;0.2;0.4;0.6;.044;-0.7;0.5;-0.2;0.3;
11-12;TOR;SF;62;1561;14.5;.498;.116;.222;5.6;16.2;11.0;13.9;2.4;4.4;15.1;20.2;0.1;2.5;2.6;.079;-0.9;2.3;1.5;1.3;
12-13;SAC;SF;54;878;10.2;.442;.074;.237;6.2;12.9;9.5;10.2;2.4;4.5;17.9;19.3;-1.1;0.6;-0.5;-0.028;-3.9;0.3;-3.5;-0.3;
13-14;MEM;SF;52;956;18.5;.552;.282;.292;7.4;13.2;10.3;18.2;2.3;5.0;16.0;20.0;1.4;1.6;3.0;.150;1.6;2.9;4.5;1.6;
14-15;TOR;PF;70;1370;17.9;.617;.126;.252;5.1;16.5;10.8;11.4;2.0;4.1;15.0;17.4;2.5;1.6;4.1;.143;0.7;1.7;2.4;1.5;
15-16;TOR;PF;57;926;11.4;.532;.275;.283;3.5;11.9;7.8;11.4;1.6;2.9;16.7;15.9;0.3;1.0;1.3;.068;-1.5;0.5;-1.0;0.2;
16-17;MIA;PF;76;2085;17.0;.564;.333;.280;3.5;16.6;10.0;20.9;1.8;3.2;16.5;22.0;1.9;3.2;5.1;.117;1.1;1.7;2.8;2.5;
17-18;MIA;PF;73;1943;15.8;.575;.301;.264;3.5;17.2;10.3;22.5;1.8;2.2;17.1;19.1;2.2;2.8;5.0;.123;1.6;1.6;1.7;
18-19;MIA;PF;55;1164;10.9;.522;.393;.185;2.0;14.1;8.0;17.0;1.5;2.1;15.3;17.8;1.5;1.5;.062;-2.4;1.1;-1.2;0.2;
19-20;TOT;C,PF;32;619;14.8;.572;.423;.223;4.3;16.3;10.3;18.4;1.9;4.6;16.9;19.4;0.3;0.8;1.1;.089;-1.1;1.2;0.3;
19-20;MIA;PF;18;281;11.1;.547;.517;.161;3.3;16.9;10.4;11.1;1.0;4.6;13.9;17.0;0.4;0.4;.065;-2.6;0.8;-1.8;
19-20;MIN;C;14;338;17.9;.588;.359;.266;5.1;15.9;10.3;24.4;2.6;4.7;18.8;21.4;0.3;0.4;0.8;.109;0.1;1.5;1.6;0.3;
20-21;TOT;PF;51;1043;11.4;.510;.367;.232;3.4;15.1;9.3;12.9;2.0;3.8;13.2;17.1;-0.1;1.3;1.2;.055;-2.7;1.5;-1.2;0.2;
20-21;DAL;PF;29;504;12.2;.526;.414;.200;3.1;15.6;9.4;13.7;2.3;4.2;14.6;16.2;0.7;0.8;.073;-2.0;2.5;0.5;0.3;
20-21;NOP;PF;22;539;10.6;.498;.330;.258;3.6;14.7;9.2;12.2;1.6;3.3;12.1;18.0;-0.1;0.5;0.4;.039;-3.3;0.5;-2.7;-0.1;
21-22;BRK;PF;62;1191;10.3;.513;.277;.179;4.8;14.6;9.8;14.5;1.2;2.6;12.7;13.7;0.6;1.1;1.7;.068;-2.7;0.6;-2.2;-0.1;
Career;;747;15315;14.0;.539;.260;.251;4.4;15.2;9.9;16.0;1.9;3.5;16.2;18.6;7.6;19.8;27.5;.086;-1.0;1.4;0.5;9.5;
Playoffs Advanced
09-10;CHI;PF;4;20;-15.3;.500;5.6;2.9;6.3;50.0;9.0;-0.1;-0.1;-0.231;-20.6;-2.0;-22.6;-0.1;
13-14;MEM;SF;3;28;21.4;.490;.333;.667;15.3;8.4;12.0;1.9;31.8;0.1;0.1;.160;8.1;-0.6;7.5;0.1;
14-15;TOR;PF;2;12;-3.9;.231;1.000;20.1;9.5;14.4;32.4;-0.1;-0.1;-0.439;-6.6;-8.7;-15.3;
15-16;TOR;PF;10;98;9.5;.570;.360;.120;3.5;15.6;9.2;10.6;1.6;21.0;15.8;0.1;0.1;.041;-1.9;0.1;-1.9;
17-18;MIA;PF;5;161;16.3;.644;.310;.333;1.9;18.0;9.8;24.1;1.8;3.2;17.2;15.6;0.3;0.1;0.4;.113;1.8;2.0;3.8;0.2;
Career;;24;319;11.9;.550;.311;.367;3.7;15.4;9.4;16.3;1.6;1.6;15.4;17.3;0.2;0.2;0.3;.053;-0.5;0.5;0.2;
