James Harden;Shooting Guard and Point Guard;Left;1989-08-26;Los Angeles, Californi;196cm;99;Artesia in Lakewood;Arizona State University;2009;2009;12;1;
Per Game
09-10;OKC;SG;76;22.9;3.1;7.6;.403;1.2;3.3;.375;1.8;4.3;.424;.484;2.6;3.2;.808;0.6;2.6;3.2;1.8;1.1;0.3;1.4;2.6;9.9;
10-11;OKC;SG;82;5;26.7;3.6;8.3;.436;1.4;4.0;.349;2.3;4.4;.514;.518;3.5;4.2;.843;0.5;2.6;3.1;2.1;1.1;0.3;1.3;2.5;12.2;
11-12;OKC;SG;62;2;31.4;5.0;10.1;.491;1.8;4.7;.390;3.1;5.4;.579;.582;5.0;6.0;.846;0.5;3.6;4.1;3.7;1.0;0.2;2.2;2.4;16.8;
12-13;HOU;SG;78;78;38.3;7.5;17.1;.438;2.3;6.2;.368;5.2;10.9;.477;.504;8.6;10.2;.851;0.8;4.1;4.9;5.8;1.8;0.5;3.8;2.3;25.9;
13-14;HOU;SG;73;73;38.0;7.5;16.5;.456;2.4;6.6;.366;5.1;9.9;.515;.529;7.9;9.1;.866;0.8;3.9;4.7;6.1;1.6;0.4;3.6;2.4;25.4;
14-15;HOU;SG;81;81;36.8;8.0;18.1;.440;2.6;6.9;.375;5.4;11.3;.480;.511;8.8;10.2;.868;0.9;4.7;5.7;7.0;1.9;0.7;4.0;2.6;27.4;
15-16;HOU;SG;<strong>82</strong>;82;<strong>38.1</strong>;8.7;19.7;.439;2.9;8.0;.359;5.8;11.7;.494;.512;8.8;10.2;.860;0.8;5.3;6.1;7.5;1.7;0.6;4.6;2.8;29.0;
16-17;HOU;PG;81;81;36.4;8.3;18.9;.440;3.2;9.3;.347;5.1;9.6;.530;.525;9.2;10.9;.847;1.2;7.0;8.1;<strong>11.2</strong>;1.5;0.5;5.7;2.7;29.1;
17-18;HOU;SG;72;72;35.4;9.0;20.1;.449;3.7;10.0;.367;5.4;10.1;.531;.541;8.7;10.1;.858;0.6;4.8;5.4;8.8;1.8;0.7;4.4;2.3;<strong>30.4</strong>;
18-19;HOU;PG;78;78;36.8;10.8;24.5;.442;4.8;13.2;.368;6.0;11.3;.528;.541;9.7;11.0;.879;0.8;5.8;6.6;7.5;2.0;0.7;5.0;3.1;<strong>36.1</strong>;
19-20;HOU;SG;68;68;36.5;9.9;22.3;.444;4.4;12.4;.355;5.5;9.9;.556;.543;10.2;11.8;.865;1.0;5.5;6.6;7.5;1.8;0.9;4.5;3.3;<strong>34.3</strong>;
20-21;TOT;PG,SG;44;43;36.6;7.8;16.7;.466;2.8;7.6;.362;5.0;9.1;.553;.548;6.3;7.3;.861;0.8;7.1;7.9;10.8;1.2;0.8;4.0;2.3;24.6;
20-21;HOU;SG;8;8;36.3;7.5;16.9;.444;3.1;9.0;.347;4.4;7.9;.556;.537;6.6;7.5;.883;0.6;4.5;5.1;10.4;0.9;0.8;4.3;1.8;24.8;
20-21;BRK;PG;36;35;36.6;7.8;16.6;.471;2.7;7.3;.366;5.2;9.4;.552;.551;6.3;7.3;.856;0.8;7.7;8.5;10.9;1.3;0.8;4.0;2.4;24.6;
21-22;TOT;PG,SG;65;65;37.2;6.3;15.3;.410;2.3;6.9;.330;4.0;8.4;.476;.485;7.2;8.2;.877;0.8;6.8;7.7;10.3;1.3;0.6;4.4;2.4;22.0;
21-22;BRK;PG;44;44;37.0;6.6;16.0;.414;2.3;7.0;.332;4.3;9.1;.476;.486;6.9;8.0;.869;1.0;7.0;8.0;10.2;1.3;0.7;4.8;2.4;22.5;
21-22;PHI;SG;21;21;37.7;5.5;13.6;.402;2.2;6.7;.326;3.3;6.9;.476;.483;7.9;8.9;.892;0.6;6.5;7.1;10.5;1.2;0.2;3.4;2.3;21.0;
Career;;942;728;34.6;7.3;16.6;.442;2.8;7.6;.361;4.6;9.0;.511;.525;7.5;8.7;.860;0.8;4.8;5.6;6.8;1.5;0.5;3.8;2.6;24.9;
Playoffs Per Game
09-10;OKC;SG;6;20.0;2.0;5.2;.387;1.0;2.7;.375;1.0;2.5;.400;.484;2.7;3.2;.842;0.2;2.3;2.5;1.8;1.0;0.2;0.5;2.3;7.7;
10-11;OKC;SG;17;31.6;3.9;8.2;.475;1.4;4.5;.303;2.5;3.7;<strong>.683</strong>;.558;3.9;4.7;.825;0.6;4.8;5.4;3.6;1.2;0.8;1.6;2.8;13.0;
11-12;OKC;SG;20;31.5;4.7;10.7;.435;1.6;3.9;.410;3.1;6.8;.449;.509;5.4;6.3;.857;0.7;4.5;5.1;3.4;1.6;0.1;2.1;3.4;16.3;
12-13;HOU;SG;6;6;40.5;7.5;19.2;.391;2.5;7.3;.341;5.0;11.8;.423;.457;8.8;11.0;.803;0.8;5.8;6.7;4.5;2.0;1.0;4.5;3.0;26.3;
13-14;HOU;SG;6;6;<strong>43.8</strong>;8.3;22.2;.376;2.7;9.0;.296;5.7;13.2;.430;.436;7.5;8.3;.900;0.8;3.8;4.7;5.8;2.0;0.2;3.5;3.5;26.8;
14-15;HOU;SG;17;17;37.4;7.6;17.3;.439;2.4;6.3;.383;5.2;11.0;.471;.509;9.6;10.5;.916;0.7;5.0;5.7;7.5;1.6;0.4;4.5;2.9;27.2;
15-16;HOU;SG;5;5;38.6;8.2;20.0;.410;2.6;8.4;.310;5.6;11.6;.483;.475;7.6;9.0;.844;1.4;3.8;5.2;7.6;2.4;0.2;5.2;2.6;26.6;
16-17;HOU;PG;11;11;37.0;8.2;19.8;.413;2.9;10.5;.278;5.3;9.4;.563;.486;9.2;10.5;.878;0.6;4.8;5.5;8.5;1.9;0.5;5.4;3.9;28.5;
17-18;HOU;SG;17;17;36.5;9.3;22.6;.410;3.1;10.2;.299;6.2;12.4;.502;.478;6.9;7.8;.887;0.8;4.4;5.2;6.8;2.2;0.6;3.8;2.7;28.6;
18-19;HOU;PG;11;11;38.5;9.9;24.0;.413;4.4;12.5;.350;5.5;11.5;.480;.504;7.5;8.9;.837;0.8;6.1;6.9;6.6;2.2;0.9;4.6;3.7;31.6;
19-20;HOU;SG;12;12;37.3;9.1;19.0;.478;3.3;9.8;.333;5.8;9.3;.631;.564;8.2;9.7;.845;1.0;4.6;5.6;7.7;1.5;0.8;3.8;3.6;29.6;
20-21;BRK;PG;9;9;35.8;5.7;12.0;.472;2.7;7.3;.364;3.0;4.7;.643;.583;6.2;6.9;.903;0.8;5.6;6.3;8.6;1.7;0.7;2.9;2.6;20.2;
21-22;PHI;SG;<strong>6</strong>;6;40.5;5.3;13.2;.405;2.2;5.7;.382;3.2;7.5;.422;.487;6.2;7.2;.860;1.0;4.0;5.0;10.2;1.0;1.2;3.5;2.3;19.0;
Career;;143;100;35.6;6.9;16.1;.427;2.5;7.4;.334;4.4;8.7;.506;.503;6.9;7.9;.867;0.8;4.7;5.4;6.2;1.7;0.6;3.4;3.1;23.1;
Totals
09-10;OKC;SG;76;1738;233;578;.403;93;248;.375;140;330;.424;.484;194;240;.808;47;197;244;137;80;20;106;200;753;
10-11;OKC;SG;82;5;2189;298;684;.436;113;324;.349;185;360;.514;.518;289;343;.843;42;213;255;176;92;24;106;207;998;
11-12;OKC;SG;62;2;1946;309;629;.491;114;292;.390;195;337;.579;.582;312;369;.846;30;222;252;229;62;15;137;150;1044;
12-13;HOU;SG;78;78;2985;585;1337;.438;179;486;.368;406;851;.477;.504;674;<strong>792</strong>;.851;62;317;379;455;142;38;<strong>295</strong>;178;2023;
13-14;HOU;SG;73;73;2777;549;1205;.456;177;483;.366;372;722;.515;.529;576;665;.866;61;283;344;446;115;29;265;177;1851;
14-15;HOU;SG;81;81;<strong>2981</strong>;647;1470;.440;208;555;.375;439;915;.480;.511;<strong>715</strong>;<strong>824</strong>;.868;75;384;459;565;154;60;<strong>321</strong>;208;<strong>2217</strong>;
15-16;HOU;SG;<strong>82</strong>;82;<strong>3125</strong>;710;<strong>1617</strong>;.439;236;657;.359;474;960;.494;.512;<strong>720</strong>;<strong>837</strong>;.860;63;438;501;612;139;51;<strong>374</strong>;229;<strong>2376</strong>;
16-17;HOU;PG;81;81;2947;674;1533;.440;262;756;.347;412;777;.530;.525;<strong>746</strong>;<strong>881</strong>;.847;95;564;659;<strong>907</strong>;121;38;<strong>464</strong>;215;2356;
17-18;HOU;SG;72;72;2551;651;1449;.449;<strong>265</strong>;<strong>722</strong>;.367;386;727;.531;.541;<strong>624</strong>;<strong>727</strong>;.858;41;348;389;630;126;50;315;169;2191;
18-19;HOU;PG;78;78;2867;<strong>843</strong>;<strong>1909</strong>;.442;<strong>378</strong>;<strong>1028</strong>;.368;465;881;.528;.541;<strong>754</strong>;<strong>858</strong>;.879;66;452;518;586;158;58;<strong>387</strong>;244;<strong>2818</strong>;
19-20;HOU;SG;68;68;2483;672;<strong>1514</strong>;.444;<strong>299</strong>;<strong>843</strong>;.355;373;671;.556;.543;<strong>692</strong>;<strong>800</strong>;.865;70;376;446;512;<strong>125</strong>;60;<strong>308</strong>;227;<strong>2335</strong>;
20-21;TOT;PG,SG;44;43;1609;342;734;.466;121;334;.362;221;400;.553;.548;278;323;.861;35;313;348;475;53;33;177;99;1083;
20-21;HOU;SG;8;8;290;60;135;.444;25;72;.347;35;63;.556;.537;53;60;.883;5;36;41;83;7;6;34;14;198;
20-21;BRK;PG;36;35;1319;282;599;.471;96;262;.366;186;337;.552;.551;225;263;.856;30;277;307;392;46;27;143;85;885;
21-22;TOT;PG,SG;65;65;2419;407;992;.410;148;448;.330;259;544;.476;.485;470;536;.877;55;445;500;667;82;36;284;153;1432;
21-22;BRK;PG;44;44;1627;292;706;.414;102;307;.332;190;399;.476;.486;304;350;.869;42;309;351;447;56;31;212;105;990;
21-22;PHI;SG;21;21;792;115;286;.402;46;141;.326;69;145;.476;.483;166;186;.892;13;136;149;220;26;5;72;48;442;
Career;;942;728;32617;6920;15651;.442;2593;7176;.361;4327;8475;.511;.525;7044;8195;.860;742;4552;5294;6397;1449;512;3539;2456;23477;
Playoffs Totals
09-10;OKC;SG;6;120;12;31;.387;6;16;.375;6;15;.400;.484;16;19;.842;1;14;15;11;6;1;3;14;46;
10-11;OKC;SG;17;537;66;139;.475;23;76;.303;43;63;<strong>.683</strong>;.558;66;80;.825;10;81;91;61;21;13;28;48;221;
11-12;OKC;SG;20;630;93;214;.435;32;78;.410;61;136;.449;.509;108;126;.857;13;89;102;68;31;2;42;67;326;
12-13;HOU;SG;6;6;243;45;115;.391;15;44;.341;30;71;.423;.457;53;66;.803;5;35;40;27;12;6;27;18;158;
13-14;HOU;SG;6;6;263;50;133;.376;16;54;.296;34;79;.430;.436;45;50;.900;5;23;28;35;12;1;21;21;161;
14-15;HOU;SG;17;17;636;129;294;.439;41;107;.383;88;187;.471;.509;<strong>163</strong>;<strong>178</strong>;.916;12;85;97;128;28;7;77;49;462;
15-16;HOU;SG;5;5;193;41;100;.410;13;42;.310;28;58;.483;.475;38;45;.844;7;19;26;38;12;1;26;13;133;
16-17;HOU;PG;11;11;407;90;218;.413;32;115;.278;58;103;.563;.486;101;115;.878;7;53;60;93;21;5;59;43;313;
17-18;HOU;SG;17;17;621;158;385;.410;52;<strong>174</strong>;.299;106;211;.502;.478;118;133;.887;14;75;89;116;38;11;65;46;486;
18-19;HOU;PG;11;11;424;109;264;.413;48;137;.350;61;127;.480;.504;82;98;.837;9;67;76;73;24;10;51;41;348;
19-20;HOU;SG;12;12;448;109;228;.478;39;117;.333;70;111;.631;.564;98;116;.845;12;55;67;92;18;10;45;43;355;
20-21;BRK;PG;9;9;322;51;108;.472;24;66;.364;27;42;.643;.583;56;62;.903;7;50;57;77;15;6;26;23;182;
21-22;PHI;SG;<strong>6</strong>;6;243;32;79;.405;13;34;.382;19;45;.422;.487;37;43;.860;6;24;30;61;6;7;21;14;114;
Career;;143;100;5087;985;2308;.427;354;1060;.334;631;1248;.506;.503;981;1131;.867;108;670;778;880;244;80;491;440;3305;
Advanced
09-10;OKC;SG;76;1738;14.0;.551;.429;.415;3.2;12.7;8.1;12.3;2.4;0.9;13.4;20.4;2.0;2.5;4.5;.124;-0.7;1.2;0.5;1.1;
10-11;OKC;SG;82;2189;16.4;.598;.474;.501;2.3;11.0;6.8;12.8;2.2;0.8;11.3;19.5;5.0;2.1;7.1;.156;1.3;0.6;1.9;2.2;
11-12;OKC;SG;62;1946;21.1;.660;.464;.587;1.9;12.2;7.4;19.3;1.6;0.6;14.8;21.6;7.5;1.8;9.3;.230;4.1;0.2;4.3;3.1;
12-13;HOU;SG;78;2985;22.9;.600;.364;.592;2.4;11.9;7.2;25.7;2.4;1.0;14.9;29.0;9.8;3.0;12.8;.206;5.2;0.5;5.6;5.8;
13-14;HOU;SG;73;2777;23.5;.618;.401;.552;2.6;10.7;6.9;27.3;2.1;0.8;15.0;27.8;10.1;2.7;12.8;.221;5.4;0.2;5.6;5.3;
14-15;HOU;SG;81;<strong>2981</strong>;26.7;.605;.378;.561;2.8;14.2;8.5;34.6;2.6;1.6;14.9;31.3;12.2;4.2;<strong>16.4</strong>;.265;7.0;1.8;8.8;<strong>8.1</strong>;
15-16;HOU;SG;<strong>82</strong>;<strong>3125</strong>;25.3;.598;.406;.518;2.2;15.6;8.8;35.4;2.2;1.4;15.9;32.5;10.7;2.6;13.3;.204;6.4;0.2;6.6;6.8;
16-17;HOU;PG;81;2947;27.4;.613;.493;.575;3.5;20.9;12.2;50.7;2.0;1.0;19.5;34.2;<strong>11.5</strong>;3.6;<strong>15.0</strong>;.245;7.5;1.2;8.7;8.0;
17-18;HOU;SG;72;2551;<strong>29.8</strong>;.619;.498;.502;1.8;15.2;8.6;45.1;2.4;1.7;15.1;<strong>36.1</strong>;<strong>11.6</strong>;3.8;<strong>15.4</strong>;<strong>.289</strong>;<strong>8.5</strong>;1.4;<strong>9.9</strong>;7.7;
18-19;HOU;PG;78;2867;30.6;.616;.539;.449;2.5;17.8;10.0;39.5;2.7;1.7;14.5;<strong>40.5</strong>;<strong>11.4</strong>;3.8;<strong>15.2</strong>;.254;<strong>9.4</strong>;1.6;<strong>11.0</strong>;<strong>9.3</strong>;
19-20;HOU;SG;68;2483;29.1;.626;.557;.528;2.9;16.0;9.4;35.9;2.3;2.1;14.2;36.3;9.9;3.2;<strong>13.1</strong>;.254;8.1;1.6;9.6;<strong>7.3</strong>;
20-21;TOT;PG,SG;44;1609;24.5;.618;.455;.440;2.5;20.6;11.9;44.4;1.6;1.8;16.8;28.4;5.3;1.7;7.0;.208;6.2;1.0;7.2;3.7;
20-21;HOU;SG;8;290;22.4;.613;.533;.444;1.8;13.8;7.5;46.9;1.1;1.8;17.4;28.7;0.8;0.2;1.0;.159;5.5;-0.5;5.0;0.5;
20-21;BRK;PG;36;1319;25.0;.619;.437;.439;2.6;22.1;12.9;43.8;1.7;1.8;16.7;28.4;4.5;1.5;6.0;.219;6.4;1.3;7.7;3.2;
21-22;TOT;PG,SG;65;2419;20.9;.583;.452;.540;2.6;19.7;11.3;40.3;1.7;1.3;18.8;27.2;4.9;2.7;7.6;.152;3.7;0.3;4.1;3.7;
21-22;BRK;PG;44;1627;20.4;.576;.435;.496;2.9;20.2;11.7;39.7;1.7;1.7;19.8;28.3;2.6;1.8;4.4;.130;3.7;0.4;4.1;2.5;
21-22;PHI;SG;21;792;21.8;.601;.493;.650;1.9;18.9;10.5;41.4;1.6;0.6;16.4;24.9;2.3;0.9;3.3;.197;3.8;0.1;3.9;1.2;
Career;;942;32617;24.5;.610;.459;.524;2.6;15.3;9.0;33.4;2.2;1.3;15.5;30.3;112.1;37.5;149.6;.220;5.8;0.9;6.8;72.0;
Playoffs Advanced
09-10;OKC;SG;6;120;15.8;.584;.516;.613;0.9;13.0;6.9;17.0;2.6;0.7;7.1;16.1;0.3;0.2;0.5;.186;0.9;3.3;4.2;0.2;
10-11;OKC;SG;17;537;19.1;.634;.547;.576;2.2;16.9;9.8;19.2;2.1;1.9;13.8;17.1;1.6;0.6;2.2;.193;3.0;2.7;5.7;1.0;
11-12;OKC;SG;20;630;20.9;.605;.364;.589;2.5;16.6;9.7;17.2;2.6;0.3;13.5;23.2;2.0;0.4;2.4;.184;2.9;0.6;3.5;0.9;
12-13;HOU;SG;6;243;20.8;.548;.383;.574;2.3;16.3;9.2;21.0;2.5;2.2;15.8;31.0;0.4;0.1;0.5;.100;4.1;1.2;5.3;0.5;
13-14;HOU;SG;6;263;18.3;.519;.406;.376;2.0;9.9;5.9;21.5;2.4;0.3;11.9;28.5;0.5;0.1;0.6;.111;4.0;0.2;4.2;0.4;
14-15;HOU;SG;17;636;24.8;.620;.364;.605;2.0;13.7;7.9;35.0;2.1;0.9;17.1;29.5;2.3;0.3;2.7;.202;6.1;1.5;7.6;1.5;
15-16;HOU;SG;5;193;21.8;.555;.420;.450;3.6;11.0;7.1;41.4;3.0;0.4;17.8;31.1;0.3;0.1;0.4;.106;<strong>7.5</strong>;1.3;8.8;0.5;
16-17;HOU;PG;11;407;23.0;.583;.528;.528;1.9;13.7;8.0;41.7;2.6;0.9;18.0;35.3;0.8;0.6;1.3;.157;6.0;1.0;7.0;0.9;
17-18;HOU;SG;17;621;24.9;.548;.452;.345;2.5;13.6;7.9;35.9;3.1;1.6;12.8;36.7;1.2;0.9;2.1;.163;6.3;1.8;8.1;1.6;
18-19;HOU;PG;11;424;25.2;.567;.519;.371;2.5;17.3;10.1;33.7;2.8;2.2;14.2;<strong>37.1</strong>;1.0;0.7;1.7;.189;6.4;1.7;8.1;1.1;
19-20;HOU;SG;12;448;27.5;.636;.513;.509;2.8;14.4;8.3;38.8;2.0;2.2;13.9;32.4;1.7;0.7;2.4;.253;7.5;1.9;9.4;1.3;
20-21;BRK;PG;9;322;23.9;.673;.611;.574;2.5;16.4;9.8;35.1;2.3;1.7;16.1;22.7;1.2;0.6;1.8;.263;7.0;2.0;9.1;0.9;
21-22;PHI;SG;<strong>6</strong>;243;19.5;.582;.430;.544;3.3;11.1;7.6;38.6;1.3;2.6;17.7;23.0;0.7;0.3;0.9;.185;4.4;0.5;4.8;0.4;
Career;;143;5087;22.7;.589;.459;.490;2.4;14.6;8.6;30.6;2.4;1.4;14.9;28.7;14.0;5.5;19.4;.183;5.2;1.5;6.7;11.2;
