Jannero Pargo;Point Guard and Shooting Guard;Right;1979-10-22;;6-1;175;Robeson in Chicago,Illinois;;;;-1;;
Per Game
02-03;LAL;PG;34;10.1;1.1;2.7;.398;0.2;0.7;.292;0.9;2.0;.435;.435;0.1;0.1;1.000;0.3;0.8;1.1;1.1;0.4;0.1;0.7;1.3;2.5;
03-04;TOT;PG;31;1;15.5;2.6;6.4;.407;0.7;2.0;.355;1.9;4.4;.431;.462;0.7;0.9;.852;0.3;0.9;1.2;2.3;0.4;0.2;1.5;1.6;6.7;
03-04;LAL;PG;13;4.8;0.5;1.2;.375;0.2;0.3;.500;0.3;0.9;.333;.438;0.5;0.5;0.8;0.2;0.9;0.4;1.1;
03-04;TOR;PG;5;14.2;1.8;5.8;.310;1.0;1.8;4.8;.375;.310;0.8;0.8;2.4;0.8;0.2;1.0;1.4;3.6;
03-04;CHI;PG;13;1;26.5;5.1;11.8;.429;1.5;4.1;.377;3.5;7.8;.455;.494;1.8;2.1;.852;0.6;1.5;2.1;3.6;0.5;0.4;2.3;2.9;13.5;
04-05;CHI;PG;32;14.2;2.6;6.7;.385;0.7;2.1;.348;1.8;4.6;.401;.439;0.5;0.7;.739;0.4;1.1;1.5;2.4;0.5;1.4;1.7;6.4;
05-06;CHI;PG;57;11.3;1.9;5.1;.373;0.7;1.8;.379;1.2;3.3;.370;.440;0.3;0.4;.810;0.1;0.9;1.1;1.6;0.4;1.1;1.0;4.8;
06-07;NOK;PG;<strong>82</strong>;7;20.9;3.5;8.4;.409;1.0;2.5;.388;2.5;5.9;.418;.467;1.3;1.5;.852;0.2;2.0;2.2;2.5;0.6;1.5;1.5;9.2;
07-08;NOH;SG;80;5;18.7;3.2;8.2;.390;0.8;2.3;.349;2.4;5.8;.406;.439;0.9;1.0;.877;0.3;1.3;1.6;2.4;0.6;0.1;1.2;1.5;8.1;
09-10;CHI;PG;63;5;13.2;2.1;6.0;.346;0.6;2.2;.275;1.5;3.9;.387;.396;0.7;0.7;.933;0.1;1.1;1.2;1.4;0.5;0.8;1.1;5.5;
11-12;ATL;PG;50;13.4;2.1;5.1;.415;1.1;2.8;.384;1.0;2.3;.452;.520;0.4;0.4;.950;0.2;1.3;1.5;1.9;0.4;1.0;1.3;5.6;
12-13;TOT;PG;32;15.8;2.4;6.6;.368;1.2;3.6;.336;1.2;3.0;.406;.460;0.4;0.4;.923;0.3;0.8;1.1;2.1;0.6;0.1;1.3;1.3;6.5;
12-13;WAS;PG;7;14.6;1.1;4.6;.250;0.4;2.9;.150;0.7;1.7;.417;.297;0.3;0.3;1.000;0.9;0.9;2.0;0.1;1.1;1.1;3.0;
12-13;ATL;PG;7;16.1;1.9;5.4;.342;1.0;2.9;.350;0.9;2.6;.333;.434;0.3;0.3;1.000;0.1;0.9;1.0;2.7;0.4;0.7;1.1;5.0;
12-13;CHA;PG;18;16.2;3.2;7.9;.401;1.6;4.2;.382;1.6;3.7;.424;.504;0.4;0.5;.889;0.5;0.7;1.2;1.9;0.8;0.1;1.6;1.4;8.4;
13-14;CHA;PG;29;8.3;1.8;4.1;.441;0.8;2.1;.400;1.0;2.0;.483;.542;0.3;0.4;.727;0.7;0.7;1.8;0.5;0.9;0.6;4.7;
14-15;CHO;PG;9;8.1;1.7;3.9;.429;1.0;2.4;.409;0.7;1.4;.462;.557;0.2;0.2;1.000;0.3;0.3;0.9;0.3;0.9;4.6;
Career;;499;18;14.9;2.5;6.3;.391;0.8;2.3;.356;1.7;4.0;.411;.455;0.6;0.7;.864;0.2;1.2;1.4;2.0;0.5;0.1;1.1;1.3;6.4;
Playoffs Per Game
02-03;LAL;PG;11;11.7;0.7;2.2;.333;0.4;1.4;.267;0.4;0.8;.444;.417;0.3;0.4;.750;0.3;0.5;0.8;1.3;0.7;0.1;0.6;2.0;2.1;
04-05;CHI;PG;5;15.2;3.6;10.2;.353;2.6;6.4;.406;1.0;3.8;.263;.480;0.6;1.0;.600;0.2;0.8;1.0;2.0;0.6;1.6;2.8;10.4;
05-06;CHI;PG;5;3.8;1.0;2.4;.417;0.6;1.0;.600;0.4;1.4;.286;.542;0.8;1.0;.800;0.2;1.0;1.2;0.6;0.6;3.4;
07-08;NOH;SG;12;22.1;3.8;9.7;.388;1.3;3.6;.349;2.5;6.1;.411;.453;1.4;2.0;.708;0.4;2.1;2.5;2.3;1.0;0.2;0.9;1.8;10.2;
09-10;CHI;PG;2;4.0;0.5;2.5;.200;0.5;1.0;.500;1.5;.300;0.5;1.5;
11-12;ATL;PG;5;9.2;1.2;4.2;.286;0.8;2.4;.333;0.4;1.8;.222;.381;0.2;0.8;1.0;1.2;0.4;0.6;1.0;3.2;
13-14;CHA;PG;1;3.0;1.0;1.0;1.0;1.0;
Career;;41;13.3;2.0;5.6;.362;1.0;2.7;.367;1.0;2.9;.358;.450;0.7;0.9;.711;0.3;1.1;1.4;1.5;0.6;0.1;0.8;1.5;5.7;
Totals
02-03;LAL;PG;34;342;37;93;.398;7;24;.292;30;69;.435;.435;4;4;1.000;9;28;37;39;13;2;23;45;85;
03-04;TOT;PG;31;1;479;81;199;.407;22;62;.355;59;137;.431;.462;23;27;.852;8;29;37;70;13;6;47;50;207;
03-04;LAL;PG;13;63;6;16;.375;2;4;.500;4;12;.333;.438;6;6;11;2;12;5;14;
03-04;TOR;PG;5;71;9;29;.310;5;9;24;.375;.310;4;4;12;4;1;5;7;18;
03-04;CHI;PG;13;1;345;66;154;.429;20;53;.377;46;101;.455;.494;23;27;.852;8;19;27;47;7;5;30;38;175;
04-05;CHI;PG;32;453;82;213;.385;23;66;.348;59;147;.401;.439;17;23;.739;12;35;47;76;16;1;45;53;204;
05-06;CHI;PG;57;646;109;292;.373;39;103;.379;70;189;.370;.440;17;21;.810;8;53;61;94;24;2;61;57;274;
06-07;NOK;PG;<strong>82</strong>;7;1710;283;692;.409;81;209;.388;202;483;.418;.467;104;122;.852;20;160;180;203;53;4;122;121;751;
07-08;NOH;SG;80;5;1497;254;652;.390;65;186;.349;189;466;.406;.439;71;81;.877;26;104;130;192;50;5;93;123;644;
09-10;CHI;PG;63;5;829;132;381;.346;38;138;.275;94;243;.387;.396;42;45;.933;9;69;78;89;29;2;50;68;344;
11-12;ATL;PG;50;671;105;253;.415;53;138;.384;52;115;.452;.520;19;20;.950;9;64;73;96;20;2;49;64;282;
12-13;TOT;PG;32;507;78;212;.368;39;116;.336;39;96;.406;.460;12;13;.923;10;25;35;67;18;3;41;42;207;
12-13;WAS;PG;7;102;8;32;.250;3;20;.150;5;12;.417;.297;2;2;1.000;6;6;14;1;8;8;21;
12-13;ATL;PG;7;113;13;38;.342;7;20;.350;6;18;.333;.434;2;2;1.000;1;6;7;19;3;5;8;35;
12-13;CHA;PG;18;292;57;142;.401;29;76;.382;28;66;.424;.504;8;9;.889;9;13;22;34;15;2;28;26;151;
13-14;CHA;PG;29;242;52;118;.441;24;60;.400;28;58;.483;.542;8;11;.727;1;19;20;52;14;1;26;17;136;
14-15;CHO;PG;9;73;15;35;.429;9;22;.409;6;13;.462;.557;2;2;1.000;3;3;8;3;8;41;
Career;;499;18;7449;1228;3140;.391;400;1124;.356;828;2016;.411;.455;319;369;.864;112;589;701;986;250;28;560;648;3175;
Playoffs Totals
02-03;LAL;PG;11;129;8;24;.333;4;15;.267;4;9;.444;.417;3;4;.750;3;6;9;14;8;1;7;22;23;
04-05;CHI;PG;5;76;18;51;.353;13;32;.406;5;19;.263;.480;3;5;.600;1;4;5;10;3;8;14;52;
05-06;CHI;PG;5;19;5;12;.417;3;5;.600;2;7;.286;.542;4;5;.800;1;5;6;3;3;17;
07-08;NOH;SG;12;265;45;116;.388;15;43;.349;30;73;.411;.453;17;24;.708;5;25;30;27;12;2;11;22;122;
09-10;CHI;PG;2;8;1;5;.200;1;2;.500;3;.300;1;3;
11-12;ATL;PG;5;46;6;21;.286;4;12;.333;2;9;.222;.381;1;4;5;6;2;3;5;16;
13-14;CHA;PG;1;3;1;1;1;1;
Career;;41;546;83;229;.362;40;109;.367;43;120;.358;.450;27;38;.711;11;45;56;62;25;3;33;63;233;
Advanced
02-03;LAL;PG;34;342;7.3;.449;.258;.043;2.9;9.3;6.1;17.1;2.0;0.4;19.5;15.3;-0.2;0.2;0.1;.007;-5.0;-0.4;-5.4;-0.3;
03-04;TOT;PG;31;479;11.5;.491;.312;.136;1.8;6.9;4.3;27.2;1.4;0.9;18.2;24.3;-0.2;0.3;0.1;.006;-1.7;-1.7;-3.4;-0.2;
03-04;LAL;PG;13;63;1.6;.438;.250;10.9;5.4;26.2;1.7;42.9;20.0;-0.3;0.1;-0.2;-0.162;-7.3;-3.0;-10.3;-0.1;
03-04;TOR;PG;5;71;5.6;.310;.172;6.5;3.2;31.5;3.1;1.0;14.7;23.2;-0.3;0.1;-0.2;-0.112;-6.7;0.2;-6.4;-0.1;
03-04;CHI;PG;13;345;14.5;.527;.344;.175;2.5;6.2;4.3;26.5;1.1;1.1;15.3;25.4;0.3;0.1;0.4;.061;0.3;-1.9;-1.6;
04-05;CHI;PG;32;453;11.1;.457;.310;.108;3.0;8.6;5.8;31.2;1.8;0.2;16.8;26.5;-0.4;0.7;0.2;.023;-1.8;-0.3;-2.0;
05-06;CHI;PG;57;646;9.9;.455;.353;.072;1.4;9.4;5.4;24.8;1.9;0.2;16.8;25.3;-0.9;0.8;-0.1;-0.008;-2.2;-0.2;-2.4;-0.1;
06-07;NOK;PG;<strong>82</strong>;1710;13.4;.504;.302;.176;1.3;11.1;6.1;20.4;1.6;0.2;14.1;23.1;0.6;1.4;2.0;.056;-0.4;-0.4;-0.8;0.5;
07-08;NOH;SG;80;1497;11.9;.468;.285;.124;2.0;8.3;5.1;20.4;1.8;0.3;11.9;24.2;-0.3;1.4;1.1;.037;-1.8;-0.9;-2.7;-0.3;
09-10;CHI;PG;63;829;8.9;.429;.362;.118;1.2;9.1;5.2;17.5;1.8;0.2;11.1;24.4;-1.1;0.9;-0.3;-0.015;-3.7;-1.1;-4.8;-0.6;
11-12;ATL;PG;50;671;13.6;.539;.545;.079;1.6;11.1;6.4;24.1;1.6;0.2;15.8;21.8;0.6;0.8;1.3;.095;-0.6;-0.6;0.2;
12-13;TOT;PG;32;507;10.3;.475;.547;.061;2.2;5.7;3.9;22.8;1.9;0.5;15.8;23.3;-0.4;0.2;-0.2;-0.017;-1.6;-2.5;-4.1;-0.3;
12-13;WAS;PG;7;102;0.2;.319;.625;.063;6.6;3.3;21.0;0.8;19.6;18.3;-0.3;0.1;-0.3;-0.129;-7.4;-3.0;-10.5;-0.2;
12-13;ATL;PG;7;113;9.7;.450;.526;.053;1.0;6.0;3.5;25.4;1.4;11.4;18.0;0.1;0.1;.041;-2.0;-1.9;-3.9;
12-13;CHA;PG;18;292;14.1;.517;.535;.063;3.4;5.2;4.3;22.5;2.7;0.6;16.1;27.1;-0.1;-0.001;0.6;-2.5;-1.9;
13-14;CHA;PG;29;242;18.9;.554;.508;.093;0.5;8.9;4.7;40.3;3.0;0.3;17.5;28.4;0.2;0.4;0.5;.105;2.9;-0.3;2.7;0.3;
14-15;CHO;PG;9;73;14.9;.571;.629;.057;4.6;2.3;20.8;7.7;24.3;0.1;0.2;.113;3.1;-1.3;1.8;0.1;
Career;;499;7449;11.8;.481;.358;.118;1.7;9.1;5.4;22.5;1.8;0.3;14.5;23.7;-2.0;7.0;4.9;.032;-1.5;-0.8;-2.3;-0.6;
Playoffs Advanced
02-03;LAL;PG;11;129;6.4;.446;.625;.167;2.5;5.5;4.0;15.3;3.2;0.6;21.4;11.3;0.1;0.1;.027;-3.9;1.4;-2.5;
04-05;CHI;PG;5;76;11.9;.489;.627;.098;1.3;5.9;3.5;26.2;2.0;13.1;34.0;-0.1;0.1;-0.003;1.6;-1.0;0.7;0.1;
05-06;CHI;PG;5;19;27.8;.599;.417;.417;6.2;30.3;18.4;35.5;17.4;41.2;0.1;.152;9.9;-0.5;9.4;0.1;
07-08;NOH;SG;12;265;15.6;.482;.371;.207;2.1;10.4;6.3;16.6;2.5;0.7;8.0;25.2;0.1;0.3;0.4;.064;1.2;1.2;2.3;0.3;
09-10;CHI;PG;2;8;1.6;.300;.400;18.9;28.2;-0.207;-4.3;-4.2;
11-12;ATL;PG;5;46;7.2;.381;.571;2.4;10.8;6.3;25.0;2.4;12.5;25.0;-0.1;0.1;-0.023;-0.9;0.4;-0.5;
13-14;CHA;PG;1;3;-2.3;43.5;20.9;47.4;100.0;15.9;-0.330;-11.7;-4.8;-16.4;
Career;;41;546;12.3;.474;.476;.166;2.2;9.4;5.8;19.2;2.4;0.5;11.8;23.7;-0.1;0.5;0.4;.036;0.1;0.7;0.8;0.4;
