Jared Sullinger;Power Forward;Right;1992-03-04;;6-9;260;Northland in Columbus,Ohio;;;;-1;;
Per Game
12-13;BOS;PF;45;5;19.8;2.5;5.0;.493;0.1;.200;2.4;4.9;.500;.496;1.0;1.4;.746;2.0;3.8;5.9;0.8;0.5;0.5;0.6;3.4;6.0;
13-14;BOS;PF;74;44;27.6;5.2;12.1;.427;0.8;2.8;.269;4.4;9.3;.475;.458;2.1;2.7;.778;3.3;4.9;8.1;1.6;0.5;0.7;1.6;3.4;13.3;
14-15;BOS;PF;58;49;27.0;5.4;12.2;.439;0.9;3.2;.283;4.5;9.0;.494;.476;1.7;2.2;.744;2.5;5.1;7.6;2.3;0.8;0.7;1.3;2.6;13.3;
15-16;BOS;PF;81;73;23.6;4.3;10.0;.435;0.4;1.3;.282;4.0;8.7;.458;.453;1.3;2.0;.640;2.4;5.9;8.3;2.3;0.9;0.6;1.3;2.6;10.3;
16-17;TOR;PF;11;1;10.7;1.4;4.3;.319;0.3;1.6;.167;1.1;2.6;.414;.351;0.4;0.7;.500;0.9;1.5;2.5;0.3;0.4;0.1;0.4;1.5;3.4;
Career;;269;172;24.3;4.4;10.0;.436;0.5;1.9;.272;3.8;8.1;.476;.463;1.5;2.1;.723;2.5;4.9;7.5;1.8;0.7;0.6;1.2;2.9;10.8;
Playoffs Per Game
14-15;BOS;PF;4;20.0;5.3;9.5;.553;0.8;2.3;.333;4.5;7.3;.621;.592;1.0;1.8;.571;2.3;4.8;7.0;0.3;0.8;1.3;3.0;12.3;
15-16;BOS;PF;6;2;13.5;2.2;7.0;.310;0.3;0.7;.500;1.8;6.3;.289;.333;0.5;0.7;.750;1.7;2.8;4.5;1.2;0.2;1.0;2.7;5.2;
Career;;10;2;16.1;3.4;8.0;.425;0.5;1.3;.385;2.9;6.7;.433;.456;0.7;1.1;.636;1.9;3.6;5.5;0.8;0.1;0.3;1.1;2.8;8.0;
Totals
12-13;BOS;PF;45;5;892;111;225;.493;1;5;.200;110;220;.500;.496;47;63;.746;92;172;264;35;22;22;29;154;270;
13-14;BOS;PF;74;44;2041;384;899;.427;56;208;.269;328;691;.475;.458;158;203;.778;241;360;601;118;35;49;119;251;982;
14-15;BOS;PF;58;49;1566;311;708;.439;52;184;.283;259;524;.494;.476;96;129;.744;147;294;441;134;44;42;78;153;770;
15-16;BOS;PF;81;73;1915;351;806;.435;29;103;.282;322;703;.458;.453;103;161;.640;194;479;673;187;75;47;102;209;834;
16-17;TOR;PF;11;1;118;15;47;.319;3;18;.167;12;29;.414;.351;4;8;.500;10;17;27;3;4;1;4;17;37;
Career;;269;172;6532;1172;2685;.436;141;518;.272;1031;2167;.476;.463;408;564;.723;684;1322;2006;477;180;161;332;784;2893;
Playoffs Totals
14-15;BOS;PF;4;80;21;38;.553;3;9;.333;18;29;.621;.592;4;7;.571;9;19;28;1;3;5;12;49;
15-16;BOS;PF;6;2;81;13;42;.310;2;4;.500;11;38;.289;.333;3;4;.750;10;17;27;7;1;6;16;31;
Career;;10;2;161;34;80;.425;5;13;.385;29;67;.433;.456;7;11;.636;19;36;55;8;1;3;11;28;80;
Advanced
12-13;BOS;PF;45;892;13.5;.534;.022;.280;12.6;22.1;17.5;6.2;1.3;1.9;10.3;14.9;1.3;1.4;2.7;.146;-2.3;0.4;-1.9;
13-14;BOS;PF;74;2041;16.4;.497;.231;.226;13.0;20.6;16.7;10.1;0.9;1.8;10.7;24.1;1.9;2.0;3.9;.091;0.1;-1.5;-1.4;0.3;
14-15;BOS;PF;58;1566;17.9;.503;.260;.182;10.1;20.9;15.4;14.2;1.4;2.1;9.3;23.6;1.9;2.1;4.0;.123;1.3;-0.2;1.1;1.2;
15-16;BOS;PF;81;1915;16.7;.476;.128;.200;10.6;27.0;18.7;15.5;1.9;1.9;10.4;21.8;1.3;3.6;4.8;.121;0.7;0.6;1.3;
16-17;TOR;PF;11;118;6.0;.366;.383;.170;9.6;16.3;12.9;3.7;1.7;0.7;7.3;20.7;-0.2;0.1;-0.1;-0.031;-5.1;-2.2;-7.2;-0.2;
Career;;269;6532;16.2;.493;.193;.210;11.5;22.7;17.0;12.0;1.4;1.9;10.2;22.0;6.2;9.2;15.3;.113;-0.1;-0.3;-0.4;2.7;
Playoffs Advanced
14-15;BOS;PF;4;80;21.7;.596;.237;.184;12.0;26.7;19.1;2.7;3.6;10.9;25.7;0.2;0.2;.118;4.1;0.5;4.6;0.1;
15-16;BOS;PF;6;81;5.6;.354;.095;.095;12.1;23.4;17.4;15.9;0.6;12.1;26.5;-0.3;0.1;-0.1;-0.077;-5.3;-2.0;-7.4;-0.1;
Career;;10;161;13.6;.471;.163;.138;12.1;25.0;18.3;9.4;0.3;1.8;11.5;26.1;-0.1;0.2;0.1;.020;-0.6;-0.8;-1.4;
