Jared Cunningham;Shooting Guard;Right;1991-05-22;;6-4;195;San Leandro in San Leandro,California;;;;-1;;
Per Game
12-13;DAL;SG;8;3.3;0.8;1.8;.429;0.3;0.4;.667;0.5;1.4;.364;.500;0.3;0.3;1.000;0.1;0.3;0.4;0.1;0.1;0.3;0.4;2.0;
13-14;TOT;SG;13;6.2;0.5;1.6;.286;0.1;0.5;.143;0.4;1.1;.357;.310;1.0;1.2;.813;0.1;0.4;0.5;0.6;0.2;0.2;1.2;2.0;
13-14;ATL;SG;5;4.4;0.2;0.4;.500;0.2;0.2;0.2;1.000;.500;0.4;0.2;0.2;0.6;0.4;0.6;0.4;
13-14;SAC;SG;8;7.3;0.6;2.4;.263;0.1;0.8;.167;0.5;1.6;.308;.289;1.6;1.8;.929;0.1;0.5;0.6;0.6;0.4;1.6;3.0;
14-15;LAC;SG;19;4.7;0.6;1.7;.364;0.2;0.7;.308;0.4;1.1;.400;.424;0.4;0.7;.538;0.1;0.4;0.5;0.5;0.2;0.4;0.6;1.8;
15-16;TOT;SG;44;3;9.3;0.8;2.4;.343;0.3;0.9;.308;0.5;1.5;.364;.400;0.8;1.3;.655;0.1;0.8;0.9;0.5;0.3;0.5;0.9;2.7;
15-16;CLE;SG;40;3;8.9;0.8;2.3;.352;0.3;0.8;.313;0.6;1.5;.373;.407;0.8;1.2;.625;0.1;0.7;0.7;0.5;0.3;0.1;0.5;0.9;2.6;
15-16;MIL;SG;4;13.8;1.0;3.5;.286;0.5;1.8;.286;0.5;1.8;.286;.357;1.5;1.8;.857;2.3;2.3;0.3;0.5;0.8;1.0;4.0;
Career;;84;3;7.2;0.7;2.1;.347;0.2;0.7;.306;0.5;1.3;.369;.402;0.7;1.0;.674;0.1;0.6;0.7;0.5;0.3;0.4;0.9;2.3;
Totals
12-13;DAL;SG;8;26;6;14;.429;2;3;.667;4;11;.364;.500;2;2;1.000;1;2;3;1;1;2;3;16;
13-14;TOT;SG;13;80;6;21;.286;1;7;.143;5;14;.357;.310;13;16;.813;1;5;6;8;3;2;16;26;
13-14;ATL;SG;5;22;1;2;.500;1;1;1;1.000;.500;2;1;1;3;2;3;2;
13-14;SAC;SG;8;58;5;19;.263;1;6;.167;4;13;.308;.289;13;14;.929;1;4;5;5;3;13;24;
14-15;LAC;SG;19;89;12;33;.364;4;13;.308;8;20;.400;.424;7;13;.538;1;8;9;10;3;7;12;35;
15-16;TOT;SG;44;3;410;36;105;.343;12;39;.308;24;66;.364;.400;36;55;.655;3;35;38;20;14;2;21;41;120;
15-16;CLE;SG;40;3;355;32;91;.352;10;32;.313;22;59;.373;.407;30;48;.625;3;26;29;19;12;2;18;37;104;
15-16;MIL;SG;4;55;4;14;.286;2;7;.286;2;7;.286;.357;6;7;.857;9;9;1;2;3;4;16;
Career;;84;3;605;60;173;.347;19;62;.306;41;111;.369;.402;58;86;.674;6;50;56;39;21;2;32;72;197;
Advanced
12-13;DAL;SG;8;26;14.8;.538;.214;.143;4.4;8.4;6.4;6.8;2.0;11.8;29.6;.033;0.4;-1.9;-1.5;
13-14;TOT;SG;13;80;8.5;.464;.333;.762;1.4;7.2;4.3;14.4;1.9;6.7;16.6;0.1;0.1;.075;-5.1;1.1;-4.1;
13-14;ATL;SG;5;22;-1.8;.347;.500;1.000;5.2;2.6;18.8;41.0;10.1;-0.1;-0.1;-0.110;-9.0;-2.4;-11.4;-0.1;
13-14;SAC;SG;8;58;12.4;.477;.316;.737;1.9;7.9;4.9;12.7;2.6;19.1;0.1;0.2;.145;-3.7;2.4;-1.3;
14-15;LAC;SG;19;89;7.3;.452;.394;.394;1.3;9.9;5.7;16.4;1.7;15.3;23.2;-0.1;0.1;-0.023;-6.1;-2.0;-8.1;-0.1;
15-16;TOT;SG;44;410;5.9;.464;.371;.524;0.8;9.6;5.3;6.9;1.8;0.4;14.0;16.5;-0.3;0.4;0.1;.014;-5.5;-0.2;-5.7;-0.4;
15-16;CLE;SG;40;355;5.9;.464;.352;.527;1.0;8.2;4.6;7.6;1.7;0.5;13.8;16.6;-0.2;0.4;0.1;.018;-5.5;-5.6;-0.3;
15-16;MIL;SG;4;55;5.8;.468;.500;.500;18.5;9.3;2.5;1.9;14.9;16.4;-0.1;-0.012;-5.3;-1.5;-6.8;-0.1;
Career;;84;605;6.8;.467;.358;.497;1.1;9.3;5.2;9.3;1.8;0.3;13.2;18.1;-0.3;0.5;0.2;.017;-5.3;-0.4;-5.7;-0.6;
