Jared Dudley;Power Forward, Small Forward, and Shooting Guard;Right;1985-07-10;;6-6;237;Horizon in San Diego,California;;;;-1;;
Per Game
07-08;CHA;PF;73;14;19.0;2.2;4.8;.468;0.1;0.6;.220;2.1;4.2;.502;.481;1.2;1.6;.737;1.7;2.3;3.9;1.1;0.8;0.1;0.7;1.8;5.8;
08-09;TOT;SF;68;7;17.0;2.0;4.2;.477;0.4;1.1;.392;1.6;3.1;.507;.528;1.0;1.5;.676;1.2;1.8;3.0;0.8;0.8;0.1;0.6;1.5;5.5;
08-09;CHA;SF;20;7;21.4;2.3;4.8;.469;0.2;0.4;.375;2.1;4.4;.477;.484;0.8;1.2;.625;1.3;1.7;3.0;1.0;0.9;0.1;0.5;2.0;5.4;
08-09;PHO;SF;48;15.2;1.9;3.9;.481;0.5;1.4;.394;1.4;2.6;.528;.550;1.2;1.7;.691;1.2;1.9;3.0;0.8;0.8;0.1;0.7;1.4;5.5;
09-10;PHO;SF;<strong>82</strong>;1;24.3;2.7;6.0;.459;1.5;3.2;.458;1.3;2.8;.461;.582;1.3;1.7;.754;1.2;2.2;3.4;1.4;1.0;0.2;0.8;2.0;8.2;
10-11;PHO;SF;82;15;26.1;3.7;7.7;.477;1.3;3.1;.415;2.4;4.6;.519;.560;2.0;2.7;.743;1.4;2.5;3.9;1.3;1.1;0.2;0.9;1.7;10.6;
11-12;PHO;SG;65;60;31.1;4.8;9.9;.485;1.2;3.2;.383;3.6;6.7;.535;.547;1.8;2.5;.726;1.5;3.2;4.6;1.7;0.8;0.3;1.1;1.6;12.7;
12-13;PHO;SF;79;50;27.5;4.0;8.5;.468;1.3;3.4;.391;2.6;5.0;.520;.547;1.6;2.1;.796;1.0;2.1;3.1;2.6;0.9;0.1;1.3;1.6;10.9;
13-14;LAC;SF;74;43;23.4;2.6;6.0;.438;1.1;3.0;.360;1.6;3.0;.518;.529;0.5;0.8;.655;0.5;1.7;2.2;1.4;0.6;0.1;0.8;2.0;6.9;
14-15;MIL;SG;72;22;23.8;2.8;5.9;.468;1.0;2.7;.385;1.7;3.2;.537;.556;0.7;0.9;.716;0.6;2.4;3.1;1.8;1.0;0.2;0.9;1.6;7.2;
15-16;WAS;PF;81;41;25.9;2.9;6.0;.478;1.2;2.9;.420;1.6;3.1;.534;.581;0.9;1.2;.735;0.7;2.9;3.5;2.1;0.9;0.2;1.0;2.3;7.9;
16-17;PHO;PF;64;7;21.3;2.5;5.4;.454;1.2;3.2;.379;1.3;2.2;.559;.565;0.7;1.0;.662;0.5;3.0;3.5;1.9;0.7;0.3;1.1;2.4;6.8;
17-18;PHO;PF;48;14.3;1.0;2.5;.393;0.6;1.7;.363;0.4;0.9;.452;.512;0.6;0.7;.771;0.2;1.8;2.0;1.6;0.5;0.2;0.6;1.8;3.2;
18-19;BRK;PF;59;25;20.7;1.7;4.1;.423;0.9;2.6;.351;0.8;1.5;.545;.533;0.5;0.8;.696;0.6;2.1;2.6;1.4;0.6;0.3;0.7;2.2;4.9;
19-20;LAL;PF;45;1;8.1;0.5;1.3;.400;0.4;0.9;.429;0.1;0.4;.333;.550;1.000;0.1;1.0;1.2;0.6;0.3;0.1;0.2;0.9;1.5;
20-21;LAL;PF;12;6.8;0.2;0.8;.222;0.2;0.5;.333;0.3;.333;0.3;1.4;1.8;0.4;0.1;0.1;0.2;0.6;0.5;
Career;;904;286;22.3;2.7;5.7;.463;1.0;2.5;.393;1.7;3.3;.517;.548;1.0;1.4;.732;0.9;2.3;3.2;1.5;0.8;0.2;0.8;1.8;7.3;
Playoffs Per Game
09-10;PHO;SF;16;23.6;2.5;5.4;.465;1.6;3.7;.424;0.9;1.7;.556;.610;1.1;1.8;.607;0.9;2.8;3.8;1.8;1.1;0.4;0.6;2.3;7.6;
13-14;LAC;SF;7;6.4;0.4;1.6;.273;0.4;0.9;.500;0.7;.409;0.9;0.9;0.3;0.1;0.7;1.3;
14-15;MIL;SG;6;18.3;2.3;5.0;.467;1.3;2.3;.571;1.0;2.7;.375;.600;0.7;1.2;.571;0.5;1.3;1.8;1.3;2.0;0.3;0.8;2.0;6.7;
18-19;BRK;PF;4;2;20.5;0.8;2.8;.273;0.5;2.3;.222;0.3;0.5;.500;.364;1.0;1.0;1.000;0.5;0.5;2.8;0.8;0.3;1.0;2.5;3.0;
19-20;LAL;PF;9;3.4;0.4;0.3;0.1;0.2;0.2;0.4;0.1;0.2;0.2;
20-21;LAL;PF;2;2.5;
Career;;44;2;14.8;1.4;3.2;.423;0.9;2.1;.418;0.5;1.2;.431;.556;0.6;0.9;.641;0.4;1.4;1.8;1.1;0.9;0.2;0.5;1.5;4.2;
Totals
07-08;CHA;PF;73;14;1384;163;348;.468;9;41;.220;154;307;.502;.481;87;118;.737;121;165;286;81;55;10;50;128;422;
08-09;TOT;SF;68;7;1155;136;285;.477;29;74;.392;107;211;.507;.528;71;105;.676;82;123;205;56;57;8;43;105;372;
08-09;CHA;SF;20;7;427;45;96;.469;3;8;.375;42;88;.477;.484;15;24;.625;25;34;59;19;18;2;10;40;108;
08-09;PHO;SF;48;728;91;189;.481;26;66;.394;65;123;.528;.550;56;81;.691;57;89;146;37;39;6;33;65;264;
09-10;PHO;SF;<strong>82</strong>;1;1991;225;490;.459;120;262;.458;105;228;.461;.582;104;138;.754;99;182;281;115;81;16;68;162;674;
10-11;PHO;SF;82;15;2140;300;629;.477;105;253;.415;195;376;.519;.560;162;218;.743;111;207;318;108;87;20;77;139;867;
11-12;PHO;SG;65;60;2020;312;643;.485;80;209;.383;232;434;.535;.547;119;164;.726;95;206;301;112;49;19;72;107;823;
12-13;PHO;SF;79;50;2170;313;669;.468;106;271;.391;207;398;.520;.547;129;162;.796;79;166;245;203;75;8;101;128;861;
13-14;LAC;SF;74;43;1729;196;447;.438;81;225;.360;115;222;.518;.529;38;58;.655;36;124;160;104;41;10;56;146;511;
14-15;MIL;SG;72;22;1717;198;423;.468;74;192;.385;124;231;.537;.556;48;67;.716;45;175;220;130;72;11;62;113;518;
15-16;WAS;PF;81;41;2098;233;487;.478;100;238;.420;133;249;.534;.581;72;98;.735;54;232;286;170;75;18;80;190;638;
16-17;PHO;PF;64;7;1362;157;346;.454;77;203;.379;80;143;.559;.565;43;65;.662;31;194;225;121;42;16;73;154;434;
17-18;PHO;PF;48;686;48;122;.393;29;80;.363;19;42;.452;.512;27;35;.771;8;86;94;78;24;11;28;85;152;
18-19;BRK;PF;59;25;1220;101;239;.423;53;151;.351;48;88;.545;.533;32;46;.696;34;121;155;83;36;16;43;131;287;
19-20;LAL;PF;45;1;364;24;60;.400;18;42;.429;6;18;.333;.550;2;2;1.000;6;46;52;28;15;3;8;41;68;
20-21;LAL;PF;12;81;2;9;.222;2;6;.333;3;.333;4;17;21;5;1;1;2;7;6;
Career;;904;286;20117;2408;5197;.463;883;2247;.393;1525;2950;.517;.548;934;1276;.732;805;2044;2849;1394;710;167;763;1636;6633;
Playoffs Totals
09-10;PHO;SF;16;377;40;86;.465;25;59;.424;15;27;.556;.610;17;28;.607;15;45;60;28;18;6;9;37;122;
13-14;LAC;SF;7;45;3;11;.273;3;6;.500;5;.409;6;6;2;1;5;9;
14-15;MIL;SG;6;110;14;30;.467;8;14;.571;6;16;.375;.600;4;7;.571;3;8;11;8;12;2;5;12;40;
18-19;BRK;PF;4;2;82;3;11;.273;2;9;.222;1;2;.500;.364;4;4;1.000;2;2;11;3;1;4;10;12;
19-20;LAL;PF;9;31;4;3;1;2;2;4;1;2;2;
20-21;LAL;PF;2;5;
Career;;44;2;650;60;142;.423;38;91;.418;22;51;.431;.556;25;39;.641;18;63;81;49;38;10;20;66;183;
Advanced
07-08;CHA;PF;73;1384;13.6;.528;.118;.339;10.0;13.8;11.9;9.3;2.1;0.5;11.1;14.9;1.8;1.1;2.9;.100;-0.7;-0.7;0.4;
08-09;TOT;SF;68;1155;13.5;.562;.260;.368;8.7;12.3;10.5;7.1;2.5;0.5;11.5;14.6;1.6;1.1;2.7;.114;-0.1;0.3;0.2;0.7;
08-09;CHA;SF;20;427;10.6;.507;.083;.250;7.3;9.8;8.6;7.3;2.3;0.4;8.6;12.9;0.3;0.5;0.8;.094;-1.8;1.4;-0.4;0.2;
08-09;PHO;SF;48;728;15.2;.588;.349;.429;9.5;13.7;11.7;7.0;2.7;0.6;12.8;15.6;1.3;0.6;1.9;.126;0.9;-0.3;0.6;0.5;
09-10;PHO;SF;<strong>82</strong>;1991;13.6;.612;.535;.282;5.9;9.8;8.0;7.9;2.0;0.6;11.0;13.7;4.0;1.3;5.3;.129;1.4;0.7;2.1;2.1;
10-11;PHO;SF;82;2140;15.6;.598;.402;.347;6.0;11.2;8.6;7.6;2.1;0.7;9.6;16.9;4.2;1.4;5.6;.126;1.5;0.2;1.8;2.0;
11-12;PHO;SG;65;2020;15.4;.575;.325;.255;5.4;11.4;8.4;8.8;1.3;0.7;9.1;17.7;4.0;1.1;5.1;.121;1.6;-0.4;1.2;1.7;
12-13;PHO;SF;79;2170;14.9;.582;.405;.242;4.1;8.9;6.4;14.9;1.8;0.3;12.0;17.2;3.9;0.9;4.8;.106;1.0;-0.4;0.6;1.5;
13-14;LAC;SF;74;1729;8.9;.541;.503;.130;2.4;7.7;5.1;8.6;1.2;0.4;10.6;13.5;1.2;1.2;2.4;.068;-1.4;-0.1;-1.5;0.2;
14-15;MIL;SG;72;1717;12.3;.572;.454;.158;3.0;11.6;7.3;11.5;2.1;0.5;12.1;13.5;2.0;2.1;4.1;.116;-0.5;1.0;0.6;1.1;
15-16;WAS;PF;81;2098;11.7;.602;.489;.201;2.8;12.6;7.6;11.4;1.7;0.7;13.1;12.7;2.6;2.0;4.6;.105;-0.8;0.7;-0.1;1.0;
16-17;PHO;PF;64;1362;10.6;.579;.587;.188;2.4;15.9;9.0;12.5;1.5;0.9;16.3;13.8;1.1;0.7;1.8;.064;-1.1;0.1;-1.0;0.3;
17-18;PHO;PF;48;686;8.8;.553;.656;.287;1.2;13.6;7.3;15.6;1.7;1.3;16.9;10.2;0.5;0.4;0.8;.058;-3.0;0.5;-2.5;-0.1;
18-19;BRK;PF;59;1220;7.8;.554;.632;.192;2.9;10.4;6.7;9.2;1.4;1.0;14.2;10.4;0.6;1.2;1.8;.070;-2.9;1.1;-1.8;0.1;
19-20;LAL;PF;45;364;7.8;.558;.700;.033;1.8;13.7;7.8;9.5;2.0;0.7;11.6;8.0;0.3;0.5;0.8;.102;-2.7;2.0;-0.7;0.1;
20-21;LAL;PF;12;81;4.4;.333;.667;5.6;23.5;14.6;7.6;0.6;1.1;18.2;5.9;0.1;0.1;.053;-4.4;0.9;-3.5;
Career;;904;20117;12.5;.576;.432;.246;4.6;11.4;8.0;10.2;1.8;0.6;11.7;14.4;27.8;15.2;43.0;.103;-0.1;0.3;0.2;11.0;
Playoffs Advanced
09-10;PHO;SF;16;377;15.6;.620;.686;.326;4.9;14.1;9.6;10.8;2.5;1.2;8.4;13.1;0.9;0.3;1.2;.153;2.7;2.6;5.2;0.7;
13-14;LAC;SF;7;45;4.3;.409;.545;15.9;7.6;5.9;1.1;10.6;.011;-2.7;-0.5;-3.2;
14-15;MIL;SG;6;110;17.2;.605;.467;.233;2.7;8.4;5.3;13.0;5.6;1.6;13.1;15.6;0.1;0.2;0.3;.143;0.8;5.4;6.2;0.2;
18-19;BRK;PF;4;82;4.7;.470;.818;.364;2.7;1.3;17.6;1.7;0.9;23.9;8.3;-0.018;-4.0;2.0;-2.0;
19-20;LAL;PF;9;31;-1.1;.750;7.6;3.8;6.4;3.2;33.3;8.4;-0.1;0.1;-0.1;-0.106;-9.1;3.5;-5.5;
20-21;LAL;PF;2;5;.022;-5.2;-5.2;
Career;;44;650;12.8;.575;.641;.275;3.3;11.4;7.3;11.1;3.0;1.3;11.2;12.4;0.9;0.6;1.4;.107;0.5;2.8;3.3;0.9;
