Jarnell Stokes;Center and Power Forward;Right;1994-01-07;;6-9;263;Southwind in Memphis,Tennessee;;;;-1;;
Per Game
14-15;MEM;PF;19;2;6.6;1.1;1.9;.568;1.1;1.9;.568;.568;0.8;1.5;.536;0.8;0.9;1.8;0.2;0.3;0.3;0.4;1.3;3.0;
15-16;TOT;C;7;2.6;0.4;0.7;.600;0.4;0.7;.600;.600;0.1;0.3;.500;0.1;0.4;0.6;0.1;0.1;0.1;1.0;
15-16;MEM;C;2;2.0;0.5;0.5;1.0;
15-16;MIA;C;5;2.8;0.6;1.0;.600;0.6;1.0;.600;.600;0.2;0.4;.500;0.4;0.4;0.2;0.2;0.2;1.4;
16-17;DEN;C;2;3.5;0.5;0.5;1.000;0.5;0.5;1.000;1.000;0.5;1.0;.500;0.5;0.5;1.0;1.0;0.5;1.5;1.5;
Career;;28;2;5.4;0.9;1.5;.581;0.9;1.5;.581;.581;0.6;1.1;.531;0.6;0.8;1.4;0.3;0.3;0.2;0.3;1.0;2.4;
Totals
14-15;MEM;PF;19;2;126;21;37;.568;21;37;.568;.568;15;28;.536;16;18;34;4;5;5;7;25;57;
15-16;TOT;C;7;18;3;5;.600;3;5;.600;.600;1;2;.500;1;3;4;1;1;1;7;
15-16;MEM;C;2;4;1;1;2;
15-16;MIA;C;5;14;3;5;.600;3;5;.600;.600;1;2;.500;2;2;1;1;1;7;
16-17;DEN;C;2;7;1;1;1.000;1;1;1.000;1.000;1;2;.500;1;1;2;2;1;3;3;
Career;;28;2;151;25;43;.581;25;43;.581;.581;17;32;.531;18;22;40;7;7;5;7;29;67;
Advanced
14-15;MEM;PF;19;126;18.6;.578;.757;14.6;16.3;15.4;5.2;2.1;3.3;12.4;20.5;0.3;0.2;0.5;.186;-1.3;0.1;-1.1;
15-16;TOT;C;7;18;20.0;.595;.400;6.1;18.8;12.6;9.6;2.8;14.9;0.1;0.1;.209;1.9;0.1;2.0;
15-16;MEM;C;2;4;13.6;27.3;29.8;28.5;.163;1.4;-5.4;-3.9;
15-16;MIA;C;5;14;21.8;.595;.400;15.7;8.1;12.3;3.7;19.2;0.1;.222;2.0;1.7;3.7;
16-17;DEN;C;2;7;31.5;.798;2.000;15.9;15.6;15.8;40.1;7.0;11.4;0.1;0.1;.480;4.9;11.9;16.8;
Career;;28;151;19.4;.587;.744;13.6;16.5;15.1;7.3;2.4;2.7;10.9;19.4;0.4;0.3;0.6;.202;-0.6;0.7;0.1;0.1;
