Jarrett Jack;Point Guard and Shooting Guard;Right;1983-10-28;;6-3;200;Worcester Academy in Worcester,Massachusetts;;;;-1;;
Per Game
05-06;POR;SG;79;4;20.2;2.4;5.4;.442;0.3;1.0;.263;2.1;4.5;.480;.465;1.6;2.0;.800;0.2;1.8;2.0;2.8;0.5;1.3;1.7;6.7;
06-07;POR;PG;79;79;33.6;4.1;8.9;.454;0.8;2.3;.350;3.3;6.6;.490;.499;3.1;3.5;.871;0.2;2.4;2.6;5.3;1.1;0.1;2.4;2.6;12.0;
07-08;POR;SG;<strong>82</strong>;16;27.2;3.3;7.6;.431;0.8;2.3;.342;2.5;5.2;.470;.483;2.6;3.0;.867;0.4;2.5;2.9;3.8;0.7;2.2;1.6;9.9;
08-09;IND;SG;<strong>82</strong>;53;33.1;4.7;10.4;.453;1.0;2.7;.353;3.8;7.7;.487;.498;2.7;3.2;.852;0.5;2.8;3.4;4.1;1.1;0.2;2.2;2.2;13.1;
09-10;TOR;PG;<strong>82</strong>;43;27.4;3.9;8.2;.481;1.0;2.4;.412;2.9;5.8;.511;.542;2.5;2.9;.842;0.4;2.3;2.7;5.0;0.7;0.1;2.0;1.8;11.4;
10-11;TOT;PG,SG;<strong>83</strong>;15;20.7;3.1;7.7;.408;0.4;1.3;.306;2.7;6.4;.429;.434;2.2;2.6;.850;0.2;1.8;2.1;2.9;0.7;0.1;1.3;1.2;8.9;
10-11;TOR;PG;13;13;26.7;3.7;9.4;.393;0.3;1.8;.167;3.4;7.5;.449;.410;3.1;3.5;.870;0.5;2.8;3.2;4.5;1.1;2.6;1.9;10.8;
10-11;NOH;SG;70;2;19.6;3.0;7.4;.412;0.4;1.2;.345;2.6;6.2;.425;.440;2.0;2.4;.845;0.2;1.7;1.9;2.6;0.6;0.1;1.1;1.1;8.5;
11-12;NOH;PG;45;39;34.0;5.9;13.0;.456;0.9;2.5;.348;5.0;10.5;.482;.490;2.9;3.3;.872;0.5;3.4;3.9;6.3;0.7;0.2;2.4;2.1;15.6;
12-13;GSW;SG;79;4;29.7;4.9;10.8;.452;1.0;2.6;.404;3.9;8.3;.466;.499;2.1;2.5;.843;0.3;2.8;3.1;5.6;0.8;0.1;2.0;1.7;12.9;
13-14;CLE;PG;80;31;28.2;3.6;8.7;.410;0.8;2.3;.341;2.8;6.4;.435;.455;1.6;1.9;.839;0.3;2.5;2.8;4.1;0.7;0.3;1.7;1.7;9.5;
14-15;BRK;PG;80;27;28.0;4.5;10.2;.439;0.5;1.8;.267;4.0;8.4;.477;.463;2.5;2.8;.881;0.2;2.8;3.1;4.7;0.9;0.2;2.4;1.8;12.0;
15-16;BRK;PG;32;32;32.1;4.4;11.2;.391;1.0;3.2;.304;3.4;8.0;.426;.434;3.1;3.5;.893;0.3;4.0;4.3;7.4;1.1;0.2;2.9;2.4;12.8;
16-17;NOP;PG;2;16.5;1.0;1.5;.667;0.5;1.0;1.0;1.000;.667;1.0;1.0;1.000;2.5;1.0;1.5;2.0;3.0;
17-18;NYK;PG;62;56;25.0;3.0;7.1;.427;0.4;1.4;.291;2.6;5.8;.459;.455;1.0;1.2;.840;0.4;2.7;3.1;5.6;0.6;0.1;1.9;1.6;7.5;
Career;;867;399;27.8;3.9;8.9;.440;0.7;2.1;.343;3.2;6.8;.470;.480;2.3;2.7;.855;0.3;2.5;2.9;4.6;0.8;0.1;2.0;1.8;10.8;
Playoffs Per Game
10-11;NOH;SG;6;18.5;2.0;5.7;.353;0.8;2.0;4.8;.414;.353;1.8;2.7;.688;0.2;2.3;2.5;2.2;0.2;0.2;1.3;0.7;5.8;
12-13;GSW;SG;12;4;35.5;6.5;12.8;.506;0.6;2.0;.292;5.9;10.8;.546;.529;3.6;4.0;.896;0.6;3.8;4.4;4.7;0.9;0.3;3.2;2.2;17.2;
14-15;BRK;PG;6;25.5;4.7;9.0;.519;0.8;2.5;.333;3.8;6.5;.590;.565;2.2;2.2;<strong>1.000</strong>;0.3;3.8;4.2;4.5;1.2;0.2;3.3;2.3;12.3;
Career;;24;4;28.8;4.9;10.1;.488;0.5;1.8;.273;4.4;8.3;.535;.512;2.8;3.2;.870;0.4;3.5;3.9;4.0;0.8;0.3;2.8;1.8;13.1;
Totals
05-06;POR;SG;79;4;1599;189;428;.442;20;76;.263;169;352;.480;.465;128;160;.800;18;142;160;219;41;2;102;138;526;
06-07;POR;PG;79;79;2651;320;705;.454;63;180;.350;257;525;.490;.499;243;279;.871;18;190;208;417;86;9;187;202;946;
07-08;POR;SG;<strong>82</strong>;16;2229;267;620;.431;65;190;.342;202;430;.470;.483;215;248;.867;31;203;234;313;61;1;178;129;814;
08-09;IND;SG;<strong>82</strong>;53;2716;386;853;.453;78;221;.353;308;632;.487;.498;224;263;.852;44;232;276;338;88;17;184;179;1074;
09-10;TOR;PG;<strong>82</strong>;43;2243;323;671;.481;82;199;.412;241;472;.511;.542;203;241;.842;30;192;222;413;60;6;163;151;931;
10-11;TOT;PG,SG;<strong>83</strong>;15;1722;260;637;.408;33;108;.306;227;529;.429;.434;182;214;.850;20;153;173;242;54;6;110;102;735;
10-11;TOR;PG;13;13;347;48;122;.393;4;24;.167;44;98;.449;.410;40;46;.870;6;36;42;59;14;34;25;140;
10-11;NOH;SG;70;2;1375;212;515;.412;29;84;.345;183;431;.425;.440;142;168;.845;14;117;131;183;40;6;76;77;595;
11-12;NOH;PG;45;39;1530;266;583;.456;39;112;.348;227;471;.482;.490;129;148;.872;23;153;176;285;31;9;106;93;700;
12-13;GSW;SG;79;4;2349;387;857;.452;82;203;.404;305;654;.466;.499;167;198;.843;21;222;243;439;60;11;157;134;1023;
13-14;CLE;PG;80;31;2252;286;698;.410;63;185;.341;223;513;.435;.455;125;149;.839;22;201;223;324;56;22;133;133;760;
14-15;BRK;PG;80;27;2241;359;817;.439;39;146;.267;320;671;.477;.463;200;227;.881;19;226;245;373;75;13;191;143;957;
15-16;BRK;PG;32;32;1027;140;358;.391;31;102;.304;109;256;.426;.434;100;112;.893;9;127;136;236;34;7;94;77;411;
16-17;NOP;PG;2;33;2;3;.667;1;2;2;1.000;.667;2;2;1.000;5;2;3;4;6;
17-18;NYK;PG;62;56;1548;189;443;.427;25;86;.291;164;357;.459;.455;63;75;.840;22;169;191;348;35;4;115;98;466;
Career;;867;399;24140;3374;7673;.440;620;1809;.343;2754;5864;.470;.480;1981;2316;.855;277;2210;2487;3952;683;107;1723;1583;9349;
Playoffs Totals
10-11;NOH;SG;6;111;12;34;.353;5;12;29;.414;.353;11;16;.688;1;14;15;13;1;1;8;4;35;
12-13;GSW;SG;12;4;426;78;154;.506;7;24;.292;71;130;.546;.529;43;48;.896;7;46;53;56;11;4;38;26;206;
14-15;BRK;PG;6;153;28;54;.519;5;15;.333;23;39;.590;.565;13;13;<strong>1.000</strong>;2;23;25;27;7;1;20;14;74;
Career;;24;4;690;118;242;.488;12;44;.273;106;198;.535;.512;67;77;.870;10;83;93;96;19;6;66;44;315;
Advanced
05-06;POR;SG;79;1599;12.3;.528;.178;.374;1.3;10.8;6.0;23.2;1.4;0.1;17.0;17.8;1.1;0.1;1.2;.035;-1.7;-1.4;-3.1;-0.4;
06-07;POR;PG;79;2651;14.5;.571;.255;.396;0.8;9.1;4.9;26.2;1.8;0.3;18.4;18.0;3.8;1.0;4.8;.087;0.2;-0.9;-0.7;0.9;
07-08;POR;SG;<strong>82</strong>;2229;13.0;.558;.306;.400;1.6;10.7;6.2;22.7;1.5;19.6;19.3;1.6;1.5;3.2;.069;-0.8;-0.4;-1.2;0.5;
08-09;IND;SG;<strong>82</strong>;2716;13.1;.554;.259;.308;1.8;9.5;5.6;18.6;1.6;0.5;16.0;18.5;2.3;1.8;4.1;.073;-1.0;-0.5;-1.4;0.4;
09-10;TOR;PG;<strong>82</strong>;2243;16.3;.599;.297;.359;1.6;9.8;5.8;27.7;1.4;0.2;17.3;19.1;4.5;0.2;4.8;.102;2.0;-1.6;0.4;1.4;
10-11;TOT;PG,SG;<strong>83</strong>;1722;14.2;.503;.170;.336;1.4;10.9;6.1;23.3;1.7;0.3;13.1;23.0;0.9;1.4;2.4;.066;-0.3;-0.4;-0.7;0.5;
10-11;TOR;PG;13;347;12.6;.492;.197;.377;2.0;12.6;7.2;25.9;2.1;19.3;22.8;-0.1;0.1;.002;-1.6;-1.0;-2.6;-0.1;
10-11;NOH;SG;70;1375;14.6;.505;.163;.326;1.2;10.4;5.8;22.6;1.6;0.4;11.4;23.1;1.0;1.3;2.4;.082;-0.3;-0.3;0.6;
11-12;NOH;PG;45;1530;17.9;.540;.192;.254;1.8;11.7;6.8;34.0;1.1;0.5;14.1;23.3;2.9;0.9;3.8;.119;2.5;-0.9;1.6;1.4;
12-13;GSW;SG;79;2349;15.9;.542;.237;.231;1.0;10.1;5.7;29.9;1.3;0.4;14.3;21.0;3.9;1.8;5.6;.115;1.1;-0.6;0.5;1.4;
13-14;CLE;PG;80;2252;11.5;.498;.265;.213;1.1;10.3;5.6;22.7;1.3;0.8;14.8;17.8;0.9;1.4;2.3;.049;-1.6;-0.5;-2.1;-0.1;
14-15;BRK;PG;80;2241;14.6;.522;.179;.278;1.0;11.3;6.1;27.3;1.7;0.5;17.2;22.6;1.1;1.4;2.6;.055;-0.4;-0.7;-1.1;0.5;
15-16;BRK;PG;32;1027;14.5;.505;.285;.313;1.0;14.1;7.4;35.0;1.7;0.6;18.8;21.7;0.5;0.4;0.9;.043;-0.7;-0.7;0.3;
16-17;NOP;PG;2;33;7.7;.773;.333;.667;20.3;3.0;43.6;9.2;.060;-4.8;3.4;-1.4;
17-18;NYK;PG;62;1548;11.5;.489;.194;.169;1.6;12.1;6.8;31.3;1.1;0.2;19.5;16.7;0.5;0.7;1.2;.036;-1.6;-1.3;-2.8;-0.3;
Career;;867;24140;14.1;.538;.236;.302;1.3;10.6;5.9;26.1;1.5;0.4;16.5;19.7;24.2;12.7;36.8;.073;-0.1;-0.8;-0.9;6.5;
Playoffs Advanced
10-11;NOH;SG;6;111;8.5;.426;.147;.471;1.2;15.9;8.7;20.3;0.5;0.7;16.3;22.1;-0.2;-0.2;-0.088;-3.0;-2.0;-5.1;-0.1;
12-13;GSW;SG;12;426;17.4;.588;.156;.312;1.9;11.5;7.0;21.6;1.3;0.7;17.8;22.3;0.8;0.3;1.0;.118;0.9;1.0;0.3;
14-15;BRK;PG;6;153;17.6;.620;.278;.241;1.4;16.3;8.8;31.6;2.3;0.6;25.1;23.9;0.1;0.2;0.3;.090;0.4;1.3;1.7;0.1;
Career;;24;690;16.0;.571;.182;.318;1.7;13.3;7.7;23.6;1.4;0.7;19.3;22.6;0.7;0.4;1.1;.078;0.2;0.2;0.4;
