Jason Thompson;Power Forward and Center;Right;1986-07-21;;6-11;250;Lenape in Medford,New Jersey;;;;-1;;
Per Game
08-09;SAC;PF;<strong>82</strong>;56;28.1;4.3;8.7;.497;0.1;4.3;8.6;.502;.497;2.4;3.5;.692;2.9;4.5;7.4;1.1;0.6;0.7;1.8;3.8;11.1;
09-10;SAC;C;75;58;31.4;4.9;10.5;.472;0.1;.100;4.9;10.3;.477;.473;2.6;3.7;.715;3.0;5.5;8.5;1.7;0.5;1.0;1.9;3.7;12.5;
10-11;SAC;PF;75;39;23.3;3.6;7.1;.507;3.6;7.1;.510;.507;1.6;2.7;.605;1.9;4.1;6.1;1.2;0.4;0.6;1.3;2.8;8.8;
11-12;SAC;PF;64;47;25.9;3.7;6.9;.535;3.7;6.9;.537;.535;1.7;2.8;.602;2.6;4.3;6.9;1.2;0.7;0.7;1.1;2.3;9.1;
12-13;SAC;PF;<strong>82</strong>;81;27.9;4.6;9.1;.502;4.6;9.0;.504;.502;1.7;2.5;.694;2.1;4.6;6.7;1.0;0.6;0.7;1.2;2.8;10.9;
13-14;SAC;PF;82;61;24.5;3.1;6.0;.506;3.1;6.0;.506;.506;1.0;1.8;.579;1.9;4.6;6.4;0.6;0.4;0.7;1.2;3.1;7.1;
14-15;SAC;PF;81;63;24.6;2.5;5.3;.470;2.5;5.3;.471;.470;1.1;1.8;.622;1.7;4.8;6.5;1.0;0.4;0.7;1.0;3.0;6.1;
15-16;TOT;C;47;7;10.0;1.1;2.3;.481;0.1;0.3;.333;1.0;2.0;.505;.505;0.8;1.1;.704;0.7;2.2;2.9;0.6;0.3;0.4;0.3;1.7;3.1;
15-16;GSW;C;28;1;6.4;0.7;1.5;.476;0.7;1.5;.476;.476;0.7;1.1;.625;0.4;1.6;1.9;0.7;0.1;0.3;0.3;1.4;2.1;
15-16;TOR;C;19;6;15.4;1.7;3.5;.485;0.3;0.8;.333;1.4;2.7;.529;.523;0.9;1.2;.818;1.2;3.1;4.2;0.5;0.4;0.6;0.4;2.1;4.6;
Career;;588;412;25.2;3.6;7.2;.496;0.1;.143;3.6;7.2;.500;.497;1.7;2.5;.657;2.1;4.4;6.6;1.1;0.5;0.7;1.3;3.0;8.9;
Playoffs Per Game
15-16;TOR;C;10;5.5;0.4;0.9;.444;0.1;0.4;0.8;.500;.444;0.3;0.6;0.5;1.1;0.1;0.1;0.1;0.6;0.8;
Career;;10;5.5;0.4;0.9;.444;0.1;0.4;0.8;.500;.444;0.3;0.6;0.5;1.1;0.1;0.1;0.1;0.6;0.8;
Totals
08-09;SAC;PF;<strong>82</strong>;56;2303;356;717;.497;8;356;709;.502;.497;198;286;.692;234;372;606;93;46;59;146;<strong>314</strong>;910;
09-10;SAC;C;75;58;2357;370;784;.472;1;10;.100;369;774;.477;.473;198;277;.715;224;413;637;124;41;73;139;279;939;
10-11;SAC;PF;75;39;1748;271;534;.507;3;271;531;.510;.507;121;200;.605;144;310;454;88;28;44;99;212;663;
11-12;SAC;PF;64;47;1657;237;443;.535;2;237;441;.537;.535;109;181;.602;166;277;443;79;43;44;68;149;583;
12-13;SAC;PF;<strong>82</strong>;81;2285;374;745;.502;3;374;742;.504;.502;143;206;.694;172;377;549;84;48;61;101;227;891;
13-14;SAC;PF;82;61;2007;251;496;.506;251;496;.506;.506;84;145;.579;153;374;527;53;32;56;95;251;586;
14-15;SAC;PF;81;63;1991;201;428;.470;1;201;427;.471;.470;89;143;.622;139;391;530;85;33;57;84;239;491;
15-16;TOT;C;47;7;471;52;108;.481;5;15;.333;47;93;.505;.505;38;54;.704;32;102;134;29;12;20;15;80;147;
15-16;GSW;C;28;1;179;20;42;.476;20;42;.476;.476;20;32;.625;10;44;54;19;4;8;7;40;60;
15-16;TOR;C;19;6;292;32;66;.485;5;15;.333;27;51;.529;.523;18;22;.818;22;58;80;10;8;12;8;40;87;
Career;;588;412;14819;2112;4255;.496;6;42;.143;2106;4213;.500;.497;980;1492;.657;1264;2616;3880;635;283;414;747;1751;5210;
Playoffs Totals
15-16;TOR;C;10;55;4;9;.444;1;4;8;.500;.444;3;6;5;11;1;1;1;6;8;
Career;;10;55;4;9;.444;1;4;8;.500;.444;3;6;5;11;1;1;1;6;8;
Advanced
08-09;SAC;PF;<strong>82</strong>;2303;13.9;.540;.011;.399;11.8;19.0;15.4;6.8;1.0;1.9;14.8;19.3;1.8;0.9;2.7;.057;-2.0;-2.2;-4.2;-1.3;
09-10;SAC;C;75;2357;14.5;.518;.013;.353;10.8;20.3;15.5;8.3;0.9;2.3;13.3;19.6;1.9;2.0;4.0;.081;-1.6;-0.8;-2.4;-0.2;
10-11;SAC;PF;75;1748;13.6;.533;.006;.375;9.1;20.7;14.8;7.9;0.8;1.8;13.7;17.9;1.4;1.5;2.9;.079;-1.7;-0.5;-2.2;-0.1;
11-12;SAC;PF;64;1657;16.4;.558;.005;.409;10.5;19.3;14.7;7.5;1.3;1.9;11.5;15.5;3.1;0.8;3.9;.114;0.2;-1.1;-0.9;0.5;
12-13;SAC;PF;<strong>82</strong>;2285;14.6;.533;.004;.277;8.4;19.5;13.8;6.0;1.1;2.1;10.8;18.2;2.7;0.9;3.6;.075;-1.0;-1.6;-2.6;-0.3;
13-14;SAC;PF;82;2007;11.1;.523;.292;8.5;21.3;14.8;4.1;0.8;2.3;14.5;14.4;0.9;1.7;2.7;.064;-2.9;-0.4;-3.2;-0.6;
14-15;SAC;PF;81;1991;10.2;.500;.002;.334;8.2;21.5;15.1;6.5;0.8;2.3;14.6;12.7;0.9;1.5;2.4;.057;-2.6;-0.2;-2.8;-0.4;
15-16;TOT;C;47;471;14.2;.558;.139;.500;7.9;23.4;15.9;8.5;1.3;3.3;10.2;13.9;0.9;0.7;1.6;.165;-2.1;1.2;-0.8;0.1;
15-16;GSW;C;28;179;13.3;.535;.762;6.4;25.0;16.2;13.9;1.1;3.3;11.1;15.2;0.3;0.3;0.6;.169;-3.4;2.2;-1.3;
15-16;TOR;C;19;292;14.7;.575;.227;.333;8.8;22.4;15.7;5.3;1.4;3.4;9.6;13.0;0.6;0.4;1.0;.163;-1.2;0.6;-0.6;0.1;
Career;;588;14819;13.5;.530;.010;.351;9.6;20.3;14.9;6.8;1.0;2.1;13.2;16.9;13.6;10.1;23.8;.077;-1.7;-0.9;-2.6;-2.4;
Playoffs Advanced
15-16;TOR;C;10;55;6.2;.388;.111;.333;12.4;11.6;12.0;2.9;1.6;8.8;9.5;.014;-2.7;-3.3;-6.1;-0.1;
Career;;10;55;6.2;.388;.111;.333;12.4;11.6;12.0;2.9;1.6;8.8;9.5;.014;-2.7;-3.3;-6.1;-0.1;
