Jason Terry;Shooting Guard and Point Guard;Right;1977-09-15;;6-2;185;Franklin in Seattle,Washington;;;;-1;;
Per Game
99-00;ATL;PG;81;27;23.3;3.1;7.4;.415;0.6;1.9;.293;2.5;5.5;.458;.453;1.4;1.7;.807;0.3;1.8;2.0;4.3;1.1;0.1;1.9;1.6;8.1;
00-01;ATL;SG;82;77;37.7;7.3;16.7;.436;1.5;3.8;.395;5.8;12.8;.448;.481;3.7;4.4;.846;0.5;2.8;3.3;4.9;1.3;0.1;2.9;2.5;19.7;
01-02;ATL;SG;78;78;38.0;6.7;15.6;.430;2.2;5.7;.387;4.5;9.9;.454;.500;3.6;4.4;.835;0.5;2.9;3.5;5.7;1.8;0.2;2.3;2.0;19.3;
02-03;ATL;PG;81;81;38.0;6.0;14.1;.428;2.0;5.3;.371;4.0;8.8;.462;.498;3.2;3.6;.887;0.5;3.0;3.4;7.4;1.6;0.2;3.1;2.2;17.2;
03-04;ATL;PG;81;78;37.3;6.2;14.8;.417;1.8;5.2;.347;4.4;9.6;.455;.478;2.7;3.2;.827;0.6;3.5;4.1;5.4;1.5;0.2;2.8;2.4;16.8;
04-05;DAL;PG;80;57;30.0;4.7;9.3;.501;1.3;3.1;.420;3.4;6.2;.540;.570;1.8;2.2;.844;0.5;1.9;2.4;5.4;1.4;0.2;1.8;2.2;12.4;
05-06;DAL;PG;80;80;35.0;6.5;13.7;.470;2.1;5.2;.411;4.3;8.5;.505;.547;2.1;2.6;.800;0.4;1.6;2.0;3.8;1.3;0.3;1.7;2.5;17.1;
06-07;DAL;SG;81;80;35.1;6.3;13.1;.484;2.0;4.6;.438;4.3;8.6;.508;.560;2.0;2.5;.804;0.5;2.3;2.9;5.2;1.0;0.2;1.9;2.1;16.7;
07-08;DAL;SG;<strong>82</strong>;34;31.5;5.7;12.3;.467;1.7;4.4;.375;4.1;7.9;.519;.535;2.3;2.7;.857;0.4;2.2;2.5;3.2;1.1;0.2;1.1;2.1;15.5;
08-09;DAL;SG;74;11;33.7;7.3;15.8;.463;2.3;6.2;.366;5.1;9.6;.525;.535;2.7;3.0;.880;0.5;1.9;2.4;3.4;1.3;0.3;1.6;1.9;19.6;
09-10;DAL;SG;77;12;33.0;5.9;13.5;.438;1.8;4.8;.365;4.2;8.7;.479;.503;3.0;3.5;.866;0.2;1.6;1.8;3.8;1.2;0.2;1.4;1.8;16.6;
10-11;DAL;SG;82;10;31.3;6.0;13.3;.451;1.5;4.3;.362;4.5;9.0;.493;.509;2.2;2.6;.850;0.3;1.6;1.9;4.1;1.1;0.2;2.0;1.7;15.8;
11-12;DAL;SG;63;1;31.7;5.7;13.2;.430;2.2;5.8;.378;3.5;7.4;.471;.513;1.6;1.8;.883;0.3;2.1;2.4;3.6;1.2;0.2;2.0;1.1;15.1;
12-13;BOS;SG;79;24;26.9;3.6;8.2;.434;1.6;4.2;.372;2.0;4.0;.498;.529;1.4;1.7;.870;0.2;1.8;2.0;2.5;0.8;0.1;1.3;1.4;10.1;
13-14;BRK;PG;35;16.3;1.6;4.3;.362;1.1;2.9;.379;0.5;1.4;.327;.490;0.3;0.4;.667;0.1;0.9;1.1;1.6;0.4;0.8;1.4;4.5;
14-15;HOU;SG;77;18;21.3;2.4;5.8;.422;1.6;4.2;.390;0.8;1.6;.504;.563;0.5;0.6;.813;0.2;1.4;1.6;1.9;0.9;0.2;1.0;1.5;7.0;
15-16;HOU;SG;72;7;17.5;2.1;5.2;.402;1.3;3.6;.356;0.8;1.6;.504;.525;0.4;0.5;.818;0.2;0.9;1.1;1.4;0.7;0.1;0.7;1.3;5.9;
16-17;MIL;SG;74;18.4;1.4;3.3;.432;1.0;2.3;.427;0.4;1.0;.444;.582;0.3;0.4;.828;0.2;1.2;1.4;1.3;0.6;0.3;0.5;1.3;4.1;
17-18;MIL;SG;51;4;16.0;1.2;3.0;.383;0.8;2.3;.348;0.4;0.8;.487;.513;0.2;0.2;.889;0.1;0.8;0.9;1.2;0.8;0.3;0.5;1.0;3.3;
Career;;1410;679;29.8;4.9;11.1;.444;1.6;4.3;.380;3.3;6.8;.484;.517;2.0;2.3;.845;0.4;2.0;2.3;3.8;1.1;0.2;1.7;1.8;13.4;
Playoffs Per Game
04-05;DAL;PG;13;13;38.5;6.2;12.3;.506;2.1;4.2;.491;4.2;8.1;.514;.591;2.9;3.3;.884;0.7;3.5;4.2;4.6;1.3;0.5;2.3;2.2;17.5;
05-06;DAL;PG;22;22;38.4;7.4;16.8;.442;1.4;4.6;.307;6.0;12.2;.493;.484;2.7;3.2;.831;0.5;2.4;2.9;3.8;1.2;2.0;2.5;18.9;
06-07;DAL;SG;6;6;38.2;6.5;15.3;.424;1.5;5.3;.281;5.0;10.0;.500;.473;2.5;3.0;.833;0.5;1.8;2.3;3.7;0.8;0.3;2.8;2.0;17.0;
07-08;DAL;SG;5;3;36.0;5.2;12.0;.433;2.8;6.4;.438;2.4;5.6;.429;.550;2.6;3.0;.867;0.2;1.4;1.6;4.8;0.4;0.2;1.0;3.0;15.8;
08-09;DAL;SG;10;1;32.5;4.9;12.6;.389;2.2;5.9;.373;2.7;6.7;.403;.476;2.3;3.0;.767;0.6;2.2;2.8;1.9;0.6;0.3;1.6;1.8;14.3;
09-10;DAL;SG;6;29.0;4.3;11.5;.377;2.0;5.0;.400;2.3;6.5;.359;.464;2.0;2.7;.750;0.3;2.2;2.5;2.0;0.7;0.2;1.0;2.7;12.7;
10-11;DAL;SG;<strong>21</strong>;32.6;6.1;12.8;.478;2.0;4.5;.442;4.1;8.2;.497;.556;3.3;4.0;.843;0.3;1.6;1.9;3.2;1.2;0.1;1.5;2.1;17.5;
11-12;DAL;SG;4;1;34.8;5.0;11.0;.455;2.5;5.0;.500;2.5;6.0;.417;.568;1.3;2.0;.625;0.3;2.0;2.3;3.8;0.3;2.0;2.8;13.8;
12-13;BOS;SG;6;1;31.5;4.0;9.0;.444;2.5;5.7;.441;1.5;3.3;.450;.583;1.5;1.8;.818;2.2;2.2;2.0;0.7;0.3;0.8;1.5;12.0;
14-15;HOU;SG;17;17;28.6;3.4;7.9;.425;1.7;4.8;.354;1.6;3.1;.538;.534;0.8;0.9;.813;0.4;1.9;2.2;2.8;0.9;0.1;1.2;2.7;9.2;
15-16;HOU;SG;5;24.8;2.6;7.6;.342;1.2;3.8;.316;1.4;3.8;.368;.421;0.6;0.6;1.000;0.2;2.0;2.2;1.2;0.4;0.2;0.6;2.6;7.0;
16-17;MIL;SG;6;11.3;1.0;3.0;.333;0.3;1.7;.200;0.7;1.3;.500;.389;0.2;0.2;1.000;0.3;1.0;1.3;0.8;0.5;0.2;0.3;1.2;2.5;
17-18;MIL;SG;3;14.7;0.7;1.7;.400;0.7;1.7;.400;.600;0.3;0.3;0.7;0.7;0.3;0.3;0.7;2.0;
Career;;124;64;32.2;5.1;11.6;.441;1.8;4.6;.385;3.3;7.0;.479;.518;2.1;2.5;.829;0.4;2.0;2.5;3.0;0.9;0.2;1.5;2.2;14.1;
Totals
99-00;ATL;PG;81;27;1888;249;600;.415;46;157;.293;203;443;.458;.453;113;140;.807;24;142;166;346;90;10;156;133;657;
00-01;ATL;SG;82;77;3089;596;1367;.436;124;314;.395;472;1053;.448;.481;303;358;.846;42;227;269;403;104;12;239;204;1619;
01-02;ATL;SG;78;78;2967;524;1219;.430;172;444;.387;352;775;.454;.500;284;340;.835;40;230;270;444;144;13;181;156;1504;
02-03;ATL;PG;81;81;3081;488;1141;.428;160;431;.371;328;710;.462;.498;259;292;.887;37;242;279;600;126;14;249;175;1395;
03-04;ATL;PG;81;78;3018;499;1196;.417;146;421;.347;353;775;.455;.478;215;260;.827;49;287;336;437;124;16;229;192;1359;
04-05;DAL;PG;80;57;2401;372;743;.501;103;245;.420;269;498;.540;.570;146;173;.844;38;150;188;429;109;15;147;177;993;
05-06;DAL;PG;80;80;2798;516;1099;.470;171;416;.411;345;683;.505;.547;168;210;.800;31;127;158;306;100;27;135;196;1371;
06-07;DAL;SG;81;80;2846;514;1063;.484;162;370;.438;352;693;.508;.560;160;199;.804;41;190;231;422;81;17;152;170;1350;
07-08;DAL;SG;<strong>82</strong>;34;2579;471;1008;.467;136;363;.375;335;645;.519;.535;191;223;.857;30;178;208;264;88;18;92;170;1269;
08-09;DAL;SG;74;11;2491;541;1168;.463;167;456;.366;374;712;.525;.535;198;225;.880;39;138;177;251;97;20;119;141;1447;
09-10;DAL;SG;77;12;2540;456;1041;.438;136;373;.365;320;668;.479;.503;232;268;.866;19;121;140;292;94;17;109;142;1280;
10-11;DAL;SG;82;10;2564;492;1091;.451;127;351;.362;365;740;.493;.509;182;214;.850;24;129;153;334;93;13;167;140;1293;
11-12;DAL;SG;63;1;2000;357;830;.430;138;365;.378;219;465;.471;.513;98;111;.883;16;133;149;226;73;11;127;69;950;
12-13;BOS;SG;79;24;2124;281;648;.434;123;331;.372;158;317;.498;.529;114;131;.870;19;140;159;198;66;11;102;110;799;
13-14;BRK;PG;35;570;55;152;.362;39;103;.379;16;49;.327;.490;10;15;.667;4;33;37;56;13;27;48;159;
14-15;HOU;SG;77;18;1641;188;446;.422;126;323;.390;62;123;.504;.563;39;48;.813;15;106;121;147;66;19;74;116;541;
15-16;HOU;SG;72;7;1258;151;376;.402;93;261;.356;58;115;.504;.525;27;33;.818;14;65;79;103;47;9;49;91;422;
16-17;MIL;SG;74;1365;105;243;.432;73;171;.427;32;72;.444;.582;24;29;.828;15;91;106;98;46;20;36;95;307;
17-18;MIL;SG;51;4;814;59;154;.383;40;115;.348;19;39;.487;.513;8;9;.889;5;43;48;59;42;13;25;52;166;
Career;;1410;679;42034;6914;15585;.444;2282;6010;.380;4632;9575;.484;.517;2771;3278;.845;502;2772;3274;5415;1603;275;2415;2577;18881;
Playoffs Totals
04-05;DAL;PG;13;13;501;81;160;.506;27;55;.491;54;105;.514;.591;38;43;.884;9;45;54;60;17;7;30;28;227;
05-06;DAL;PG;22;22;844;163;369;.442;31;101;.307;132;268;.493;.484;59;71;.831;12;52;64;83;26;1;44;55;416;
06-07;DAL;SG;6;6;229;39;92;.424;9;32;.281;30;60;.500;.473;15;18;.833;3;11;14;22;5;2;17;12;102;
07-08;DAL;SG;5;3;180;26;60;.433;14;32;.438;12;28;.429;.550;13;15;.867;1;7;8;24;2;1;5;15;79;
08-09;DAL;SG;10;1;325;49;126;.389;22;59;.373;27;67;.403;.476;23;30;.767;6;22;28;19;6;3;16;18;143;
09-10;DAL;SG;6;174;26;69;.377;12;30;.400;14;39;.359;.464;12;16;.750;2;13;15;12;4;1;6;16;76;
10-11;DAL;SG;<strong>21</strong>;684;128;268;.478;42;95;.442;86;173;.497;.556;70;83;.843;6;34;40;67;26;3;32;44;368;
11-12;DAL;SG;4;1;139;20;44;.455;10;20;.500;10;24;.417;.568;5;8;.625;1;8;9;15;1;8;11;55;
12-13;BOS;SG;6;1;189;24;54;.444;15;34;.441;9;20;.450;.583;9;11;.818;13;13;12;4;2;5;9;72;
14-15;HOU;SG;17;17;487;57;134;.425;29;82;.354;28;52;.538;.534;13;16;.813;6;32;38;48;15;2;20;46;156;
15-16;HOU;SG;5;124;13;38;.342;6;19;.316;7;19;.368;.421;3;3;1.000;1;10;11;6;2;1;3;13;35;
16-17;MIL;SG;6;68;6;18;.333;2;10;.200;4;8;.500;.389;1;1;1.000;2;6;8;5;3;1;2;7;15;
17-18;MIL;SG;3;44;2;5;.400;2;5;.400;.600;1;1;2;2;1;1;2;6;
Career;;124;64;3988;634;1437;.441;221;574;.385;413;863;.479;.518;261;315;.829;50;254;304;375;112;24;189;276;1750;
Advanced
99-00;ATL;PG;81;1888;13.9;.497;.262;.233;1.4;8.2;4.8;29.3;2.5;0.3;19.1;19.2;0.9;0.9;1.9;.047;-0.4;-0.6;-1.0;0.5;
00-01;ATL;SG;82;3089;17.3;.531;.230;.262;1.5;8.2;4.9;24.3;1.8;0.3;13.6;25.5;4.9;1.6;6.5;.100;2.3;-1.0;1.3;2.6;
01-02;ATL;SG;78;2967;19.2;.549;.364;.279;1.5;8.9;5.2;26.9;2.5;0.3;11.7;23.6;6.6;2.1;8.6;.139;3.3;-0.1;3.2;3.9;
02-03;ATL;PG;81;3081;18.2;.549;.378;.256;1.4;8.6;5.2;34.8;2.2;0.3;16.4;22.6;6.0;1.4;7.4;.116;3.0;-1.2;1.8;3.0;
03-04;ATL;PG;81;3018;16.2;.519;.352;.217;1.9;10.6;6.3;26.6;2.2;0.4;14.9;23.2;3.6;1.5;5.1;.080;1.4;-1.1;0.3;1.7;
04-05;DAL;PG;80;2401;18.4;.606;.330;.233;1.8;6.8;4.4;28.8;2.4;0.5;15.2;18.0;6.2;2.4;8.5;.171;3.0;0.3;3.3;3.2;
05-06;DAL;PG;80;2798;18.4;.575;.379;.191;1.4;5.4;3.4;19.6;2.0;0.7;10.2;22.2;7.4;2.3;9.6;.165;3.6;-0.2;3.3;3.7;
06-07;DAL;SG;81;2846;18.9;.587;.348;.187;1.8;7.9;4.9;25.5;1.5;0.5;11.7;21.3;7.7;3.1;10.8;.182;3.9;0.1;4.0;4.3;
07-08;DAL;SG;<strong>82</strong>;2579;17.8;.574;.360;.221;1.4;7.7;4.7;17.5;1.8;0.5;7.7;21.7;6.1;2.5;8.6;.160;2.6;0.4;3.1;3.3;
08-09;DAL;SG;74;2491;19.3;.571;.390;.193;1.8;6.3;4.1;17.6;2.0;0.6;8.6;25.5;5.4;1.9;7.3;.140;3.3;-0.3;2.9;3.1;
09-10;DAL;SG;77;2540;16.5;.552;.358;.257;0.9;5.4;3.2;18.8;1.9;0.5;8.6;23.0;4.4;2.1;6.5;.123;1.6;-0.1;1.5;2.2;
10-11;DAL;SG;82;2564;15.9;.545;.322;.196;1.1;5.7;3.5;22.2;1.9;0.4;12.4;24.7;2.8;2.5;5.3;.100;1.0;-0.1;0.9;1.9;
11-12;DAL;SG;63;2000;15.7;.540;.440;.134;0.9;7.4;4.2;19.9;1.9;0.4;12.6;23.3;2.0;1.8;3.8;.092;1.7;-0.3;1.4;1.7;
12-13;BOS;SG;79;2124;12.8;.566;.511;.202;1.1;7.6;4.4;14.9;1.6;0.4;12.6;18.0;2.1;1.9;4.0;.091;-0.2;-0.2;1.0;
13-14;BRK;PG;35;570;7.4;.501;.678;.099;0.8;6.9;3.9;15.3;1.2;14.5;15.3;0.2;0.2;.016;-2.3;-1.2;-3.5;-0.2;
14-15;HOU;SG;77;1641;11.4;.579;.724;.108;1.0;7.1;4.1;13.8;2.0;0.9;13.7;14.3;2.0;1.5;3.6;.104;-0.1;0.6;0.5;1.0;
15-16;HOU;SG;72;1258;10.2;.540;.694;.088;1.2;5.7;3.5;12.4;1.8;0.6;11.1;15.0;1.1;0.4;1.5;.057;-0.7;-0.9;-1.6;0.1;
16-17;MIL;SG;74;1365;9.1;.600;.704;.119;1.3;7.7;4.5;9.9;1.7;1.3;12.3;9.8;1.2;0.9;2.1;.075;-1.4;0.5;-0.9;0.4;
17-18;MIL;SG;51;814;8.1;.525;.747;.058;0.7;6.2;3.5;9.7;2.6;1.4;13.7;10.1;0.1;0.6;0.7;.042;-2.6;0.6;-2.0;
Career;;1410;42034;16.2;.554;.386;.210;1.4;7.4;4.5;22.1;2.0;0.5;12.4;21.2;70.4;31.5;102.0;.116;1.8;-0.3;1.5;37.4;
Playoffs Advanced
04-05;DAL;PG;13;501;18.8;.634;.344;.269;2.0;10.5;6.1;19.2;1.8;1.1;14.4;18.4;1.4;1.4;.135;4.1;0.4;4.5;0.8;
05-06;DAL;PG;22;844;16.1;.520;.274;.192;1.7;7.7;4.6;18.0;1.7;0.1;9.9;24.4;1.0;0.9;1.9;.107;2.6;-0.2;2.4;0.9;
06-07;DAL;SG;6;229;12.5;.510;.348;.196;1.4;5.5;3.4;17.7;1.1;0.8;14.5;22.2;0.1;-0.1;.003;0.2;-2.3;-2.0;
07-08;DAL;SG;5;180;16.3;.593;.533;.250;0.6;4.6;2.5;25.9;0.6;0.4;7.0;18.4;0.6;-0.1;0.4;.113;4.0;0.1;4.2;0.3;
08-09;DAL;SG;10;325;12.0;.514;.468;.238;2.4;8.0;5.3;9.9;1.0;0.8;10.3;22.7;0.1;0.1;.017;0.8;-2.9;-2.1;
09-10;DAL;SG;6;174;11.8;.500;.435;.232;1.3;8.3;4.8;12.3;1.2;0.4;7.3;22.1;0.1;0.2;0.3;.077;0.3;-0.4;-0.1;0.1;
10-11;DAL;SG;<strong>21</strong>;684;20.3;.604;.354;.310;1.1;6.0;3.6;18.6;2.1;0.4;9.5;24.0;2.1;0.5;2.6;.179;3.4;1.2;4.6;1.1;
11-12;DAL;SG;4;139;12.5;.579;.455;.182;0.8;7.4;3.9;21.1;0.4;14.4;18.4;0.2;-0.1;0.2;.052;1.2;-1.3;-0.1;0.1;
12-13;BOS;SG;6;189;14.8;.612;.630;.204;7.6;4.1;13.9;1.2;0.9;7.8;17.2;0.3;0.3;0.6;.147;1.9;1.6;3.5;0.3;
14-15;HOU;SG;17;487;10.1;.553;.612;.119;1.3;6.7;4.0;14.9;1.5;0.3;12.4;13.8;0.5;0.5;.054;-0.8;0.4;-0.4;0.2;
15-16;HOU;SG;5;124;5.5;.445;.500;.079;0.8;9.0;4.7;8.3;0.8;0.7;7.1;14.0;-0.011;-3.1;-1.3;-4.4;-0.1;
16-17;MIL;SG;6;68;6.7;.407;.556;.056;3.3;11.4;7.1;11.5;2.3;1.4;9.8;14.3;-0.1;0.1;.032;-3.7;2.0;-1.7;
17-18;MIL;SG;3;44;5.5;.600;1.000;2.9;2.5;2.7;6.0;1.2;16.7;6.6;.038;-0.7;-1.2;-2.0;
Career;;124;3988;14.9;.555;.399;.219;1.4;7.4;4.4;16.7;1.5;0.5;10.7;20.4;6.4;1.6;8.0;.096;1.8;-0.1;1.7;3.7;
