Jason Maxiell;Power Forward and Center;Right;1983-02-18;;6-7;260;Newman Smith in Carrollton,Texas;;;;-1;;
Per Game
05-06;DET;PF;26;6.1;0.9;2.1;.426;0.9;2.1;.426;.426;0.5;1.6;.333;0.5;0.6;1.1;0.1;0.2;0.2;0.4;0.5;2.3;
06-07;DET;C;67;8;14.1;2.0;3.9;.500;2.0;3.9;.500;.500;1.1;2.0;.526;1.3;1.5;2.8;0.2;0.4;0.9;0.8;1.6;5.0;
07-08;DET;C;<strong>82</strong>;7;21.6;2.9;5.4;.538;2.9;5.4;.539;.538;2.1;3.3;.633;2.2;3.1;5.3;0.6;0.3;1.1;0.9;2.2;7.9;
08-09;DET;C;78;4;18.1;2.4;4.1;.575;2.4;4.1;.577;.575;1.1;2.0;.532;2.2;2.0;4.2;0.3;0.3;0.8;0.6;2.0;5.8;
09-10;DET;C;76;29;20.4;2.8;5.5;.511;2.8;5.4;.512;.511;1.2;2.0;.574;2.1;3.2;5.3;0.5;0.5;0.5;0.9;2.3;6.8;
10-11;DET;PF;57;14;16.3;1.6;3.3;.492;1.6;3.3;.492;.492;0.9;1.7;.515;1.2;1.9;3.0;0.3;0.4;0.4;0.8;1.6;4.2;
11-12;DET;PF;65;42;22.6;2.8;5.9;.478;2.8;5.9;.480;.478;0.9;1.6;.547;1.9;3.2;5.1;0.6;0.5;0.8;1.1;2.3;6.5;
12-13;DET;PF;72;71;24.8;2.8;6.3;.446;2.8;6.3;.446;.446;1.3;2.0;.621;1.9;3.8;5.7;0.8;0.4;1.3;1.1;2.4;6.9;
13-14;ORL;PF;34;13;14.4;1.4;3.1;.448;1.4;3.1;.448;.448;0.4;0.9;.484;0.8;1.7;2.5;0.3;0.2;0.6;0.4;1.4;3.2;
14-15;CHO;PF;61;14.4;1.3;3.1;.422;1.3;3.1;.422;.422;0.7;1.2;.577;1.4;1.9;3.3;0.3;0.3;0.7;0.5;1.6;3.3;
Career;;618;188;18.4;2.3;4.6;.495;2.3;4.6;.496;.495;1.1;2.0;.564;1.7;2.5;4.2;0.4;0.4;0.8;0.8;1.9;5.6;
Playoffs Per Game
06-07;DET;C;14;10.4;1.6;2.4;.667;0.1;1.6;2.3;.688;.667;0.9;1.6;.522;0.8;1.6;2.4;0.1;0.3;0.6;0.5;1.5;4.0;
07-08;DET;C;17;6;21.8;2.4;3.8;.625;2.4;3.8;.625;.625;0.9;1.9;.469;1.2;2.8;4.0;0.9;0.9;1.3;0.6;2.8;5.6;
08-09;DET;C;4;16.0;1.3;2.5;.500;1.3;2.5;.500;.500;1.3;2.3;.556;1.8;1.5;3.3;0.5;0.3;0.3;0.3;1.3;3.8;
Career;;35;6;16.6;1.9;3.1;.626;1.9;3.0;.632;.626;0.9;1.8;.500;1.1;2.1;3.3;0.6;0.6;0.9;0.5;2.1;4.7;
Totals
05-06;DET;PF;26;159;23;54;.426;23;54;.426;.426;14;42;.333;12;16;28;3;4;5;11;14;60;
06-07;DET;C;67;8;943;131;262;.500;131;262;.500;.500;72;137;.526;88;98;186;14;30;60;53;110;334;
07-08;DET;C;<strong>82</strong>;7;1768;240;446;.538;1;240;445;.539;.538;171;270;.633;177;256;433;46;21;94;71;183;651;
08-09;DET;C;78;4;1408;184;320;.575;1;184;319;.577;.575;84;158;.532;169;155;324;24;25;63;45;157;452;
09-10;DET;C;76;29;1550;212;415;.511;1;212;414;.512;.511;89;155;.574;161;240;401;39;36;38;68;175;513;
10-11;DET;PF;57;14;930;93;189;.492;93;189;.492;.492;51;99;.515;66;107;173;17;24;21;44;92;237;
11-12;DET;PF;65;42;1466;183;383;.478;2;183;381;.480;.478;58;106;.547;126;207;333;41;32;50;71;151;424;
12-13;DET;PF;72;71;1789;204;457;.446;204;457;.446;.446;90;145;.621;135;274;409;54;32;95;81;172;498;
13-14;ORL;PF;34;13;488;47;105;.448;47;105;.448;.448;15;31;.484;28;58;86;9;8;20;14;47;109;
14-15;CHO;PF;61;878;81;192;.422;81;192;.422;.422;41;71;.577;86;117;203;19;18;44;29;96;203;
Career;;618;188;11379;1398;2823;.495;5;1398;2818;.496;.495;685;1214;.564;1048;1528;2576;266;230;490;487;1197;3481;
Playoffs Totals
06-07;DET;C;14;146;22;33;.667;1;22;32;.688;.667;12;23;.522;11;22;33;2;4;9;7;21;56;
07-08;DET;C;17;6;371;40;64;.625;40;64;.625;.625;15;32;.469;21;47;68;16;15;22;11;48;95;
08-09;DET;C;4;64;5;10;.500;5;10;.500;.500;5;9;.556;7;6;13;2;1;1;1;5;15;
Career;;35;6;581;67;107;.626;1;67;106;.632;.626;32;64;.500;39;75;114;20;20;32;19;74;166;
Advanced
05-06;DET;PF;26;159;8.0;.414;.778;8.9;12.1;10.5;3.1;1.4;2.3;13.2;24.9;-0.4;0.2;-0.2;-0.054;-6.4;-2.8;-9.2;-0.3;
06-07;DET;C;67;943;14.4;.518;.523;11.1;12.3;11.7;2.5;1.7;4.9;14.1;18.9;0.3;1.5;1.8;.091;-2.6;0.5;-2.0;
07-08;DET;C;<strong>82</strong>;1768;16.7;.576;.002;.605;11.9;17.4;14.6;4.2;0.7;4.2;11.2;17.0;3.4;2.9;6.3;.171;-0.3;0.2;-0.1;0.8;
08-09;DET;C;78;1408;15.8;.580;.003;.494;14.0;13.2;13.7;2.8;1.0;3.5;10.4;14.7;2.6;1.5;4.1;.141;-0.5;-0.2;-0.6;0.5;
09-10;DET;C;76;1550;14.0;.531;.002;.373;11.8;20.0;15.7;4.1;1.3;2.1;12.3;16.4;1.5;1.1;2.6;.081;-1.4;-1.3;-2.7;-0.3;
10-11;DET;PF;57;930;9.4;.510;.524;8.3;14.7;11.4;2.7;1.4;1.8;15.9;13.9;0.4;0.5;.024;-3.3;-1.1;-4.4;-0.6;
11-12;DET;PF;65;1466;11.7;.493;.005;.277;9.9;17.4;13.6;4.7;1.2;2.7;14.2;15.8;0.4;1.3;1.7;.057;-2.6;-0.6;-3.2;-0.5;
12-13;DET;PF;72;1789;11.3;.478;.317;8.5;18.0;13.2;4.7;0.9;4.2;13.5;15.3;0.1;1.7;1.8;.047;-3.3;-0.1;-3.4;-0.6;
13-14;ORL;PF;34;488;8.1;.459;.295;6.5;13.5;10.0;2.8;0.8;3.2;10.6;12.4;-0.1;0.4;0.3;.029;-4.2;-4.2;-0.3;
14-15;CHO;PF;61;878;10.4;.455;.370;10.5;15.1;12.7;3.4;1.1;4.0;11.5;13.1;0.1;1.2;1.4;.074;-3.8;0.6;-3.2;-0.3;
Career;;618;11379;13.0;.518;.002;.430;10.6;16.3;13.4;3.8;1.1;3.4;12.7;15.7;8.1;12.2;20.3;.086;-2.2;-0.3;-2.5;-1.4;
Playoffs Advanced
06-07;DET;C;14;146;18.6;.649;.030;.697;8.9;18.1;13.5;2.6;1.5;5.0;14.0;16.5;0.3;0.3;0.6;.187;0.8;3.1;4.0;0.2;
07-08;DET;C;17;371;15.1;.608;.500;7.1;16.3;11.6;7.2;2.3;4.9;12.3;11.8;0.5;0.6;1.2;.152;-0.2;3.4;3.2;0.5;
08-09;DET;C;4;64;13.7;.537;.900;13.8;12.7;13.3;5.4;0.9;1.4;6.7;11.9;0.1;0.1;.099;1.3;1.3;0.1;
Career;;35;581;15.8;.614;.009;.598;8.3;16.3;12.3;5.9;1.9;4.5;12.3;13.0;0.9;0.9;1.9;.155;0.3;2.9;3.2;0.8;
