Jason Smith;Center and Power Forward;Right;1986-03-02;;7-0;240;Platte Valley in Kersey,Colorado;;;;-1;;
Per Game
07-08;PHI;PF;76;1;14.6;1.9;4.1;.455;0.1;0.2;.286;1.8;3.9;.463;.461;0.7;1.1;.659;1.0;2.0;3.0;0.3;0.3;0.7;0.6;1.9;4.5;
09-10;PHI;PF;56;2;11.8;1.3;3.1;.431;0.2;0.5;.345;1.2;2.6;.448;.460;0.5;0.8;.690;1.0;1.4;2.4;0.6;0.4;0.5;0.6;2.0;3.4;
10-11;NOH;C;77;6;14.3;1.8;4.0;.443;1.8;4.0;.446;.443;0.8;0.9;.843;1.2;2.0;3.1;0.5;0.3;0.4;0.7;1.9;4.3;
11-12;NOH;PF;40;29;23.7;4.5;8.7;.520;0.2;.111;4.5;8.5;.531;.522;0.8;1.2;.702;1.8;3.1;4.9;0.9;0.5;1.0;1.0;2.6;9.9;
12-13;NOH;C;51;17.2;3.3;6.7;.490;0.1;3.3;6.6;.496;.490;1.7;2.0;.843;1.3;2.4;3.6;0.7;0.3;0.9;1.1;2.4;8.2;
13-14;NOP;PF;31;27;26.8;4.2;9.1;.465;4.2;9.1;.465;.465;1.3;1.6;.780;1.6;4.2;5.8;0.9;0.4;0.9;0.9;3.2;9.7;
14-15;NYK;C;82;31;21.8;3.1;7.2;.434;0.2;0.5;.357;3.0;6.7;.440;.447;1.5;1.9;.830;1.2;2.8;4.0;1.7;0.4;0.5;1.3;2.5;8.0;
15-16;ORL;C;76;2;15.5;3.2;6.6;.485;0.1;0.2;.250;3.2;6.4;.493;.489;0.7;0.9;.806;0.7;2.2;2.9;0.8;0.4;0.9;0.8;2.1;7.2;
16-17;WAS;C;74;3;14.4;2.4;4.4;.529;0.5;1.1;.474;1.9;3.4;.546;.585;0.5;0.7;.686;0.9;2.6;3.5;0.5;0.3;0.7;0.8;2.3;5.7;
17-18;WAS;C;33;2;8.6;1.4;3.5;.391;0.1;1.0;.125;1.2;2.5;.494;.409;0.6;0.6;.905;0.5;1.1;1.6;0.4;0.1;0.4;0.5;1.3;3.4;
18-19;TOT;C,PF;20;1;9.5;1.1;3.0;.356;0.5;1.3;.346;0.6;1.7;.364;.432;0.7;0.8;.875;0.8;1.8;2.6;0.7;0.2;0.4;0.7;1.5;3.3;
18-19;WAS;C;12;1;10.8;1.3;3.1;.405;0.3;0.8;.400;0.9;2.3;.407;.459;0.8;1.0;.833;0.9;2.2;3.1;1.0;0.1;0.4;0.6;1.8;3.7;
18-19;MIL;PF;6;6.7;0.7;2.2;.308;0.5;1.5;.333;0.2;0.7;.250;.423;0.3;0.3;1.000;0.5;1.3;1.8;0.2;0.3;0.3;0.8;1.0;2.2;
18-19;NOP;C;2;10.0;1.0;4.5;.222;1.0;3.5;.286;1.0;.333;1.0;1.0;1.000;1.0;1.0;2.0;0.5;0.5;1.5;4.0;
Career;;616;104;16.3;2.6;5.5;.468;0.1;0.4;.333;2.4;5.0;.479;.480;0.9;1.1;.783;1.1;2.3;3.4;0.7;0.3;0.7;0.8;2.2;6.1;
Playoffs Per Game
07-08;PHI;PF;6;13.7;1.3;3.0;.444;0.2;1.3;2.8;.471;.444;0.7;0.7;1.000;0.7;1.8;2.5;0.5;0.2;0.8;0.3;0.8;3.3;
10-11;NOH;C;6;9.7;1.2;2.5;.467;1.2;2.5;.467;.467;0.2;1.0;1.2;0.2;0.3;1.8;2.3;
16-17;WAS;C;13;12.1;1.5;3.0;.487;0.2;0.8;.300;1.2;2.2;.552;.526;0.8;1.1;.714;0.8;1.5;2.2;0.3;0.2;0.5;0.8;2.3;3.9;
17-18;WAS;C;1;2.0;
Career;;26;11.5;1.3;2.8;.472;0.1;0.4;.273;1.2;2.3;.508;.493;0.5;0.7;.778;0.6;1.4;2.0;0.3;0.2;0.5;0.5;1.8;3.3;
Totals
07-08;PHI;PF;76;1;1107;141;310;.455;4;14;.286;137;296;.463;.461;54;82;.659;77;153;230;20;22;50;48;142;340;
09-10;PHI;PF;56;2;658;75;174;.431;10;29;.345;65;145;.448;.460;29;42;.690;54;81;135;33;21;28;35;110;189;
10-11;NOH;C;77;6;1102;136;307;.443;2;136;305;.446;.443;59;70;.843;89;152;241;36;26;32;53;150;331;
11-12;NOH;PF;40;29;947;181;348;.520;1;9;.111;180;339;.531;.522;33;47;.702;72;124;196;34;21;41;40;102;396;
12-13;NOH;C;51;876;167;341;.490;4;167;337;.496;.490;86;102;.843;64;122;186;34;15;45;55;123;420;
13-14;NOP;PF;31;27;830;131;282;.465;131;282;.465;.465;39;50;.780;51;130;181;29;11;29;28;100;301;
14-15;NYK;C;82;31;1785;257;592;.434;15;42;.357;242;550;.440;.447;127;153;.830;98;226;324;140;32;44;104;205;656;
15-16;ORL;C;76;2;1181;244;503;.485;4;16;.250;240;487;.493;.489;54;67;.806;53;166;219;62;33;65;57;163;546;
16-17;WAS;C;74;3;1068;174;329;.529;37;78;.474;137;251;.546;.585;35;51;.686;64;194;258;37;21;54;58;168;420;
17-18;WAS;C;33;2;285;45;115;.391;4;32;.125;41;83;.494;.409;19;21;.905;18;35;53;14;3;13;16;44;113;
18-19;TOT;C,PF;20;1;190;21;59;.356;9;26;.346;12;33;.364;.432;14;16;.875;16;36;52;14;3;7;13;30;65;
18-19;WAS;C;12;1;130;15;37;.405;4;10;.400;11;27;.407;.459;10;12;.833;11;26;37;12;1;5;7;21;44;
18-19;MIL;PF;6;40;4;13;.308;3;9;.333;1;4;.250;.423;2;2;1.000;3;8;11;1;2;2;5;6;13;
18-19;NOP;C;2;20;2;9;.222;2;7;.286;2;.333;2;2;1.000;2;2;4;1;1;3;8;
Career;;616;104;10029;1572;3360;.468;84;252;.333;1488;3108;.479;.480;549;701;.783;656;1419;2075;453;208;408;507;1337;3777;
Playoffs Totals
07-08;PHI;PF;6;82;8;18;.444;1;8;17;.471;.444;4;4;1.000;4;11;15;3;1;5;2;5;20;
10-11;NOH;C;6;58;7;15;.467;7;15;.467;.467;1;6;7;1;2;11;14;
16-17;WAS;C;13;157;19;39;.487;3;10;.300;16;29;.552;.526;10;14;.714;10;19;29;4;2;7;10;30;51;
17-18;WAS;C;1;2;
Career;;26;299;34;72;.472;3;11;.273;31;61;.508;.493;14;18;.778;15;36;51;8;5;12;12;46;85;
Advanced
07-08;PHI;PF;76;1107;10.7;.491;.045;.265;8.2;16.6;12.3;2.8;1.1;3.6;12.2;16.1;0.2;1.4;1.5;.067;-3.6;0.1;-3.5;-0.4;
09-10;PHI;PF;56;658;10.6;.491;.167;.241;9.5;14.7;12.1;7.5;1.7;3.4;15.4;15.8;0.1;0.6;0.7;.048;-3.9;-0.4;-4.3;-0.4;
10-11;NOH;C;77;1102;10.8;.490;.007;.228;9.8;16.9;13.3;5.3;1.3;2.4;13.6;16.9;0.2;1.4;1.6;.070;-3.6;0.1;-3.5;-0.4;
11-12;NOH;PF;40;947;16.6;.537;.026;.135;9.2;15.3;12.3;6.8;1.2;3.6;9.8;20.4;1.2;1.0;2.2;.110;-0.2;-0.2;-0.4;0.4;
12-13;NOH;C;51;876;16.8;.544;.012;.299;8.6;16.9;12.7;7.0;0.9;4.3;12.5;23.4;1.1;0.6;1.7;.095;-1.4;-0.3;-1.6;0.1;
13-14;NOP;PF;31;830;12.4;.495;.177;7.0;18.5;12.7;5.6;0.7;2.9;8.4;18.2;0.5;0.4;0.9;.054;-2.4;-1.3;-3.6;-0.3;
14-15;NYK;C;82;1785;12.0;.497;.071;.258;6.2;15.0;10.5;13.5;0.9;2.1;13.6;19.7;0.5;0.7;1.2;.032;-2.4;-1.4;-3.8;-0.8;
15-16;ORL;C;76;1181;14.6;.513;.032;.133;4.9;15.8;10.3;8.6;1.4;4.6;9.7;22.1;0.4;1.4;1.8;.072;-2.5;0.3;-2.2;-0.1;
16-17;WAS;C;74;1068;13.6;.598;.237;.155;6.8;20.4;13.6;5.0;1.0;4.2;14.2;16.7;1.0;1.3;2.3;.103;-2.1;0.4;-1.8;0.1;
17-18;WAS;C;33;285;8.8;.455;.278;.183;7.2;13.9;10.5;7.4;0.5;4.0;11.4;21.7;-0.2;0.3;.003;-5.4;-1.0;-6.4;-0.3;
18-19;TOT;C,PF;20;190;9.8;.492;.441;.271;9.0;20.2;14.6;9.7;0.7;3.1;16.4;17.5;0.2;0.2;.038;-3.7;-1.0;-4.7;-0.1;
18-19;WAS;C;12;130;11.7;.520;.270;.324;9.0;22.1;15.4;12.3;0.4;3.2;14.2;16.1;0.1;0.1;0.2;.070;-2.7;-0.7;-3.4;
18-19;MIL;PF;6;40;6.3;.468;.692;.154;8.1;19.2;14.0;3.1;2.3;4.2;26.5;19.8;-0.1;0.1;-0.020;-6.8;-0.1;-6.9;-0.1;
18-19;NOP;C;2;20;4.6;.405;.778;.222;10.5;10.2;10.4;6.2;9.2;22.3;-0.049;-4.4;-4.4;-8.8;
Career;;616;10029;12.9;.515;.075;.209;7.6;16.6;12.0;7.4;1.1;3.4;12.1;19.0;4.9;9.2;14.1;.067;-2.6;-0.4;-2.9;-2.4;
Playoffs Advanced
07-08;PHI;PF;6;82;12.8;.506;.056;.222;5.9;17.5;11.5;6.6;0.7;4.8;9.2;12.4;0.1;0.1;0.2;.094;-0.6;1.8;1.2;0.1;
10-11;NOH;C;6;58;6.3;.467;2.3;13.0;7.8;3.1;1.9;12.9;.013;-4.6;-4.6;
16-17;WAS;C;13;157;8.6;.565;.256;.359;7.3;14.0;10.7;3.6;0.6;4.1;18.1;15.1;0.1;0.2;.047;-4.5;-1.0;-5.5;-0.1;
17-18;WAS;C;1;2;-0.021;-2.4;-2.2;-4.7;
Career;;26;299;9.2;.532;.153;.250;5.9;14.7;10.3;4.3;0.9;3.4;13.1;13.9;0.1;0.2;0.3;.053;-3.4;-0.1;-3.5;-0.1;
