JaVale McGee;Center;Right;1988-01-19;;7-0;270;Hales Franciscan in Chicago,Illinois;;;;-1;;
Per Game
08-09;WAS;C;75;14;15.2;2.5;5.2;.494;2.5;5.2;.494;.494;1.4;2.2;.660;1.6;2.3;3.9;0.3;0.4;1.0;0.8;2.1;6.5;
09-10;WAS;C;60;19;16.1;2.6;5.1;.508;2.6;5.1;.510;.508;1.2;1.9;.638;1.5;2.6;4.1;0.2;0.3;1.7;0.9;2.0;6.4;
10-11;WAS;C;79;75;27.8;4.2;7.6;.550;4.2;7.6;.552;.550;1.7;2.9;.583;2.8;5.2;8.0;0.5;0.5;2.4;1.3;2.9;10.1;
11-12;TOT;C;61;45;25.2;5.0;9.0;.556;5.0;9.0;.556;.556;1.3;2.7;.461;2.7;5.1;7.8;0.5;0.6;2.2;1.4;2.7;11.3;
11-12;WAS;C;41;40;27.4;5.2;9.8;.535;5.2;9.8;.535;.535;1.4;2.8;.500;3.1;5.7;8.8;0.6;0.6;2.5;1.7;2.9;11.9;
11-12;DEN;C;20;5;20.6;4.7;7.6;.612;4.7;7.6;.612;.612;1.0;2.6;.373;1.8;4.0;5.8;0.3;0.5;1.6;1.0;2.4;10.3;
12-13;DEN;C;79;18.1;3.8;6.7;.575;1.000;3.8;6.7;.574;.576;1.4;2.4;.591;2.0;2.8;4.8;0.3;0.4;2.0;1.1;2.3;9.1;
13-14;DEN;C;5;5;15.8;3.4;7.6;.447;3.4;7.6;.447;.447;0.2;0.2;1.000;2.0;1.4;3.4;0.4;0.2;1.4;1.6;3.2;7.0;
14-15;TOT;C;23;11.1;1.8;3.4;.532;1.8;3.4;.532;.532;1.0;1.4;.667;0.8;1.9;2.7;0.1;0.1;0.9;0.8;1.3;4.6;
14-15;DEN;C;17;11.5;2.0;3.6;.557;2.0;3.6;.557;.557;1.2;1.7;.690;0.8;2.0;2.8;0.1;0.1;1.1;0.8;1.6;5.2;
14-15;PHI;C;6;10.2;1.3;3.0;.444;1.3;3.0;.444;.444;0.3;0.7;.500;0.7;1.5;2.2;0.3;0.2;0.8;0.3;3.0;
15-16;DAL;C;34;2;10.9;2.3;3.9;.575;2.3;3.9;.579;.575;0.5;1.1;.500;1.6;2.4;3.9;0.1;0.1;0.8;0.6;1.4;5.1;
16-17;GSW;C;77;10;9.6;2.7;4.1;.652;2.7;4.1;.658;.652;0.7;1.4;.505;1.3;1.9;3.2;0.2;0.2;0.9;0.5;1.4;6.1;
17-18;GSW;C;65;17;9.5;2.1;3.4;.621;0.1;2.1;3.3;.638;.621;0.6;0.8;.731;0.9;1.7;2.6;0.5;0.3;0.9;0.4;1.4;4.8;
18-19;LAL;C;75;62;22.3;5.3;8.5;.624;0.2;.083;5.3;8.4;.634;.625;1.3;2.0;.632;2.6;4.9;7.5;0.7;0.6;2.0;1.4;2.8;12.0;
19-20;LAL;C;68;68;16.6;2.9;4.5;.637;0.1;.500;2.8;4.4;.640;.642;0.8;1.2;.646;1.8;3.9;5.7;0.5;0.5;1.4;0.8;2.3;6.6;
20-21;TOT;C;46;2;14.7;3.1;6.1;.511;0.1;0.5;.208;3.0;5.6;.539;.520;1.0;1.5;.657;1.7;3.5;5.2;0.8;0.4;1.2;1.3;2.6;7.3;
20-21;CLE;C;33;1;15.2;3.4;6.5;.521;0.2;0.6;.250;3.2;5.9;.549;.533;1.1;1.7;.655;1.6;3.5;5.2;1.0;0.5;1.2;1.4;2.4;8.0;
20-21;DEN;C;13;1;13.5;2.5;5.2;.478;0.3;2.5;4.8;.508;.478;0.6;0.9;.667;1.8;3.5;5.3;0.5;0.2;1.1;1.2;3.2;5.5;
21-22;PHO;C;74;17;15.8;3.9;6.2;.629;0.1;.222;3.9;6.1;.637;.631;1.4;2.0;.699;2.2;4.5;6.7;0.6;0.3;1.1;1.3;2.4;9.2;
Career;;821;336;17.0;3.4;5.9;.576;0.1;.182;3.4;5.8;.582;.577;1.1;1.9;.605;1.9;3.4;5.3;0.4;0.4;1.5;1.0;2.2;8.0;
Playoffs Per Game
11-12;DEN;C;7;25.9;3.3;7.6;.434;3.3;7.6;.434;.434;2.0;3.7;.538;3.3;6.3;9.6;0.7;0.7;<strong>3.1</strong>;0.6;3.0;8.6;
12-13;DEN;C;6;2;18.7;3.0;5.2;.581;3.0;5.2;.581;.581;1.2;3.0;.389;2.8;2.3;5.2;0.7;1.0;1.8;2.8;7.2;
15-16;DAL;C;2;7.0;0.5;1.0;.500;0.5;1.0;.500;.500;1.0;3.0;.333;1.0;0.5;1.5;0.5;1.5;1.5;2.0;
16-17;GSW;C;16;1;9.3;2.6;3.5;<strong>.732</strong>;2.6;3.5;<strong>.732</strong>;<strong>.732</strong>;0.8;1.1;.722;1.4;1.6;3.0;0.3;0.1;0.9;0.5;1.9;5.9;
17-18;GSW;C;13;9;12.2;3.0;4.5;.672;0.1;3.0;4.4;.684;.672;0.5;0.7;.667;1.2;2.0;3.2;0.3;0.2;0.8;0.4;1.5;6.5;
19-20;LAL;C;14;11;9.6;1.4;2.3;.625;0.1;1.4;2.1;.667;.625;0.1;0.1;.500;1.1;2.0;3.1;0.5;0.1;0.7;0.6;1.6;2.9;
20-21;DEN;C;4;8.5;0.8;2.5;.300;0.5;0.8;2.0;.375;.300;0.5;1.5;.333;0.8;2.3;3.0;0.8;0.3;1.3;0.3;1.0;2.0;
21-22;PHO;C;<strong>6</strong>;11.0;3.5;4.3;<strong>.808</strong>;3.5;4.3;<strong>.808</strong>;<strong>.808</strong>;1.3;1.7;.800;1.5;2.2;3.7;0.5;0.2;0.2;0.5;2.0;8.3;
Career;;68;23;12.5;2.4;3.9;.619;0.1;2.4;3.9;.631;.619;0.8;1.4;.558;1.6;2.4;4.0;0.4;0.3;1.0;0.6;1.9;5.7;
Totals
08-09;WAS;C;75;14;1143;191;387;.494;191;387;.494;.494;107;162;.660;120;174;294;23;33;75;61;155;489;
09-10;WAS;C;60;19;968;156;307;.508;1;156;306;.510;.508;74;116;.638;88;155;243;14;16;101;51;122;386;
10-11;WAS;C;79;75;2193;332;604;.550;3;332;601;.552;.550;134;230;.583;223;411;634;38;41;193;102;232;798;
11-12;TOT;C;61;45;1535;307;552;.556;307;552;.556;.556;77;167;.461;163;314;477;31;35;132;87;166;691;
11-12;WAS;C;41;40;1124;214;400;.535;214;400;.535;.535;58;116;.500;127;235;362;25;25;101;68;118;486;
11-12;DEN;C;20;5;411;93;152;.612;93;152;.612;.612;19;51;.373;36;79;115;6;10;31;19;48;205;
12-13;DEN;C;79;1433;303;527;.575;1;1;1.000;302;526;.574;.576;110;186;.591;158;223;381;24;30;157;90;184;717;
13-14;DEN;C;5;5;79;17;38;.447;17;38;.447;.447;1;1;1.000;10;7;17;2;1;7;8;16;35;
14-15;TOT;C;23;256;42;79;.532;42;79;.532;.532;22;33;.667;18;43;61;3;2;20;18;30;106;
14-15;DEN;C;17;195;34;61;.557;34;61;.557;.557;20;29;.690;14;34;48;1;2;19;13;28;88;
14-15;PHI;C;6;61;8;18;.444;8;18;.444;.444;2;4;.500;4;9;13;2;1;5;2;18;
15-16;DAL;C;34;2;370;77;134;.575;1;77;133;.579;.575;18;36;.500;53;80;133;3;5;26;21;49;172;
16-17;GSW;C;77;10;739;208;319;.652;3;208;316;.658;.652;56;111;.505;100;144;244;17;19;67;40;109;472;
17-18;GSW;C;65;17;615;136;219;.621;6;136;213;.638;.621;38;52;.731;59;110;169;33;21;57;27;91;310;
18-19;LAL;C;75;62;1671;400;641;.624;1;12;.083;399;629;.634;.625;96;152;.632;195;371;566;52;47;148;108;208;897;
19-20;LAL;C;68;68;1130;195;306;.637;3;6;.500;192;300;.640;.642;53;82;.646;125;265;390;37;36;94;55;159;446;
20-21;TOT;C;46;2;678;144;282;.511;5;24;.208;139;258;.539;.520;44;67;.657;77;162;239;39;19;54;60;121;337;
20-21;CLE;C;33;1;503;112;215;.521;5;20;.250;107;195;.549;.533;36;55;.655;54;116;170;33;16;40;45;80;265;
20-21;DEN;C;13;1;175;32;67;.478;4;32;63;.508;.478;8;12;.667;23;46;69;6;3;14;15;41;72;
21-22;PHO;C;74;17;1172;288;458;.629;2;9;.222;286;449;.637;.631;102;146;.699;163;333;496;42;22;81;98;181;680;
Career;;821;336;13982;2796;4853;.576;12;66;.182;2784;4787;.582;.577;932;1541;.605;1552;2792;4344;358;327;1212;826;1823;6536;
Playoffs Totals
11-12;DEN;C;7;181;23;53;.434;23;53;.434;.434;14;26;.538;23;44;67;5;5;22;4;21;60;
12-13;DEN;C;6;2;112;18;31;.581;18;31;.581;.581;7;18;.389;17;14;31;4;6;11;17;43;
15-16;DAL;C;2;14;1;2;.500;1;2;.500;.500;2;6;.333;2;1;3;1;3;3;4;
16-17;GSW;C;16;1;149;41;56;<strong>.732</strong>;41;56;<strong>.732</strong>;<strong>.732</strong>;13;18;.722;22;26;48;4;2;15;8;31;95;
17-18;GSW;C;13;9;158;39;58;.672;1;39;57;.684;.672;6;9;.667;16;26;42;4;3;11;5;20;84;
19-20;LAL;C;14;11;135;20;32;.625;2;20;30;.667;.625;1;2;.500;16;28;44;7;2;10;9;22;41;
20-21;DEN;C;4;34;3;10;.300;2;3;8;.375;.300;2;6;.333;3;9;12;3;1;5;1;4;8;
21-22;PHO;C;<strong>6</strong>;66;21;26;<strong>.808</strong>;21;26;<strong>.808</strong>;<strong>.808</strong>;8;10;.800;9;13;22;3;1;1;3;12;50;
Career;;68;23;849;166;268;.619;5;166;263;.631;.619;53;95;.558;108;161;269;26;19;70;44;130;385;
Advanced
08-09;WAS;C;75;1143;17.0;.534;.419;12.0;18.4;15.1;3.4;1.5;5.4;11.7;20.7;1.1;0.9;2.0;.084;-1.8;-1.1;-2.9;-0.3;
09-10;WAS;C;60;968;17.0;.539;.003;.378;10.3;18.7;14.5;2.4;0.9;8.0;12.5;19.1;0.8;1.3;2.1;.105;-2.0;1.2;-0.8;0.3;
10-11;WAS;C;79;2193;17.4;.566;.005;.381;11.2;22.2;16.5;2.8;1.0;<strong>6.7</strong>;12.6;16.3;2.7;2.5;5.3;.115;-0.7;0.4;-0.4;0.9;
11-12;TOT;C;61;1535;19.9;.552;.303;12.1;23.3;17.7;3.5;1.2;6.6;12.2;20.7;1.9;2.2;4.1;.127;0.1;0.2;0.8;
11-12;WAS;C;41;1124;19.6;.539;.290;12.6;23.8;18.2;3.9;1.2;6.9;13.1;20.7;1.2;1.6;2.8;.120;0.1;0.1;0.6;
11-12;DEN;C;20;411;20.5;.588;.336;10.5;21.8;16.3;2.5;1.2;5.9;9.8;21.0;0.7;0.6;1.3;.148;0.5;-0.1;0.4;0.2;
12-13;DEN;C;79;1433;20.7;.589;.002;.353;12.6;17.1;14.9;2.7;1.1;8.5;12.9;21.1;2.7;2.2;4.9;.163;0.4;1.2;1.6;1.3;
13-14;DEN;C;5;79;10.2;.455;.026;13.6;9.6;11.6;4.4;0.6;6.5;17.2;25.0;-0.1;0.1;-0.1;-0.039;-6.3;-0.1;-6.5;-0.1;
14-15;TOT;C;23;256;14.4;.567;.418;7.3;18.9;12.9;2.0;0.4;6.1;16.1;18.9;0.1;0.3;0.4;.071;-2.6;-0.2;-2.8;-0.1;
14-15;DEN;C;17;195;16.7;.597;.475;7.5;19.5;13.3;0.8;0.5;7.6;15.0;19.2;0.2;0.2;0.4;.109;-1.8;0.6;-1.2;
14-15;PHI;C;6;61;6.8;.455;.222;6.8;16.8;11.6;5.8;1.3;20.2;17.7;-0.1;-0.1;-0.052;-5.0;-2.7;-7.7;-0.1;
15-16;DAL;C;34;370;19.9;.574;.007;.269;15.8;23.7;19.7;1.5;0.7;5.9;12.3;21.1;0.6;0.5;1.1;.146;-0.2;-0.2;-0.3;0.1;
16-17;GSW;C;77;739;25.2;.642;.009;.348;15.9;20.1;18.1;3.8;1.2;7.1;9.8;23.8;2.0;1.5;3.5;.225;1.0;0.2;1.2;0.6;
17-18;GSW;C;65;615;22.3;.641;.027;.237;11.5;18.7;15.4;8.0;1.6;7.3;10.0;19.2;1.7;1.1;2.7;.212;0.3;1.2;1.5;0.5;
18-19;LAL;C;75;1671;21.8;.634;.019;.237;12.3;22.5;17.5;4.8;1.3;7.3;13.2;20.2;3.0;2.9;5.9;.171;0.3;1.2;1.4;1.4;
19-20;LAL;C;68;1130;19.4;.652;.020;.268;12.2;25.4;18.9;4.6;1.5;7.5;13.9;14.8;2.2;2.4;4.7;.198;-0.6;2.1;1.5;1.0;
20-21;TOT;C;46;678;17.0;.541;.085;.238;12.6;27.3;19.8;9.7;1.4;7.3;16.2;23.9;-0.1;1.1;1.0;.068;-3.3;0.8;-2.5;-0.1;
20-21;CLE;C;33;503;18.4;.554;.093;.256;11.7;26.5;18.9;11.4;1.6;7.1;15.8;24.6;0.8;0.8;.074;-2.3;1.2;-1.1;0.1;
20-21;DEN;C;13;175;12.9;.498;.060;.179;15.0;29.7;22.4;4.8;0.8;7.8;17.2;21.8;-0.1;0.3;0.2;.050;-6.4;-0.3;-6.6;-0.2;
21-22;PHO;C;74;1172;22.6;.651;.020;.319;15.3;29.7;22.7;5.4;0.9;6.1;15.8;22.8;2.4;2.6;4.9;.201;-0.1;0.9;0.8;0.8;
Career;;821;13982;19.6;.591;.014;.318;12.4;22.0;17.2;4.1;1.2;7.0;13.0;19.8;20.8;21.6;42.4;.146;-0.5;0.6;0.1;7.4;
Playoffs Advanced
11-12;DEN;C;7;181;20.3;.466;.491;13.1;24.1;18.7;4.1;1.5;<strong>8.7</strong>;5.8;16.6;0.3;0.3;0.6;.159;0.8;2.1;2.9;0.2;
12-13;DEN;C;6;112;14.1;.552;.581;16.2;16.3;16.2;1.8;4.5;22.0;19.0;0.1;0.1;.030;-2.7;-0.9;-3.6;
15-16;DAL;C;2;14;-0.5;.431;3.000;16.0;8.7;12.5;3.7;39.3;25.3;-0.1;-0.1;-0.300;-12.4;-2.3;-14.7;
16-17;GSW;C;16;149;26.9;<strong>.743</strong>;.321;17.1;17.6;17.4;4.3;0.6;8.2;11.1;20.7;0.6;0.3;0.9;.295;2.3;1.7;4.0;0.2;
17-18;GSW;C;13;158;23.6;.678;.017;.155;11.7;17.2;14.6;4.2;0.9;<strong>6.1</strong>;7.5;19.0;0.5;0.3;0.8;.243;1.9;0.8;2.7;0.2;
19-20;LAL;C;14;135;15.3;.623;.063;.063;14.1;24.3;19.2;7.3;0.7;7.3;21.5;13.5;0.1;0.2;0.4;.132;-2.6;1.6;-1.1;
20-21;DEN;C;4;34;12.3;.316;.200;.600;9.3;32.3;19.9;11.4;1.5;13.9;7.3;17.5;-0.1;0.1;-0.022;-4.5;3.5;-1.0;
21-22;PHO;C;<strong>6</strong>;66;33.6;.822;.385;17.2;21.8;19.7;7.8;0.8;1.3;9.0;23.7;0.4;0.5;.336;6.5;0.9;7.4;0.2;
Career;;68;849;20.8;.621;.019;.354;14.3;20.6;17.5;4.6;1.1;6.8;12.4;18.3;1.8;1.3;3.1;.176;0.3;1.2;1.5;0.7;
