Jeff Ayres;Power Forward and Center;Right;1987-04-29;;6-9;240;Etiwanda in Rancho Cucamonga,California;;;;-1;;
Per Game
09-10;POR;C;39;4;10.4;1.1;1.7;.662;1.1;1.7;.662;.662;0.5;0.5;.900;0.6;1.9;2.5;0.2;0.4;0.3;1.9;2.7;
11-12;IND;C;20;1;5.3;0.8;1.8;.417;0.8;1.8;.417;.417;0.2;0.4;.571;0.6;1.1;1.7;0.2;0.2;0.1;0.1;0.8;1.7;
12-13;IND;PF;37;10.0;1.6;3.4;.484;0.1;0.1;.500;1.6;3.3;.484;.492;0.6;0.6;.913;0.8;2.0;2.8;0.4;0.2;0.3;0.6;1.2;3.9;
13-14;SAS;PF;73;10;13.0;1.4;2.4;.580;1.4;2.4;.580;.580;0.5;0.8;.691;1.2;2.3;3.5;0.8;0.2;0.3;0.9;2.0;3.3;
14-15;SAS;PF;51;7.5;1.1;1.9;.579;1.1;1.9;.579;.579;0.5;0.7;.750;0.7;1.6;2.3;0.3;0.2;0.2;0.5;1.2;2.7;
15-16;LAC;C;17;6.3;0.7;1.4;.522;0.1;0.7;1.3;.545;.522;0.4;0.4;1.000;0.2;1.1;1.3;0.3;0.2;0.4;1.1;1.8;
Career;;237;15;9.8;1.2;2.2;.553;.400;1.2;2.2;.554;.555;0.5;0.6;.776;0.8;1.8;2.7;0.4;0.2;0.3;0.6;1.5;2.9;
Playoffs Per Game
09-10;POR;C;3;5.7;0.7;1.3;.500;0.7;1.3;.500;.500;1.0;1.3;.750;0.7;0.7;0.7;1.0;0.3;0.3;2.3;
11-12;IND;C;4;2.3;0.3;0.8;.333;0.3;0.8;.333;.333;0.5;0.5;0.5;0.5;
12-13;IND;PF;9;7.9;0.9;2.7;.333;0.1;0.9;2.6;.348;.333;0.4;1.6;2.0;0.1;0.2;0.3;1.6;1.8;
13-14;SAS;PF;17;3.8;0.4;0.8;.462;0.4;0.8;.462;.462;0.3;0.5;.625;0.4;0.8;1.1;0.3;0.1;0.4;1.0;
14-15;SAS;PF;3;4.0;0.3;0.3;1.0;1.0;0.7;
15-16;LAC;C;2;1.0;0.5;0.5;1.000;0.5;0.5;1.000;1.000;0.5;0.5;1.000;1.5;
Career;;38;4.6;0.5;1.2;.391;0.5;1.2;.400;.391;0.2;0.3;.692;0.3;0.8;1.2;0.2;0.1;0.1;0.1;0.6;1.2;
Totals
09-10;POR;C;39;4;405;43;65;.662;43;65;.662;.662;18;20;.900;25;73;98;1;7;16;12;76;104;
11-12;IND;C;20;1;106;15;36;.417;15;36;.417;.417;4;7;.571;12;21;33;4;3;2;2;16;34;
12-13;IND;PF;37;369;61;126;.484;2;4;.500;59;122;.484;.492;21;23;.913;29;75;104;15;6;12;23;44;145;
13-14;SAS;PF;73;10;952;101;174;.580;101;174;.580;.580;38;55;.691;89;169;258;60;13;25;63;146;240;
14-15;SAS;PF;51;383;55;95;.579;55;95;.579;.579;27;36;.750;37;80;117;14;8;8;26;60;137;
15-16;LAC;C;17;107;12;23;.522;1;12;22;.545;.522;6;6;1.000;4;18;22;5;3;6;18;30;
Career;;237;15;2322;287;519;.553;2;5;.400;285;514;.554;.555;114;147;.776;196;436;632;99;37;66;132;360;690;
Playoffs Totals
09-10;POR;C;3;17;2;4;.500;2;4;.500;.500;3;4;.750;2;2;2;3;1;1;7;
11-12;IND;C;4;9;1;3;.333;1;3;.333;.333;2;2;2;2;
12-13;IND;PF;9;71;8;24;.333;1;8;23;.348;.333;4;14;18;1;2;3;14;16;
13-14;SAS;PF;17;65;6;13;.462;6;13;.462;.462;5;8;.625;6;13;19;5;1;6;17;
14-15;SAS;PF;3;12;1;1;3;3;2;
15-16;LAC;C;2;2;1;1;1.000;1;1;1.000;1.000;1;1;1.000;3;
Career;;38;176;18;46;.391;1;18;45;.400;.391;9;13;.692;12;32;44;8;2;5;5;23;45;
Advanced
09-10;POR;C;39;405;12.1;.705;.308;7.6;22.5;15.0;0.4;0.9;3.2;14.0;10.1;0.8;0.6;1.3;.156;-3.4;0.4;-3.0;-0.1;
11-12;IND;C;20;106;13.4;.435;.194;12.8;22.1;17.5;6.3;1.5;1.5;4.9;17.6;0.1;0.2;0.3;.115;-1.9;-1.0;-2.8;
12-13;IND;PF;37;369;14.5;.533;.032;.183;8.9;22.2;15.7;7.2;0.9;2.4;14.5;19.7;0.3;0.7;1.0;.129;-1.9;0.9;-1.0;0.1;
13-14;SAS;PF;73;952;11.1;.605;.316;11.0;19.2;15.3;8.6;0.7;1.9;24.1;12.4;1.0;1.4;2.4;.121;-3.0;1.0;-2.1;
14-15;SAS;PF;51;383;14.4;.618;.379;11.2;23.3;17.3;5.5;1.1;1.6;19.0;16.3;0.6;0.6;1.2;.147;-2.4;0.3;-2.2;
15-16;LAC;C;17;107;8.3;.585;.043;.261;4.1;18.1;11.2;6.9;2.2;19.0;13.4;0.1;0.1;0.2;.077;-5.6;-0.5;-6.1;-0.1;
Career;;237;2322;12.4;.591;.010;.283;9.9;21.0;15.5;6.3;0.8;2.1;18.4;14.1;2.8;3.6;6.3;.131;-2.9;0.6;-2.3;-0.2;
Playoffs Advanced
09-10;POR;C;3;17;27.7;.608;1.000;13.8;7.2;6.5;16.0;14.8;19.1;0.1;.186;3.3;6.4;9.7;
11-12;IND;C;4;9;0.2;.333;25.6;12.9;15.4;-0.017;-9.3;-2.0;-11.4;
12-13;IND;PF;9;71;2.0;.333;.042;6.9;22.2;14.9;2.5;2.3;11.1;17.8;-0.2;0.1;-0.1;-0.052;-8.0;-1.5;-9.5;-0.1;
13-14;SAS;PF;17;65;13.0;.515;.615;11.1;22.8;17.1;10.5;5.7;12.5;0.1;0.1;0.2;.158;0.5;0.6;1.0;0.1;
14-15;SAS;PF;3;12;5.7;27.6;13.3;21.2;3.7;.014;-1.5;3.5;2.0;
15-16;LAC;C;2;2;68.8;1.042;1.000;32.1;.768;23.2;6.1;29.3;
Career;;38;176;9.5;.435;.022;.283;8.2;20.6;14.6;6.4;0.6;2.5;8.8;15.0;0.2;0.2;.064;-3.0;0.4;-2.6;
