Jeff Teague;Point Guard;Right;1988-06-10;;6-3;195;Pike in Indianapolis,Indiana;;;;-1;;
Per Game
09-10;ATL;PG;71;3;10.1;1.3;3.2;.396;0.1;0.5;.219;1.2;2.7;.426;.412;0.6;0.7;.837;0.1;0.9;0.9;1.7;0.5;0.2;0.7;1.2;3.2;
10-11;ATL;PG;70;7;13.8;1.9;4.3;.438;0.3;0.7;.375;1.6;3.7;.449;.467;1.1;1.4;.794;0.2;1.3;1.5;2.0;0.6;0.4;0.9;1.2;5.2;
11-12;ATL;PG;<strong>66</strong>;66;33.1;4.8;10.2;.476;0.8;2.3;.342;4.1;7.9;.514;.514;2.1;2.8;.757;0.3;2.1;2.4;4.9;1.6;0.6;2.0;2.2;12.6;
12-13;ATL;PG;80;78;32.9;5.5;12.2;.451;1.1;3.1;.359;4.4;9.1;.482;.496;2.5;2.8;.881;0.3;1.9;2.3;7.2;1.5;0.4;2.9;2.3;14.6;
13-14;ATL;PG;79;79;32.2;5.8;13.2;.438;0.9;2.8;.329;4.8;10.3;.469;.474;4.0;4.8;.846;0.4;2.2;2.6;6.7;1.1;0.2;2.9;2.0;16.5;
14-15;ATL;PG;73;72;30.5;5.6;12.2;.460;1.0;2.8;.343;4.6;9.3;.496;.500;3.8;4.4;.862;0.4;2.1;2.5;7.0;1.7;0.4;2.8;1.9;15.9;
15-16;ATL;PG;79;78;28.5;5.5;12.5;.439;1.4;3.5;.400;4.1;9.0;.454;.495;3.3;3.9;.837;0.4;2.3;2.7;5.9;1.2;0.3;2.8;2.1;15.7;
16-17;IND;PG;<strong>82</strong>;82;32.4;4.9;11.1;.442;1.1;3.1;.357;3.8;8.0;.475;.492;4.4;5.1;.867;0.4;3.6;4.0;7.8;1.2;0.4;2.6;2.0;15.3;
17-18;MIN;PG;70;70;33.0;5.1;11.3;.446;1.2;3.3;.368;3.9;8.1;.477;.499;2.9;3.4;.845;0.3;2.6;3.0;7.0;1.5;0.3;2.5;2.4;14.2;
18-19;MIN;PG;42;41;30.1;4.2;9.9;.423;0.8;2.5;.333;3.4;7.4;.453;.465;2.9;3.6;.804;0.4;2.1;2.5;8.2;1.0;0.4;2.3;2.1;12.1;
19-20;TOT;PG;59;17;24.8;3.6;8.3;.436;0.7;2.0;.368;2.9;6.3;.457;.480;2.9;3.3;.873;0.5;1.9;2.4;5.2;0.7;0.3;2.0;1.8;10.9;
19-20;MIN;PG;34;13;27.8;4.3;9.5;.448;1.0;2.6;.379;3.3;7.0;.473;.498;3.7;4.2;.868;0.4;2.1;2.6;6.1;0.7;0.4;2.2;2.1;13.2;
19-20;ATL;PG;25;4;20.8;2.7;6.6;.412;0.4;1.2;.333;2.3;5.4;.430;.442;1.9;2.1;.887;0.5;1.7;2.2;4.0;0.8;0.2;1.6;1.4;7.7;
20-21;TOT;PG;55;7;17.3;2.2;5.2;.433;0.7;1.5;.439;1.6;3.7;.431;.496;1.6;1.9;.848;0.3;1.3;1.6;2.4;0.6;0.2;1.2;1.0;6.7;
20-21;BOS;PG;34;5;18.1;2.3;5.5;.415;0.8;1.6;.464;1.5;3.9;.394;.484;1.5;1.8;.836;0.3;1.4;1.7;2.1;0.8;0.2;1.1;1.3;6.9;
20-21;MIL;PG;21;2;15.9;2.1;4.6;.469;0.5;1.2;.385;1.7;3.3;.500;.521;1.8;2.1;.864;0.2;1.2;1.5;2.8;0.4;0.2;1.2;0.6;6.6;
Career;;826;600;26.8;4.3;9.7;.444;0.9;2.4;.360;3.4;7.3;.472;.489;2.7;3.2;.844;0.3;2.1;2.4;5.6;1.1;0.3;2.2;1.9;12.2;
Playoffs Per Game
09-10;ATL;PG;9;6.6;0.8;2.3;.333;0.2;0.6;.400;0.6;1.8;.313;.381;0.2;0.2;0.4;0.3;0.1;0.4;0.3;1.8;
10-11;ATL;PG;8;6;29.8;4.6;9.0;.514;0.1;0.9;.143;4.5;8.1;.554;.521;2.4;2.9;.826;2.1;2.1;3.5;0.8;0.4;1.0;1.3;11.8;
11-12;ATL;PG;6;6;37.5;5.0;12.2;.411;1.2;2.8;.412;3.8;9.3;.411;.459;2.8;3.2;.895;0.7;3.0;3.7;4.2;0.8;0.8;1.7;3.0;14.0;
12-13;ATL;PG;6;6;35.5;4.5;13.5;.333;0.5;1.7;.300;4.0;11.8;.338;.352;3.8;4.7;.821;0.5;2.3;2.8;5.0;1.5;0.3;2.3;2.8;13.3;
13-14;ATL;PG;7;7;34.6;6.3;16.0;.393;1.3;3.9;.333;5.0;12.1;.412;.433;5.4;5.7;.950;0.7;3.0;3.7;5.0;1.0;0.6;3.0;2.1;19.3;
14-15;ATL;PG;16;16;33.1;6.1;14.9;.410;1.3;4.1;.323;4.8;10.9;.443;.454;3.3;3.8;.867;0.6;2.6;3.2;6.7;1.5;0.4;2.7;2.1;16.8;
15-16;ATL;PG;10;10;27.9;4.6;12.1;.380;0.9;3.6;.250;3.7;8.5;.435;.417;4.4;5.2;.846;0.3;1.6;1.9;6.2;0.6;0.2;2.5;3.0;14.5;
16-17;IND;PG;4;4;35.5;5.5;11.3;.489;2.3;4.3;.529;3.3;7.0;.464;.589;3.8;4.5;.833;3.3;3.3;6.3;1.0;0.8;2.0;3.0;17.0;
17-18;MIN;PG;5;5;30.6;4.6;10.2;.451;1.4;3.6;.389;3.2;6.6;.485;.520;2.4;3.4;.706;0.6;3.0;3.6;5.8;0.6;0.4;2.8;3.8;13.0;
20-21;MIL;PG;16;7.4;0.6;1.9;.290;0.3;0.7;.455;0.3;1.3;.200;.371;0.6;0.7;.818;0.1;0.4;0.5;0.8;0.2;0.4;0.6;2.0;
Career;;87;60;25.3;3.9;9.7;.405;0.8;2.4;.343;3.1;7.3;.427;.449;2.6;3.1;.854;0.3;1.9;2.2;4.1;0.8;0.3;1.8;1.9;11.4;
Totals
09-10;ATL;PG;71;3;719;90;227;.396;7;32;.219;83;195;.426;.412;41;49;.837;5;62;67;122;34;11;50;82;228;
10-11;ATL;PG;70;7;963;133;304;.438;18;48;.375;115;256;.449;.467;77;97;.794;11;91;102;138;45;25;64;82;361;
11-12;ATL;PG;<strong>66</strong>;66;2183;320;672;.476;51;149;.342;269;523;.514;.514;140;185;.757;21;138;159;321;106;37;134;145;831;
12-13;ATL;PG;80;78;2628;439;974;.451;89;248;.359;350;726;.482;.496;199;226;.881;25;155;180;579;117;28;230;181;1166;
13-14;ATL;PG;79;79;2542;456;1040;.438;74;225;.329;382;815;.469;.474;318;376;.846;34;174;208;528;89;17;232;158;1304;
14-15;ATL;PG;73;72;2228;408;887;.460;71;207;.343;337;680;.496;.500;275;319;.862;30;154;184;513;125;31;205;139;1162;
15-16;ATL;PG;79;78;2255;434;988;.439;110;275;.400;324;713;.454;.495;261;312;.837;33;181;214;470;97;24;218;167;1239;
16-17;IND;PG;<strong>82</strong>;82;2657;402;909;.442;90;252;.357;312;657;.475;.492;360;415;.867;33;297;330;639;100;32;216;165;1254;
17-18;MIN;PG;70;70;2311;354;794;.446;84;228;.368;270;566;.477;.499;202;239;.845;24;185;209;492;102;23;177;171;994;
18-19;MIN;PG;42;41;1264;176;416;.423;35;105;.333;141;311;.453;.465;123;153;.804;16;90;106;343;43;18;97;90;510;
19-20;TOT;PG;59;17;1464;213;489;.436;43;117;.368;170;372;.457;.480;172;197;.873;27;115;142;308;44;19;116;106;641;
19-20;MIN;PG;34;13;945;145;324;.448;33;87;.379;112;237;.473;.498;125;144;.868;15;73;88;208;25;13;76;70;448;
19-20;ATL;PG;25;4;519;68;165;.412;10;30;.333;58;135;.430;.442;47;53;.887;12;42;54;100;19;6;40;36;193;
20-21;TOT;PG;55;7;950;123;284;.433;36;82;.439;87;202;.431;.496;89;105;.848;15;73;88;132;34;12;64;56;371;
20-21;BOS;PG;34;5;616;78;188;.415;26;56;.464;52;132;.394;.484;51;61;.836;10;47;57;73;26;7;39;43;233;
20-21;MIL;PG;21;2;334;45;96;.469;10;26;.385;35;70;.500;.521;38;44;.864;5;26;31;59;8;5;25;13;138;
Career;;826;600;22164;3548;7984;.444;708;1968;.360;2840;6016;.472;.489;2257;2673;.844;274;1715;1989;4585;936;277;1803;1542;10061;
Playoffs Totals
09-10;ATL;PG;9;59;7;21;.333;2;5;.400;5;16;.313;.381;2;2;4;3;1;4;3;16;
10-11;ATL;PG;8;6;238;37;72;.514;1;7;.143;36;65;.554;.521;19;23;.826;17;17;28;6;3;8;10;94;
11-12;ATL;PG;6;6;225;30;73;.411;7;17;.412;23;56;.411;.459;17;19;.895;4;18;22;25;5;5;10;18;84;
12-13;ATL;PG;6;6;213;27;81;.333;3;10;.300;24;71;.338;.352;23;28;.821;3;14;17;30;9;2;14;17;80;
13-14;ATL;PG;7;7;242;44;112;.393;9;27;.333;35;85;.412;.433;38;40;.950;5;21;26;35;7;4;21;15;135;
14-15;ATL;PG;16;16;529;98;239;.410;21;65;.323;77;174;.443;.454;52;60;.867;10;41;51;107;24;7;43;34;269;
15-16;ATL;PG;10;10;279;46;121;.380;9;36;.250;37;85;.435;.417;44;52;.846;3;16;19;62;6;2;25;30;145;
16-17;IND;PG;4;4;142;22;45;.489;9;17;.529;13;28;.464;.589;15;18;.833;13;13;25;4;3;8;12;68;
17-18;MIN;PG;5;5;153;23;51;.451;7;18;.389;16;33;.485;.520;12;17;.706;3;15;18;29;3;2;14;19;65;
20-21;MIL;PG;16;119;9;31;.290;5;11;.455;4;20;.200;.371;9;11;.818;2;6;8;13;3;6;9;32;
Career;;87;60;2199;343;846;.405;73;213;.343;270;633;.427;.449;229;268;.854;30;163;193;358;70;29;153;167;988;
Advanced
09-10;ATL;PG;71;719;11.0;.459;.141;.216;0.8;10.2;5.4;25.1;2.5;1.2;16.7;19.1;-0.2;0.8;0.6;.042;-3.8;0.3;-3.6;-0.3;
10-11;ATL;PG;70;963;14.6;.521;.158;.319;1.4;11.3;6.4;23.3;2.5;2.0;15.6;20.3;0.4;1.2;1.7;.083;-0.8;1.3;0.5;0.6;
11-12;ATL;PG;<strong>66</strong>;2183;15.8;.551;.222;.275;1.1;7.4;4.3;24.3;2.6;1.3;15.1;19.1;3.0;3.0;6.0;.131;1.3;1.3;1.8;
12-13;ATL;PG;80;2628;16.8;.543;.255;.232;1.1;6.7;3.9;36.1;2.3;0.8;17.6;23.0;3.5;2.6;6.1;.111;0.9;-0.6;0.3;1.5;
13-14;ATL;PG;79;2542;17.1;.541;.216;.362;1.6;7.9;4.7;35.1;1.8;0.5;16.1;25.7;3.3;1.9;5.2;.098;1.2;-1.3;-0.1;1.2;
14-15;ATL;PG;73;2228;20.6;.566;.233;.360;1.6;7.7;4.7;37.9;2.9;1.2;16.6;25.3;5.0;2.8;7.7;.166;2.7;0.3;2.9;2.8;
15-16;ATL;PG;79;2255;17.9;.551;.278;.316;1.6;8.6;5.2;34.4;2.1;0.8;16.2;26.6;2.8;3.0;5.9;.125;1.5;-0.2;1.3;1.9;
16-17;IND;PG;<strong>82</strong>;2657;19.2;.574;.277;.457;1.4;12.4;7.0;36.4;1.9;1.1;16.5;22.1;5.7;2.4;8.1;.146;2.3;-0.1;2.2;2.8;
17-18;MIN;PG;70;2311;16.4;.553;.287;.301;1.2;9.3;5.2;30.6;2.2;0.9;16.4;20.6;3.4;1.4;4.9;.101;1.1;-0.7;0.4;1.4;
18-19;MIN;PG;42;1264;15.4;.528;.252;.368;1.3;7.7;4.5;37.6;1.6;1.2;16.7;19.3;1.7;0.5;2.2;.085;0.8;-1.2;-0.4;0.5;
19-20;TOT;PG;59;1464;14.6;.557;.239;.403;1.9;8.6;5.2;30.7;1.4;1.1;16.8;19.5;1.9;0.6;2.5;.082;-0.2;-1.3;-1.5;0.2;
19-20;MIN;PG;34;945;15.9;.578;.269;.444;1.6;8.5;4.9;32.5;1.2;1.1;16.4;20.2;1.7;0.4;2.1;.108;0.6;-1.2;-0.6;0.3;
19-20;ATL;PG;25;519;12.2;.512;.182;.321;2.5;8.8;5.6;27.3;1.7;1.0;17.5;18.3;0.2;0.2;0.4;.035;-1.6;-1.5;-3.2;-0.2;
20-21;TOT;PG;55;950;12.3;.562;.289;.370;1.7;8.3;5.1;18.3;1.7;1.2;16.2;17.7;0.8;0.8;1.6;.079;-1.7;-0.5;-2.2;-0.1;
20-21;BOS;PG;34;616;11.4;.542;.298;.324;1.8;8.6;5.2;16.2;2.1;1.1;15.4;17.7;0.3;0.5;0.8;.062;-2.4;-0.3;-2.7;-0.1;
20-21;MIL;PG;21;334;14.1;.598;.271;.458;1.6;7.9;4.9;22.2;1.1;1.3;17.8;17.6;0.5;0.2;0.8;.110;-0.5;-1.0;-1.4;0.1;
Career;;826;22164;16.8;.549;.246;.335;1.4;8.7;5.1;32.3;2.1;1.0;16.4;22.2;31.4;21.0;52.4;.113;0.8;-0.3;0.6;14.3;
Playoffs Advanced
09-10;ATL;PG;9;59;4.7;.381;.238;4.4;2.0;11.6;2.8;1.5;16.0;20.1;-0.2;-0.1;-0.112;-3.4;-1.1;-4.5;
10-11;ATL;PG;8;238;17.3;.572;.097;.319;8.6;4.3;22.2;1.4;1.1;8.9;18.6;0.5;0.2;0.7;.132;1.9;0.8;2.7;0.3;
11-12;ATL;PG;6;225;14.3;.516;.233;.260;2.0;9.9;5.7;21.4;1.2;1.8;10.9;19.5;0.3;0.4;0.7;.139;1.3;1.5;2.8;0.3;
12-13;ATL;PG;6;213;10.9;.429;.123;.346;1.5;7.4;4.4;25.4;2.2;0.8;13.0;23.9;-0.2;0.2;-0.011;-1.6;-0.9;-2.6;
13-14;ATL;PG;7;242;17.1;.521;.241;.357;2.2;10.5;6.1;32.2;1.5;1.4;13.9;28.9;0.1;0.4;0.5;.095;2.9;-0.4;2.6;0.3;
14-15;ATL;PG;16;529;17.8;.507;.272;.251;2.0;8.3;5.2;35.3;2.3;1.1;13.9;26.5;0.5;0.5;1.0;.094;2.2;-0.2;2.0;0.5;
15-16;ATL;PG;10;279;14.9;.504;.298;.430;1.2;5.9;3.7;37.7;1.1;0.6;14.8;27.1;0.3;0.2;0.4;.071;-1.6;-1.5;
16-17;IND;PG;4;142;18.3;.642;.378;.400;10.9;5.4;25.6;1.4;2.1;13.1;18.8;0.4;0.4;.143;2.5;0.1;2.6;0.2;
17-18;MIN;PG;5;153;13.2;.556;.353;.333;2.2;10.3;6.4;29.6;1.0;1.4;19.3;21.6;0.1;0.1;.028;-0.1;-1.1;-1.2;
20-21;MIL;PG;16;119;5.6;.446;.355;.355;1.8;5.5;3.6;13.8;1.2;14.3;15.1;-0.1;0.2;0.1;.032;-5.0;-1.3;-6.3;-0.1;
Career;;87;2199;15.0;.512;.252;.317;1.5;8.4;4.9;28.6;1.7;1.1;13.7;23.4;1.6;2.0;3.6;.079;0.8;-0.3;0.5;1.4;
