Jeff Withey;Center;Right;1990-03-07;;7-0;231;Horizon in San Diego,California;;;;-1;;
Per Game
13-14;NOP;C;58;4;11.8;1.2;2.2;.535;1.2;2.2;.539;.535;0.9;1.3;.712;0.8;1.7;2.6;0.4;0.3;0.9;0.3;1.3;3.3;
14-15;NOP;C;37;7.0;0.9;1.7;.500;0.9;1.7;.500;.500;0.9;1.4;.680;0.6;1.1;1.7;0.3;0.1;0.5;0.3;0.7;2.6;
15-16;UTA;C;51;10;12.9;1.7;3.2;.537;1.7;3.1;.544;.537;0.8;1.2;.729;1.1;2.3;3.4;0.4;0.4;1.0;0.5;1.5;4.3;
16-17;UTA;C;51;1;8.5;1.1;2.0;.534;1.1;2.0;.539;.534;0.7;0.9;.750;1.0;1.4;2.4;0.1;0.3;0.6;0.3;1.0;2.9;
17-18;DAL;C;9;4.3;0.7;1.8;.375;0.2;1.1;.200;0.4;0.7;.667;.438;0.1;0.2;.500;0.1;1.0;1.1;0.3;0.2;0.3;1.7;
Career;;206;15;10.1;1.2;2.3;.525;0.1;.143;1.2;2.2;.537;.527;0.8;1.1;.716;0.9;1.6;2.5;0.3;0.3;0.8;0.4;1.1;3.2;
Playoffs Per Game
16-17;UTA;C;3;7.0;0.7;1.3;.500;0.7;1.3;.500;.500;0.3;0.7;.500;1.0;0.3;1.3;0.3;0.3;0.3;1.7;1.7;
Career;;3;7.0;0.7;1.3;.500;0.7;1.3;.500;.500;0.3;0.7;.500;1.0;0.3;1.3;0.3;0.3;0.3;1.7;1.7;
Totals
13-14;NOP;C;58;4;684;69;129;.535;1;69;128;.539;.535;52;73;.712;49;101;150;26;15;50;20;73;190;
14-15;NOP;C;37;259;32;64;.500;32;64;.500;.500;34;50;.680;23;41;64;11;4;18;12;26;98;
15-16;UTA;C;51;10;658;87;162;.537;2;87;160;.544;.537;43;59;.729;56;117;173;20;21;53;28;75;217;
16-17;UTA;C;51;1;432;55;103;.534;1;55;102;.539;.534;36;48;.750;52;69;121;7;16;32;14;52;146;
17-18;DAL;C;9;39;6;16;.375;2;10;.200;4;6;.667;.438;1;2;.500;1;9;10;3;2;3;15;
Career;;206;15;2072;249;474;.525;2;14;.143;247;460;.537;.527;166;232;.716;181;337;518;64;56;156;76;229;666;
Playoffs Totals
16-17;UTA;C;3;21;2;4;.500;2;4;.500;.500;1;2;.500;3;1;4;1;1;1;5;5;
Career;;3;21;2;4;.500;2;4;.500;.500;1;2;.500;3;1;4;1;1;1;5;5;
Advanced
13-14;NOP;C;58;684;15.2;.590;.008;.566;8.2;17.4;12.7;5.6;1.1;6.1;11.0;12.0;1.2;0.6;1.8;.128;-0.5;0.7;0.2;0.4;
14-15;NOP;C;37;259;17.6;.570;.781;10.1;17.9;14.0;6.4;0.8;5.3;12.2;17.3;0.5;0.3;0.8;.149;-0.4;-0.1;-0.5;0.1;
15-16;UTA;C;51;658;17.7;.577;.012;.364;10.0;20.7;15.4;5.0;1.7;6.8;13.0;15.1;1.1;1.3;2.3;.171;-1.0;2.0;1.0;0.5;
16-17;UTA;C;51;432;18.8;.588;.010;.466;14.3;17.9;16.2;2.5;1.9;6.0;10.1;14.9;1.0;0.9;1.8;.205;-0.4;1.9;1.4;0.4;
17-18;DAL;C;9;39;8.3;.444;.625;.125;2.8;26.6;14.2;6.8;10.6;22.0;-0.1;0.1;-0.054;-4.4;-0.6;-5.0;
Career;;206;2072;16.9;.578;.030;.489;10.2;18.8;14.5;4.8;1.4;6.2;11.7;14.5;3.7;3.1;6.8;.157;-0.7;1.2;0.5;1.3;
Playoffs Advanced
16-17;UTA;C;3;21;14.1;.512;.500;17.1;5.7;11.4;7.4;2.5;4.2;11.1;0.1;.178;-1.6;2.6;1.0;
Career;;3;21;14.1;.512;.500;17.1;5.7;11.4;7.4;2.5;4.2;11.1;0.1;.178;-1.6;2.6;1.0;
