Jeff Green;Power Forward, Small Forward, and Center;Right;1986-08-28;;6-8;235;Northwestern in Hyattsville,Maryland;;;;-1;;
Per Game
07-08;SEA;SF;80;52;28.2;4.0;9.4;.427;0.3;1.0;.276;3.7;8.4;.444;.441;2.2;3.0;.744;1.3;3.5;4.7;1.5;0.6;0.6;2.0;2.5;10.5;
08-09;OKC;PF;78;78;36.8;6.1;13.7;.446;1.2;3.2;.389;4.9;10.5;.463;.491;3.1;3.9;.788;1.5;5.1;6.7;2.0;1.0;0.4;2.2;2.6;16.5;
09-10;OKC;PF;<strong>82</strong>;82;37.1;5.9;13.0;.453;1.3;3.8;.333;4.6;9.2;.503;.502;2.0;2.7;.740;1.4;4.6;6.0;1.6;1.3;0.9;1.6;2.7;15.1;
10-11;TOT;PF,SF;75;51;32.4;4.9;10.9;.449;0.9;2.8;.303;4.1;8.1;.499;.488;2.6;3.3;.811;1.0;3.8;4.8;1.4;0.7;0.5;1.3;2.8;13.3;
10-11;OKC;PF;49;49;37.0;5.5;12.6;.437;1.1;3.8;.304;4.4;8.9;.493;.482;3.0;3.7;.818;1.2;4.4;5.6;1.8;0.8;0.4;1.6;2.9;15.2;
10-11;BOS;SF;26;2;23.5;3.8;7.8;.485;0.3;1.0;.296;3.5;6.7;.514;.505;1.9;2.4;.794;0.6;2.7;3.3;0.7;0.5;0.6;0.9;2.6;9.8;
12-13;BOS;PF;81;17;27.8;4.6;10.0;.467;0.9;2.2;.385;3.8;7.7;.490;.510;2.6;3.3;.808;0.7;3.2;3.9;1.6;0.7;0.8;1.6;2.2;12.8;
13-14;BOS;SF;82;82;34.2;5.9;14.3;.412;1.6;4.8;.341;4.2;9.5;.448;.469;3.5;4.3;.795;0.7;4.0;4.6;1.7;0.7;0.6;2.0;2.2;16.9;
14-15;TOT;SF;78;70;31.5;5.3;12.4;.430;1.2;3.7;.332;4.1;8.7;.473;.480;3.1;3.7;.833;0.8;3.4;4.2;1.7;0.7;0.4;1.4;1.9;15.0;
14-15;BOS;SF;33;33;33.1;6.2;14.4;.434;1.4;4.7;.305;4.8;9.7;.495;.483;3.7;4.4;.840;0.6;3.6;4.3;1.6;0.8;0.4;1.7;2.0;17.6;
14-15;MEM;SF;45;37;30.2;4.7;10.9;.427;1.1;3.1;.362;3.6;7.9;.452;.478;2.6;3.2;.825;1.0;3.2;4.2;1.8;0.6;0.5;1.2;1.8;13.1;
15-16;TOT;SF;80;41;28.2;4.4;10.3;.430;0.8;2.7;.315;3.6;7.6;.470;.470;2.1;2.8;.745;0.9;3.2;4.2;1.7;0.7;0.5;1.2;2.1;11.7;
15-16;MEM;SF;53;31;29.1;4.5;10.5;.431;0.8;2.6;.309;3.7;7.9;.470;.469;2.3;2.9;.800;1.0;3.5;4.5;1.8;0.8;0.4;1.3;1.9;12.2;
15-16;LAC;SF;27;10;26.3;4.2;9.9;.427;0.9;2.9;.325;3.3;7.0;.468;.474;1.5;2.4;.615;0.7;2.7;3.4;1.5;0.7;0.8;0.9;2.3;10.9;
16-17;ORL;PF;69;11;22.2;3.2;8.1;.394;0.8;2.8;.275;2.4;5.3;.458;.442;2.1;2.4;.863;0.6;2.5;3.1;1.2;0.5;0.2;1.1;1.5;9.2;
17-18;CLE;PF;78;13;23.4;3.8;7.9;.477;0.7;2.2;.312;3.1;5.7;.540;.520;2.6;3.0;.868;0.8;2.4;3.2;1.3;0.5;0.4;1.0;1.9;10.8;
18-19;WAS;PF;77;44;27.2;4.2;8.9;.475;1.4;4.2;.347;2.8;4.8;.586;.555;2.4;2.7;.888;0.7;3.3;4.0;1.8;0.6;0.5;1.3;2.1;12.3;
19-20;TOT;C,PF;48;4;20.0;3.3;7.2;.462;1.3;3.8;.339;2.0;3.4;.602;.552;1.5;1.9;.802;0.5;2.3;2.8;1.0;0.5;0.4;0.9;1.9;9.4;
19-20;UTA;PF;30;2;18.4;2.5;6.5;.385;1.1;3.5;.327;1.4;3.0;.451;.472;1.6;2.1;.778;0.5;2.2;2.7;0.7;0.4;0.3;0.9;1.5;7.8;
19-20;HOU;C;18;2;22.6;4.7;8.3;.564;1.6;4.4;.354;3.1;3.9;.800;.658;1.3;1.6;.857;0.6;2.3;2.9;1.7;0.8;0.5;0.8;2.4;12.2;
20-21;BRK;C;68;38;27.0;3.8;7.8;.492;1.5;3.7;.412;2.3;4.1;.564;.590;1.8;2.4;.776;0.5;3.4;3.9;1.6;0.5;0.4;0.8;1.8;11.0;
21-22;DEN;C;75;63;24.7;3.7;7.1;.524;0.7;2.2;.315;3.0;4.8;.620;.574;2.2;2.6;.833;0.5;2.5;3.1;1.3;0.4;0.4;0.9;2.0;10.3;
Career;;1051;646;29.0;4.6;10.2;.448;1.0;3.1;.339;3.5;7.2;.495;.499;2.5;3.0;.806;0.9;3.4;4.3;1.5;0.7;0.5;1.4;2.2;12.6;
Playoffs Per Game
09-10;OKC;PF;6;6;37.3;3.8;11.7;.329;1.3;4.5;.296;2.5;7.2;.349;.386;2.8;3.3;.850;1.0;3.7;4.7;1.7;0.7;0.5;1.0;2.7;11.8;
10-11;BOS;SF;9;19.2;2.6;5.9;.434;0.8;1.8;.438;1.8;4.1;.432;.500;1.4;2.0;.722;0.7;2.0;2.7;0.2;0.6;0.4;1.3;2.2;7.3;
12-13;BOS;PF;6;6;43.0;6.2;14.2;.435;1.7;3.7;.455;4.5;10.5;.429;.494;6.3;7.5;.844;1.0;4.3;5.3;2.3;0.3;0.7;3.2;3.7;20.3;
14-15;MEM;SF;11;2;27.1;3.3;9.8;.333;0.4;1.6;.222;2.9;8.2;.356;.352;2.0;2.4;.846;0.8;3.9;4.7;1.7;0.5;0.5;1.5;1.6;8.9;
15-16;LAC;SF;6;1;26.5;3.5;7.7;.457;0.7;1.7;.400;2.8;6.0;.472;.500;2.5;4.2;.600;0.5;2.7;3.2;0.7;1.0;0.3;0.5;2.0;10.2;
17-18;CLE;PF;<strong>22</strong>;2;23.8;2.6;6.5;.408;1.0;3.2;.300;1.7;3.3;.514;.482;1.5;2.1;.717;0.3;2.1;2.4;1.5;0.3;0.7;0.8;1.6;7.7;
19-20;HOU;C;12;28.4;4.3;8.6;.495;1.9;4.5;.426;2.3;4.1;.571;.607;1.2;1.4;.824;0.4;4.6;5.0;1.6;0.5;0.5;1.3;2.3;11.6;
20-21;BRK;C;6;1;24.7;2.7;5.5;.485;1.7;3.0;.556;1.0;2.5;.400;.636;1.2;1.3;.875;0.7;2.2;2.8;1.7;0.5;0.3;0.5;2.3;8.2;
21-22;DEN;C;5;5;22.6;1.2;3.4;.353;0.6;1.6;.375;0.6;1.8;.333;.441;0.8;1.0;.800;1.4;2.2;3.6;0.4;0.6;0.4;0.4;1.2;3.8;
Career;;83;23;27.0;3.3;7.9;.412;1.1;2.9;.370;2.2;5.0;.437;.481;2.0;2.5;.776;0.6;3.0;3.7;1.3;0.5;0.5;1.1;2.1;9.6;
Totals
07-08;SEA;SF;80;52;2253;320;749;.427;21;76;.276;299;673;.444;.441;177;238;.744;101;278;379;119;46;49;158;198;838;
08-09;OKC;PF;78;78;2873;476;1068;.446;96;247;.389;380;821;.463;.491;242;307;.788;120;399;519;155;81;33;173;202;1290;
09-10;OKC;PF;<strong>82</strong>;82;3043;485;1070;.453;104;312;.333;381;758;.503;.502;165;223;.740;112;378;490;134;104;72;135;221;1239;
10-11;TOT;PF,SF;75;51;2427;368;820;.449;64;211;.303;304;609;.499;.488;198;244;.811;73;287;360;108;53;37;99;210;998;
10-11;OKC;PF;49;49;1815;270;618;.437;56;184;.304;214;434;.493;.482;148;181;.818;57;217;274;89;40;21;76;142;744;
10-11;BOS;SF;26;2;612;98;202;.485;8;27;.296;90;175;.514;.505;50;63;.794;16;70;86;19;13;16;23;68;254;
12-13;BOS;PF;81;17;2252;376;806;.467;70;182;.385;306;624;.490;.510;214;265;.808;55;263;318;128;56;68;132;175;1036;
13-14;BOS;SF;82;82;2805;482;1171;.412;135;396;.341;347;775;.448;.469;283;356;.795;54;326;380;138;57;47;165;180;1382;
14-15;TOT;SF;78;70;2454;416;967;.430;97;292;.332;319;675;.473;.480;239;287;.833;64;264;328;134;53;34;108;147;1168;
14-15;BOS;SF;33;33;1093;206;475;.434;47;154;.305;159;321;.495;.483;121;144;.840;21;120;141;53;27;13;56;66;580;
14-15;MEM;SF;45;37;1361;210;492;.427;50;138;.362;160;354;.452;.478;118;143;.825;43;144;187;81;26;21;52;81;588;
15-16;TOT;SF;80;41;2253;354;824;.430;67;213;.315;287;611;.470;.470;164;220;.745;74;258;332;138;58;40;93;164;939;
15-16;MEM;SF;53;31;1544;240;557;.431;42;136;.309;198;421;.470;.469;124;155;.800;55;186;241;98;40;19;69;102;646;
15-16;LAC;SF;27;10;709;114;267;.427;25;77;.325;89;190;.468;.474;40;65;.615;19;72;91;40;18;21;24;62;293;
16-17;ORL;PF;69;11;1534;220;558;.394;53;193;.275;167;365;.458;.442;145;168;.863;39;175;214;81;37;13;75;103;638;
17-18;CLE;PF;78;13;1828;295;618;.477;53;170;.312;242;448;.540;.520;203;234;.868;60;186;246;99;41;34;75;149;846;
18-19;WAS;PF;77;44;2097;326;687;.475;111;320;.347;215;367;.586;.555;183;206;.888;57;252;309;137;43;39;101;160;946;
19-20;TOT;C,PF;48;4;960;159;344;.462;62;183;.339;97;161;.602;.552;73;91;.802;24;109;133;50;26;19;42;89;453;
19-20;UTA;PF;30;2;553;75;195;.385;34;104;.327;41;91;.451;.472;49;63;.778;14;67;81;20;12;10;27;46;233;
19-20;HOU;C;18;2;407;84;149;.564;28;79;.354;56;70;.800;.658;24;28;.857;10;42;52;30;14;9;15;43;220;
20-21;BRK;C;68;38;1835;261;530;.492;103;250;.412;158;280;.564;.590;125;161;.776;34;229;263;108;36;27;54;122;750;
21-22;DEN;C;75;63;1849;277;529;.524;53;168;.315;224;361;.620;.574;165;198;.833;41;190;231;96;28;27;71;151;772;
Career;;1051;646;30463;4815;10741;.448;1089;3213;.339;3726;7528;.495;.499;2576;3198;.806;908;3594;4502;1625;719;539;1481;2271;13295;
Playoffs Totals
09-10;OKC;PF;6;6;224;23;70;.329;8;27;.296;15;43;.349;.386;17;20;.850;6;22;28;10;4;3;6;16;71;
10-11;BOS;SF;9;173;23;53;.434;7;16;.438;16;37;.432;.500;13;18;.722;6;18;24;2;5;4;12;20;66;
12-13;BOS;PF;6;6;258;37;85;.435;10;22;.455;27;63;.429;.494;38;45;.844;6;26;32;14;2;4;19;22;122;
14-15;MEM;SF;11;2;298;36;108;.333;4;18;.222;32;90;.356;.352;22;26;.846;9;43;52;19;5;5;16;18;98;
15-16;LAC;SF;6;1;159;21;46;.457;4;10;.400;17;36;.472;.500;15;25;.600;3;16;19;4;6;2;3;12;61;
17-18;CLE;PF;<strong>22</strong>;2;523;58;142;.408;21;70;.300;37;72;.514;.482;33;46;.717;7;46;53;32;7;15;17;36;170;
19-20;HOU;C;12;341;51;103;.495;23;54;.426;28;49;.571;.607;14;17;.824;5;55;60;19;6;6;15;27;139;
20-21;BRK;C;6;1;148;16;33;.485;10;18;.556;6;15;.400;.636;7;8;.875;4;13;17;10;3;2;3;14;49;
21-22;DEN;C;5;5;113;6;17;.353;3;8;.375;3;9;.333;.441;4;5;.800;7;11;18;2;3;2;2;6;19;
Career;;83;23;2237;271;657;.412;90;243;.370;181;414;.437;.481;163;210;.776;53;250;303;112;41;43;93;171;795;
Advanced
07-08;SEA;SF;80;2253;9.8;.491;.101;.318;4.9;13.4;9.2;8.2;1.0;1.6;15.6;19.4;-1.3;1.5;0.2;.003;-3.4;-0.6;-4.1;-1.2;
08-09;OKC;PF;78;2873;13.9;.536;.231;.287;4.7;16.3;10.4;9.1;1.4;0.8;12.6;21.2;1.8;2.4;4.2;.070;-0.6;-0.6;-1.2;0.6;
09-10;OKC;PF;<strong>82</strong>;3043;13.8;.530;.292;.208;4.3;13.9;9.2;7.2;1.8;1.8;10.4;19.2;2.5;4.2;6.6;.105;-0.4;0.6;0.2;1.7;
10-11;TOT;PF,SF;75;2427;12.9;.538;.257;.298;3.7;13.5;8.8;7.2;1.1;1.1;9.6;19.5;2.4;2.4;4.8;.095;-0.6;-0.5;-1.1;0.5;
10-11;OKC;PF;49;1815;12.9;.533;.298;.293;3.8;13.5;8.8;7.9;1.1;0.8;9.8;19.3;1.9;1.4;3.3;.087;-0.3;-0.9;-1.2;0.3;
10-11;BOS;SF;26;612;12.9;.553;.134;.312;3.4;13.3;8.6;5.1;1.1;2.0;9.1;19.8;0.5;1.0;1.5;.118;-1.5;0.8;-0.7;0.2;
12-13;BOS;PF;81;2252;15.0;.561;.226;.329;3.0;13.4;8.3;9.6;1.3;2.4;12.5;22.2;1.9;2.8;4.7;.099;-0.2;-0.1;-0.3;1.0;
13-14;BOS;SF;82;2805;13.1;.520;.338;.304;2.1;13.6;7.7;8.4;1.0;1.3;11.1;23.6;1.3;2.0;3.3;.057;-0.2;-1.3;-1.5;0.3;
14-15;TOT;SF;78;2454;14.4;.534;.302;.297;2.9;12.1;7.5;8.8;1.1;1.1;9.0;21.9;2.7;2.4;5.2;.101;0.5;-0.7;-0.2;1.2;
14-15;BOS;SF;33;1093;14.6;.539;.324;.303;2.1;12.2;7.1;7.9;1.2;0.9;9.4;23.8;1.0;1.0;2.0;.089;0.2;-1.3;-1.1;0.3;
14-15;MEM;SF;45;1361;14.2;.530;.280;.291;3.6;12.0;7.8;9.5;1.0;1.3;8.6;20.5;1.7;1.5;3.1;.111;0.8;-0.2;0.6;0.9;
15-16;TOT;SF;80;2253;13.0;.510;.258;.267;3.6;13.3;8.3;10.0;1.3;1.5;9.2;20.2;1.3;1.7;3.1;.065;-0.8;-0.9;-1.8;0.1;
15-16;MEM;SF;53;1544;13.4;.517;.244;.278;3.9;14.4;8.9;10.5;1.3;1.1;9.9;20.2;1.2;1.0;2.2;.067;-0.4;-1.0;-1.4;0.2;
15-16;LAC;SF;27;709;12.0;.496;.288;.243;3.0;10.9;7.0;8.9;1.3;2.3;7.5;20.4;0.1;0.8;0.9;.061;-1.8;-0.7;-2.5;-0.1;
16-17;ORL;PF;69;1534;10.5;.505;.346;.301;2.7;12.8;7.6;8.1;1.2;0.7;10.6;20.3;-0.2;0.9;0.7;.022;-2.4;-1.2;-3.6;-0.6;
17-18;CLE;PF;78;1828;14.8;.587;.275;.379;3.7;11.2;7.6;8.0;1.1;1.6;9.4;19.3;3.1;0.8;3.9;.103;-0.3;-1.5;-1.8;0.1;
18-19;WAS;PF;77;2097;13.6;.608;.466;.300;2.9;13.3;8.0;9.2;1.0;1.6;11.5;17.8;2.8;0.8;3.6;.083;-1.4;-1.4;0.3;
19-20;TOT;C,PF;48;960;13.7;.590;.532;.265;2.7;12.0;7.5;7.9;1.3;1.7;9.9;19.0;1.2;0.9;2.1;.104;-0.1;-0.1;0.5;
19-20;UTA;PF;30;553;10.0;.523;.533;.323;2.9;12.9;8.1;5.2;1.1;1.5;10.8;19.7;0.5;0.5;.046;-1.9;-0.2;-2.1;
19-20;HOU;C;18;407;18.6;.682;.530;.188;2.6;10.9;6.7;11.5;1.6;1.9;8.5;17.9;1.2;0.4;1.5;.183;2.5;0.1;2.6;0.5;
20-21;BRK;C;68;1835;13.0;.624;.472;.304;2.2;13.1;7.9;7.8;0.9;1.3;8.2;15.6;2.9;1.2;4.1;.107;-0.9;-0.8;0.6;
21-22;DEN;C;75;1849;12.5;.627;.318;.374;2.6;11.1;7.0;7.3;0.7;1.3;10.3;16.3;2.7;1.2;3.9;.101;-1.2;-1.2;-2.5;-0.2;
Career;;1051;30463;13.2;.547;.299;.298;3.4;13.3;8.3;8.4;1.2;1.4;10.9;19.9;25.1;25.2;50.3;.079;-0.7;-0.7;-1.4;4.8;
Playoffs Advanced
09-10;OKC;PF;6;224;8.6;.451;.386;.286;2.9;11.0;6.9;8.3;0.9;1.1;7.1;17.3;0.2;0.2;.042;-1.5;-0.6;-2.1;
10-11;BOS;SF;9;173;9.9;.542;.302;.340;4.5;12.1;8.5;1.9;1.6;2.0;16.5;20.2;0.2;0.2;.046;-2.5;0.8;-1.7;
12-13;BOS;PF;6;258;14.7;.582;.259;.529;3.1;11.1;7.4;12.3;0.4;1.3;15.3;24.5;0.3;0.3;0.6;.113;0.4;0.6;1.0;0.2;
14-15;MEM;SF;11;298;7.9;.410;.167;.241;3.3;16.2;9.6;10.2;0.9;1.5;11.8;20.8;-0.5;0.3;-0.2;-0.033;-3.1;-0.9;-4.0;-0.1;
15-16;LAC;SF;6;159;13.2;.535;.217;.543;1.9;9.9;5.9;3.9;1.9;1.1;5.0;16.8;0.2;0.2;0.4;.106;-0.8;0.8;0.1;
17-18;CLE;PF;<strong>22</strong>;523;10.3;.524;.493;.324;1.6;10.7;6.0;9.4;0.7;2.6;9.5;15.9;0.3;0.3;0.6;.053;-0.5;-0.7;-1.1;0.1;
19-20;HOU;C;12;341;13.1;.629;.524;.165;1.6;18.9;9.8;8.9;0.9;1.7;12.0;16.5;0.3;0.4;0.8;.109;0.4;-0.3;0.1;0.2;
20-21;BRK;C;6;148;12.3;.671;.545;.242;3.1;9.3;6.3;9.2;1.0;1.2;7.6;12.1;0.3;0.2;0.5;.156;1.5;1.1;2.6;0.2;
21-22;DEN;C;5;113;7.5;.495;.471;.294;7.4;12.4;9.9;2.3;1.3;1.9;9.4;8.2;0.1;.017;-1.4;-1.9;-3.3;
Career;;83;2237;10.9;.530;.370;.320;2.7;12.8;7.7;8.3;0.9;1.8;11.0;17.5;0.9;2.1;3.0;.064;-0.8;-0.2;-1.0;0.5;
