Jeremy Lin;Point Guard and Shooting Guard;Right;1988-08-23;;6-3;200;Palo Alto in Palo Alto,California;;;;-1;;
Per Game
10-11;GSW;PG;29;9.8;1.0;2.5;.389;0.2;.200;0.9;2.3;.403;.396;0.7;0.9;.760;0.4;0.8;1.2;1.4;1.1;0.3;0.6;1.1;2.6;
11-12;NYK;PG;35;25;26.9;4.9;10.9;.446;0.7;2.1;.320;4.2;8.8;.477;.478;4.2;5.2;.798;0.5;2.5;3.1;6.2;1.6;0.3;3.6;2.2;14.6;
12-13;HOU;PG;<strong>82</strong>;82;32.2;4.8;10.9;.441;1.1;3.1;.339;3.8;7.8;.483;.490;2.6;3.4;.785;0.4;2.6;3.0;6.1;1.6;0.4;2.9;2.5;13.4;
13-14;HOU;PG;71;33;28.9;4.2;9.3;.446;1.2;3.2;.358;3.0;6.1;.492;.508;3.1;3.7;.823;0.5;2.2;2.6;4.1;1.0;0.4;2.5;2.3;12.5;
14-15;LAL;PG;74;30;25.8;3.7;8.8;.424;0.9;2.4;.369;2.9;6.5;.444;.473;2.9;3.6;.795;0.4;2.3;2.6;4.6;1.1;0.4;2.2;2.6;11.2;
15-16;CHO;SG;78;13;26.3;3.8;9.3;.412;1.0;2.9;.336;2.9;6.4;.446;.464;3.1;3.7;.815;0.5;2.7;3.2;3.0;0.7;0.5;1.9;2.1;11.7;
16-17;BRK;PG;36;33;24.5;4.9;11.1;.438;1.6;4.3;.372;3.3;6.8;.480;.510;3.2;3.9;.816;0.3;3.4;3.8;5.1;1.2;0.4;2.4;2.2;14.5;
17-18;BRK;PG;1;1;25.0;5.0;12.0;.417;1.0;2.0;.500;4.0;10.0;.400;.458;7.0;7.0;1.000;4.0;3.0;3.0;18.0;
18-19;TOT;PG;74;4;19.4;3.2;7.3;.440;0.7;2.5;.294;2.5;4.8;.517;.491;2.4;2.8;.838;0.3;2.1;2.4;3.1;0.6;0.2;1.7;1.9;9.6;
18-19;ATL;PG;51;1;19.7;3.5;7.6;.466;0.9;2.6;.333;2.7;5.0;.535;.523;2.8;3.3;.845;0.3;2.0;2.3;3.5;0.7;0.1;1.9;1.9;10.7;
18-19;TOR;PG;23;3;18.8;2.5;6.7;.374;0.5;2.4;.200;2.0;4.3;.470;.410;1.5;1.8;.810;0.3;2.3;2.6;2.2;0.4;0.3;1.1;2.1;7.0;
Career;;480;221;25.5;3.9;9.1;.433;0.9;2.7;.342;3.0;6.3;.473;.485;2.8;3.5;.809;0.4;2.4;2.8;4.3;1.1;0.4;2.3;2.2;11.6;
Playoffs Per Game
12-13;HOU;PG;4;3;21.0;1.5;6.0;.250;0.5;3.0;.167;1.0;3.0;.333;.292;0.5;0.5;1.000;2.0;2.0;2.0;0.5;0.3;2.0;2.3;4.0;
13-14;HOU;PG;6;29.5;4.2;10.2;.410;0.8;3.8;.217;3.3;6.3;.526;.451;2.2;2.7;.813;1.2;2.5;3.7;4.3;0.5;0.2;2.2;2.5;11.3;
15-16;CHO;SG;7;27.0;3.7;9.0;.413;0.4;2.0;.214;3.3;7.0;.469;.437;4.6;5.6;.821;0.4;1.9;2.3;2.6;0.7;1.6;3.0;12.4;
18-19;TOR;PG;8;3.4;0.3;1.1;.222;0.1;0.3;.500;0.1;0.9;.143;.278;0.5;0.5;1.000;0.4;0.4;0.5;0.1;0.6;0.3;1.1;
Career;;25;3;19.1;2.4;6.3;.376;0.4;2.0;.216;1.9;4.2;.453;.411;2.0;2.4;.836;0.4;1.6;2.0;2.2;0.4;0.1;1.5;1.9;7.2;
Totals
10-11;GSW;PG;29;285;28;72;.389;1;5;.200;27;67;.403;.396;19;25;.760;12;22;34;42;33;9;18;31;76;
11-12;NYK;PG;35;25;940;171;383;.446;24;75;.320;147;308;.477;.478;146;183;.798;18;89;107;216;55;9;126;78;512;
12-13;HOU;PG;<strong>82</strong>;82;2640;396;897;.441;87;257;.339;309;640;.483;.490;216;275;.785;32;215;247;497;134;29;236;205;1095;
13-14;HOU;PG;71;33;2054;295;662;.446;82;229;.358;213;433;.492;.508;218;265;.823;34;153;187;294;68;27;176;166;890;
14-15;LAL;PG;74;30;1907;277;654;.424;65;176;.369;212;478;.444;.473;213;268;.795;26;170;196;339;82;32;166;189;832;
15-16;CHO;SG;78;13;2048;300;728;.412;76;226;.336;224;502;.446;.464;238;292;.815;42;211;253;235;58;42;150;165;914;
16-17;BRK;PG;36;33;883;175;400;.438;58;156;.372;117;244;.480;.510;115;141;.816;11;124;135;184;42;14;86;79;523;
17-18;BRK;PG;1;1;25;5;12;.417;1;2;.500;4;10;.400;.458;7;7;1.000;4;3;3;18;
18-19;TOT;PG;74;4;1436;238;541;.440;55;187;.294;183;354;.517;.491;176;210;.838;22;157;179;231;47;13;124;144;707;
18-19;ATL;PG;51;1;1003;180;386;.466;44;132;.333;136;254;.535;.523;142;168;.845;16;103;119;181;38;7;98;96;546;
18-19;TOR;PG;23;3;433;58;155;.374;11;55;.200;47;100;.470;.410;34;42;.810;6;54;60;50;9;6;26;48;161;
Career;;480;221;12218;1885;4349;.433;449;1313;.342;1436;3036;.473;.485;1348;1666;.809;197;1141;1338;2042;519;175;1085;1060;5567;
Playoffs Totals
12-13;HOU;PG;4;3;84;6;24;.250;2;12;.167;4;12;.333;.292;2;2;1.000;8;8;8;2;1;8;9;16;
13-14;HOU;PG;6;177;25;61;.410;5;23;.217;20;38;.526;.451;13;16;.813;7;15;22;26;3;1;13;15;68;
15-16;CHO;SG;7;189;26;63;.413;3;14;.214;23;49;.469;.437;32;39;.821;3;13;16;18;5;11;21;87;
18-19;TOR;PG;8;27;2;9;.222;1;2;.500;1;7;.143;.278;4;4;1.000;3;3;4;1;5;2;9;
Career;;25;3;477;59;157;.376;11;51;.216;48;106;.453;.411;51;61;.836;10;39;49;56;11;2;37;47;180;
Advanced
10-11;GSW;PG;29;285;14.8;.458;.069;.347;4.7;8.9;6.8;20.4;5.9;2.4;17.8;15.6;0.4;0.5;.078;-2.1;4.4;2.2;0.3;
11-12;NYK;PG;35;940;19.9;.552;.196;.478;2.2;11.1;6.6;41.0;3.0;0.8;21.4;28.1;1.3;1.4;2.7;.140;2.6;1.2;3.8;1.4;
12-13;HOU;PG;<strong>82</strong>;2640;14.9;.538;.287;.307;1.4;9.1;5.3;29.4;2.5;0.8;18.8;20.8;3.0;2.5;5.4;.099;-0.1;0.4;0.3;1.5;
13-14;HOU;PG;71;2054;14.3;.572;.346;.400;2.0;7.8;5.1;22.3;1.6;1.0;18.4;20.4;2.8;1.6;4.4;.103;0.2;-0.4;-0.2;0.9;
14-15;LAL;PG;74;1907;15.6;.539;.269;.410;1.4;10.2;5.7;28.6;2.2;1.4;17.7;21.9;1.8;0.8;2.7;.068;0.1;-0.5;-0.4;0.8;
15-16;CHO;SG;78;2048;13.8;.534;.310;.401;2.2;11.4;6.8;18.6;1.4;1.7;14.9;22.2;1.3;2.3;3.5;.082;-1.0;-0.9;0.5;
16-17;BRK;PG;36;883;19.2;.566;.390;.353;1.3;14.7;8.1;35.5;2.3;1.2;15.7;26.6;1.3;0.8;2.1;.116;1.9;0.1;2.0;0.9;
17-18;BRK;PG;1;25;15.9;.597;.167;.583;27.1;16.6;31.3;.087;-1.0;-4.4;-5.4;
18-19;TOT;PG;74;1436;13.5;.558;.346;.388;1.6;11.7;6.6;23.4;1.5;0.8;16.4;21.8;1.2;0.9;2.1;.070;-1.4;-0.9;-2.2;-0.1;
18-19;ATL;PG;51;1003;15.9;.594;.342;.435;1.6;11.0;6.2;26.7;1.8;0.6;17.6;22.6;1.5;0.4;1.9;.092;0.3;-1.0;-0.6;0.3;
18-19;TOR;PG;23;433;8.2;.464;.355;.271;1.5;13.1;7.5;15.7;1.0;1.1;13.0;19.8;-0.3;0.5;0.2;.020;-5.4;-0.6;-6.0;-0.4;
Career;;480;12218;15.3;.548;.302;.383;1.8;10.3;6.0;26.7;2.1;1.1;17.6;22.1;12.7;10.8;23.5;.092;6.2;
Playoffs Advanced
12-13;HOU;PG;4;84;-0.4;.322;.500;.083;10.8;5.3;14.8;1.2;1.1;24.3;17.2;-0.3;-0.3;-0.173;-7.5;-2.2;-9.7;-0.2;
13-14;HOU;PG;6;177;12.4;.500;.377;.262;4.2;9.6;6.8;22.0;0.9;0.5;16.0;19.5;0.2;0.1;.039;0.2;-1.0;-0.8;0.1;
15-16;CHO;SG;7;189;14.5;.543;.222;.619;1.7;8.4;4.8;18.1;1.4;12.1;23.0;0.2;0.1;0.3;.069;-0.7;0.2;-0.5;0.1;
18-19;TOR;PG;8;27;1.0;.418;.222;.444;12.3;6.1;21.0;1.9;31.7;26.4;-0.1;-0.1;-0.169;-8.3;-0.9;-9.2;
Career;;25;477;10.3;.490;.325;.389;2.2;9.5;5.7;19.1;1.2;0.4;16.8;20.9;-0.1;0.1;.002;-2.0;-0.7;-2.7;-0.1;
