Jeremy Lamb;Shooting Guard and Small Forward;Right;1992-05-30;;6-5;180;Norcross in Norcross,Georgia;;;;-1;;
Per Game
12-13;OKC;SF;23;6.4;1.0;3.0;.353;0.4;1.3;.300;0.7;1.7;.395;.419;0.6;0.6;1.000;0.2;0.6;0.8;0.2;0.1;0.1;0.3;0.6;3.1;
13-14;OKC;SG;78;19.7;3.4;7.8;.432;1.1;3.2;.356;2.2;4.6;.483;.504;0.7;0.8;.797;0.3;2.1;2.4;1.5;0.7;0.3;0.8;1.8;8.5;
14-15;OKC;SG;47;8;13.5;2.2;5.3;.416;0.8;2.4;.342;1.4;3.0;.475;.492;1.0;1.2;.891;0.2;2.1;2.3;0.9;0.4;0.1;0.6;1.1;6.3;
15-16;CHO;SG;66;18.6;3.5;7.7;.451;0.8;2.7;.309;2.6;5.0;.529;.506;1.0;1.3;.727;0.7;3.2;3.8;1.2;0.6;0.5;0.8;1.6;8.8;
16-17;CHO;SG;62;5;18.4;3.6;7.9;.460;0.7;2.4;.281;3.0;5.6;.536;.502;1.8;2.1;.853;0.5;3.8;4.3;1.2;0.4;0.4;0.6;1.6;9.7;
17-18;CHO;SG;80;18;24.6;4.8;10.4;.457;1.2;3.2;.370;3.6;7.2;.495;.513;2.2;2.6;.861;0.6;3.4;4.1;2.3;0.8;0.4;1.2;1.7;12.9;
18-19;CHO;SG;79;55;28.5;5.5;12.4;.440;1.5;4.2;.348;4.0;8.2;.487;.499;2.9;3.3;.888;0.8;4.7;5.5;2.2;1.1;0.4;1.0;1.8;15.3;
19-20;IND;SG;46;42;28.1;4.7;10.4;.451;1.2;3.4;.335;3.5;7.0;.508;.506;2.0;2.4;.836;0.5;3.8;4.3;2.1;1.2;0.5;1.1;2.3;12.5;
20-21;IND;SG;36;8;21.3;3.3;7.7;.435;1.4;3.6;.406;1.9;4.1;.459;.529;2.0;2.1;.947;0.7;2.9;3.6;1.5;0.9;0.6;0.6;2.0;10.1;
21-22;TOT;SF,SG;56;16.7;2.4;6.2;.383;1.0;3.0;.324;1.4;3.2;.441;.463;1.6;1.9;.840;0.5;2.3;2.8;1.4;0.6;0.4;0.7;1.1;7.3;
21-22;IND;SF;39;15.7;2.2;5.8;.373;1.0;3.0;.333;1.2;2.8;.414;.458;1.7;2.1;.838;0.4;2.0;2.4;1.3;0.6;0.4;0.6;1.1;7.1;
21-22;SAC;SG;17;18.9;2.8;7.0;.403;0.9;3.1;.302;1.9;3.9;.485;.471;1.3;1.5;.846;0.6;2.9;3.5;1.8;0.5;0.5;0.8;0.9;7.9;
Career;;573;136;20.8;3.7;8.4;.439;1.0;3.1;.342;2.7;5.4;.494;.501;1.7;1.9;.857;0.5;3.1;3.6;1.6;0.7;0.4;0.8;1.6;10.1;
Playoffs Per Game
13-14;OKC;SG;11;9.1;1.5;3.8;.405;0.2;1.3;.143;1.4;2.5;.536;.429;0.4;0.4;1.000;0.4;1.1;1.5;0.6;0.6;0.1;0.3;0.7;3.6;
15-16;CHO;SG;3;4.0;1.7;3.0;.556;0.3;0.3;1.000;1.3;2.7;.500;.611;0.3;1.0;1.3;0.3;3.7;
Career;;14;8.0;1.6;3.6;.431;0.2;1.1;.200;1.4;2.6;.528;.461;0.3;0.3;1.000;0.4;1.1;1.4;0.6;0.5;0.1;0.2;0.6;3.6;
Totals
12-13;OKC;SF;23;147;24;68;.353;9;30;.300;15;38;.395;.419;14;14;1.000;5;13;18;5;2;2;6;13;71;
13-14;OKC;SG;78;1538;263;609;.432;88;247;.356;175;362;.483;.504;51;64;.797;27;162;189;115;56;26;61;143;665;
14-15;OKC;SG;47;8;633;104;250;.416;38;111;.342;66;139;.475;.492;49;55;.891;8;99;107;44;21;6;27;52;295;
15-16;CHO;SG;66;1227;230;510;.451;56;181;.309;174;329;.529;.506;64;88;.727;44;208;252;77;42;30;50;105;580;
16-17;CHO;SG;62;5;1143;226;491;.460;41;146;.281;185;345;.536;.502;110;129;.853;30;234;264;75;27;23;40;98;603;
17-18;CHO;SG;80;18;1967;380;832;.457;94;254;.370;286;578;.495;.513;179;208;.861;49;275;324;186;61;32;93;138;1033;
18-19;CHO;SG;79;55;2250;431;979;.440;115;330;.348;316;649;.487;.499;231;260;.888;65;369;434;172;88;32;80;140;1208;
19-20;IND;SG;46;42;1291;216;479;.451;53;158;.335;163;321;.508;.506;92;110;.836;24;176;200;96;55;22;50;104;577;
20-21;IND;SG;36;8;765;120;276;.435;52;128;.406;68;148;.459;.529;71;75;.947;25;106;131;53;34;23;22;72;363;
21-22;TOT;SF,SG;56;935;133;347;.383;55;170;.324;78;177;.441;.463;89;106;.840;26;128;154;81;31;22;37;59;410;
21-22;IND;SF;39;613;85;228;.373;39;117;.333;46;111;.414;.458;67;80;.838;15;79;94;51;23;14;24;44;276;
21-22;SAC;SG;17;322;48;119;.403;16;53;.302;32;66;.485;.471;22;26;.846;11;49;60;30;8;8;13;15;134;
Career;;573;136;11896;2127;4841;.439;601;1755;.342;1526;3086;.494;.501;950;1109;.857;303;1770;2073;904;417;218;466;924;5805;
Playoffs Totals
13-14;OKC;SG;11;100;17;42;.405;2;14;.143;15;28;.536;.429;4;4;1.000;4;12;16;7;7;1;3;8;40;
15-16;CHO;SG;3;12;5;9;.556;1;1;1.000;4;8;.500;.611;1;3;4;1;11;
Career;;14;112;22;51;.431;3;15;.200;19;36;.528;.461;4;4;1.000;5;15;20;8;7;1;3;8;51;
Advanced
12-13;OKC;SF;23;147;11.2;.479;.441;.206;4.2;9.4;7.0;5.4;0.7;1.0;7.5;24.8;0.1;0.1;0.2;.058;-2.7;-2.7;-5.4;-0.1;
13-14;OKC;SG;78;1538;13.4;.522;.406;.105;2.1;11.3;6.9;11.8;1.8;1.4;8.7;20.1;1.4;1.8;3.3;.102;-0.1;0.2;0.1;0.8;
14-15;OKC;SG;47;633;14.9;.538;.444;.220;1.4;16.5;9.1;10.9;1.7;0.7;9.0;20.5;1.0;0.7;1.6;.123;0.9;0.8;1.6;0.6;
15-16;CHO;SG;66;1227;15.9;.529;.355;.173;3.9;18.7;11.2;10.9;1.7;2.0;8.4;22.0;1.0;1.8;2.7;.107;0.1;0.7;0.8;0.9;
16-17;CHO;SG;62;1143;17.0;.550;.297;.263;2.9;22.6;12.7;11.3;1.2;1.8;6.8;23.2;1.4;1.3;2.7;.115;0.5;0.1;0.5;0.7;
17-18;CHO;SG;80;1967;17.0;.559;.305;.250;2.7;15.4;8.9;15.4;1.5;1.4;9.1;22.4;3.0;1.9;4.9;.120;1.3;0.2;1.6;1.8;
18-19;CHO;SG;79;2250;17.3;.552;.337;.266;3.1;18.1;10.4;11.9;1.9;1.2;6.8;22.5;3.3;2.0;5.3;.113;1.2;1.2;1.8;
19-20;IND;SG;46;1291;14.0;.547;.330;.230;2.1;14.8;8.5;10.5;2.1;1.5;8.7;19.6;0.9;1.8;2.7;.099;-1.1;0.8;-0.4;0.5;
20-21;IND;SG;36;765;15.8;.587;.464;.272;3.6;14.9;9.3;9.4;2.1;2.4;6.6;18.4;1.2;0.9;2.1;.132;0.7;0.7;1.4;0.7;
21-22;TOT;SF,SG;56;935;13.3;.521;.490;.305;3.0;15.3;9.1;12.3;1.6;2.0;8.6;19.7;0.6;0.6;1.2;.063;-0.4;-0.5;-0.8;0.3;
21-22;IND;SF;39;613;13.4;.524;.513;.351;2.7;14.6;8.5;11.6;1.8;2.0;8.4;20.0;0.5;0.4;0.9;.070;-0.2;-0.2;-0.5;0.2;
21-22;SAC;SG;17;322;13.1;.514;.445;.218;3.7;16.7;10.1;13.5;1.2;2.2;9.1;19.1;0.1;0.2;0.3;.051;-0.6;-0.9;-1.5;
Career;;573;11896;15.6;.545;.363;.229;2.8;16.3;9.5;11.9;1.7;1.5;8.0;21.3;13.9;12.9;26.8;.108;0.4;0.2;0.6;7.9;
Playoffs Advanced
13-14;OKC;SG;11;100;14.4;.457;.333;.095;4.8;12.9;9.1;12.2;3.6;0.7;6.4;21.3;0.1;0.1;.072;-0.1;1.2;1.2;0.1;
15-16;CHO;SG;3;12;39.5;.611;.111;8.9;30.7;19.0;33.7;35.7;0.1;0.1;.255;17.0;1.0;18.0;0.1;
Career;;14;112;17.1;.483;.294;.078;5.2;14.8;10.1;14.5;3.3;0.7;5.4;22.9;0.1;0.1;0.2;.092;1.8;1.2;3.0;0.1;
