Jeremy Evans;Small Forward and Power Forward;Right;1987-10-24;;6-9;200;Crossett in Crossett,Arkansas;;;;-1;;
Per Game
10-11;UTA;SF;49;3;9.4;1.6;2.3;.661;1.6;2.3;.667;.661;0.5;0.8;.703;0.7;1.2;2.0;0.5;0.3;0.3;0.4;1.0;3.6;
11-12;UTA;SF;29;7.5;0.9;1.4;.643;0.9;1.4;.659;.643;0.3;0.6;.500;0.7;1.1;1.7;0.4;0.2;0.8;0.2;0.8;2.1;
12-13;UTA;PF;37;5.8;0.7;1.2;.614;0.7;1.2;.628;.614;0.6;0.9;.636;0.7;0.9;1.6;0.3;0.2;0.4;0.2;0.8;2.0;
13-14;UTA;SF;66;4;18.3;2.7;5.0;.527;2.7;5.0;.530;.527;0.8;1.1;.680;1.8;2.9;4.7;0.7;0.6;0.7;0.6;2.1;6.1;
14-15;UTA;SF;38;7.0;0.8;1.5;.552;0.1;0.1;.400;0.8;1.4;.566;.569;0.6;0.8;.828;0.7;1.2;1.9;0.3;0.3;0.3;0.1;0.8;2.4;
15-16;DAL;SF;30;2;8.4;0.9;1.6;.542;0.1;0.5;.250;0.7;1.1;.688;.583;0.5;0.7;.714;0.4;1.4;1.8;0.1;0.2;0.3;0.2;0.6;2.4;
17-18;ATL;SF;1;5.0;1.0;1.0;1.000;1.0;1.0;1.000;1.000;1.0;1.0;1.0;1.0;2.0;
Career;;250;9;10.5;1.5;2.6;.569;0.1;.231;1.4;2.5;.583;.573;0.6;0.8;.687;1.0;1.6;2.6;0.4;0.4;0.5;0.3;1.2;3.5;
Playoffs Per Game
11-12;UTA;SF;2;3.5;0.5;0.5;1.0;1.0;1.000;1.5;1.5;0.5;0.5;0.5;1.0;
Career;;2;3.5;0.5;0.5;1.0;1.0;1.000;1.5;1.5;0.5;0.5;0.5;1.0;
Totals
10-11;UTA;SF;49;3;463;76;115;.661;1;76;114;.667;.661;26;37;.703;36;61;97;24;17;17;19;50;178;
11-12;UTA;SF;29;217;27;42;.643;1;27;41;.659;.643;8;16;.500;19;31;50;13;6;24;5;23;62;
12-13;UTA;PF;37;215;27;44;.614;1;27;43;.628;.614;21;33;.636;26;32;58;11;8;13;8;30;75;
13-14;UTA;SF;66;4;1209;175;332;.527;2;175;330;.530;.527;51;75;.680;120;190;310;44;42;46;40;139;401;
14-15;UTA;SF;38;266;32;58;.552;2;5;.400;30;53;.566;.569;24;29;.828;26;45;71;13;11;12;5;29;90;
15-16;DAL;SF;30;2;251;26;48;.542;4;16;.250;22;32;.688;.583;15;21;.714;11;43;54;2;6;9;7;19;71;
17-18;ATL;SF;1;5;1;1;1.000;1;1;1.000;1.000;1;1;1;1;2;
Career;;250;9;2626;364;640;.569;6;26;.231;358;614;.583;.573;145;211;.687;239;402;641;107;90;121;85;291;879;
Playoffs Totals
11-12;UTA;SF;2;7;1;1;2;2;1.000;3;3;1;1;1;2;
Career;;2;7;1;1;2;2;1.000;3;3;1;1;1;2;
Advanced
10-11;UTA;SF;49;463;18.8;.678;.009;.322;9.3;16.1;12.6;8.5;1.9;3.0;12.6;14.9;1.2;0.4;1.6;.167;1.5;0.6;2.1;0.5;
11-12;UTA;SF;29;217;19.6;.632;.024;.381;9.9;16.6;13.2;9.1;1.5;8.8;9.3;11.2;0.6;0.3;0.9;.193;1.5;3.5;5.0;0.4;
12-13;UTA;PF;37;215;19.9;.641;.023;.750;14.0;17.6;15.8;8.0;2.0;4.8;12.0;14.1;0.7;0.3;0.9;.208;0.9;1.3;2.2;0.2;
13-14;UTA;SF;66;1209;16.2;.549;.006;.226;11.1;18.7;14.8;6.1;1.8;3.0;9.9;15.3;1.9;1.0;2.8;.112;-0.7;-0.2;-0.9;0.3;
14-15;UTA;SF;38;266;20.5;.636;.086;.500;11.3;19.4;15.4;7.9;2.2;3.6;6.6;13.1;0.9;0.4;1.3;.241;2.0;2.1;4.2;0.4;
15-16;DAL;SF;30;251;12.6;.620;.333;.438;4.8;18.8;11.8;1.2;1.2;3.0;10.9;11.7;0.3;0.3;0.6;.119;-1.5;1.0;-0.4;0.1;
17-18;ATL;SF;1;5;10.4;1.000;22.3;11.2;50.0;17.5;-0.028;-5.7;-4.2;-9.9;
Career;;250;2626;17.3;.600;.041;.330;10.4;18.0;14.1;6.6;1.8;3.7;10.4;14.2;5.5;2.7;8.2;.150;0.2;0.7;0.9;1.9;
Playoffs Advanced
11-12;UTA;SF;2;7;24.9;.532;2.000;51.1;22.8;20.9;7.5;11.6;.272;3.3;8.7;11.9;
Career;;2;7;24.9;.532;2.000;51.1;22.8;20.9;7.5;11.6;.272;3.3;8.7;11.9;
